0.0	-9.1625
2000000.0	2.52696842233
4000000.0	3.70754598616
6000000.0	1.17652408906
8000000.0	0.751541376475
10000000.0	0.289075189731
12000000.0	-0.771403006267
14000000.0	-1.44996942056
16000000.0	0.291104506763
18000000.0	3.61920872783
20000000.0	5.65640675358
22000000.0	5.14970410541
24000000.0	2.16786556144
26000000.0	0.0660175698909
28000000.0	-2.60219290289
30000000.0	-4.31864987426
32000000.0	-4.4567091263
34000000.0	-2.1195630595
36000000.0	3.55571408824
38000000.0	5.50479371476
40000000.0	4.69559174491
42000000.0	3.27776421565
44000000.0	0.11330405728
46000000.0	-1.70129367062
48000000.0	-3.49806599265
50000000.0	-2.36355231252
52000000.0	-0.66806425682
54000000.0	1.91395541555
56000000.0	2.89304138305
58000000.0	1.70517769165
60000000.0	-0.121075419101
62000000.0	-2.40122171805
64000000.0	-3.30458659773
66000000.0	-1.98267438756
68000000.0	0.0134463879941
70000000.0	2.27105393564
72000000.0	2.33892410595
74000000.0	1.07655693325
76000000.0	-0.549488822206
78000000.0	-2.09991925808
80000000.0	-2.40304001627
82000000.0	-1.64177740042
84000000.0	-0.488646859126
86000000.0	1.27472848817
88000000.0	1.25717263648
90000000.0	0.762041131577
92000000.0	-0.593013356856
94000000.0	-1.73488442989
96000000.0	-1.41591323324
98000000.0	-0.557853417472
100000000.0	1.0979377595
102000000.0	1.07492722803
104000000.0	0.134389469548
106000000.0	-1.21972017698
108000000.0	-1.65096968704
110000000.0	-1.39287239961
112000000.0	-0.0520537869476
114000000.0	0.92765700328
116000000.0	1.89942163335
118000000.0	1.76737266885
120000000.0	0.374719290872
122000000.0	-1.27690446084
124000000.0	-1.894735871
126000000.0	-2.22149640297
128000000.0	-0.26633246999
130000000.0	1.20582703929
132000000.0	1.83714384744
134000000.0	1.17756547874
136000000.0	-0.267857193348
138000000.0	-1.43787717503
140000000.0	-1.67511702565
142000000.0	-0.875015898058
144000000.0	0.483632007185
146000000.0	0.903506176046
148000000.0	1.61668115842
150000000.0	0.213958281429
152000000.0	-0.785113198439
154000000.0	-1.76935900037
156000000.0	-1.32205453802
158000000.0	-0.215057628671
160000000.0	1.36526718751
162000000.0	1.95820320147
164000000.0	1.30594588534
166000000.0	0.1233409455
168000000.0	-1.59699310292
170000000.0	-1.93775704197
172000000.0	-1.27001179917
174000000.0	-0.0142122538596
176000000.0	1.32921073597
178000000.0	1.75159124895
180000000.0	0.81604766008
182000000.0	-0.234288787705
184000000.0	-1.18494312105
186000000.0	-1.38922780841
188000000.0	-0.669183962008
190000000.0	0.485459990917
192000000.0	0.946590981374
194000000.0	0.685724289599
196000000.0	0.0756650238105
198000000.0	-0.940107236867
200000000.0	-1.70599222316
202000000.0	-0.548505619047
204000000.0	0.523981463466
206000000.0	1.33314922072
208000000.0	1.38076101658
210000000.0	0.260679951988
212000000.0	-1.07527785319
214000000.0	-1.80479797615
216000000.0	-1.04785239441
218000000.0	-0.194446037213
220000000.0	1.50104126961
222000000.0	2.19249241009
224000000.0	1.2274024057
226000000.0	-0.336803490078
228000000.0	-2.13366989521
230000000.0	-2.49860060889
232000000.0	-1.76147686808
234000000.0	0.559725216757
236000000.0	2.5183563588
238000000.0	2.95239427089
240000000.0	0.94760816882
242000000.0	-1.35814348234
244000000.0	-2.74888450705
246000000.0	-2.64979718349
248000000.0	-1.16669313301
250000000.0	1.46093888898
252000000.0	2.88896685997
254000000.0	2.78751295652
256000000.0	1.03255585643
258000000.0	-1.5363817804
260000000.0	-3.67423654471
262000000.0	-3.3618487943
264000000.0	-0.00757472039183
266000000.0	3.20373791479
268000000.0	4.1013665766
270000000.0	1.63185987768
272000000.0	-2.09227349776
274000000.0	-4.05900796011
276000000.0	-2.21373205759
278000000.0	0.23383624934
280000000.0	2.39583844982
282000000.0	3.46241357571
284000000.0	4.0842570103
286000000.0	2.09682338224
288000000.0	-5.32940823345
290000000.0	-15.0363467835
292000000.0	-14.2206768834
294000000.0	7.15272211975
296000000.0	46.6672554313
298000000.0	82.6722189772
300000000.0	-203.705167517
302000000.0	60.5813557643
304000000.0	32.5516478992
306000000.0	13.7912151925
308000000.0	3.62978244661
310000000.0	-4.09087509411
312000000.0	-10.7828640951
314000000.0	-11.9989437079
316000000.0	-4.73149529769
318000000.0	5.32881557151
320000000.0	11.0173667252
322000000.0	7.49743668338
324000000.0	-0.28659584521
326000000.0	-5.93930849
328000000.0	-6.14539828313
330000000.0	-3.12885527049
332000000.0	0.222884524688
334000000.0	2.99242984633
336000000.0	3.60458868291
338000000.0	2.72361951008
340000000.0	0.302524516194
342000000.0	-2.21916385581
344000000.0	-3.40797281907
346000000.0	-2.31936925151
348000000.0	0.419823426703
350000000.0	2.72589574524
352000000.0	2.32508920334
354000000.0	0.739073221071
356000000.0	-1.59658777854
358000000.0	-2.10450310953
360000000.0	-1.47028970848
362000000.0	-0.0123841480101
364000000.0	1.15269495567
366000000.0	1.43227952466
368000000.0	1.05508847191
370000000.0	-0.312312350658
372000000.0	-1.57230151438
374000000.0	-1.27847928515
376000000.0	-0.915543166503
378000000.0	0.652267623376
380000000.0	1.71927737442
382000000.0	1.33904134733
384000000.0	0.407601976184
386000000.0	-0.809332389599
388000000.0	-1.87485919595
390000000.0	-1.46573901589
392000000.0	0.0687148606444
394000000.0	0.951015259257
396000000.0	1.58267587806
398000000.0	1.45273249915
400000000.0	-0.117270868137
402000000.0	-1.22834937608
404000000.0	-1.86118432609
406000000.0	-1.10078753716
408000000.0	0.309184660809
410000000.0	1.07555008472
412000000.0	1.13638814027
414000000.0	0.365151662372
416000000.0	-0.110415756325
418000000.0	-0.97735877578
420000000.0	-1.43028718547
422000000.0	-0.528348493064
424000000.0	0.184756559747
426000000.0	0.680806593574
428000000.0	0.79557747033
430000000.0	0.414745774915
432000000.0	-0.216676541716
434000000.0	-0.908877036248
436000000.0	-0.648245149593
438000000.0	0.015132388712
440000000.0	0.26177119226
442000000.0	0.825143563254
444000000.0	0.692117724866
446000000.0	0.116881218027
448000000.0	-0.602910235944
450000000.0	-1.0923489234
452000000.0	-0.0747500020153
454000000.0	-0.00558292359343
456000000.0	0.659916911997
458000000.0	0.619672688371
460000000.0	-0.0839662705682
462000000.0	-0.714821926118
464000000.0	-0.746721873166
466000000.0	-0.618282275838
468000000.0	-0.358989426182
470000000.0	0.288890975705
472000000.0	0.749142970159
474000000.0	0.486513302987
476000000.0	-0.253636568975
478000000.0	-0.541216782059
480000000.0	-0.719970623729
482000000.0	-0.544018459207
484000000.0	0.311172170629
486000000.0	0.630051082874
488000000.0	0.776603355873
490000000.0	0.471442927894
492000000.0	-0.218245261328
494000000.0	-0.770080395769
496000000.0	-0.634951373831
498000000.0	-0.288601267749
500000000.0	0.409526951745
502000000.0	0.21960557543
504000000.0	0.816150640233
506000000.0	0.121744186961
508000000.0	-0.235652762024
510000000.0	-0.383958085155
512000000.0	-0.606806713809
514000000.0	-0.0186699532912
516000000.0	0.0132744021232
518000000.0	0.421862571784
520000000.0	0.572895342263
522000000.0	0.31778073183
524000000.0	-0.360875883412
526000000.0	-0.44307017075
528000000.0	-0.11515346689
530000000.0	0.0211882529645
532000000.0	0.138022669024
534000000.0	0.419702391327
536000000.0	0.0357650253927
538000000.0	-0.0957459560306
540000000.0	-0.246062785965
542000000.0	-0.268185847749
544000000.0	-0.0855393416492
546000000.0	0.0394064620753
548000000.0	0.280908013106
550000000.0	0.242807625852
552000000.0	-0.178474592231
554000000.0	-0.216422959506
556000000.0	-0.422718282999
558000000.0	-0.388258825287
560000000.0	0.231118103039
562000000.0	0.238825018813
564000000.0	0.391435135088
566000000.0	0.197431244633
568000000.0	-0.0331017335336
570000000.0	-0.535316819463
572000000.0	-0.501110542207
574000000.0	0.106589235154
576000000.0	0.0806266950467
578000000.0	0.531384714794
580000000.0	0.119347890217
582000000.0	0.0354539252618
584000000.0	0.0932529998196
586000000.0	-0.430688090089
588000000.0	-0.134498388505
590000000.0	-0.19006094961
592000000.0	0.0574578892366
594000000.0	0.486942186821
596000000.0	0.366847468132
598000000.0	-0.569557355746
600000000.0	0.253574495591
602000000.0	-0.319115109202
604000000.0	-0.256341967549
606000000.0	-0.00384927665523
608000000.0	0.519635739028
610000000.0	0.370459993771
612000000.0	0.13140404936
614000000.0	0.0948958759933
616000000.0	-0.358776633466
618000000.0	-0.458344273089
620000000.0	-0.412149614018
622000000.0	0.249972398174
624000000.0	0.699009167768
626000000.0	0.193532507484
628000000.0	-0.170012404344
630000000.0	-0.387283243326
632000000.0	-0.340743518037
634000000.0	-0.0321992777034
636000000.0	-0.101327079946
638000000.0	0.452285675226
640000000.0	0.0246763580476
642000000.0	0.178132576174
644000000.0	-0.177175148888
646000000.0	-0.564003866088
648000000.0	-0.413399724684
650000000.0	-0.0306235249909
652000000.0	0.293966594739
654000000.0	0.327194200993
656000000.0	0.406126987085
658000000.0	0.209179986606
660000000.0	-0.318350863675
662000000.0	-0.314440882885
664000000.0	-0.207587362192
666000000.0	-0.0364829552673
668000000.0	-0.120160148471
670000000.0	0.398456852494
672000000.0	0.00528797249165
674000000.0	0.336284043014
676000000.0	-0.264745970062
678000000.0	-0.245137791465
680000000.0	-0.117411861278
682000000.0	0.0568956475891
684000000.0	0.163795329486
686000000.0	0.0882088952035
688000000.0	0.178032837515
690000000.0	0.184583778333
692000000.0	-0.34101504246
694000000.0	-0.243017086558
696000000.0	-0.443885069845
698000000.0	-0.30817546814
700000000.0	1.81423797806
702000000.0	-0.42502515521
704000000.0	-0.366559633533
706000000.0	-0.259271984223
708000000.0	-0.432686131681
710000000.0	-0.0104634051399
712000000.0	0.430687755198
714000000.0	0.419610737877
716000000.0	0.391921077869
718000000.0	-0.102438444568
720000000.0	-0.228488675173
722000000.0	-0.591335877581
724000000.0	-0.432328248565
726000000.0	0.422625814527
728000000.0	0.260915155293
730000000.0	0.295119489814
732000000.0	-0.105435453517
734000000.0	0.0942468516434
736000000.0	-0.499890808296
738000000.0	-0.371512021021
740000000.0	-0.364831548029
742000000.0	0.23523545101
744000000.0	0.37851478857
746000000.0	0.345436099986
748000000.0	-0.245699092512
750000000.0	-0.0851779123886
752000000.0	-0.146106065914
754000000.0	-0.145297136157
756000000.0	-0.0550716019829
758000000.0	0.311789768477
760000000.0	0.533481766677
762000000.0	0.267559684649
764000000.0	0.0814220377068
766000000.0	-0.166840815108
768000000.0	-0.335280556067
770000000.0	0.0851710036328
772000000.0	0.158204571415
774000000.0	0.0457591711641
776000000.0	0.324945552767
778000000.0	0.285190587393
780000000.0	-0.221174501904
782000000.0	-0.457568441125
784000000.0	-0.255896219081
786000000.0	0.353798236281
788000000.0	0.394284636516
790000000.0	0.424339271912
792000000.0	0.403272310677
794000000.0	-0.188090498733
796000000.0	-0.410890271685
798000000.0	-0.215979333389
800000000.0	-0.240292402559
802000000.0	0.167216870235
804000000.0	0.752369894229
806000000.0	0.523890185479
808000000.0	-0.0667776124471
810000000.0	-0.251612823997
812000000.0	-1.02664465988
814000000.0	-0.517342563915
816000000.0	-0.0156910135418
818000000.0	0.56436810821
820000000.0	0.508816572303
822000000.0	0.605725250887
824000000.0	0.198264654001
826000000.0	-0.49956422377
828000000.0	-0.643973290114
830000000.0	-0.95456710238
832000000.0	-0.208898343274
834000000.0	0.562918030057
836000000.0	0.679771715164
838000000.0	0.62617621194
840000000.0	-0.513478233089
842000000.0	-0.795194770449
844000000.0	-0.909565828715
846000000.0	-0.309725907366
848000000.0	0.510913786571
850000000.0	0.60742823377
852000000.0	0.717476530627
854000000.0	0.102336041777
856000000.0	-0.965029514766
858000000.0	-0.794890369365
860000000.0	-0.569902094716
862000000.0	0.00819605056176
864000000.0	0.884597181072
866000000.0	1.08429870619
868000000.0	0.876169529326
870000000.0	-0.614697056176
872000000.0	-1.66562313068
874000000.0	-2.44890121453
876000000.0	-0.624662138806
878000000.0	1.89450216738
880000000.0	2.79016194888
882000000.0	1.95581359942
884000000.0	-0.119753090396
886000000.0	-2.08537384786
888000000.0	-3.78801592219
890000000.0	-4.11052693476
892000000.0	-2.26739667669
894000000.0	4.46827208364
896000000.0	17.3736862237
898000000.0	32.2162098778
900000000.0	-89.3430377799
902000000.0	30.3096201273
904000000.0	17.4627621704
906000000.0	4.54344588966
908000000.0	-2.4632783981
910000000.0	-3.92422565725
912000000.0	-3.71689896402
914000000.0	-1.95788051623
916000000.0	-0.176176269113
918000000.0	2.06109296533
920000000.0	2.60144234116
922000000.0	1.74661918982
924000000.0	-0.720342030151
926000000.0	-2.10189461688
928000000.0	-1.87757679773
930000000.0	-0.354060787544
932000000.0	0.881415757432
934000000.0	1.38999967218
936000000.0	0.916220558771
938000000.0	-0.118285611769
940000000.0	-0.52075514134
942000000.0	-0.834888173157
944000000.0	-0.505143331564
946000000.0	0.127369678755
948000000.0	0.610054085525
950000000.0	0.570667776613
952000000.0	0.299185193669
954000000.0	-0.17028721265
956000000.0	-0.729100024918
958000000.0	-0.572280746877
960000000.0	-0.0168559912272
962000000.0	0.185638982245
964000000.0	0.837102243471
966000000.0	0.480612176428
968000000.0	-0.20301248504
970000000.0	-0.598293004631
972000000.0	-0.572844299849
974000000.0	-0.372065192319
976000000.0	-0.0287846063699
978000000.0	0.472803366513
980000000.0	0.823599873194
982000000.0	0.36600926131
984000000.0	-0.313753340004
986000000.0	-0.525543058484
988000000.0	-0.645325489848
990000000.0	-0.13317814538
992000000.0	0.29037892055
994000000.0	0.281338349262
996000000.0	0.519383879146
998000000.0	0.47827001954
1000000000.0	-1.225
1002000000.0	0.000813693815813
1004000000.0	-0.104783965817
1006000000.0	-0.00427503094613
1008000000.0	-0.0534338536645
1010000000.0	0.0386302840665
1012000000.0	0.0798429655875
1014000000.0	-0.0572512215969
1016000000.0	-0.0109610005208
1018000000.0	-0.231341927903
1020000000.0	-0.145658146212
1022000000.0	-0.166519385099
1024000000.0	0.125409326171
1026000000.0	0.132557318836
1028000000.0	0.257670715472
1030000000.0	-0.116771658789
1032000000.0	0.160118140443
1034000000.0	-0.113123985428
1036000000.0	-0.157969665762
1038000000.0	-0.2446985319
1040000000.0	0.30013534857
1042000000.0	0.188095837675
1044000000.0	0.241161928174
1046000000.0	-0.0172956384502
1048000000.0	-0.165188446839
1050000000.0	-0.061730777225
1052000000.0	0.0844147728019
1054000000.0	0.221141074506
1056000000.0	-0.0547789023363
1058000000.0	-0.115704465202
1060000000.0	-0.231019962661
1062000000.0	-0.141555806813
1064000000.0	-0.707204220682
1066000000.0	-0.192572542846
1068000000.0	0.0212649149952
1070000000.0	0.186887941644
1072000000.0	0.255024747373
1074000000.0	0.131128455654
1076000000.0	0.0434325858884
1078000000.0	-0.109188888813
1080000000.0	-0.234631039608
1082000000.0	0.146629049167
1084000000.0	0.130715696958
1086000000.0	0.235690187234
1088000000.0	0.0928253636118
1090000000.0	0.00168736010524
1092000000.0	0.0837348308383
1094000000.0	-0.0839042275528
1096000000.0	0.00577752870925
1098000000.0	-0.232785654744
1100000000.0	0.477631787531
1102000000.0	-0.0836488077499
1104000000.0	-0.218464818729
1106000000.0	-0.207346824582
1108000000.0	0.0802041907624
1110000000.0	-0.163588507885
1112000000.0	-0.17063452729
1114000000.0	0.00904753521949
1116000000.0	0.0297582253754
1118000000.0	0.134449070559
1120000000.0	-0.122941721734
1122000000.0	-0.100678778107
1124000000.0	-0.158052290204
1126000000.0	0.115441365759
1128000000.0	0.238438685391
1130000000.0	0.190697816456
1132000000.0	-0.0328988544012
1134000000.0	-0.206665164924
1136000000.0	-0.359987788397
1138000000.0	0.0957930092427
1140000000.0	-0.338731499751
1142000000.0	0.132102695208
1144000000.0	-0.0542345701768
1146000000.0	-0.0330691446883
1148000000.0	0.303575025101
1150000000.0	-0.168592293079
1152000000.0	-0.185835364676
1154000000.0	-0.0626927015178
1156000000.0	-0.155816175058
1158000000.0	0.0599308495719
1160000000.0	0.0658465051286
1162000000.0	-0.007211271208
1164000000.0	0.0127204549075
1166000000.0	0.441981326444
1168000000.0	-0.0564523508245
1170000000.0	-0.146859461833
1172000000.0	-0.0741573859233
1174000000.0	0.166508346623
1176000000.0	0.270072964358
1178000000.0	-0.093889391311
1180000000.0	-0.258428099983
1182000000.0	-0.00169433695783
1184000000.0	-0.100401013782
1186000000.0	-0.0543428430907
1188000000.0	0.349360454877
1190000000.0	0.00978376611118
1192000000.0	0.304173135394
1194000000.0	-0.0207543308501
1196000000.0	-0.218386544223
1198000000.0	-0.914174513
1200000000.0	2.48914586814
1202000000.0	-1.12982738762
1204000000.0	-0.661139747856
1206000000.0	0.0207305713223
1208000000.0	0.0348331151849
1210000000.0	0.236016302666
1212000000.0	0.0365221090446
1214000000.0	-0.184611427108
1216000000.0	0.128614464419
1218000000.0	-0.0270794618515
1220000000.0	-0.0902850819919
1222000000.0	-0.159405895408
1224000000.0	0.213219288032
1226000000.0	0.00846875527305
1228000000.0	0.149370822353
1230000000.0	-0.0483137633423
1232000000.0	-0.0286570568537
1234000000.0	-0.173768665614
1236000000.0	-0.032906381084
1238000000.0	0.265646332517
1240000000.0	0.000820492302077
1242000000.0	0.315578017231
1244000000.0	-0.165668839542
1246000000.0	-0.0748065384586
1248000000.0	-0.162449407853
1250000000.0	0.279847826499
1252000000.0	0.121922079578
1254000000.0	-0.266532438844
1256000000.0	0.00781410082081
1258000000.0	0.350849983698
1260000000.0	-0.101077223261
1262000000.0	-0.249404688836
1264000000.0	0.0555951634795
1266000000.0	0.135750809114
1268000000.0	0.259498012102
1270000000.0	0.052170741904
1272000000.0	-0.151940255374
1274000000.0	0.0770584182812
1276000000.0	-0.0270800328046
1278000000.0	-0.0801015369652
1280000000.0	-0.0793597143916
1282000000.0	-0.0113827749947
1284000000.0	0.41309623029
1286000000.0	0.158398506428
1288000000.0	0.272489616557
1290000000.0	-0.0291078324128
1292000000.0	-0.382954426258
1294000000.0	-0.298807935105
1296000000.0	-0.486719196168
1298000000.0	-0.993127063178
1300000000.0	4.11086657582
1302000000.0	-1.5503721482
1304000000.0	-1.08625948348
1306000000.0	-0.0339334783544
1308000000.0	-0.0892984128029
1310000000.0	0.376538902212
1312000000.0	0.272940948117
1314000000.0	0.103482088089
1316000000.0	0.0149298773476
1318000000.0	-0.0585573143041
1320000000.0	-0.270178110891
1322000000.0	-0.189307403581
1324000000.0	-0.161979515645
1326000000.0	0.261996088123
1328000000.0	0.187115286492
1330000000.0	0.0913447190533
1332000000.0	0.0226877024014
1334000000.0	-0.0135856532073
1336000000.0	-0.629365009925
1338000000.0	0.00436745264907
1340000000.0	0.112047561599
1342000000.0	0.0907526064518
1344000000.0	-0.0910294623658
1346000000.0	0.160547570458
1348000000.0	-0.168779728725
1350000000.0	0.359201045821
1352000000.0	-0.0439679274398
1354000000.0	0.231775871837
1356000000.0	-0.121221559698
1358000000.0	0.2361509173
1360000000.0	0.00926893373354
1362000000.0	-0.483536805958
1364000000.0	-0.0545237722016
1366000000.0	0.119799759233
1368000000.0	0.125120937868
1370000000.0	0.327670448959
1372000000.0	0.484946064772
1374000000.0	0.564875041372
1376000000.0	-0.24124322919
1378000000.0	-0.10658460648
1380000000.0	-0.18293165787
1382000000.0	-0.0478742060023
1384000000.0	-0.321886175557
1386000000.0	0.213471813587
1388000000.0	0.175363363331
1390000000.0	0.576661963059
1392000000.0	-0.132224361812
1394000000.0	-0.295739120937
1396000000.0	-0.258044147645
1398000000.0	-0.290804594
1400000000.0	0.128536550753
1402000000.0	-0.10246126345
1404000000.0	0.0372172861553
1406000000.0	-0.197662086715
1408000000.0	-0.0778622602939
1410000000.0	-0.0353266531819
1412000000.0	0.0422093093035
1414000000.0	-0.137531304921
1416000000.0	0.190357965401
1418000000.0	0.226051356097
1420000000.0	0.0955560990868
1422000000.0	0.0305543779357
1424000000.0	-0.118795467231
1426000000.0	-0.174223498655
1428000000.0	-0.212401890088
1430000000.0	-0.006533087227
1432000000.0	0.127189540611
1434000000.0	0.263595814191
1436000000.0	0.120188509372
1438000000.0	-0.0663209906334
1440000000.0	0.0480058637004
1442000000.0	-0.149972306633
1444000000.0	-0.216957112637
1446000000.0	0.0229540514143
1448000000.0	0.443745011006
1450000000.0	0.260008647374
1452000000.0	-0.236424669117
1454000000.0	-0.241141252572
1456000000.0	-0.571299629066
1458000000.0	-0.350552619602
1460000000.0	-0.166630803468
1462000000.0	0.315554980808
1464000000.0	0.270754854655
1466000000.0	0.531781729007
1468000000.0	0.0614891144227
1470000000.0	-0.272448193036
1472000000.0	-0.737480987695
1474000000.0	-0.365435777232
1476000000.0	0.132054422215
1478000000.0	1.02487206792
1480000000.0	1.49444014492
1482000000.0	0.566349645238
1484000000.0	-0.41426425801
1486000000.0	-1.42742657809
1488000000.0	-1.0641563329
1490000000.0	-0.424513013481
1492000000.0	0.742424614756
1494000000.0	1.27542547744
1496000000.0	3.62019242338
1498000000.0	6.92141949394
1500000000.0	-21.6345269517
1502000000.0	8.73529744068
1504000000.0	5.44220968203
1506000000.0	0.790157231809
1508000000.0	-1.73284408641
1510000000.0	-1.80031438298
1512000000.0	-0.349963391663
1514000000.0	0.539448820038
1516000000.0	0.363196818665
1518000000.0	0.191927584688
1520000000.0	0.12691215803
1522000000.0	0.0687031074497
1524000000.0	-0.0577071045362
1526000000.0	-0.148190654513
1528000000.0	-0.0645548444076
1530000000.0	0.159464922553
1532000000.0	0.394414852392
1534000000.0	0.303142104907
1536000000.0	-0.103797780953
1538000000.0	-0.311221523998
1540000000.0	-0.347258473466
1542000000.0	-0.17801144952
1544000000.0	0.094276348614
1546000000.0	0.551068317051
1548000000.0	0.36559128607
1550000000.0	0.082884300932
1552000000.0	-0.0334159095001
1554000000.0	0.045135408882
1556000000.0	0.110703421691
1558000000.0	-0.273865399613
1560000000.0	-0.175999242829
1562000000.0	0.336759720434
1564000000.0	0.334957836984
1566000000.0	0.0587131586318
1568000000.0	-0.189884066104
1570000000.0	-0.438592842154
1572000000.0	-0.180845531787
1574000000.0	-0.313961422116
1576000000.0	0.310680003836
1578000000.0	-0.0331120816741
1580000000.0	0.30929169124
1582000000.0	0.361926750258
1584000000.0	-0.0388279374235
1586000000.0	-0.0759220543022
1588000000.0	-0.189402457987
1590000000.0	0.0761045525785
1592000000.0	0.126767026943
1594000000.0	-0.141618562379
1596000000.0	0.180857534734
1598000000.0	-0.0740583294775
1600000000.0	0.493417402559
1602000000.0	0.0869487688934
1604000000.0	-0.302572430365
1606000000.0	0.122539553129
1608000000.0	-0.187222120909
1610000000.0	-0.0192897006141
1612000000.0	-0.0876663515021
1614000000.0	0.149958522725
1616000000.0	0.13337713389
1618000000.0	0.00287951942402
1620000000.0	-0.0948955637404
1622000000.0	-0.0240665080372
1624000000.0	-0.430017024898
1626000000.0	-0.0624150166227
1628000000.0	0.0236944771339
1630000000.0	0.0169282148808
1632000000.0	-0.0615514095706
1634000000.0	-0.0839365316131
1636000000.0	0.120184307442
1638000000.0	-0.132053106547
1640000000.0	0.0807767995589
1642000000.0	0.020821796563
1644000000.0	0.10541149781
1646000000.0	-0.189671358895
1648000000.0	-0.00960907011375
1650000000.0	0.123483998286
1652000000.0	0.374137524159
1654000000.0	-0.0315955527692
1656000000.0	0.220360214917
1658000000.0	-0.0424440656807
1660000000.0	0.00346010280451
1662000000.0	0.0605784262675
1664000000.0	-0.0691627470149
1666000000.0	-0.126416997548
1668000000.0	0.0564670651746
1670000000.0	0.253175784775
1672000000.0	-0.0721322157614
1674000000.0	-0.105551332277
1676000000.0	-0.271554356506
1678000000.0	-0.0638187037935
1680000000.0	-0.0513759719952
1682000000.0	-0.0155859602606
1684000000.0	-0.0207614355212
1686000000.0	0.11598123339
1688000000.0	-0.0870344919961
1690000000.0	-0.0544960653425
1692000000.0	0.0227642447169
1694000000.0	-0.0197942358568
1696000000.0	-0.0511982228273
1698000000.0	0.218400108245
1700000000.0	-0.682109483353
1702000000.0	0.191371846436
1704000000.0	0.0853425398098
1706000000.0	0.219611238114
1708000000.0	-0.133347431386
1710000000.0	-0.246780775129
1712000000.0	-0.0214698141006
1714000000.0	0.0396191578872
1716000000.0	-0.0260822569045
1718000000.0	0.114385091854
1720000000.0	-0.156292427283
1722000000.0	0.171374635357
1724000000.0	-0.162802023564
1726000000.0	0.0792429059175
1728000000.0	0.071710496023
1730000000.0	0.126440256366
1732000000.0	-0.0428134263
1734000000.0	0.0487732008994
1736000000.0	0.289717618765
1738000000.0	-0.0239868043142
1740000000.0	-0.155194034242
1742000000.0	-0.108530069199
1744000000.0	0.265397807992
1746000000.0	-0.0832052808333
1748000000.0	-0.00426715853855
1750000000.0	-0.205608803091
1752000000.0	-0.104612919019
1754000000.0	0.0434323986727
1756000000.0	0.0225405237019
1758000000.0	0.18934145875
1760000000.0	-0.0779115622848
1762000000.0	-0.11699722508
1764000000.0	0.080771802675
1766000000.0	0.246632087403
1768000000.0	-0.140545322438
1770000000.0	-0.0504480506483
1772000000.0	0.228065352574
1774000000.0	0.135723280905
1776000000.0	-0.0187463827548
1778000000.0	-0.219112385651
1780000000.0	0.0359374775126
1782000000.0	-0.543356492679
1784000000.0	0.0497425979785
1786000000.0	-0.060037480401
1788000000.0	-0.182528358498
1790000000.0	-0.0852781915309
1792000000.0	0.0555257323186
1794000000.0	-0.32154280616
1796000000.0	-0.253531989581
1798000000.0	-0.324554783795
1800000000.0	1.36138117681
1802000000.0	-0.587982852291
1804000000.0	-0.148480116075
1806000000.0	-0.0512735769816
1808000000.0	-0.0215294348652
1810000000.0	-0.0522199135192
1812000000.0	0.010073754938
1814000000.0	-0.153633389933
1816000000.0	0.0622064242997
1818000000.0	-0.115604020637
1820000000.0	-0.204364437521
1822000000.0	-0.321701640288
1824000000.0	0.208765683426
1826000000.0	0.0552216116385
1828000000.0	0.16123952765
1830000000.0	-0.264654134822
1832000000.0	-0.164502578272
1834000000.0	-0.0903748478529
1836000000.0	0.0507177884757
1838000000.0	0.0754919558994
1840000000.0	-0.0660499976391
1842000000.0	0.217014723677
1844000000.0	-0.172059092625
1846000000.0	-0.096735251982
1848000000.0	-0.161392461848
1850000000.0	-0.454764815159
1852000000.0	-0.124005905169
1854000000.0	0.229643407823
1856000000.0	-0.00701365995185
1858000000.0	0.192232523318
1860000000.0	-0.367347276125
1862000000.0	-0.106582703245
1864000000.0	0.0358494941646
1866000000.0	0.000607568851703
1868000000.0	0.0192572254932
1870000000.0	-0.0473242990771
1872000000.0	-0.197633690334
1874000000.0	-0.0108837070901
1876000000.0	0.0482430366229
1878000000.0	-0.200550170819
1880000000.0	-0.311025395437
1882000000.0	-0.215720927372
1884000000.0	0.558448824674
1886000000.0	0.496483600801
1888000000.0	0.446905539258
1890000000.0	0.0266733176023
1892000000.0	-0.316264935304
1894000000.0	-0.281682753839
1896000000.0	-0.367881479901
1898000000.0	-0.819054512916
1900000000.0	4.26714067952
1902000000.0	-2.163021728
1904000000.0	-1.40314899433
1906000000.0	-0.203051078675
1908000000.0	0.62145928345
1910000000.0	0.366341835926
1912000000.0	0.100805904327
1914000000.0	-0.284765931289
1916000000.0	-0.349935469572
1918000000.0	-0.00949803013169
1920000000.0	-0.1570265211
1922000000.0	0.0309262626546
1924000000.0	0.0360616117916
1926000000.0	-0.105132783039
1928000000.0	0.0119351327554
1930000000.0	-0.162379733843
1932000000.0	-0.132367846339
1934000000.0	-0.166169131619
1936000000.0	-0.0457152661423
1938000000.0	0.0879694162074
1940000000.0	0.299888497616
1942000000.0	-0.0897628787186
1944000000.0	0.0461868017544
1946000000.0	0.15102153631
1948000000.0	-0.348608152916
1950000000.0	0.0352769910617
1952000000.0	-0.0963383632973
1954000000.0	0.264231737137
1956000000.0	0.27713056032
1958000000.0	-0.11185230473
1960000000.0	-0.203318050975
1962000000.0	-0.185262425645
1964000000.0	0.162862813648
1966000000.0	0.0752376004929
1968000000.0	0.101244960755
1970000000.0	0.103658991629
1972000000.0	0.265074774487
1974000000.0	0.0192321562708
1976000000.0	0.0398841092194
1978000000.0	-0.073157113943
1980000000.0	0.0809879159923
1982000000.0	0.0330174808541
1984000000.0	-0.00713066505656
1986000000.0	0.0487519204546
1988000000.0	-0.0398794515819
1990000000.0	0.0676690695544
1992000000.0	-0.129034410474
1994000000.0	-0.373844224925
1996000000.0	-0.176006735482
1998000000.0	-0.14079687813
2000000000.0	1.1625
