0.0	-47.68751
2000000.0	4.17189177842
4000000.0	9.05298975508
6000000.0	2.77624254701
8000000.0	-2.81034801535
10000000.0	-7.74965902184
12000000.0	-6.52726649051
14000000.0	-1.21929454862
16000000.0	7.56244816601
18000000.0	14.5682074824
20000000.0	13.1195012369
22000000.0	1.74179156661
24000000.0	-15.6655097696
26000000.0	-23.2586961289
28000000.0	-15.9125586663
30000000.0	0.753162592415
32000000.0	15.9158959493
34000000.0	15.8539445673
36000000.0	2.37998906254
38000000.0	-7.55822672642
40000000.0	-10.2918055239
42000000.0	-8.65848652692
44000000.0	-2.12618150846
46000000.0	2.29025656641
48000000.0	3.63444873275
50000000.0	-0.952667201458
52000000.0	-0.614039129263
54000000.0	-0.749255973009
56000000.0	3.0080282538
58000000.0	5.60809329449
60000000.0	2.41435958932
62000000.0	-1.35282402907
64000000.0	-5.05992694007
66000000.0	-3.87786601911
68000000.0	0.810348368069
70000000.0	5.31333381937
72000000.0	6.40370569906
74000000.0	3.14599607912
76000000.0	-2.24482602925
78000000.0	-5.3487127711
80000000.0	-4.3760296582
82000000.0	-0.403603462561
84000000.0	3.48136714705
86000000.0	2.85079190356
88000000.0	-0.997181393108
90000000.0	-2.52396045337
92000000.0	-2.91468930226
94000000.0	-0.134809162228
96000000.0	3.98727390795
98000000.0	3.14587222034
100000000.0	-0.264732293125
102000000.0	-5.6658354675
104000000.0	-5.95761430835
106000000.0	-2.18505866633
108000000.0	3.05778454236
110000000.0	5.64250901511
112000000.0	5.38660505018
114000000.0	0.00259317138207
116000000.0	-3.97409119782
118000000.0	-5.12825227335
120000000.0	-2.1375399624
122000000.0	1.77080167295
124000000.0	2.68372109524
126000000.0	1.95723117368
128000000.0	0.131540701198
130000000.0	-0.173724543261
132000000.0	1.08109756996
134000000.0	2.53161305755
136000000.0	1.7189172985
138000000.0	-2.14099560175
140000000.0	-2.61749907372
142000000.0	-3.33651391007
144000000.0	0.0468583903951
146000000.0	3.48595235061
148000000.0	4.36477217535
150000000.0	1.86242928442
152000000.0	-2.08265541824
154000000.0	-3.58757807289
156000000.0	-2.84765731034
158000000.0	0.324459445817
160000000.0	3.12529205855
162000000.0	3.14205884443
164000000.0	0.374773042833
166000000.0	-1.54840616384
168000000.0	-2.98973103154
170000000.0	-0.0859507313827
172000000.0	1.49684300437
174000000.0	1.75056268273
176000000.0	0.00746740475994
178000000.0	-1.37657067457
180000000.0	-1.53792720906
182000000.0	0.264408063776
184000000.0	2.97003339845
186000000.0	2.81325815025
188000000.0	0.471727003213
190000000.0	-3.05994703992
192000000.0	-3.75709340572
194000000.0	-2.49589025542
196000000.0	1.08591238632
198000000.0	3.98939286574
200000000.0	4.25337018939
202000000.0	0.271498239704
204000000.0	-2.03388099936
206000000.0	-2.05190146293
208000000.0	-0.556882862414
210000000.0	1.27720412078
212000000.0	1.56472857235
214000000.0	-0.479689877931
216000000.0	-2.52886770583
218000000.0	-1.66752105172
220000000.0	0.947523776613
222000000.0	4.68691371091
224000000.0	2.78354305203
226000000.0	-0.022630703434
228000000.0	-3.97001237193
230000000.0	-5.95250131854
232000000.0	-2.23004905156
234000000.0	3.16856970101
236000000.0	5.99268060069
238000000.0	4.55393915603
240000000.0	-0.869138692743
242000000.0	-5.83942705841
244000000.0	-5.35875650857
246000000.0	-0.790664709944
248000000.0	5.21589182951
250000000.0	2.92441525668
252000000.0	-0.251815972872
254000000.0	-4.74472752448
256000000.0	-5.00619458141
258000000.0	1.2068998986
260000000.0	6.44306521865
262000000.0	7.0842903265
264000000.0	-1.64300195053
266000000.0	-10.8054757214
268000000.0	-12.3025655491
270000000.0	-1.28132634486
272000000.0	13.8554639833
274000000.0	20.6324152056
276000000.0	8.12373797303
278000000.0	-11.9815620649
280000000.0	-26.336783152
282000000.0	-18.0907820091
284000000.0	5.27718002914
286000000.0	25.7102816711
288000000.0	21.5167035974
290000000.0	-4.50220989322
292000000.0	-25.594740199
294000000.0	-12.5911194786
296000000.0	39.5398045098
298000000.0	99.360518803
300000000.0	-258.599941143
302000000.0	93.3166249515
304000000.0	60.0223367142
306000000.0	25.7625405838
308000000.0	-2.62399742223
310000000.0	-22.7113810249
312000000.0	-26.4913163372
314000000.0	-14.356756262
316000000.0	4.27744389933
318000000.0	17.3483538091
320000000.0	17.4678262907
322000000.0	4.22313945944
324000000.0	-9.42695513132
326000000.0	-11.89851249
328000000.0	-5.20880286421
330000000.0	5.14227299097
332000000.0	8.22771494774
334000000.0	3.17166857991
336000000.0	-3.80204237943
338000000.0	-7.78845854614
340000000.0	-3.07927637566
342000000.0	4.36249770641
344000000.0	7.26315499387
346000000.0	2.80927000068
348000000.0	-3.83717292665
350000000.0	-6.96253621262
352000000.0	-3.55954779943
354000000.0	2.51626435533
356000000.0	7.30734751794
358000000.0	5.15489423404
360000000.0	-0.173618047556
362000000.0	-6.12919533356
364000000.0	-5.36184404504
366000000.0	-0.880085168296
368000000.0	3.52679850829
370000000.0	4.57993044915
372000000.0	2.4943908862
374000000.0	-0.768062920508
376000000.0	-2.94309781997
378000000.0	-2.17305870941
380000000.0	1.6988198771
382000000.0	2.40968891438
384000000.0	0.977393817199
386000000.0	-2.21663863516
388000000.0	-2.84402142956
390000000.0	-1.91008210146
392000000.0	1.3832156619
394000000.0	3.663063963
396000000.0	2.94740580777
398000000.0	0.0227158389834
400000000.0	-1.69546262623
402000000.0	-3.19232967161
404000000.0	-1.71839914453
406000000.0	1.00041903804
408000000.0	1.66022367641
410000000.0	1.2364753236
412000000.0	-1.13735057958
414000000.0	-1.76123561898
416000000.0	0.104635080813
418000000.0	0.762454533637
420000000.0	1.50054304449
422000000.0	0.916344877768
424000000.0	-1.01013043436
426000000.0	-1.16557021166
428000000.0	-1.64740162606
430000000.0	0.245029205587
432000000.0	1.31282994081
434000000.0	1.9689576908
436000000.0	0.539951897177
438000000.0	-1.48502789891
440000000.0	-1.94752380088
442000000.0	-0.839933088045
444000000.0	1.54696930097
446000000.0	1.52127724668
448000000.0	0.97736195532
450000000.0	-1.8438676569
452000000.0	-1.27384626122
454000000.0	-1.05087863315
456000000.0	0.196241235678
458000000.0	0.829828136888
460000000.0	0.872870132882
462000000.0	-0.394064477107
464000000.0	-0.804646500762
466000000.0	-0.861949398314
468000000.0	0.13209160906
470000000.0	1.39891074546
472000000.0	0.898377549329
474000000.0	0.4341280573
476000000.0	-0.566488690321
478000000.0	-0.846558370163
480000000.0	-0.283491644931
482000000.0	0.201191035749
484000000.0	1.30549953639
486000000.0	0.947775201512
488000000.0	0.624249138395
490000000.0	-1.22415511098
492000000.0	-0.674358278892
494000000.0	-0.567207742275
496000000.0	0.707980071074
498000000.0	1.25210091401
500000000.0	0.569193832834
502000000.0	-0.360341981023
504000000.0	-0.371868128559
506000000.0	0.0116836948124
508000000.0	0.641122273464
510000000.0	0.839846987707
512000000.0	0.849361642748
514000000.0	-1.08314715686
516000000.0	-1.38155035148
518000000.0	-1.15555888914
520000000.0	-0.000108982192875
522000000.0	1.20854074004
524000000.0	-0.0719779275675
526000000.0	0.766842935546
528000000.0	-0.522103314625
530000000.0	0.18625530795
532000000.0	-0.701570621017
534000000.0	0.462444660345
536000000.0	1.20679498452
538000000.0	0.610022386403
540000000.0	0.121530697567
542000000.0	0.475284060133
544000000.0	-0.125236753519
546000000.0	-0.385756220918
548000000.0	0.604137311494
550000000.0	0.210027820397
552000000.0	0.193186599599
554000000.0	-0.434536544999
556000000.0	0.293167219506
558000000.0	-0.11353254182
560000000.0	0.833979166003
562000000.0	-0.256393594326
564000000.0	0.173349888863
566000000.0	-0.113997755071
568000000.0	-0.824220904717
570000000.0	0.00255402063455
572000000.0	-0.234999658125
574000000.0	-0.287141984527
576000000.0	0.362456605603
578000000.0	1.34001118159
580000000.0	-0.147659727457
582000000.0	0.186115412651
584000000.0	-0.04773191674
586000000.0	-0.564373038006
588000000.0	-0.655133343472
590000000.0	-0.283889204747
592000000.0	0.596067438594
594000000.0	-0.195170838346
596000000.0	0.768287854562
598000000.0	0.0626761819882
600000000.0	-0.639365447601
602000000.0	-0.235063446451
604000000.0	0.284787358446
606000000.0	-0.698320807166
608000000.0	0.444277583209
610000000.0	-0.0916225563284
612000000.0	0.63591856619
614000000.0	0.26451195363
616000000.0	0.915680844153
618000000.0	0.244103930906
620000000.0	0.161707071292
622000000.0	0.618776855052
624000000.0	1.24533875657
626000000.0	-1.62342008528
628000000.0	-0.167859282168
630000000.0	1.21016546852
632000000.0	-0.726786182709
634000000.0	-0.0708967457947
636000000.0	-0.00945769214107
638000000.0	-0.482859655998
640000000.0	0.566682884337
642000000.0	-0.588265068215
644000000.0	-0.360319565602
646000000.0	0.280555330415
648000000.0	-0.0929469272335
650000000.0	-0.012986340772
652000000.0	-0.239161162554
654000000.0	-0.222097831317
656000000.0	0.185925022511
658000000.0	0.600434113441
660000000.0	-0.0854069483689
662000000.0	0.016075819714
664000000.0	0.0280698872193
666000000.0	0.115458306718
668000000.0	0.168949495297
670000000.0	0.840616185899
672000000.0	0.0697384573412
674000000.0	-0.828491812543
676000000.0	-0.37716111308
678000000.0	-0.687575854051
680000000.0	0.199585089413
682000000.0	0.644252194217
684000000.0	1.25537190185
686000000.0	0.248938785432
688000000.0	-0.555253066539
690000000.0	-0.544429563961
692000000.0	-0.885953966844
694000000.0	0.627199520398
696000000.0	-0.351752903382
698000000.0	0.191504819326
700000000.0	-1.10408501327
702000000.0	0.892423966202
704000000.0	-0.309961816804
706000000.0	0.994966644903
708000000.0	-0.108211839078
710000000.0	-0.362105825638
712000000.0	-0.548640873661
714000000.0	-0.729726822627
716000000.0	-0.636155595657
718000000.0	0.451248739011
720000000.0	0.254574301023
722000000.0	-0.168767632488
724000000.0	0.188713171737
726000000.0	-0.678585396904
728000000.0	-0.462191474737
730000000.0	-0.22224400343
732000000.0	0.333070078334
734000000.0	0.380650579806
736000000.0	-0.496916850509
738000000.0	-0.68025214878
740000000.0	-0.0786090621741
742000000.0	0.00796005542528
744000000.0	-0.134821088178
746000000.0	0.368523494909
748000000.0	0.558514358211
750000000.0	0.646803658531
752000000.0	-1.51809459481
754000000.0	-0.657209239763
756000000.0	-0.383747117792
758000000.0	0.94850152836
760000000.0	0.485622110781
762000000.0	0.437729305343
764000000.0	-0.480435861467
766000000.0	-0.756489504635
768000000.0	0.322271927969
770000000.0	0.324701005297
772000000.0	0.470172906452
774000000.0	-0.303674949294
776000000.0	0.820659294144
778000000.0	-0.475139298618
780000000.0	-0.820469322447
782000000.0	0.56933551792
784000000.0	1.77600861943
786000000.0	0.844651420698
788000000.0	-0.312764980185
790000000.0	-1.40444665598
792000000.0	-0.868498574788
794000000.0	0.0295667172478
796000000.0	0.579409518975
798000000.0	0.686625810969
800000000.0	1.27857113515
802000000.0	-1.21130646117
804000000.0	-0.809917303212
806000000.0	-0.636056966709
808000000.0	-0.339474273472
810000000.0	0.668579314773
812000000.0	0.666608982312
814000000.0	-0.980561823369
816000000.0	-1.20165057975
818000000.0	-0.0773084656949
820000000.0	0.643518303288
822000000.0	0.696108548906
824000000.0	0.880681755842
826000000.0	-0.288972362996
828000000.0	-1.68392379305
830000000.0	-1.75263662759
832000000.0	-0.48318441601
834000000.0	1.86697977027
836000000.0	1.61608796072
838000000.0	0.907854830141
840000000.0	-0.922452616847
842000000.0	-1.83005174314
844000000.0	-0.690447978093
846000000.0	0.712430303954
848000000.0	1.92514642413
850000000.0	2.09550969309
852000000.0	0.0343676042316
854000000.0	-1.34906596917
856000000.0	-1.76431071636
858000000.0	0.42813272507
860000000.0	3.09801281036
862000000.0	2.35128901072
864000000.0	-0.261384158573
866000000.0	-2.74862354843
868000000.0	-3.68398806253
870000000.0	-0.301967497335
872000000.0	4.36554053354
874000000.0	6.85483342142
876000000.0	0.525368972833
878000000.0	-3.138546777
880000000.0	-7.07996224718
882000000.0	-4.61908526213
884000000.0	1.98683650944
886000000.0	7.47169582425
888000000.0	4.39055480886
890000000.0	-4.13506844623
892000000.0	-9.2940033609
894000000.0	-2.09196359727
896000000.0	18.3493955328
898000000.0	43.4385362497
900000000.0	-109.130733017
902000000.0	39.5871319974
904000000.0	23.6458970527
906000000.0	8.05849483276
908000000.0	-2.99624478851
910000000.0	-7.7629604254
912000000.0	-6.70212677531
914000000.0	-2.83081720043
916000000.0	1.29490368084
918000000.0	3.9082363681
920000000.0	3.5925767409
922000000.0	1.84612987403
924000000.0	-1.89001293565
926000000.0	-1.99601509269
928000000.0	0.429291295594
930000000.0	1.7387071711
932000000.0	2.33209305306
934000000.0	0.176319143534
936000000.0	-1.92737799776
938000000.0	-1.85322170887
940000000.0	0.0833409188887
942000000.0	1.79891389621
944000000.0	1.38887162221
946000000.0	0.563997278863
948000000.0	-1.74830835832
950000000.0	-1.99309308842
952000000.0	-0.598369858337
954000000.0	0.704048544772
956000000.0	1.76523419475
958000000.0	0.670211786905
960000000.0	-0.802279568349
962000000.0	-0.992365005728
964000000.0	-1.20752598083
966000000.0	0.335621790147
968000000.0	0.667491940689
970000000.0	0.782371882167
972000000.0	-0.0903699847213
974000000.0	-1.19531768661
976000000.0	-1.13666190049
978000000.0	-0.735852925882
980000000.0	0.596140896617
982000000.0	0.278513942799
984000000.0	-0.668468426125
986000000.0	-0.797878084207
988000000.0	-0.214456172068
990000000.0	-0.716969649995
992000000.0	0.8837098803
994000000.0	1.44076021804
996000000.0	0.799789433005
998000000.0	0.0875090081684
1000000000.0	-3.09375
1002000000.0	-0.591437468037
1004000000.0	0.641039591523
1006000000.0	0.0732284543996
1008000000.0	0.305198839489
1010000000.0	-0.221063862752
1012000000.0	-0.21826548734
1014000000.0	-0.540077783553
1016000000.0	-0.281031404879
1018000000.0	0.718282032092
1020000000.0	0.321506406673
1022000000.0	-0.00506822590829
1024000000.0	-0.0156140439302
1026000000.0	-0.862084897334
1028000000.0	-0.214098880857
1030000000.0	0.608404009927
1032000000.0	1.04219052049
1034000000.0	0.20078777543
1036000000.0	0.137004977018
1038000000.0	-0.0557471160967
1040000000.0	-0.336037128774
1042000000.0	0.0354467309758
1044000000.0	0.0413334288051
1046000000.0	0.270465663529
1048000000.0	-0.598346064757
1050000000.0	-0.455749004555
1052000000.0	-1.42110785448
1054000000.0	0.607506453183
1056000000.0	0.351697390871
1058000000.0	0.467743641586
1060000000.0	0.554013775244
1062000000.0	-0.412230465659
1064000000.0	-0.410425991441
1066000000.0	-0.17693532495
1068000000.0	0.580794612737
1070000000.0	0.581933090174
1072000000.0	0.0743626843484
1074000000.0	-0.404919770833
1076000000.0	-0.0362721103082
1078000000.0	0.00800431737186
1080000000.0	-0.632839719689
1082000000.0	0.392853350791
1084000000.0	0.102076066768
1086000000.0	-0.202816360941
1088000000.0	0.668694644531
1090000000.0	0.0676939273958
1092000000.0	0.0800323177547
1094000000.0	0.0797837901941
1096000000.0	0.412288182994
1098000000.0	-0.0208805735907
1100000000.0	-0.606432938119
1102000000.0	0.317772151116
1104000000.0	-0.45946675784
1106000000.0	0.431409069457
1108000000.0	-0.495731253602
1110000000.0	0.828449029425
1112000000.0	-0.0263863544772
1114000000.0	-0.0678772480517
1116000000.0	-0.1725352821
1118000000.0	-0.610571193238
1120000000.0	0.304430039667
1122000000.0	0.0825228780698
1124000000.0	-0.411651526388
1126000000.0	0.0747585199604
1128000000.0	0.26526309833
1130000000.0	0.466609101633
1132000000.0	0.418661888796
1134000000.0	0.354339919292
1136000000.0	0.397626521199
1138000000.0	0.636211855433
1140000000.0	-0.259499009295
1142000000.0	-0.195658950008
1144000000.0	0.574552418001
1146000000.0	0.243180112255
1148000000.0	-0.896418504441
1150000000.0	0.0322082319
1152000000.0	-0.27837583341
1154000000.0	0.176365275735
1156000000.0	0.823962998469
1158000000.0	0.621335937311
1160000000.0	0.52843563003
1162000000.0	0.346220627767
1164000000.0	-0.471273901599
1166000000.0	0.121106979282
1168000000.0	-0.318884816452
1170000000.0	-0.629658775324
1172000000.0	0.679011864733
1174000000.0	-0.111642842746
1176000000.0	-0.960648836982
1178000000.0	0.118299327865
1180000000.0	-0.00262853587201
1182000000.0	0.354333455399
1184000000.0	0.34764189564
1186000000.0	-0.769591215214
1188000000.0	-0.701468240312
1190000000.0	0.0821136005614
1192000000.0	0.263353827661
1194000000.0	0.688392350636
1196000000.0	-0.585024600872
1198000000.0	0.501141549527
1200000000.0	0.453270126234
1202000000.0	-0.454652676599
1204000000.0	0.950068450683
1206000000.0	-0.169544319339
1208000000.0	0.510919025043
1210000000.0	-0.272263847431
1212000000.0	0.208795297806
1214000000.0	-0.439470217576
1216000000.0	0.33587705201
1218000000.0	-0.135706731714
1220000000.0	0.150935199642
1222000000.0	0.00542579382351
1224000000.0	0.113995054467
1226000000.0	-0.816465814724
1228000000.0	0.135310831143
1230000000.0	-0.0236633191051
1232000000.0	-0.678936206729
1234000000.0	-0.105279462002
1236000000.0	0.202448807889
1238000000.0	0.00449223401685
1240000000.0	-0.199078145149
1242000000.0	-0.451328751465
1244000000.0	-0.520350676645
1246000000.0	0.731294216839
1248000000.0	0.197910115339
1250000000.0	1.84079104085
1252000000.0	-0.522553098185
1254000000.0	-0.416590425242
1256000000.0	-0.13144962434
1258000000.0	0.232749125954
1260000000.0	0.0990592495981
1262000000.0	-0.157719421559
1264000000.0	-0.175003324634
1266000000.0	-0.670082910435
1268000000.0	-0.213023651258
1270000000.0	-0.0780503703917
1272000000.0	-0.397877473516
1274000000.0	-0.150773322448
1276000000.0	-0.376328708288
1278000000.0	-0.119524823504
1280000000.0	-0.0265441439899
1282000000.0	-0.439277745921
1284000000.0	0.0704531712085
1286000000.0	0.190788848618
1288000000.0	-0.789165662834
1290000000.0	-0.443889333408
1292000000.0	-0.463290630263
1294000000.0	1.07582625236
1296000000.0	0.123725041732
1298000000.0	1.93419918539
1300000000.0	-3.88101509236
1302000000.0	1.39597089332
1304000000.0	-0.355325491533
1306000000.0	-0.26959501996
1308000000.0	-0.172701869416
1310000000.0	-0.147834514441
1312000000.0	0.186426056975
1314000000.0	-0.495451559432
1316000000.0	0.0833604880642
1318000000.0	0.154894834058
1320000000.0	0.445887661597
1322000000.0	0.352515413795
1324000000.0	-0.397749181753
1326000000.0	0.352679245871
1328000000.0	0.891026021658
1330000000.0	-0.259047118198
1332000000.0	-0.943760308768
1334000000.0	0.521989837165
1336000000.0	0.13605479071
1338000000.0	-0.28286412865
1340000000.0	0.781271260891
1342000000.0	0.063514022522
1344000000.0	0.381054746434
1346000000.0	-0.212096049131
1348000000.0	0.739236555318
1350000000.0	-0.0778116990584
1352000000.0	-0.00888064831991
1354000000.0	-0.510978957758
1356000000.0	-0.403114057759
1358000000.0	-0.110959775409
1360000000.0	-0.130005745638
1362000000.0	0.289076525589
1364000000.0	-0.171173563561
1366000000.0	-1.19022794594
1368000000.0	-0.458934046051
1370000000.0	-0.586796208071
1372000000.0	0.147267375897
1374000000.0	-2.64377762546
1376000000.0	2.69144453027
1378000000.0	0.42316176762
1380000000.0	0.450900747697
1382000000.0	0.521644942802
1384000000.0	0.448455096549
1386000000.0	0.346536098917
1388000000.0	-0.245190225238
1390000000.0	-0.143872836909
1392000000.0	0.58309570212
1394000000.0	0.985265780035
1396000000.0	-0.0452042091674
1398000000.0	0.211874325966
1400000000.0	0.572022061917
1402000000.0	0.090057526436
1404000000.0	-0.216672720707
1406000000.0	0.0241580748325
1408000000.0	0.329976203411
1410000000.0	0.381333108746
1412000000.0	-0.235516813458
1414000000.0	-0.372181191271
1416000000.0	0.337592599762
1418000000.0	0.565778330312
1420000000.0	0.621883743053
1422000000.0	1.00992341407
1424000000.0	-0.909076093447
1426000000.0	-0.978553038662
1428000000.0	0.352309881775
1430000000.0	-0.272885885181
1432000000.0	0.543326283369
1434000000.0	0.905411863791
1436000000.0	-0.375704023666
1438000000.0	0.299336667954
1440000000.0	-0.041248260391
1442000000.0	0.0251107751367
1444000000.0	0.51687166821
1446000000.0	-0.0888278007177
1448000000.0	0.439734242694
1450000000.0	0.0541726623972
1452000000.0	-0.921165353582
1454000000.0	-0.402515001392
1456000000.0	-0.848219884144
1458000000.0	-0.0410032523378
1460000000.0	0.880529368723
1462000000.0	0.667764644935
1464000000.0	-0.367842747575
1466000000.0	-1.34906606154
1468000000.0	-0.105977934816
1470000000.0	-0.088304034461
1472000000.0	0.910393680049
1474000000.0	2.70949079078
1476000000.0	1.43797621156
1478000000.0	-1.4598358565
1480000000.0	-1.984330863
1482000000.0	-1.31392011414
1484000000.0	1.12782335428
1486000000.0	2.22990781576
1488000000.0	1.77597545576
1490000000.0	-1.08427043243
1492000000.0	-3.80792296341
1494000000.0	0.00125597859272
1496000000.0	8.61441894352
1498000000.0	20.7960279269
1500000000.0	-51.7566938328
1502000000.0	17.6611842271
1504000000.0	9.94120477355
1506000000.0	2.32809824476
1508000000.0	-1.69785112055
1510000000.0	-3.22319912584
1512000000.0	-2.74084285413
1514000000.0	-0.826619690455
1516000000.0	0.786665097702
1518000000.0	1.46849220928
1520000000.0	1.30788408145
1522000000.0	-0.167383209721
1524000000.0	-0.89351904676
1526000000.0	-0.033077908246
1528000000.0	-0.65492899877
1530000000.0	0.836623747057
1532000000.0	0.680890324587
1534000000.0	-1.16383333752
1536000000.0	-0.983147160445
1538000000.0	-1.25185829415
1540000000.0	-0.150180365507
1542000000.0	1.11873252635
1544000000.0	1.64367825469
1546000000.0	-0.10640686675
1548000000.0	-0.444031002859
1550000000.0	-1.2281760535
1552000000.0	-0.991240154994
1554000000.0	0.439229069723
1556000000.0	0.821848872153
1558000000.0	1.21934303282
1560000000.0	0.163285998365
1562000000.0	-0.929662960921
1564000000.0	-0.451295592086
1566000000.0	-0.0508788778937
1568000000.0	0.647041180313
1570000000.0	0.517368019472
1572000000.0	-0.386252003415
1574000000.0	-0.643920063692
1576000000.0	0.27008094972
1578000000.0	-0.247367272655
1580000000.0	-0.0292208196214
1582000000.0	-0.164544810362
1584000000.0	0.846961592421
1586000000.0	-0.280774877687
1588000000.0	-0.122895800254
1590000000.0	-0.280880579344
1592000000.0	0.863925347764
1594000000.0	-0.111545045944
1596000000.0	0.529180262252
1598000000.0	-0.187740164265
1600000000.0	-0.520753635152
1602000000.0	-0.0920127089785
1604000000.0	-0.0797085382586
1606000000.0	-0.0407467789885
1608000000.0	0.0896681446674
1610000000.0	-0.251842421607
1612000000.0	-0.285419972354
1614000000.0	-0.431949227708
1616000000.0	-0.486100901685
1618000000.0	0.158017494226
1620000000.0	0.0588687657312
1622000000.0	-0.401422502867
1624000000.0	-0.398606082023
1626000000.0	0.783711243087
1628000000.0	-0.00198946973664
1630000000.0	0.377193798783
1632000000.0	0.353663007149
1634000000.0	0.512775409736
1636000000.0	0.298053679757
1638000000.0	-0.0214622191721
1640000000.0	-0.0649473480642
1642000000.0	-0.360131711715
1644000000.0	0.384033564527
1646000000.0	0.570935069204
1648000000.0	0.363845425252
1650000000.0	0.00753812204699
1652000000.0	0.150564963464
1654000000.0	-0.795336787789
1656000000.0	0.185494850084
1658000000.0	-1.09278991409
1660000000.0	-0.103424035375
1662000000.0	-0.0854349891314
1664000000.0	-0.27069973433
1666000000.0	-0.101286533502
1668000000.0	0.347186393083
1670000000.0	-0.124543359917
1672000000.0	-0.0902005164037
1674000000.0	-0.0680476550273
1676000000.0	-0.354488871042
1678000000.0	-0.166652251344
1680000000.0	-0.487234867133
1682000000.0	0.164287494432
1684000000.0	0.219053946782
1686000000.0	-0.115028621731
1688000000.0	0.15134449733
1690000000.0	-0.130766731199
1692000000.0	-0.146349760233
1694000000.0	0.256494784947
1696000000.0	0.475801025013
1698000000.0	0.781685308716
1700000000.0	-0.967646610167
1702000000.0	0.731933393448
1704000000.0	-0.131796820817
1706000000.0	0.593553841311
1708000000.0	-0.0363835483246
1710000000.0	0.357694929696
1712000000.0	-0.285758030441
1714000000.0	-0.380369255982
1716000000.0	-0.140991470624
1718000000.0	-0.301866576903
1720000000.0	0.0965718800676
1722000000.0	0.198743196836
1724000000.0	-0.396675230589
1726000000.0	0.586094722727
1728000000.0	0.382218514169
1730000000.0	0.19832082327
1732000000.0	0.099883017029
1734000000.0	0.0108428221476
1736000000.0	0.0811387668403
1738000000.0	-0.101512166572
1740000000.0	-0.255005044325
1742000000.0	0.0965959780957
1744000000.0	-0.0672786761189
1746000000.0	-0.208259081469
1748000000.0	0.406256691217
1750000000.0	3.27549004394
1752000000.0	0.302050750005
1754000000.0	0.17771605272
1756000000.0	0.950710880864
1758000000.0	0.753998527771
1760000000.0	0.329311861539
1762000000.0	-0.10853798812
1764000000.0	0.0615944451142
1766000000.0	0.0872274674568
1768000000.0	0.056235163212
1770000000.0	-0.512316330957
1772000000.0	0.304410954269
1774000000.0	-0.573208044354
1776000000.0	0.478853680899
1778000000.0	-0.057017643318
1780000000.0	-0.708865215937
1782000000.0	0.22983077493
1784000000.0	0.435122665858
1786000000.0	-0.672690087708
1788000000.0	-0.82211463981
1790000000.0	-0.119075897722
1792000000.0	-0.312962070477
1794000000.0	0.649173053002
1796000000.0	0.927258686756
1798000000.0	-0.0387690729536
1800000000.0	-0.232901803706
1802000000.0	0.70554061888
1804000000.0	-0.150596888067
1806000000.0	-0.204751488159
1808000000.0	0.15852154432
1810000000.0	-0.0418935369598
1812000000.0	0.281041746333
1814000000.0	0.529972350523
1816000000.0	-0.671688336532
1818000000.0	0.466767568137
1820000000.0	-0.260787480977
1822000000.0	0.268612191292
1824000000.0	0.492595497112
1826000000.0	-0.0356598125613
1828000000.0	0.476160633387
1830000000.0	-0.178556313086
1832000000.0	-0.168026887016
1834000000.0	0.711697316771
1836000000.0	-0.0825692878913
1838000000.0	0.160292580954
1840000000.0	-0.446154208808
1842000000.0	-0.271466652581
1844000000.0	0.824115915759
1846000000.0	0.38659681414
1848000000.0	0.700535760994
1850000000.0	0.17931853123
1852000000.0	0.370302877692
1854000000.0	0.263347052882
1856000000.0	-0.479369654794
1858000000.0	0.384413139005
1860000000.0	0.49412124233
1862000000.0	-0.768151149149
1864000000.0	-0.0335388646157
1866000000.0	-0.53535773617
1868000000.0	-0.384648915211
1870000000.0	-0.00439662162271
1872000000.0	-0.525149610743
1874000000.0	-1.13618403326
1876000000.0	0.743142249261
1878000000.0	1.06798242814
1880000000.0	1.02631340451
1882000000.0	0.349249800301
1884000000.0	0.643476322254
1886000000.0	0.74668527639
1888000000.0	-0.363258206684
1890000000.0	-0.273530919805
1892000000.0	-0.142638130222
1894000000.0	1.39455174198
1896000000.0	3.07069414831
1898000000.0	5.34442012704
1900000000.0	-14.7266638923
1902000000.0	5.50800807262
1904000000.0	3.0168917357
1906000000.0	0.496403575506
1908000000.0	-1.08476030857
1910000000.0	-0.125611905784
1912000000.0	0.180490127194
1914000000.0	0.246957248254
1916000000.0	1.08681623386
1918000000.0	0.114346297072
1920000000.0	-0.483729517175
1922000000.0	-0.458691864758
1924000000.0	-0.166530827737
1926000000.0	0.617643943469
1928000000.0	0.234215045203
1930000000.0	0.457166316156
1932000000.0	-0.388534451834
1934000000.0	-0.0716000162801
1936000000.0	0.346838582554
1938000000.0	0.249270760364
1940000000.0	0.32130162439
1942000000.0	-0.603748346415
1944000000.0	-0.488607754452
1946000000.0	0.0856152967969
1948000000.0	-0.368084143091
1950000000.0	0.398182911807
1952000000.0	-0.304903918926
1954000000.0	-0.273538285728
1956000000.0	0.924475754299
1958000000.0	0.220395918113
1960000000.0	-0.206625353971
1962000000.0	0.360370089735
1964000000.0	0.346003479529
1966000000.0	0.127697429844
1968000000.0	0.23543375874
1970000000.0	-0.105769442817
1972000000.0	-0.218435829061
1974000000.0	-0.358599321119
1976000000.0	-0.342668638484
1978000000.0	0.47696540396
1980000000.0	0.107383267851
1982000000.0	0.542288142604
1984000000.0	-0.277588954561
1986000000.0	-0.393667132223
1988000000.0	-0.0925094432303
1990000000.0	-0.191307343677
1992000000.0	0.32976694514
1994000000.0	-0.063129385061
1996000000.0	-0.680099366575
1998000000.0	-0.413515199789
2000000000.0	2.87501
