0.0	-49.1875
2000000.0	6.22386083075
4000000.0	16.0526604753
6000000.0	7.98594256691
8000000.0	-13.1798052103
10000000.0	-25.9922824855
12000000.0	-23.6584287303
14000000.0	0.164972965935
16000000.0	23.7604723353
18000000.0	26.9689994223
20000000.0	14.0891029049
22000000.0	-14.25122407
24000000.0	-36.6304552292
26000000.0	-35.9186834709
28000000.0	-14.1976512041
30000000.0	14.2975682768
32000000.0	29.8031953628
34000000.0	20.5088738337
36000000.0	-9.37363084918
38000000.0	-23.6680301896
40000000.0	-16.5899516233
42000000.0	-1.77392042797
44000000.0	16.0778895966
46000000.0	16.5700316986
48000000.0	1.89626414181
50000000.0	-11.5085575566
52000000.0	-11.5669130355
54000000.0	4.61032463359
56000000.0	18.9337335514
58000000.0	20.7533267729
60000000.0	8.58852312207
62000000.0	-11.4099903404
64000000.0	-19.8804628509
66000000.0	-13.2477245147
68000000.0	2.22618938857
70000000.0	15.4074423909
72000000.0	12.0909837355
74000000.0	0.293472770425
76000000.0	-11.344717699
78000000.0	-8.21353670575
80000000.0	0.138811946523
82000000.0	6.18644534743
84000000.0	2.5545462982
86000000.0	-5.61232686631
88000000.0	-10.3684457811
90000000.0	-6.35249093254
92000000.0	2.86823939668
94000000.0	13.377237415
96000000.0	11.3302234435
98000000.0	1.68105351001
100000000.0	-8.28070545393
102000000.0	-10.8691095863
104000000.0	-4.66691872532
106000000.0	5.37315002374
108000000.0	10.0141626208
110000000.0	4.83640864798
112000000.0	-3.28489613292
114000000.0	-5.70455213938
116000000.0	-3.89366245584
118000000.0	1.809738729
120000000.0	6.51759369364
122000000.0	3.39725551937
124000000.0	-4.02416247287
126000000.0	-4.94458872426
128000000.0	-6.38935882813
130000000.0	-0.704840842573
132000000.0	5.61851630056
134000000.0	7.94320943457
136000000.0	4.56597923508
138000000.0	-2.40941108675
140000000.0	-3.94893007702
142000000.0	-2.72917081606
144000000.0	0.642513154836
146000000.0	1.16301664711
148000000.0	1.45426177237
150000000.0	-0.523733143689
152000000.0	-0.950408124732
154000000.0	-0.065390516479
156000000.0	1.88777639328
158000000.0	4.03645976916
160000000.0	2.36977435299
162000000.0	-2.8453878257
164000000.0	-5.01347055295
166000000.0	-4.39979490535
168000000.0	-0.32603594792
170000000.0	3.68329932814
172000000.0	5.10456246357
174000000.0	3.98018470778
176000000.0	1.60614597134
178000000.0	-2.29820719411
180000000.0	-5.56430643971
182000000.0	-3.5057693514
184000000.0	-0.809311777354
186000000.0	2.75427793795
188000000.0	3.37669441666
190000000.0	1.51706069726
192000000.0	-0.686169910488
194000000.0	-0.186603599672
196000000.0	2.79893843903
198000000.0	2.86660898532
200000000.0	0.804341365301
202000000.0	-3.54624045801
204000000.0	-5.71301308673
206000000.0	-5.29229732477
208000000.0	-0.348026831843
210000000.0	5.64464487895
212000000.0	8.49009492549
214000000.0	6.2666319888
216000000.0	-1.77627625498
218000000.0	-6.73437201749
220000000.0	-5.30666523933
222000000.0	-0.0902806207647
224000000.0	3.83139851076
226000000.0	4.98828146428
228000000.0	-0.139668700693
230000000.0	-4.87127849923
232000000.0	-4.60586739972
234000000.0	2.07429783925
236000000.0	8.83061298642
238000000.0	7.98679841868
240000000.0	-2.38781991147
242000000.0	-12.2007796217
244000000.0	-14.5876312046
246000000.0	-3.20829976246
248000000.0	12.0332364515
250000000.0	14.2484144707
252000000.0	9.63156766194
254000000.0	-7.84063639108
256000000.0	-18.408430029
258000000.0	-10.768973772
260000000.0	7.89963883181
262000000.0	13.4034240704
264000000.0	4.23535636799
266000000.0	-7.51502508204
268000000.0	-17.0944320984
270000000.0	-6.18433139442
272000000.0	18.5151831397
274000000.0	32.6957717313
276000000.0	19.1339551611
278000000.0	-20.1405628895
280000000.0	-52.2192328488
282000000.0	-43.474803814
284000000.0	5.363596247
286000000.0	57.7163245222
288000000.0	62.6807307067
290000000.0	12.9936742176
292000000.0	-50.4664610134
294000000.0	-55.2287876406
296000000.0	17.3094748619
298000000.0	95.245936924
300000000.0	-210.672331732
302000000.0	77.6005163746
304000000.0	65.2632362153
306000000.0	55.2610629236
308000000.0	11.794554683
310000000.0	-40.1724726581
312000000.0	-61.5349980402
314000000.0	-37.9916413525
316000000.0	10.4558788445
318000000.0	44.4030325267
320000000.0	39.4177592329
322000000.0	8.34616988958
324000000.0	-22.6518144185
326000000.0	-27.0857606814
328000000.0	-7.9378020863
330000000.0	12.5264132928
332000000.0	16.3147877686
334000000.0	1.52306753984
336000000.0	-12.144208204
338000000.0	-12.8799727343
340000000.0	-1.36658729108
342000000.0	16.4923923847
344000000.0	19.7479607663
346000000.0	3.9587847209
348000000.0	-14.9561109447
350000000.0	-21.6889572235
352000000.0	-10.4395647245
354000000.0	10.4871063834
356000000.0	20.2572595492
358000000.0	12.7306378696
360000000.0	-4.83080381654
362000000.0	-14.1077243213
364000000.0	-9.97172947581
366000000.0	3.36044242371
368000000.0	9.14667525859
370000000.0	4.64420281482
372000000.0	-4.94102725512
374000000.0	-11.5745171319
376000000.0	-3.95042375704
378000000.0	7.78032284664
380000000.0	12.3774901951
382000000.0	9.29074624161
384000000.0	-2.82607270754
386000000.0	-12.2007757016
388000000.0	-9.96644363894
390000000.0	-0.341947455878
392000000.0	7.90876356149
394000000.0	9.68429462546
396000000.0	2.19278248106
398000000.0	-5.15549786715
400000000.0	-5.71297588232
402000000.0	-1.69341357318
404000000.0	6.60643094464
406000000.0	6.46108877128
408000000.0	0.783742303377
410000000.0	-7.50393410615
412000000.0	-7.3099896102
414000000.0	-0.923988180714
416000000.0	6.72986094735
418000000.0	7.97169688478
420000000.0	4.35259629033
422000000.0	-3.33899231469
424000000.0	-7.26657192805
426000000.0	-4.38997757015
428000000.0	2.9843009258
430000000.0	6.93754950888
432000000.0	3.04724933306
434000000.0	-2.34836503564
436000000.0	-5.21935493111
438000000.0	-2.73964090713
440000000.0	2.21557381278
442000000.0	4.90871037218
444000000.0	3.43316250244
446000000.0	-3.01314336575
448000000.0	-5.22314006431
450000000.0	-3.85865635399
452000000.0	2.62897950933
454000000.0	7.48956918328
456000000.0	5.49337811002
458000000.0	-0.216630816215
460000000.0	-4.76844515892
462000000.0	-4.64441296754
464000000.0	-0.616818232686
466000000.0	4.55947739217
468000000.0	4.33710671837
470000000.0	0.126646137196
472000000.0	-3.4341381421
474000000.0	-2.69727157588
476000000.0	0.299397557161
478000000.0	4.35938294359
480000000.0	3.71348904081
482000000.0	-0.416659342106
484000000.0	-3.93401736194
486000000.0	-4.45490863487
488000000.0	-3.31917568003
490000000.0	1.89993570447
492000000.0	4.60363463296
494000000.0	2.69183139946
496000000.0	-2.6082637622
498000000.0	-4.50468597208
500000000.0	-2.44931226792
502000000.0	1.06132273743
504000000.0	2.91843073581
506000000.0	1.75087596171
508000000.0	-1.28810143294
510000000.0	-2.56630383053
512000000.0	-0.983959612754
514000000.0	1.07363402432
516000000.0	4.20463126612
518000000.0	1.8413803061
520000000.0	0.650043626212
522000000.0	-3.1501464024
524000000.0	-4.57350370437
526000000.0	0.540100262498
528000000.0	3.72183132479
530000000.0	2.32607743765
532000000.0	-0.819620443588
534000000.0	-2.83413870257
536000000.0	-1.24553178424
538000000.0	-1.34278648401
540000000.0	2.54244233738
542000000.0	3.15185146644
544000000.0	1.45188525316
546000000.0	-1.14904522059
548000000.0	-3.47268511251
550000000.0	-1.6101094314
552000000.0	1.67417378798
554000000.0	3.89604446563
556000000.0	0.935969711071
558000000.0	-2.2111053205
560000000.0	-3.00132644094
562000000.0	-1.06792840961
564000000.0	2.74073822642
566000000.0	3.31804931278
568000000.0	2.19892822932
570000000.0	-1.07809746895
572000000.0	-4.0560154398
574000000.0	-2.60425896002
576000000.0	0.172031994707
578000000.0	4.73920159343
580000000.0	2.92077520165
582000000.0	-1.8860615718
584000000.0	-2.99137924244
586000000.0	-3.86508224035
588000000.0	0.490461134922
590000000.0	5.16160492099
592000000.0	1.96491961452
594000000.0	-1.35197625798
596000000.0	-5.23871894577
598000000.0	-7.03141612771
600000000.0	16.6095783203
602000000.0	-4.36729169343
604000000.0	-4.55774837918
606000000.0	-1.36949859131
608000000.0	-1.46852452101
610000000.0	-0.0274108323606
612000000.0	0.750658035416
614000000.0	0.780852389921
616000000.0	1.05666452225
618000000.0	0.213310920304
620000000.0	-2.53899819307
622000000.0	-2.93153101826
624000000.0	-3.13621144897
626000000.0	3.43391382271
628000000.0	3.36090375759
630000000.0	1.48201676024
632000000.0	-0.61616719268
634000000.0	-2.03200670711
636000000.0	-0.0121312081882
638000000.0	1.51946285
640000000.0	3.21343414242
642000000.0	-0.130700605228
644000000.0	-0.80744778934
646000000.0	-0.975837798739
648000000.0	0.0151987590854
650000000.0	1.90398777781
652000000.0	4.48575455799
654000000.0	0.928935976952
656000000.0	-1.38840939105
658000000.0	-3.86894671062
660000000.0	-0.831162984351
662000000.0	2.18265156324
664000000.0	3.69259263293
666000000.0	0.61080792916
668000000.0	-2.00646189819
670000000.0	-1.47310354387
672000000.0	-1.55872862686
674000000.0	2.04573316092
676000000.0	2.08275292318
678000000.0	1.19064112351
680000000.0	-0.35306127473
682000000.0	-2.40804698827
684000000.0	-1.91671351661
686000000.0	-0.451831014519
688000000.0	3.76690904672
690000000.0	3.59067418292
692000000.0	0.0633230806367
694000000.0	-1.58322432845
696000000.0	-4.6156378347
698000000.0	-0.873207457592
700000000.0	7.03574728736
702000000.0	-0.303093874706
704000000.0	-0.575535030965
706000000.0	-1.0603528817
708000000.0	-1.84919733597
710000000.0	0.147067967156
712000000.0	1.2284138349
714000000.0	2.20025428698
716000000.0	0.390610038908
718000000.0	-0.800519934037
720000000.0	-1.80900562257
722000000.0	-0.738052495948
724000000.0	0.646740231578
726000000.0	3.01759177917
728000000.0	0.515538837307
730000000.0	-2.38828824365
732000000.0	-1.83259382441
734000000.0	-1.5226618761
736000000.0	2.76722007528
738000000.0	3.13017425464
740000000.0	1.74881081994
742000000.0	-1.03123899155
744000000.0	-2.21286971691
746000000.0	-1.44201854693
748000000.0	0.265699507425
750000000.0	1.0721338961
752000000.0	1.22938988832
754000000.0	-0.475433191572
756000000.0	-2.20852008062
758000000.0	-2.04253439224
760000000.0	0.778084649058
762000000.0	2.52379117118
764000000.0	2.88506090394
766000000.0	0.0797864172108
768000000.0	-1.27478230378
770000000.0	-2.4322367178
772000000.0	-0.420389481514
774000000.0	2.27167214084
776000000.0	3.17130715125
778000000.0	0.0276553042469
780000000.0	-1.94234405457
782000000.0	-3.74449230106
784000000.0	-2.66284727273
786000000.0	2.68503042725
788000000.0	3.28297509064
790000000.0	2.7329456656
792000000.0	-2.56097417671
794000000.0	-2.66101879076
796000000.0	-1.69056863472
798000000.0	1.89902153696
800000000.0	1.89633913709
802000000.0	2.00301662602
804000000.0	-0.651344896754
806000000.0	-4.59695070161
808000000.0	-2.18039320503
810000000.0	0.840833053592
812000000.0	4.35949548074
814000000.0	2.56595858361
816000000.0	0.200016777221
818000000.0	-2.70456521195
820000000.0	-4.84330785818
822000000.0	-1.21006865499
824000000.0	2.24271419355
826000000.0	4.00985632287
828000000.0	0.762232351209
830000000.0	-3.68449835724
832000000.0	-2.16874684747
834000000.0	0.0784527481973
836000000.0	3.46374653213
838000000.0	5.40575122232
840000000.0	-0.0164302457621
842000000.0	-4.65078857372
844000000.0	-6.36172210738
846000000.0	-1.65698478008
848000000.0	3.55350457527
850000000.0	7.62314466572
852000000.0	4.35661866467
854000000.0	-2.04469418621
856000000.0	-7.19683059981
858000000.0	-3.8535781622
860000000.0	1.38504337418
862000000.0	5.82343669275
864000000.0	4.37082835417
866000000.0	-0.66123114839
868000000.0	-6.69296087022
870000000.0	-4.27273774578
872000000.0	2.84054033785
874000000.0	9.62852502272
876000000.0	4.74633962547
878000000.0	-2.50755646531
880000000.0	-12.7745002537
882000000.0	-11.7848930563
884000000.0	0.0320026670249
886000000.0	14.2045766451
888000000.0	18.1929935511
890000000.0	8.33251399411
892000000.0	-8.24723153097
894000000.0	-16.5507023294
896000000.0	-18.9144716828
898000000.0	-28.4280605706
900000000.0	89.0779753257
902000000.0	-35.9128071331
904000000.0	-13.5713994978
906000000.0	10.7116079856
908000000.0	12.771681366
910000000.0	1.45097731036
912000000.0	-12.5812137466
914000000.0	-14.2794507571
916000000.0	-3.62516818578
918000000.0	9.54183452489
920000000.0	13.6153635325
922000000.0	6.56395069221
924000000.0	-3.62013987423
926000000.0	-10.0387985061
928000000.0	-5.70445215259
930000000.0	2.21486282867
932000000.0	5.35149945491
934000000.0	2.89863949205
936000000.0	-1.29180371889
938000000.0	-4.31290406429
940000000.0	-3.89476615613
942000000.0	2.22320929956
944000000.0	3.89717478919
946000000.0	3.5139253233
948000000.0	-1.10617566218
950000000.0	-3.61603163999
952000000.0	-4.76616568103
954000000.0	1.54323425315
956000000.0	3.98895342716
958000000.0	3.27783001816
960000000.0	0.617667446865
962000000.0	-1.43266642443
964000000.0	-3.53326613598
966000000.0	-1.23822232471
968000000.0	2.3673852015
970000000.0	2.75280322456
972000000.0	0.701819197575
974000000.0	-0.362218772299
976000000.0	-2.16964343778
978000000.0	-0.588839685829
980000000.0	1.43669163748
982000000.0	2.78482503265
984000000.0	1.39505978278
986000000.0	-1.61926108036
988000000.0	-2.20509194813
990000000.0	-0.955748391983
992000000.0	0.317430600144
994000000.0	3.05044756886
996000000.0	0.68494380052
998000000.0	-0.314081833474
1000000000.0	-9.3125
1002000000.0	-1.71073217433
1004000000.0	-0.892209338855
1006000000.0	1.47316724277
1008000000.0	1.28100341305
1010000000.0	-0.290320841034
1012000000.0	-0.279191950443
1014000000.0	-2.30476640557
1016000000.0	0.521201229892
1018000000.0	1.78325943426
1020000000.0	1.01890724785
1022000000.0	-0.0226323219605
1024000000.0	-1.0886334557
1026000000.0	-1.95237081576
1028000000.0	-0.255521158395
1030000000.0	1.03244405079
1032000000.0	1.8820471195
1034000000.0	0.133460358427
1036000000.0	0.284300487967
1038000000.0	-1.60134093871
1040000000.0	-0.275787787819
1042000000.0	-0.562544226116
1044000000.0	2.05569443464
1046000000.0	0.178727309829
1048000000.0	-1.09144421221
1050000000.0	-0.906195952565
1052000000.0	-1.55585029151
1054000000.0	-0.881707256507
1056000000.0	1.58391301383
1058000000.0	1.32306074029
1060000000.0	-0.635594809199
1062000000.0	-0.750399729984
1064000000.0	-0.874014379336
1066000000.0	-1.21318123991
1068000000.0	0.088677111967
1070000000.0	1.92385390787
1072000000.0	-0.433410016711
1074000000.0	-0.574702874678
1076000000.0	-1.1469436959
1078000000.0	0.126031945479
1080000000.0	2.85432852833
1082000000.0	-0.436924917459
1084000000.0	-0.553858904377
1086000000.0	-1.37419648448
1088000000.0	-1.53354021478
1090000000.0	-0.336936584411
1092000000.0	0.315730714211
1094000000.0	0.889415469825
1096000000.0	0.635174922016
1098000000.0	-0.248795110905
1100000000.0	0.680948029201
1102000000.0	-1.57033859302
1104000000.0	-1.49737471006
1106000000.0	1.22110210047
1108000000.0	2.9557834594
1110000000.0	0.161550240672
1112000000.0	-1.15078122884
1114000000.0	-0.708440603643
1116000000.0	-0.743663077035
1118000000.0	1.95645901358
1120000000.0	0.851082885489
1122000000.0	0.119434428406
1124000000.0	-2.28733989465
1126000000.0	-0.854546933888
1128000000.0	0.292850887782
1130000000.0	1.06015361412
1132000000.0	0.235345927879
1134000000.0	-0.383938718649
1136000000.0	0.373570801429
1138000000.0	-0.798529089362
1140000000.0	-0.00470767815154
1142000000.0	1.09149668695
1144000000.0	1.1155824025
1146000000.0	0.500543845716
1148000000.0	0.693071718841
1150000000.0	-1.82176324148
1152000000.0	-0.037231158544
1154000000.0	0.363781729548
1156000000.0	0.632388305474
1158000000.0	1.79565267901
1160000000.0	1.09036585937
1162000000.0	-2.64971161148
1164000000.0	-1.04583634907
1166000000.0	-0.0100993247089
1168000000.0	1.55716525185
1170000000.0	1.17324599643
1172000000.0	0.118810047983
1174000000.0	-0.916929090707
1176000000.0	-0.54753957964
1178000000.0	-0.0668613237077
1180000000.0	0.101971535546
1182000000.0	2.28432660016
1184000000.0	0.912942185518
1186000000.0	-0.123322209698
1188000000.0	-0.324225744092
1190000000.0	-1.71433949659
1192000000.0	-2.0040583963
1194000000.0	0.977954053287
1196000000.0	4.43838886671
1198000000.0	10.9419841409
1200000000.0	-25.8026491177
1202000000.0	10.9527545506
1204000000.0	4.36870430318
1206000000.0	0.00231755965667
1208000000.0	-2.09278631357
1210000000.0	0.0311416688087
1212000000.0	-0.126835172007
1214000000.0	0.604696291742
1216000000.0	1.90641882534
1218000000.0	1.0062497187
1220000000.0	0.259377920132
1222000000.0	-0.432813651558
1224000000.0	0.54029949965
1226000000.0	0.147630684411
1228000000.0	1.39859696936
1230000000.0	0.580151809984
1232000000.0	-0.0325466548316
1234000000.0	-0.124429449396
1236000000.0	-0.150236932663
1238000000.0	-0.979037287831
1240000000.0	0.157419474678
1242000000.0	-0.86216945694
1244000000.0	0.497843010583
1246000000.0	0.751970471819
1248000000.0	-0.204036411383
1250000000.0	4.99978845359
1252000000.0	-0.734797952842
1254000000.0	0.592628186761
1256000000.0	0.756110931855
1258000000.0	-1.1473828993
1260000000.0	1.27928983299
1262000000.0	-0.892037287867
1264000000.0	-0.54480544357
1266000000.0	1.19878519217
1268000000.0	-0.0129727017952
1270000000.0	-0.363719800761
1272000000.0	0.430295066422
1274000000.0	1.30857198312
1276000000.0	-1.22525442057
1278000000.0	1.18046237988
1280000000.0	0.660983280039
1282000000.0	-0.0285580672582
1284000000.0	-1.21771499144
1286000000.0	-2.5136259817
1288000000.0	-0.799356402637
1290000000.0	1.16018605766
1292000000.0	0.529487192281
1294000000.0	1.18600015574
1296000000.0	-1.50912890827
1298000000.0	-2.43954021469
1300000000.0	10.6788633088
1302000000.0	-5.09016839244
1304000000.0	-2.31116812161
1306000000.0	-0.147966535558
1308000000.0	0.859828818112
1310000000.0	1.43925480703
1312000000.0	-0.602365213181
1314000000.0	0.0453002349025
1316000000.0	0.220864841453
1318000000.0	-0.302977323646
1320000000.0	-0.54723525385
1322000000.0	-0.736312436349
1324000000.0	0.498857599149
1326000000.0	1.66118985522
1328000000.0	-0.120304835991
1330000000.0	-1.11348026561
1332000000.0	0.238260933112
1334000000.0	-0.995371134428
1336000000.0	0.954268056259
1338000000.0	-0.522626351861
1340000000.0	-0.0441575278821
1342000000.0	0.707910748168
1344000000.0	-0.0309562684811
1346000000.0	1.06553029445
1348000000.0	0.497894777657
1350000000.0	-0.582060777976
1352000000.0	-0.443158568084
1354000000.0	0.300345761363
1356000000.0	0.0225811274372
1358000000.0	0.54921685484
1360000000.0	1.22777651178
1362000000.0	-0.491058969519
1364000000.0	0.60776573874
1366000000.0	-0.580479033091
1368000000.0	0.186828734002
1370000000.0	-0.5591856427
1372000000.0	-1.02744322884
1374000000.0	-3.82176931613
1376000000.0	3.34348638474
1378000000.0	1.71625123508
1380000000.0	1.05407321993
1382000000.0	0.120666874895
1384000000.0	-0.5541941422
1386000000.0	-1.32083022441
1388000000.0	0.898122570701
1390000000.0	0.799597640981
1392000000.0	1.1740356665
1394000000.0	0.804036210372
1396000000.0	0.193736937625
1398000000.0	-0.430283111151
1400000000.0	-1.99148435093
1402000000.0	2.23711636699
1404000000.0	0.972155516612
1406000000.0	-0.605582713601
1408000000.0	-0.530040443479
1410000000.0	0.924253276215
1412000000.0	1.04889675705
1414000000.0	1.76481111549
1416000000.0	1.59154749675
1418000000.0	-0.259355571294
1420000000.0	-2.29234601624
1422000000.0	-0.8095765615
1424000000.0	0.537697638853
1426000000.0	1.71314532534
1428000000.0	0.835647877303
1430000000.0	-0.456423951256
1432000000.0	-1.69074468901
1434000000.0	-0.296974582828
1436000000.0	-0.310246821682
1438000000.0	0.539669344005
1440000000.0	0.23583276385
1442000000.0	-0.743913228645
1444000000.0	-2.13548618516
1446000000.0	-0.120820355232
1448000000.0	-0.595110228676
1450000000.0	2.61375864221
1452000000.0	1.34702879304
1454000000.0	-1.14026216134
1456000000.0	-2.03216469581
1458000000.0	-2.41402816395
1460000000.0	0.337274333049
1462000000.0	0.6970515697
1464000000.0	1.28876924993
1466000000.0	1.82364474421
1468000000.0	0.170334931325
1470000000.0	-0.978409555196
1472000000.0	-1.02407289841
1474000000.0	1.04965773889
1476000000.0	1.48591984808
1478000000.0	0.00909638815984
1480000000.0	-2.17242585207
1482000000.0	-3.65764197926
1484000000.0	-1.30609414165
1486000000.0	1.48251634773
1488000000.0	5.57083598991
1490000000.0	5.11990403421
1492000000.0	2.27511423136
1494000000.0	-4.68615642836
1496000000.0	-15.5349895413
1498000000.0	-33.0375388059
1500000000.0	77.0118122679
1502000000.0	-33.2255787486
1504000000.0	-13.9531360931
1506000000.0	2.45480260635
1508000000.0	9.38445987069
1510000000.0	4.36432471656
1512000000.0	-3.39902747067
1514000000.0	-7.34072226766
1516000000.0	-2.9374354007
1518000000.0	3.60830352743
1520000000.0	5.61443460517
1522000000.0	3.71198846192
1524000000.0	-1.06485025624
1526000000.0	-5.37223254309
1528000000.0	-3.79504444673
1530000000.0	0.244718885629
1532000000.0	3.62297459892
1534000000.0	3.16837064769
1536000000.0	-1.1018767126
1538000000.0	-1.32330763714
1540000000.0	-2.53834376219
1542000000.0	0.991265088298
1544000000.0	2.68648534159
1546000000.0	0.274441753737
1548000000.0	-0.244057740869
1550000000.0	-1.98378819221
1552000000.0	-1.90504928906
1554000000.0	0.0412264969159
1556000000.0	1.4637891026
1558000000.0	1.17969339512
1560000000.0	0.143909310517
1562000000.0	-1.91283317272
1564000000.0	-1.5662738971
1566000000.0	0.0699495979881
1568000000.0	0.81022303643
1570000000.0	1.15700288158
1572000000.0	0.364202731942
1574000000.0	-1.08105445702
1576000000.0	1.0496986623
1578000000.0	0.389584829465
1580000000.0	0.194038403421
1582000000.0	1.18708036983
1584000000.0	0.728903432203
1586000000.0	-1.38885577274
1588000000.0	-0.506019897142
1590000000.0	-1.31479903964
1592000000.0	0.641673897074
1594000000.0	0.911152568025
1596000000.0	1.60319575749
1598000000.0	0.344843765108
1600000000.0	-1.91196413709
1602000000.0	-0.124926766858
1604000000.0	1.49344119311
1606000000.0	-0.170408238682
1608000000.0	1.2288767208
1610000000.0	-0.320341103573
1612000000.0	-0.605247956664
1614000000.0	0.128058433921
1616000000.0	0.140160948121
1618000000.0	0.087680389666
1620000000.0	-0.785763734085
1622000000.0	-0.586313445592
1624000000.0	-2.56900265311
1626000000.0	2.4797547367
1628000000.0	0.478505428506
1630000000.0	-0.503189414197
1632000000.0	0.199072534689
1634000000.0	1.05957627742
1636000000.0	-0.181515291661
1638000000.0	-0.261964155515
1640000000.0	0.680108634955
1642000000.0	0.218253412548
1644000000.0	-0.0482201445137
1646000000.0	0.50721775109
1648000000.0	0.0680183219385
1650000000.0	-0.737484649044
1652000000.0	-0.851781330138
1654000000.0	-0.832567445636
1656000000.0	0.0233490807319
1658000000.0	-0.110623794883
1660000000.0	-0.187859903857
1662000000.0	-0.580387739629
1664000000.0	0.520332992569
1666000000.0	-1.27188117593
1668000000.0	0.681616646014
1670000000.0	0.554808764209
1672000000.0	0.284837928448
1674000000.0	0.79715926808
1676000000.0	-1.06249299834
1678000000.0	-1.20342421044
1680000000.0	0.419909649378
1682000000.0	-0.332026010932
1684000000.0	0.148440848402
1686000000.0	-0.0775438831831
1688000000.0	-1.2783511348
1690000000.0	0.640014700875
1692000000.0	1.04254840765
1694000000.0	0.356348182484
1696000000.0	-0.657254725323
1698000000.0	-0.0647726309189
1700000000.0	1.00356501072
1702000000.0	-0.766415643727
1704000000.0	-0.0822187498476
1706000000.0	-0.165016537252
1708000000.0	-0.733984849714
1710000000.0	-0.47885094828
1712000000.0	-0.126363386847
1714000000.0	0.694243901244
1716000000.0	0.067810810754
1718000000.0	-0.0466580210559
1720000000.0	0.594389566226
1722000000.0	0.508441299067
1724000000.0	-1.00569432677
1726000000.0	0.215172614401
1728000000.0	-0.129776522343
1730000000.0	0.841718761501
1732000000.0	-0.509568167288
1734000000.0	-0.65967656569
1736000000.0	-0.0072326253009
1738000000.0	-0.432376595421
1740000000.0	0.257575531169
1742000000.0	-0.188185508363
1744000000.0	-0.0444154714612
1746000000.0	0.152694720438
1748000000.0	-0.277522046207
1750000000.0	-6.32033682042
1752000000.0	-0.0581926902672
1754000000.0	0.269674284511
1756000000.0	-0.948992524934
1758000000.0	-0.112552830002
1760000000.0	0.0870927337192
1762000000.0	-1.03202142692
1764000000.0	0.595717258828
1766000000.0	0.390339922139
1768000000.0	0.59925486059
1770000000.0	-0.230745814424
1772000000.0	-0.0117088849544
1774000000.0	-0.196143843655
1776000000.0	-0.0116022252152
1778000000.0	1.1156384117
1780000000.0	0.184730338678
1782000000.0	-0.576114184177
1784000000.0	0.122417825068
1786000000.0	0.0794227981793
1788000000.0	0.779593834129
1790000000.0	0.211935900098
1792000000.0	1.09220530447
1794000000.0	0.343262590976
1796000000.0	0.677867339394
1798000000.0	0.556665188282
1800000000.0	-4.70368533464
1802000000.0	1.64101345865
1804000000.0	0.559807709619
1806000000.0	1.54110351796
1808000000.0	0.487786847753
1810000000.0	-0.00485031689975
1812000000.0	-2.11272290948
1814000000.0	-0.111922946295
1816000000.0	1.72314478163
1818000000.0	0.0220886529372
1820000000.0	-2.20618951972
1822000000.0	0.667255292101
1824000000.0	-0.174973262866
1826000000.0	-0.0602138549135
1828000000.0	1.47682586382
1830000000.0	1.09003547541
1832000000.0	0.665580789241
1834000000.0	0.675659242621
1836000000.0	-1.15458492266
1838000000.0	0.0316038977088
1840000000.0	-1.52749269635
1842000000.0	0.196787307608
1844000000.0	0.357921887771
1846000000.0	0.088297811241
1848000000.0	-1.50472704234
1850000000.0	-0.639319678898
1852000000.0	-0.583386145509
1854000000.0	-0.401754805932
1856000000.0	-0.404073106643
1858000000.0	0.723191941322
1860000000.0	-0.781464147084
1862000000.0	-1.29298529812
1864000000.0	0.968468589768
1866000000.0	1.94040503309
1868000000.0	1.15518615008
1870000000.0	1.92566182005
1872000000.0	-0.731842909546
1874000000.0	-0.720220660273
1876000000.0	-1.20522148379
1878000000.0	0.60780792064
1880000000.0	1.31970604215
1882000000.0	0.90282829638
1884000000.0	-1.05746347924
1886000000.0	-3.11920944206
1888000000.0	-1.15123954787
1890000000.0	1.83533812209
1892000000.0	3.10775917494
1894000000.0	1.5226552326
1896000000.0	-3.87006165743
1898000000.0	-9.99002651624
1900000000.0	24.6634382243
1902000000.0	-10.3690655365
1904000000.0	-4.82485483777
1906000000.0	-0.804676767233
1908000000.0	1.3287642997
1910000000.0	1.34498147259
1912000000.0	1.43177273416
1914000000.0	-0.189951493753
1916000000.0	-0.907614211838
1918000000.0	-0.59668913784
1920000000.0	-0.385865879053
1922000000.0	0.314190215418
1924000000.0	-0.170922880033
1926000000.0	1.22589516402
1928000000.0	-0.136546910283
1930000000.0	-0.610882017488
1932000000.0	-0.437189528349
1934000000.0	1.03834013828
1936000000.0	0.659977729766
1938000000.0	-0.399648537569
1940000000.0	0.219565098442
1942000000.0	0.0793653594853
1944000000.0	-0.548706155242
1946000000.0	0.257806887503
1948000000.0	0.33377405467
1950000000.0	0.210766755638
1952000000.0	0.795806357093
1954000000.0	-0.190792179496
1956000000.0	-1.07199747377
1958000000.0	-0.632383703229
1960000000.0	0.956004184721
1962000000.0	0.680289456624
1964000000.0	0.646297186422
1966000000.0	-0.564342904798
1968000000.0	0.745010238644
1970000000.0	0.588790969364
1972000000.0	0.0709259458128
1974000000.0	1.10366233425
1976000000.0	0.217361194421
1978000000.0	0.889929601925
1980000000.0	-0.265977625289
1982000000.0	-0.501084571588
1984000000.0	-0.649849955479
1986000000.0	0.521200562682
1988000000.0	0.292353090912
1990000000.0	0.776185482208
1992000000.0	1.24379556945
1994000000.0	0.163983194779
1996000000.0	1.81327614495
1998000000.0	1.17330617209
2000000000.0	-4.3125
