0.0	-3.7031325
2000000.0	0.122341206895
4000000.0	0.373041439281
6000000.0	-0.252578316162
8000000.0	-0.24017910576
10000000.0	-0.114745843456
12000000.0	0.231963720843
14000000.0	0.785708321477
16000000.0	1.81127452246
18000000.0	2.38900436835
20000000.0	2.28976603857
22000000.0	1.65500293582
24000000.0	0.384546421738
26000000.0	-1.13219005323
28000000.0	-2.12714789039
30000000.0	-2.65339102428
32000000.0	-2.05700163144
34000000.0	-0.535902167178
36000000.0	1.64157159373
38000000.0	2.39795726926
40000000.0	1.98686721774
42000000.0	1.38631884099
44000000.0	0.215399336237
46000000.0	-0.983335061156
48000000.0	-1.41063167438
50000000.0	-0.915932807292
52000000.0	0.0332368604969
54000000.0	0.933510545076
56000000.0	1.08907692308
58000000.0	0.481958843768
60000000.0	-0.303484831897
62000000.0	-1.07765358439
64000000.0	-1.00957547629
66000000.0	-0.402116034553
68000000.0	0.484959562746
70000000.0	1.12778206007
72000000.0	1.08408451788
74000000.0	0.283001095734
76000000.0	-0.473330353873
78000000.0	-1.15844429948
80000000.0	-1.22275662626
82000000.0	-0.692129360789
84000000.0	0.179596394682
86000000.0	0.823224120143
88000000.0	0.931401654683
90000000.0	0.591174086535
92000000.0	-0.0022307579498
94000000.0	-0.52565191134
96000000.0	-0.713411549276
98000000.0	-0.609022228138
100000000.0	-0.239063793033
102000000.0	0.0283451345115
104000000.0	0.150775525715
106000000.0	0.227657389239
108000000.0	0.342300921189
110000000.0	0.117121890944
112000000.0	0.120682495969
114000000.0	0.12317781786
116000000.0	-0.159937480495
118000000.0	-0.396612555998
120000000.0	-0.547409825878
122000000.0	-0.582709937422
124000000.0	-0.423970281325
126000000.0	0.247386656386
128000000.0	0.614015503138
130000000.0	0.827923549912
132000000.0	0.49632358153
134000000.0	0.150711574808
136000000.0	-0.49022440468
138000000.0	-0.940997575301
140000000.0	-0.800990058434
142000000.0	-0.386006618113
144000000.0	0.227534077015
146000000.0	0.741460055778
148000000.0	0.77726108624
150000000.0	0.459657410087
152000000.0	-0.181525723748
154000000.0	-0.623540858019
156000000.0	-0.735976755036
158000000.0	-0.415367934367
160000000.0	0.0973634682658
162000000.0	0.605951811258
164000000.0	0.707881088787
166000000.0	0.309112192649
168000000.0	-0.23353692959
170000000.0	-0.58806336191
172000000.0	-0.681701562831
174000000.0	-0.316181211001
176000000.0	0.317071917796
178000000.0	0.613553132831
180000000.0	0.571818429739
182000000.0	0.223549137839
184000000.0	-0.218649018156
186000000.0	-0.555982322372
188000000.0	-0.473522181719
190000000.0	-0.045530852338
192000000.0	0.246497747733
194000000.0	0.433069463802
196000000.0	0.330447356096
198000000.0	0.0269187955627
200000000.0	-0.106971116425
202000000.0	-0.349773925854
204000000.0	-0.174296779745
206000000.0	0.163904501925
208000000.0	0.236616154679
210000000.0	0.0644303102562
212000000.0	-0.137449319079
214000000.0	-0.366180499993
216000000.0	-0.31668149969
218000000.0	-0.0357564488753
220000000.0	0.444298312914
222000000.0	0.681676547229
224000000.0	0.354709664121
226000000.0	-0.19129639287
228000000.0	-0.73276216843
230000000.0	-1.02170974569
232000000.0	-0.648187452605
234000000.0	0.105773656644
236000000.0	1.00055184489
238000000.0	1.25192816305
240000000.0	0.944665496267
242000000.0	-0.0674732013984
244000000.0	-1.09303269078
246000000.0	-1.56692286408
248000000.0	-1.14024301625
250000000.0	0.147107273487
252000000.0	1.15519004826
254000000.0	1.6049432777
256000000.0	1.38448108653
258000000.0	0.181107396254
260000000.0	-1.17140827413
262000000.0	-1.8925208256
264000000.0	-1.55137082013
266000000.0	-0.364644155213
268000000.0	1.06749159174
270000000.0	1.86368316251
272000000.0	1.58303963326
274000000.0	0.389074589674
276000000.0	-0.844295493938
278000000.0	-1.62134980225
280000000.0	-1.62966658088
282000000.0	-0.78163385745
284000000.0	0.755435828302
286000000.0	1.71425380724
288000000.0	1.43653689646
290000000.0	0.0181816731577
292000000.0	-1.28643946311
294000000.0	-0.699024331769
296000000.0	1.7670762664
298000000.0	4.73180286236
300000000.0	-15.4185848779
302000000.0	4.69236504873
304000000.0	4.43114221949
306000000.0	3.38001297517
308000000.0	1.22741126306
310000000.0	-1.34762907451
312000000.0	-3.12647157038
314000000.0	-2.96823496113
316000000.0	-0.992183552812
318000000.0	1.27611474854
320000000.0	2.49600667831
322000000.0	2.32692993425
324000000.0	0.872783527971
326000000.0	-0.79558019017
328000000.0	-1.89655424774
330000000.0	-1.99949589201
332000000.0	-1.04842401302
334000000.0	0.432844578631
336000000.0	1.53455507238
338000000.0	1.74987241858
340000000.0	1.0446586163
342000000.0	-0.265409896705
344000000.0	-1.19977980444
346000000.0	-1.32972069244
348000000.0	-0.820021747247
350000000.0	-0.0101495738497
352000000.0	0.836471867941
354000000.0	1.15426804848
356000000.0	0.723121205862
358000000.0	0.0107233675907
360000000.0	-0.562328251213
362000000.0	-0.850510352281
364000000.0	-0.526905051653
366000000.0	-0.101136898392
368000000.0	0.333613552551
370000000.0	0.466444510279
372000000.0	0.374320110386
374000000.0	0.136017714074
376000000.0	-0.249508682257
378000000.0	-0.202969567614
380000000.0	-0.0889096193488
382000000.0	0.0974470683175
384000000.0	0.171049675409
386000000.0	0.0234309715156
388000000.0	-0.0326983456136
390000000.0	-0.201637926191
392000000.0	-0.0324951439115
394000000.0	0.125603647345
396000000.0	0.260791370159
398000000.0	0.248093062025
400000000.0	0.10327667199
402000000.0	-0.278561284071
404000000.0	-0.474743500252
406000000.0	-0.24098650927
408000000.0	-0.00904995656741
410000000.0	0.291377728804
412000000.0	0.352500733998
414000000.0	0.483609510174
416000000.0	0.139226532303
418000000.0	-0.19237537908
420000000.0	-0.538835757984
422000000.0	-0.474969713481
424000000.0	-0.108947200486
426000000.0	0.152359993791
428000000.0	0.43766919606
430000000.0	0.299781591721
432000000.0	0.113007206656
434000000.0	-0.145616379425
436000000.0	-0.395326530975
438000000.0	-0.346287424233
440000000.0	-0.143219027864
442000000.0	0.0959851448358
444000000.0	0.316884917285
446000000.0	0.23057643487
448000000.0	0.123331854188
450000000.0	-0.0730673830166
452000000.0	-0.255465421425
454000000.0	-0.203761487087
456000000.0	-0.00993949471198
458000000.0	0.0295062203464
460000000.0	0.143425631402
462000000.0	0.10808324159
464000000.0	-0.0619713807834
466000000.0	-0.0815250503329
468000000.0	-0.079438858319
470000000.0	-0.0718516567572
472000000.0	0.0863268079049
474000000.0	0.0208236576498
476000000.0	-0.0263459667215
478000000.0	-0.104748220974
480000000.0	-0.0365616316173
482000000.0	-0.122638582683
484000000.0	0.00552039302092
486000000.0	0.0831767186635
488000000.0	0.175151834517
490000000.0	0.164442731882
492000000.0	0.0414830300092
494000000.0	-0.106179170319
496000000.0	-0.301378935853
498000000.0	-0.197909781958
500000000.0	0.20520683567
502000000.0	0.0523715798389
504000000.0	0.22437259975
506000000.0	0.139945252047
508000000.0	-0.0411343852615
510000000.0	-0.0773391329072
512000000.0	-0.165701642122
514000000.0	-0.211995042227
516000000.0	-0.011382687958
518000000.0	0.125063461423
520000000.0	0.11578183553
522000000.0	0.165596029761
524000000.0	0.0494027385267
526000000.0	-0.102042819804
528000000.0	-0.206723856714
530000000.0	-0.154443545882
532000000.0	0.0229881837852
534000000.0	-0.0157583006585
536000000.0	0.0963913234548
538000000.0	0.100801967142
540000000.0	0.0501457949524
542000000.0	-0.0699771987218
544000000.0	-0.0312186851842
546000000.0	0.000106066948313
548000000.0	-0.0443041412305
550000000.0	0.0787901064617
552000000.0	0.0376458878147
554000000.0	-0.0198103424909
556000000.0	-0.0538365098226
558000000.0	-0.0961933327624
560000000.0	-0.0356477803823
562000000.0	0.0179463930369
564000000.0	0.110191029291
566000000.0	0.0805375751454
568000000.0	-0.0563809800135
570000000.0	-0.114515582376
572000000.0	-0.123396029368
574000000.0	-0.065292162942
576000000.0	0.0425438187364
578000000.0	0.201664461026
580000000.0	0.169036068835
582000000.0	0.0375087092829
584000000.0	0.0219005928326
586000000.0	-0.120310261601
588000000.0	-0.306246783924
590000000.0	-0.0414618884451
592000000.0	0.0482258347204
594000000.0	0.192612389443
596000000.0	0.272190691871
598000000.0	0.320452948029
600000000.0	-0.635655819646
602000000.0	0.042333446571
604000000.0	-0.127842027748
606000000.0	-0.0743700321381
608000000.0	0.106216523227
610000000.0	0.186860645075
612000000.0	0.232178554729
614000000.0	0.13780704554
616000000.0	-0.064134395284
618000000.0	-0.195614443476
620000000.0	-0.224758936639
622000000.0	-0.0393728766693
624000000.0	-0.0259981930691
626000000.0	0.183055053253
628000000.0	0.0903147293331
630000000.0	0.0243151290427
632000000.0	-0.0644053546952
634000000.0	-0.0694544879107
636000000.0	-0.0984096324388
638000000.0	-0.0677731877896
640000000.0	0.034843246765
642000000.0	0.0369593456077
644000000.0	0.0556821942933
646000000.0	-0.0211642655292
648000000.0	-0.0177060935225
650000000.0	-0.0760402541267
652000000.0	-0.0356961707372
654000000.0	0.146457068674
656000000.0	0.0521334153967
658000000.0	0.10484787158
660000000.0	-0.0599147695069
662000000.0	-0.0653434789661
664000000.0	-0.121637882005
666000000.0	0.0182287204983
668000000.0	0.0746922841129
670000000.0	0.0673540017144
672000000.0	0.0387281832561
674000000.0	0.00782937053321
676000000.0	-0.0353441395955
678000000.0	-0.147403191342
680000000.0	-0.201367810192
682000000.0	-0.057274199972
684000000.0	0.0978847935031
686000000.0	0.0531178871198
688000000.0	0.148208371876
690000000.0	0.0553813542593
692000000.0	-0.048881175066
694000000.0	-0.122549856376
696000000.0	-0.156005132403
698000000.0	-0.077255037302
700000000.0	0.0824664308827
702000000.0	0.0595528780469
704000000.0	0.0995162431894
706000000.0	0.0476686287156
708000000.0	-0.0145758525484
710000000.0	-0.0918569933299
712000000.0	-0.103428810763
714000000.0	-0.0732697055168
716000000.0	-0.0241040939765
718000000.0	0.10523178774
720000000.0	0.0922361446735
722000000.0	-0.00295708013076
724000000.0	-0.00433324398768
726000000.0	-0.0507109558844
728000000.0	0.0267961982866
730000000.0	0.0288464987166
732000000.0	-0.00741652157487
734000000.0	0.09098752225
736000000.0	-0.0323802849439
738000000.0	-0.0160106427024
740000000.0	-0.0807242669925
742000000.0	-0.0685240391867
744000000.0	0.00525784583628
746000000.0	0.0441153305916
748000000.0	0.0333126097002
750000000.0	0.034525718876
752000000.0	-0.119969453549
754000000.0	-0.0522361233274
756000000.0	-0.228271133716
758000000.0	-0.018879401322
760000000.0	0.0695344932298
762000000.0	0.201615060027
764000000.0	0.202560830688
766000000.0	0.0622539157469
768000000.0	-0.124657618447
770000000.0	-0.115896751601
772000000.0	-0.166919443238
774000000.0	-0.0885773497835
776000000.0	0.0973011552224
778000000.0	0.145395420808
780000000.0	0.139456889851
782000000.0	0.0542347286143
784000000.0	-0.117943629876
786000000.0	-0.0832581747988
788000000.0	-0.224197428465
790000000.0	-0.0815095553568
792000000.0	0.0543767673638
794000000.0	0.168614061423
796000000.0	0.0777997740349
798000000.0	-0.00897228931746
800000000.0	0.160770945934
802000000.0	-0.129203877758
804000000.0	-0.0842087166686
806000000.0	-0.0646997054157
808000000.0	0.0779370067669
810000000.0	0.0559778093139
812000000.0	-0.0391979035408
814000000.0	0.0694074285998
816000000.0	-0.031872911303
818000000.0	-0.0105303197158
820000000.0	0.00963878230045
822000000.0	0.0366588716551
824000000.0	0.0497684319021
826000000.0	0.0343131430691
828000000.0	-0.0282691892795
830000000.0	-0.089486783321
832000000.0	-0.159436444986
834000000.0	0.0568595909326
836000000.0	0.133254336233
838000000.0	0.28034673692
840000000.0	0.128310045469
842000000.0	0.00800829349917
844000000.0	-0.187735104872
846000000.0	-0.267825633933
848000000.0	-0.237025191942
850000000.0	-0.0362110364416
852000000.0	0.192331206812
854000000.0	0.3544338302
856000000.0	0.452738143651
858000000.0	0.113219778063
860000000.0	-0.269532245234
862000000.0	-0.541264266931
864000000.0	-0.493265882526
866000000.0	-0.11085361654
868000000.0	0.232845552649
870000000.0	0.5464878722
872000000.0	0.512482085182
874000000.0	0.228158158627
876000000.0	-0.250871585821
878000000.0	-0.542655060198
880000000.0	-0.625015868994
882000000.0	-0.466753700939
884000000.0	0.155443556911
886000000.0	0.794389467374
888000000.0	0.790646649501
890000000.0	0.464101934052
892000000.0	-0.255102883958
894000000.0	-0.888030110342
896000000.0	-1.00769891858
898000000.0	-1.15915440895
900000000.0	3.29038554313
902000000.0	-0.951331722019
904000000.0	-0.452403861799
906000000.0	0.274277669125
908000000.0	0.353720769766
910000000.0	0.0385598920987
912000000.0	-0.351234297841
914000000.0	-0.417618903349
916000000.0	-0.164614574313
918000000.0	0.170357913392
920000000.0	0.468683949552
922000000.0	0.446676139401
924000000.0	0.20401550789
926000000.0	-0.0589927832475
928000000.0	-0.463017579889
930000000.0	-0.45622745504
932000000.0	-0.195649202337
934000000.0	0.0221683722426
936000000.0	0.405822684714
938000000.0	0.434235505526
940000000.0	0.217390185316
942000000.0	-0.0623485652671
944000000.0	-0.288771636644
946000000.0	-0.387486117948
948000000.0	-0.295063834238
950000000.0	-0.0580721390538
952000000.0	0.251674084792
954000000.0	0.364342981139
956000000.0	0.194371968392
958000000.0	0.0147611589803
960000000.0	-0.172507301066
962000000.0	-0.257919038448
964000000.0	-0.255944720835
966000000.0	-0.118917771775
968000000.0	0.0902709915565
970000000.0	0.259331636644
972000000.0	0.175067720532
974000000.0	0.055247282173
976000000.0	-0.0982422914248
978000000.0	-0.093753239951
980000000.0	-0.151123644813
982000000.0	-0.100364162527
984000000.0	-0.00302387119254
986000000.0	0.0274804868388
988000000.0	0.0441293726379
990000000.0	-0.0207944932238
992000000.0	0.00716419952466
994000000.0	-0.0774316946239
996000000.0	0.0163705116785
998000000.0	0.0748779467534
1000000000.0	0.357801
1002000000.0	-0.056381657228
1004000000.0	-0.0820693870141
1006000000.0	-0.0160549481636
1008000000.0	-0.0576597851851
1010000000.0	-0.00804438084775
1012000000.0	0.145896140955
1014000000.0	0.0792146967817
1016000000.0	-0.0346173587096
1018000000.0	-0.0704950679985
1020000000.0	-0.151617048648
1022000000.0	-0.106922052798
1024000000.0	-0.0145049889975
1026000000.0	0.0443187597198
1028000000.0	0.0994677422238
1030000000.0	0.16277225539
1032000000.0	-0.0210642718909
1034000000.0	-0.0404161559919
1036000000.0	-0.19342992169
1038000000.0	-0.193021546109
1040000000.0	-0.0200084611905
1042000000.0	0.0217502713838
1044000000.0	0.0299629666657
1046000000.0	0.103895644871
1048000000.0	0.00683993067573
1050000000.0	-0.0331686846035
1052000000.0	-0.0788223209757
1054000000.0	-0.117432835288
1056000000.0	-0.0500201641004
1058000000.0	0.00212070421335
1060000000.0	0.0307381507897
1062000000.0	0.0346474332243
1064000000.0	-0.00722005791702
1066000000.0	-0.0219004817736
1068000000.0	-0.00301031979451
1070000000.0	-0.0879303818716
1072000000.0	-0.00758204825327
1074000000.0	-0.0473368610074
1076000000.0	0.0271072157388
1078000000.0	-0.0353989122925
1080000000.0	-0.0637153977294
1082000000.0	-0.0640676060999
1084000000.0	-0.0355735572094
1086000000.0	-0.0308938803272
1088000000.0	0.00112168439662
1090000000.0	-0.0275431163025
1092000000.0	0.0374799217421
1094000000.0	-0.0635629657959
1096000000.0	0.0314211664595
1098000000.0	-0.117481320831
1100000000.0	0.216676776034
1102000000.0	-0.0100310274536
1104000000.0	-0.0134603765387
1106000000.0	0.114817089261
1108000000.0	-0.00042177418722
1110000000.0	0.00205151632565
1112000000.0	-0.103460852008
1114000000.0	-0.0734922321667
1116000000.0	0.0418618326733
1118000000.0	0.0310264735677
1120000000.0	0.0200252120688
1122000000.0	0.0960255634253
1124000000.0	0.0915261251573
1126000000.0	-0.061026941436
1128000000.0	-0.10000966879
1130000000.0	-0.134737371242
1132000000.0	-0.0368562345519
1134000000.0	0.0569175270353
1136000000.0	0.0893159013711
1138000000.0	0.0104967925377
1140000000.0	0.0285289237195
1142000000.0	-0.0319302685252
1144000000.0	-0.0967893212656
1146000000.0	0.00468576778801
1148000000.0	-0.0472557179525
1150000000.0	0.0437142474941
1152000000.0	0.00108131906989
1154000000.0	0.0347011199241
1156000000.0	-0.0250653271821
1158000000.0	0.0260362388547
1160000000.0	-0.0782444952315
1162000000.0	-0.00489366497367
1164000000.0	0.128336865704
1166000000.0	-0.0479048894215
1168000000.0	-0.0710358079225
1170000000.0	-0.0699357377508
1172000000.0	-0.0377779991533
1174000000.0	-0.00834302295703
1176000000.0	-0.0729093296238
1178000000.0	0.0789078914606
1180000000.0	0.0553104820325
1182000000.0	0.0105627454005
1184000000.0	-0.0272327809083
1186000000.0	-0.0455139644006
1188000000.0	-0.067285581821
1190000000.0	-0.0319402234744
1192000000.0	-0.0157600431805
1194000000.0	0.0329569309803
1196000000.0	0.190548746603
1198000000.0	0.156162110803
1200000000.0	-0.57279792199
1202000000.0	0.136554287027
1204000000.0	0.146388732247
1206000000.0	-0.0345900926658
1208000000.0	-0.019403085639
1210000000.0	0.0606317348311
1212000000.0	0.0943702152031
1214000000.0	0.0521084111644
1216000000.0	0.0489734213896
1218000000.0	-0.0710317945704
1220000000.0	-0.0648602945234
1222000000.0	-0.0163030624725
1224000000.0	0.0423007671826
1226000000.0	0.0458450330054
1228000000.0	0.0607583192165
1230000000.0	0.0982307866429
1232000000.0	-0.0297983716241
1234000000.0	0.0689145895888
1236000000.0	0.0784031692969
1238000000.0	-0.0116107259348
1240000000.0	0.00264541934865
1242000000.0	-0.0329897054055
1244000000.0	-0.0113618445166
1246000000.0	-0.0743211110669
1248000000.0	-0.0167868811421
1250000000.0	0.0968599674678
1252000000.0	0.0381642782814
1254000000.0	0.051002413579
1256000000.0	0.0180470373903
1258000000.0	0.0234970197207
1260000000.0	0.00980373443558
1262000000.0	0.0150621215223
1264000000.0	0.0422977850987
1266000000.0	0.013060729482
1268000000.0	-0.026829764434
1270000000.0	-0.000357817558039
1272000000.0	0.0228714736056
1274000000.0	-0.0639629383996
1276000000.0	0.145971571441
1278000000.0	-0.117495017755
1280000000.0	0.0501775654451
1282000000.0	-0.0248673596652
1284000000.0	0.0389147960968
1286000000.0	0.00518405179868
1288000000.0	0.0100964323428
1290000000.0	-0.000178539531799
1292000000.0	-0.0695721137958
1294000000.0	-0.0590944252422
1296000000.0	-0.194777662885
1298000000.0	-0.119800732629
1300000000.0	0.212397459749
1302000000.0	-0.0133873284387
1304000000.0	0.0678582853698
1306000000.0	-0.0529845396597
1308000000.0	-0.0298818804105
1310000000.0	0.0234239747956
1312000000.0	0.00211643491446
1314000000.0	-0.0280869231592
1316000000.0	0.00496604118592
1318000000.0	0.0407672145752
1320000000.0	-0.0775196688996
1322000000.0	0.053060655496
1324000000.0	-0.00328481735208
1326000000.0	-0.0605925435648
1328000000.0	0.0101585653727
1330000000.0	0.0073475037555
1332000000.0	-0.0361427437439
1334000000.0	-0.0369594181516
1336000000.0	0.00123251786456
1338000000.0	-0.112939569474
1340000000.0	-0.0559010938783
1342000000.0	-0.0341943821033
1344000000.0	-0.000551515030743
1346000000.0	-0.0576035515355
1348000000.0	0.00182628789411
1350000000.0	-0.0361915672334
1352000000.0	-0.0500476536601
1354000000.0	-0.137597528357
1356000000.0	-0.0994837263557
1358000000.0	0.0208221739286
1360000000.0	0.0790165023347
1362000000.0	-0.009607508373
1364000000.0	0.115111790551
1366000000.0	-0.00390543151131
1368000000.0	-0.0872016108774
1370000000.0	-0.0625569882465
1372000000.0	-0.0401989742381
1374000000.0	-0.078709580481
1376000000.0	0.154769323965
1378000000.0	0.0682728292289
1380000000.0	0.0312784596517
1382000000.0	0.0225725918596
1384000000.0	0.0201431491211
1386000000.0	0.0138218313725
1388000000.0	-0.0497393455484
1390000000.0	-0.0361492268212
1392000000.0	-0.0175338727301
1394000000.0	0.0134027125952
1396000000.0	-0.0223779696217
1398000000.0	0.0409958470733
1400000000.0	0.162768815499
1402000000.0	-0.0635011416034
1404000000.0	-0.128284058683
1406000000.0	-0.0633638792192
1408000000.0	0.0289489251538
1410000000.0	0.0329701918884
1412000000.0	0.0111537077292
1414000000.0	0.0134009850335
1416000000.0	-0.0442162214652
1418000000.0	0.0180824179596
1420000000.0	0.0423475689187
1422000000.0	0.0195895483129
1424000000.0	0.035053730304
1426000000.0	-0.0597632455933
1428000000.0	0.00154506856729
1430000000.0	0.0088019602681
1432000000.0	-0.0972929691858
1434000000.0	-0.00410102604496
1436000000.0	0.0919382255835
1438000000.0	0.0861321762859
1440000000.0	0.0249450504472
1442000000.0	-0.00862890361596
1444000000.0	-0.103054531896
1446000000.0	-0.0212712818172
1448000000.0	-0.109146271074
1450000000.0	-0.073987673953
1452000000.0	0.0427763611655
1454000000.0	0.197172143867
1456000000.0	0.263413772743
1458000000.0	0.0792760178247
1460000000.0	-0.0486387460119
1462000000.0	-0.152904281081
1464000000.0	-0.229204068183
1466000000.0	-0.0198382256243
1468000000.0	0.065068348948
1470000000.0	0.243722502662
1472000000.0	0.262466532694
1474000000.0	0.149734417707
1476000000.0	-0.0284556894969
1478000000.0	-0.258803594527
1480000000.0	-0.315758781108
1482000000.0	-0.189401543062
1484000000.0	0.058606588054
1486000000.0	0.307100368796
1488000000.0	0.465364986514
1490000000.0	0.255799269399
1492000000.0	-0.135573055578
1494000000.0	-0.508467321201
1496000000.0	-0.682187857767
1498000000.0	-0.981774267444
1500000000.0	2.99169616433
1502000000.0	-0.913985831874
1504000000.0	-0.515119191209
1506000000.0	-0.0520854620776
1508000000.0	0.0937563981969
1510000000.0	0.0459917419439
1512000000.0	-0.0883659867414
1514000000.0	-0.0918724766909
1516000000.0	-0.112880356243
1518000000.0	-0.0116926580064
1520000000.0	0.0524631031002
1522000000.0	0.072115181233
1524000000.0	0.131751675154
1526000000.0	-0.00790679374031
1528000000.0	-0.187804763737
1530000000.0	-0.239640608761
1532000000.0	-0.0816223307685
1534000000.0	0.0529575716127
1536000000.0	0.0678412189111
1538000000.0	0.130677680102
1540000000.0	0.0305136516111
1542000000.0	0.0233342782221
1544000000.0	-0.0842576860921
1546000000.0	-0.0962174904159
1548000000.0	-0.157652862761
1550000000.0	-0.00118118374244
1552000000.0	0.0619029686874
1554000000.0	0.074721767756
1556000000.0	0.124681265004
1558000000.0	0.0555915181163
1560000000.0	-0.0481623160959
1562000000.0	-0.0425300844509
1564000000.0	-0.00693943476395
1566000000.0	-0.0676975885352
1568000000.0	0.0867690524856
1570000000.0	0.102375227757
1572000000.0	0.0620292973838
1574000000.0	-0.0753397862458
1576000000.0	-0.0372713791071
1578000000.0	-0.0568543575776
1580000000.0	0.00562277241499
1582000000.0	0.0495448574295
1584000000.0	-0.00770342724868
1586000000.0	-0.0153978148508
1588000000.0	0.0319351975954
1590000000.0	0.0137014679043
1592000000.0	-0.114897529948
1594000000.0	-0.0115829538153
1596000000.0	-0.000522217779196
1598000000.0	-0.0214672779477
1600000000.0	-0.109977195934
1602000000.0	0.0318183705513
1604000000.0	-0.000603154867338
1606000000.0	-0.0356721744314
1608000000.0	-0.022016597781
1610000000.0	-0.0324112543991
1612000000.0	0.0267400305273
1614000000.0	0.0199004367328
1616000000.0	-0.0420413211169
1618000000.0	0.0315501089384
1620000000.0	0.00823682820319
1622000000.0	0.00132500622342
1624000000.0	0.115474916165
1626000000.0	-0.12238256085
1628000000.0	0.0126389058413
1630000000.0	0.0626189498234
1632000000.0	-0.00898961555414
1634000000.0	-0.0157476831374
1636000000.0	-0.032089728948
1638000000.0	0.00523769449042
1640000000.0	-0.0531400190865
1642000000.0	0.0848756187314
1644000000.0	0.0147862620063
1646000000.0	-0.018209444678
1648000000.0	0.00152506252393
1650000000.0	0.0800203953215
1652000000.0	-0.0389150863956
1654000000.0	-0.0258528922728
1656000000.0	-0.0780569411107
1658000000.0	-0.00702323871188
1660000000.0	0.0304053074475
1662000000.0	-0.017704810292
1664000000.0	-0.00389737092251
1666000000.0	-0.0620484078889
1668000000.0	0.0167273562026
1670000000.0	-0.0455575334176
1672000000.0	0.0147969814307
1674000000.0	0.0193589473216
1676000000.0	0.0636251188303
1678000000.0	0.00345592466379
1680000000.0	0.0229211531015
1682000000.0	-0.0214507559775
1684000000.0	0.0380052014374
1686000000.0	-0.010876711596
1688000000.0	-0.0478802049927
1690000000.0	-0.0253795060379
1692000000.0	-0.0421565368223
1694000000.0	-0.0254180526038
1696000000.0	-0.0597589998446
1698000000.0	-0.143236239425
1700000000.0	0.250390842476
1702000000.0	-0.0428162372358
1704000000.0	-0.0123840734336
1706000000.0	-0.049381749021
1708000000.0	-0.0517189267154
1710000000.0	-0.0267910267699
1712000000.0	-0.0339610517585
1714000000.0	0.0225630773665
1716000000.0	0.0530175882162
1718000000.0	1.41686924464e-05
1720000000.0	-0.0322810953882
1722000000.0	-0.0349281743873
1724000000.0	0.0257113648801
1726000000.0	-0.0590248974936
1728000000.0	-0.0215376255766
1730000000.0	-0.0577727407576
1732000000.0	-0.00891288973562
1734000000.0	-0.0378377786279
1736000000.0	-0.00240304189127
1738000000.0	-0.025771927007
1740000000.0	0.00229437377267
1742000000.0	0.00486793738077
1744000000.0	-0.00871572089195
1746000000.0	-0.0291725055608
1748000000.0	-0.0312385204862
1750000000.0	0.452755040169
1752000000.0	0.063452415861
1754000000.0	0.0543664583979
1756000000.0	0.00628808026399
1758000000.0	0.039184286348
1760000000.0	-0.0131213928567
1762000000.0	-0.0669851685667
1764000000.0	-0.0216726327623
1766000000.0	-0.0190181470691
1768000000.0	0.0590935826469
1770000000.0	-0.0837668778638
1772000000.0	0.00124421606713
1774000000.0	0.0110941986071
1776000000.0	-0.0676577082281
1778000000.0	-0.0481610964304
1780000000.0	-0.0425449544931
1782000000.0	0.0478548702415
1784000000.0	0.017072220912
1786000000.0	0.0123682392021
1788000000.0	0.00706874557811
1790000000.0	0.0341893676923
1792000000.0	-0.00132942182047
1794000000.0	0.0483225265819
1796000000.0	0.0553913819864
1798000000.0	0.103299184954
1800000000.0	-0.317025379428
1802000000.0	0.0966012600881
1804000000.0	0.0427078824173
1806000000.0	0.0223710774872
1808000000.0	0.0951990539484
1810000000.0	-0.0121456560134
1812000000.0	0.0315469743552
1814000000.0	0.0569345225856
1816000000.0	0.0223246732158
1818000000.0	-0.0552753018305
1820000000.0	-0.046633187018
1822000000.0	-0.000943856435675
1824000000.0	-0.112241710595
1826000000.0	-0.00439320807349
1828000000.0	0.0830100694077
1830000000.0	0.0266284809492
1832000000.0	-0.0726100850991
1834000000.0	0.0539774999062
1836000000.0	-0.0512757604465
1838000000.0	-0.148077716912
1840000000.0	0.0246025873509
1842000000.0	0.0045493186935
1844000000.0	0.0750265325922
1846000000.0	0.00147348726928
1848000000.0	-0.0185480612906
1850000000.0	0.0497357929755
1852000000.0	-0.0708508867371
1854000000.0	0.0172089116485
1856000000.0	-0.0961587278558
1858000000.0	-0.0211571805047
1860000000.0	-0.00338529462397
1862000000.0	0.0144914751915
1864000000.0	-0.0377229731663
1866000000.0	0.0367651586351
1868000000.0	0.0392372553717
1870000000.0	-0.0485541568589
1872000000.0	-0.0524018306962
1874000000.0	-0.0107490458401
1876000000.0	0.131421252644
1878000000.0	-0.0159150680507
1880000000.0	0.0133288727691
1882000000.0	0.0343513642827
1884000000.0	0.0530286488366
1886000000.0	0.00630102764347
1888000000.0	0.0717376175555
1890000000.0	0.0232705637216
1892000000.0	-0.0105435287039
1894000000.0	-0.0229445957091
1896000000.0	-0.191638272194
1898000000.0	-0.274950856216
1900000000.0	1.09592861862
1902000000.0	-0.3276800996
1904000000.0	-0.243618908578
1906000000.0	-0.204744618088
1908000000.0	0.0447993158307
1910000000.0	0.0227141060265
1912000000.0	0.0739819802726
1914000000.0	0.0371975150274
1916000000.0	0.0180474669969
1918000000.0	-0.0386650669249
1920000000.0	-0.0949421457668
1922000000.0	-0.00705010502955
1924000000.0	-0.0151986117359
1926000000.0	-0.0461192679548
1928000000.0	-0.00304166915633
1930000000.0	0.0355012020581
1932000000.0	0.0148014495089
1934000000.0	-0.0197202985671
1936000000.0	-0.0426304045983
1938000000.0	-0.0421007764189
1940000000.0	-0.00135502076364
1942000000.0	-0.0247353108926
1944000000.0	-0.0268007373607
1946000000.0	0.0934221514313
1948000000.0	-0.0470176468477
1950000000.0	-0.0979136490279
1952000000.0	-0.0544303256913
1954000000.0	0.0356943417997
1956000000.0	-0.0591561774668
1958000000.0	-0.0468645786871
1960000000.0	0.0614564359357
1962000000.0	0.0427500029703
1964000000.0	0.023431845986
1966000000.0	-0.00196959889659
1968000000.0	-0.0469507991779
1970000000.0	-0.044027295521
1972000000.0	-0.00516015809341
1974000000.0	-0.0540600157874
1976000000.0	0.0394242588113
1978000000.0	-0.00802828635234
1980000000.0	-0.0313469582444
1982000000.0	-0.0196493231856
1984000000.0	-0.0825340433659
1986000000.0	0.0303958086046
1988000000.0	0.0190063777023
1990000000.0	-0.053044874351
1992000000.0	0.0219219072441
1994000000.0	-0.025655024323
1996000000.0	0.0486552535718
1998000000.0	0.0519376393657
2000000000.0	-0.0687475
