0.0	-42.21884
2000000.0	5.03911003991
4000000.0	9.09417689688
6000000.0	3.94256379236
8000000.0	-6.70162957106
10000000.0	-13.5611309681
12000000.0	-14.7049308214
14000000.0	-7.88948795311
16000000.0	5.21422964022
18000000.0	19.6295614321
20000000.0	23.1984652562
22000000.0	9.8242011678
24000000.0	-12.4490222931
26000000.0	-27.0425033811
28000000.0	-24.6895838685
30000000.0	-4.98115991324
32000000.0	16.727876261
34000000.0	22.0050900873
36000000.0	14.0730220639
38000000.0	3.15599723762
40000000.0	-11.8499575764
42000000.0	-18.3967913271
44000000.0	-9.99468249783
46000000.0	3.93688435773
48000000.0	9.93355227315
50000000.0	8.81602613778
52000000.0	0.158949563226
54000000.0	-7.11835790394
56000000.0	-7.52877913723
58000000.0	-3.87980353981
60000000.0	4.24567512504
62000000.0	8.28081248888
64000000.0	5.11730955535
66000000.0	-1.58042090471
68000000.0	-6.99115344244
70000000.0	-5.29745936618
72000000.0	0.823381052621
74000000.0	6.08884164938
76000000.0	5.2030218433
78000000.0	0.828495530516
80000000.0	-4.3617246518
82000000.0	-5.32624283088
84000000.0	-1.1972493197
86000000.0	4.73961956593
88000000.0	7.28870659683
90000000.0	3.8338911715
92000000.0	-3.80795404205
94000000.0	-8.47807403881
96000000.0	-5.28366963644
98000000.0	-0.299369451618
100000000.0	7.2101504483
102000000.0	8.31228563253
104000000.0	4.0310457853
106000000.0	-3.71559079595
108000000.0	-8.54570635469
110000000.0	-7.09161945236
112000000.0	-0.296030337737
114000000.0	5.48256885652
116000000.0	6.35848719544
118000000.0	2.23696100953
120000000.0	-2.82465659922
122000000.0	-5.81766462547
124000000.0	-3.64889530122
126000000.0	2.18727536592
128000000.0	4.02768671745
130000000.0	1.82678139103
132000000.0	-0.118443236162
134000000.0	-2.66848416853
136000000.0	-1.82249290535
138000000.0	0.922286871094
140000000.0	3.48096326467
142000000.0	2.48628466326
144000000.0	-0.307792660666
146000000.0	-3.90661826687
148000000.0	-4.38729007339
150000000.0	-1.83855441233
152000000.0	3.78734432076
154000000.0	6.29943911506
156000000.0	4.13459039719
158000000.0	-1.58113217661
160000000.0	-4.61457429826
162000000.0	-4.85744823297
164000000.0	-0.831718086062
166000000.0	2.33216296292
168000000.0	3.78202517882
170000000.0	2.79357357408
172000000.0	-0.726482722612
174000000.0	-3.00470931593
176000000.0	-2.17059981631
178000000.0	-0.0942850496186
180000000.0	2.66824658122
182000000.0	2.23106742559
184000000.0	-0.917446724928
186000000.0	-2.85379067455
188000000.0	-2.27019734915
190000000.0	0.683807241858
192000000.0	3.77540362291
194000000.0	4.28482693917
196000000.0	0.482761943002
198000000.0	-4.77846235629
200000000.0	-5.55489041319
202000000.0	-1.95377521004
204000000.0	3.50407046508
206000000.0	7.19874495741
208000000.0	4.76175684245
210000000.0	-0.027436794198
212000000.0	-5.93225718968
214000000.0	-6.97760275605
216000000.0	-1.58881167232
218000000.0	5.33214654654
220000000.0	6.90561554577
222000000.0	3.33862512916
224000000.0	-2.65857192419
226000000.0	-6.4912285821
228000000.0	-4.17506012359
230000000.0	1.42370072399
232000000.0	5.55790656404
234000000.0	4.40689445449
236000000.0	-1.3279102512
238000000.0	-4.69287523847
240000000.0	-4.38666469667
242000000.0	0.908170059596
244000000.0	5.51242154304
246000000.0	5.35305541062
248000000.0	0.942365474585
250000000.0	-3.92241519485
252000000.0	-8.82798364866
254000000.0	-5.31837415737
256000000.0	1.73663440401
258000000.0	11.1142879904
260000000.0	13.0045448781
262000000.0	4.44607001515
264000000.0	-11.2362770134
266000000.0	-20.6619954607
268000000.0	-14.1889994416
270000000.0	4.77519625879
272000000.0	25.2810012373
274000000.0	26.6201741442
276000000.0	6.19554948315
278000000.0	-24.2022304083
280000000.0	-35.2691492779
282000000.0	-15.1874490396
284000000.0	22.2950678001
286000000.0	42.013207847
288000000.0	18.1483046594
290000000.0	-33.419478647
292000000.0	-59.659187337
294000000.0	-10.9779476875
296000000.0	109.969672625
298000000.0	234.571574349
300000000.0	-547.391710304
302000000.0	182.872263417
304000000.0	102.184295108
306000000.0	39.6182676247
308000000.0	-3.38352364028
310000000.0	-29.3910110284
312000000.0	-38.0333057331
314000000.0	-26.9505650168
316000000.0	0.282170700846
318000000.0	26.2776038432
320000000.0	32.407043123
322000000.0	14.708114399
324000000.0	-11.156391043
326000000.0	-26.3361719656
328000000.0	-18.7560981483
330000000.0	1.62503075297
332000000.0	16.9948924145
334000000.0	15.8145155226
336000000.0	1.79977209609
338000000.0	-11.8022804075
340000000.0	-12.9157133198
342000000.0	-1.75319033376
344000000.0	9.46507145722
346000000.0	9.78432733491
348000000.0	1.86030896244
350000000.0	-6.3716409827
352000000.0	-9.23132897473
354000000.0	-2.93735122107
356000000.0	6.13016884915
358000000.0	8.71050747977
360000000.0	4.66411869678
362000000.0	-2.18046422107
364000000.0	-8.09643300408
366000000.0	-6.7357389593
368000000.0	-1.45544210213
370000000.0	5.38286919707
372000000.0	7.57819172176
374000000.0	5.14703901106
376000000.0	-1.8281048266
378000000.0	-6.33411687977
380000000.0	-7.49371277892
382000000.0	-2.42141577403
384000000.0	3.41313929006
386000000.0	4.93046520297
388000000.0	3.94892377552
390000000.0	0.0382938342392
392000000.0	-3.2443217934
394000000.0	-3.55716593846
396000000.0	-0.74469208126
398000000.0	2.24508889837
400000000.0	1.87826150689
402000000.0	1.00504162283
404000000.0	-2.48765093211
406000000.0	-3.34059282223
408000000.0	-0.683908829216
410000000.0	2.70651519452
412000000.0	3.5613353266
414000000.0	2.44753052334
416000000.0	-2.0337319354
418000000.0	-3.68117825467
420000000.0	-3.24969815136
422000000.0	-0.935356067141
424000000.0	3.36219596861
426000000.0	3.25261508112
428000000.0	1.08154797196
430000000.0	-0.963541576144
432000000.0	-3.2324137949
434000000.0	-2.0220668942
436000000.0	-0.410974233517
438000000.0	1.63519439519
440000000.0	2.41844900873
442000000.0	-0.00775247900159
444000000.0	-1.18567951367
446000000.0	-2.83059637549
448000000.0	-1.07438425151
450000000.0	0.810558285309
452000000.0	1.40947089588
454000000.0	0.987279429329
456000000.0	0.406979379534
458000000.0	-0.771791277469
460000000.0	-1.15210247744
462000000.0	-0.304765652519
464000000.0	0.643081192785
466000000.0	1.7796477953
468000000.0	0.499066493467
470000000.0	-0.614280488641
472000000.0	-1.49186668321
474000000.0	-0.615850434773
476000000.0	0.881613878444
478000000.0	1.95878034355
480000000.0	1.06038165754
482000000.0	0.388310183284
484000000.0	-1.05921512295
486000000.0	-1.85471530869
488000000.0	-1.22154616141
490000000.0	-0.48512101245
492000000.0	0.752101385603
494000000.0	0.734016257497
496000000.0	0.603680618694
498000000.0	-1.36676072131
500000000.0	-1.72111193588
502000000.0	-1.50608808873
504000000.0	0.118591501795
506000000.0	1.33105268668
508000000.0	1.03514629434
510000000.0	-0.638237107166
512000000.0	-0.855606544357
514000000.0	-0.805066118862
516000000.0	0.0777113883136
518000000.0	1.32653308499
520000000.0	1.48100052161
522000000.0	-0.241639348484
524000000.0	-0.811400081335
526000000.0	-0.881482765417
528000000.0	0.460548596262
530000000.0	-0.2994445589
532000000.0	0.414176562778
534000000.0	0.620946729946
536000000.0	0.410932090737
538000000.0	0.351091262319
540000000.0	-0.224212445945
542000000.0	-0.257509512373
544000000.0	-0.168987561554
546000000.0	1.80046171345
548000000.0	1.06706347143
550000000.0	0.142554374844
552000000.0	-0.674646527998
554000000.0	-0.705074086579
556000000.0	0.195315638092
558000000.0	0.118364431867
560000000.0	0.905928205275
562000000.0	0.245503728965
564000000.0	0.633003677083
566000000.0	-0.777535947534
568000000.0	-0.462162627133
570000000.0	0.283213490954
572000000.0	0.277614434221
574000000.0	0.0315153881816
576000000.0	-0.090042565792
578000000.0	-0.55415698215
580000000.0	0.837865231653
582000000.0	0.139947638897
584000000.0	-0.338802753038
586000000.0	-0.0165826752066
588000000.0	-1.07280963542
590000000.0	1.07070421867
592000000.0	0.871308441
594000000.0	0.470690525531
596000000.0	-2.27791552685
598000000.0	-1.70340253062
600000000.0	4.58349527854
602000000.0	-1.46334588782
604000000.0	-1.05777970341
606000000.0	0.627419992121
608000000.0	0.560530268574
610000000.0	0.247773268755
612000000.0	-0.289560189338
614000000.0	0.148087295112
616000000.0	0.123162055069
618000000.0	-0.436092898355
620000000.0	-1.05915488036
622000000.0	-1.18086059293
624000000.0	-1.93387800444
626000000.0	2.48582135324
628000000.0	1.02694924583
630000000.0	0.661168829892
632000000.0	0.571536935384
634000000.0	-0.318612901905
636000000.0	0.316908296895
638000000.0	0.0660336109806
640000000.0	0.182995680331
642000000.0	-0.0937349819044
644000000.0	-0.291933425302
646000000.0	0.609875571955
648000000.0	0.209020035444
650000000.0	0.0932292325106
652000000.0	-0.351983042216
654000000.0	-1.20094535258
656000000.0	-0.264198525667
658000000.0	0.586764583681
660000000.0	0.700428760716
662000000.0	-0.424393763009
664000000.0	0.204624534864
666000000.0	-0.336847847536
668000000.0	0.786484901001
670000000.0	1.07814635533
672000000.0	0.556386957115
674000000.0	0.406827758767
676000000.0	0.781382855954
678000000.0	-0.32283198266
680000000.0	-0.756248156449
682000000.0	0.229663402667
684000000.0	1.32207120608
686000000.0	0.996854118424
688000000.0	-0.0778863069509
690000000.0	-0.707954832025
692000000.0	-0.851122197215
694000000.0	-1.0195980867
696000000.0	0.142865613944
698000000.0	1.17020645011
700000000.0	0.403557242027
702000000.0	0.0293193639862
704000000.0	-0.364744937392
706000000.0	-1.38593692761
708000000.0	-0.445609841815
710000000.0	0.877561734933
712000000.0	0.820353869546
714000000.0	1.05834310703
716000000.0	-0.0894821460001
718000000.0	-1.46021600237
720000000.0	-0.737902918289
722000000.0	-0.602288697216
724000000.0	0.169135033172
726000000.0	0.75653771971
728000000.0	0.801965677662
730000000.0	-0.995094954866
732000000.0	-0.424126211122
734000000.0	-0.747341662984
736000000.0	0.659375234208
738000000.0	0.940674654894
740000000.0	1.66781729981
742000000.0	-0.238039598864
744000000.0	-1.60794949222
746000000.0	-1.06992404837
748000000.0	-1.15867246329
750000000.0	0.885285509303
752000000.0	1.91255045098
754000000.0	0.433511529433
756000000.0	-0.610425820979
758000000.0	-1.80723398285
760000000.0	-0.976755395058
762000000.0	-0.497685676514
764000000.0	1.03654067831
766000000.0	1.26892929175
768000000.0	-0.170148187268
770000000.0	-0.869852344368
772000000.0	-0.642733745565
774000000.0	-1.36949120152
776000000.0	0.994274492312
778000000.0	0.39096551794
780000000.0	0.957966730335
782000000.0	-0.587642637917
784000000.0	-0.368349958381
786000000.0	-0.877280934062
788000000.0	-0.764365082507
790000000.0	1.53884569065
792000000.0	1.17737948471
794000000.0	0.087662893166
796000000.0	-0.977233563048
798000000.0	-2.22396892645
800000000.0	-0.173656609478
802000000.0	-0.00527056403164
804000000.0	1.47567631323
806000000.0	1.657011964
808000000.0	1.3756395084
810000000.0	-1.09302994411
812000000.0	-2.75765683737
814000000.0	-1.4011293216
816000000.0	0.788089444128
818000000.0	3.02003536951
820000000.0	1.6995026581
822000000.0	0.619387497864
824000000.0	-1.25976566289
826000000.0	-2.51907061553
828000000.0	0.092694382487
830000000.0	2.14666240056
832000000.0	2.01067389235
834000000.0	0.670831206993
836000000.0	-1.51259289417
838000000.0	-3.0431297773
840000000.0	-0.622879353691
842000000.0	1.84602510877
844000000.0	2.55999369849
846000000.0	2.03641647043
848000000.0	-0.981298185628
850000000.0	-2.39646988558
852000000.0	-2.88035001388
854000000.0	-0.0891500295429
856000000.0	1.61729001037
858000000.0	3.83902953047
860000000.0	2.21182248511
862000000.0	0.436581424031
864000000.0	-3.45964891857
866000000.0	-3.63651809544
868000000.0	-1.48093523926
870000000.0	2.30692222897
872000000.0	5.23110343494
874000000.0	4.54290347861
876000000.0	1.17550433936
878000000.0	-5.59925690958
880000000.0	-7.99570402988
882000000.0	-1.07369618913
884000000.0	7.12096132204
886000000.0	9.90958713655
888000000.0	0.514253093217
890000000.0	-14.8784721924
892000000.0	-20.8165395664
894000000.0	0.414883870518
896000000.0	50.2058188328
898000000.0	104.085644831
900000000.0	-251.742428417
902000000.0	89.5811336066
904000000.0	47.6819773689
906000000.0	11.1831033256
908000000.0	-9.37694148482
910000000.0	-13.393578836
912000000.0	-8.87359379113
914000000.0	-2.41420555239
916000000.0	4.14968317604
918000000.0	6.0070468225
920000000.0	4.80620651987
922000000.0	0.668787885016
924000000.0	-3.01199563093
926000000.0	-4.01338939452
928000000.0	-1.83602575475
930000000.0	1.74134941092
932000000.0	3.57813382847
934000000.0	1.85015415558
936000000.0	-1.86916310966
938000000.0	-2.37379831075
940000000.0	-1.85883848749
942000000.0	1.97473425201
944000000.0	3.75883247198
946000000.0	2.67618233206
948000000.0	-1.46470678082
950000000.0	-2.67048083712
952000000.0	-2.70401648313
954000000.0	0.0610498830868
956000000.0	2.61565908546
958000000.0	2.15975470215
960000000.0	0.683866877519
962000000.0	-2.39530139843
964000000.0	-2.5839122044
966000000.0	-1.26038304091
968000000.0	0.490365764369
970000000.0	2.34646499219
972000000.0	1.11322709174
974000000.0	0.653616497425
976000000.0	-1.48380626203
978000000.0	-0.912057544554
980000000.0	-0.114072407705
982000000.0	-0.177729459731
984000000.0	0.646842841703
986000000.0	1.01733703746
988000000.0	0.446780759433
990000000.0	-1.14000659138
992000000.0	-0.785211693366
994000000.0	-0.474329867787
996000000.0	1.10387663227
998000000.0	0.64925868527
1000000000.0	1.843725
1002000000.0	-0.818440253271
1004000000.0	-1.43252837819
1006000000.0	-0.430457953063
1008000000.0	0.576842719882
1010000000.0	0.761487450835
1012000000.0	0.0239275372562
1014000000.0	0.000237616515344
1016000000.0	-0.874939301352
1018000000.0	-0.899966906119
1020000000.0	-0.898395204616
1022000000.0	0.950718725678
1024000000.0	1.10558207297
1026000000.0	0.452959504731
1028000000.0	-0.878954920871
1030000000.0	-1.09378911605
1032000000.0	-0.831512125035
1034000000.0	0.358743982229
1036000000.0	0.692053828839
1038000000.0	0.60986202371
1040000000.0	-0.441853579287
1042000000.0	-0.314700214418
1044000000.0	-0.785872946035
1046000000.0	0.0903815944309
1048000000.0	-0.173803176674
1050000000.0	0.442255852857
1052000000.0	0.597377315429
1054000000.0	-0.828685742939
1056000000.0	-0.333618607529
1058000000.0	-0.881636206909
1060000000.0	0.484044168628
1062000000.0	-0.542483437822
1064000000.0	0.534599565074
1066000000.0	0.587800527045
1068000000.0	-0.903417230728
1070000000.0	-0.956840620958
1072000000.0	-0.864392497226
1074000000.0	-0.386489855094
1076000000.0	1.00241465357
1078000000.0	1.0904103902
1080000000.0	0.428406518968
1082000000.0	-0.917844646776
1084000000.0	-0.641017834952
1086000000.0	0.221076149638
1088000000.0	0.411300765947
1090000000.0	0.378835338219
1092000000.0	0.404990032993
1094000000.0	0.245742577666
1096000000.0	-0.698124829974
1098000000.0	-0.0659428335681
1100000000.0	0.232368290507
1102000000.0	-0.299354972493
1104000000.0	0.475508149385
1106000000.0	0.610477926728
1108000000.0	0.086151928529
1110000000.0	-0.441479224012
1112000000.0	-0.966181993768
1114000000.0	0.0374789120938
1116000000.0	0.153909997463
1118000000.0	1.27133812077
1120000000.0	0.204978143632
1122000000.0	-0.451832980144
1124000000.0	-0.790180348203
1126000000.0	0.531061112352
1128000000.0	1.30629355133
1130000000.0	-0.519923927389
1132000000.0	-0.318953242422
1134000000.0	0.0762102337772
1136000000.0	0.0445963538694
1138000000.0	-0.439174066678
1140000000.0	0.159696204287
1142000000.0	0.659067429599
1144000000.0	-0.142996525542
1146000000.0	1.07956160082
1148000000.0	0.328384002635
1150000000.0	-1.07013821196
1152000000.0	-0.0295241568768
1154000000.0	0.542463330639
1156000000.0	0.512384045815
1158000000.0	0.41955326965
1160000000.0	0.0460026384698
1162000000.0	-1.00685751238
1164000000.0	-0.570618634826
1166000000.0	0.499939520992
1168000000.0	-0.598473726824
1170000000.0	0.368311184586
1172000000.0	0.392905053539
1174000000.0	0.506016037235
1176000000.0	-0.696272099006
1178000000.0	0.176091783065
1180000000.0	1.23590321936
1182000000.0	1.36033526569
1184000000.0	-0.474372617807
1186000000.0	-0.125084984268
1188000000.0	-0.12434811217
1190000000.0	0.223583799651
1192000000.0	0.702171630056
1194000000.0	1.16103058436
1196000000.0	-1.38391257183
1198000000.0	-1.90329857972
1200000000.0	5.73893349311
1202000000.0	-1.42217825563
1204000000.0	-1.73542593545
1206000000.0	-0.292776765622
1208000000.0	0.390632357837
1210000000.0	0.598962661379
1212000000.0	-0.201528508948
1214000000.0	1.06155571868
1216000000.0	-0.294114554694
1218000000.0	0.422867669104
1220000000.0	-0.023371065736
1222000000.0	0.948878492966
1224000000.0	-0.513987295269
1226000000.0	0.510016266408
1228000000.0	0.157595206276
1230000000.0	-1.03968310649
1232000000.0	0.272842284129
1234000000.0	-0.170343948069
1236000000.0	0.376751105048
1238000000.0	0.709276771416
1240000000.0	-0.253741914744
1242000000.0	0.0494804106757
1244000000.0	0.134899999551
1246000000.0	0.174249895137
1248000000.0	-0.431860925879
1250000000.0	2.58330169414
1252000000.0	-0.0424535496146
1254000000.0	-1.00332404303
1256000000.0	-0.321252195218
1258000000.0	-0.423892196169
1260000000.0	0.175052001229
1262000000.0	0.0419449486047
1264000000.0	-0.527205180822
1266000000.0	0.791156016216
1268000000.0	-0.117492461507
1270000000.0	0.113721768359
1272000000.0	0.330852013268
1274000000.0	-0.411910822682
1276000000.0	0.858635057606
1278000000.0	-0.548963927693
1280000000.0	-1.16875104867
1282000000.0	-0.352160559484
1284000000.0	-0.296549436709
1286000000.0	0.534724782556
1288000000.0	-0.464984005919
1290000000.0	-0.35895955757
1292000000.0	-0.175985795747
1294000000.0	-0.508812787783
1296000000.0	1.0920205232
1298000000.0	0.663658281301
1300000000.0	-2.81098777016
1302000000.0	1.55917261525
1304000000.0	-0.00185269034497
1306000000.0	-0.454028256408
1308000000.0	0.560943761667
1310000000.0	0.793538504243
1312000000.0	0.169122511234
1314000000.0	0.0127500490934
1316000000.0	0.989623251765
1318000000.0	0.284767849749
1320000000.0	0.393879718995
1322000000.0	0.520778550028
1324000000.0	0.590563628912
1326000000.0	0.402808078561
1328000000.0	0.135016213112
1330000000.0	-0.877841706357
1332000000.0	0.231595633015
1334000000.0	0.101531217164
1336000000.0	-0.381104097109
1338000000.0	0.003070096387
1340000000.0	0.149256898993
1342000000.0	0.329360682975
1344000000.0	-0.637757703976
1346000000.0	0.302150304733
1348000000.0	-0.438405584041
1350000000.0	0.280530995737
1352000000.0	0.518476564932
1354000000.0	-0.0657050917038
1356000000.0	0.120330823587
1358000000.0	-0.290606578692
1360000000.0	0.315789358123
1362000000.0	-0.16377217955
1364000000.0	1.30624455363
1366000000.0	-0.318817005037
1368000000.0	0.0308080650294
1370000000.0	0.719837404677
1372000000.0	0.623986780237
1374000000.0	1.61640157745
1376000000.0	-2.22977666681
1378000000.0	-0.955643102714
1380000000.0	-0.644183736147
1382000000.0	0.805899745713
1384000000.0	-0.344958827413
1386000000.0	-0.74635947385
1388000000.0	1.12250771637
1390000000.0	0.8918808327
1392000000.0	0.338931252513
1394000000.0	0.253569453149
1396000000.0	-1.35942954825
1398000000.0	-1.65842319849
1400000000.0	1.53360947461
1402000000.0	-0.18382727162
1404000000.0	-0.147143256897
1406000000.0	-0.341133329228
1408000000.0	-0.219012670222
1410000000.0	0.262163882532
1412000000.0	-1.11219396701
1414000000.0	-0.813193407193
1416000000.0	0.112592550796
1418000000.0	0.833249490633
1420000000.0	-0.400276503031
1422000000.0	-1.01048281061
1424000000.0	-0.0176806477906
1426000000.0	-0.557368752116
1428000000.0	0.495922699696
1430000000.0	0.825747662887
1432000000.0	0.327295500221
1434000000.0	-0.566800791784
1436000000.0	-1.19847281472
1438000000.0	-0.980840458306
1440000000.0	0.553901785793
1442000000.0	1.46394667017
1444000000.0	1.33732513585
1446000000.0	0.587637378025
1448000000.0	-0.362997894577
1450000000.0	-1.10190025997
1452000000.0	-0.67378759212
1454000000.0	0.631829662826
1456000000.0	1.70702246536
1458000000.0	0.679809631491
1460000000.0	-0.194321667028
1462000000.0	-0.301973842628
1464000000.0	-0.729438812083
1466000000.0	-0.70253495912
1468000000.0	0.362555717286
1470000000.0	0.192402123874
1472000000.0	0.709951677352
1474000000.0	0.0227704696191
1476000000.0	-0.0715373240855
1478000000.0	-1.24959424843
1480000000.0	-0.736661386569
1482000000.0	0.122171608988
1484000000.0	2.40812547074
1486000000.0	2.14305645087
1488000000.0	-0.84182827954
1490000000.0	-6.26096601943
1492000000.0	-7.68316230517
1494000000.0	1.79895491263
1496000000.0	20.8788329871
1498000000.0	44.2166571959
1500000000.0	-106.372668064
1502000000.0	39.0621398814
1504000000.0	21.5749289789
1506000000.0	2.87090453327
1508000000.0	-5.45410494633
1510000000.0	-5.95006822196
1512000000.0	-2.68118536652
1514000000.0	0.299006064224
1516000000.0	2.11239768158
1518000000.0	0.303344393545
1520000000.0	0.297994521007
1522000000.0	-0.223889908577
1524000000.0	-1.0551662136
1526000000.0	-0.788160460014
1528000000.0	-0.0415547546119
1530000000.0	0.739363807355
1532000000.0	-0.06355107094
1534000000.0	-0.628551359144
1536000000.0	-0.615972042079
1538000000.0	-0.926608529
1540000000.0	-0.107318674556
1542000000.0	1.24726771613
1544000000.0	0.97298401986
1546000000.0	0.671551847099
1548000000.0	-0.490153148151
1550000000.0	-1.36290346626
1552000000.0	-1.094787829
1554000000.0	1.58826720654
1556000000.0	1.18555402962
1558000000.0	0.976737902921
1560000000.0	0.5755889555
1562000000.0	-0.294823169288
1564000000.0	-0.251631318351
1566000000.0	-0.420589912177
1568000000.0	-0.282325676934
1570000000.0	0.100167651205
1572000000.0	-0.546518450839
1574000000.0	0.564096577414
1576000000.0	0.503514437641
1578000000.0	0.451969987538
1580000000.0	0.142714855528
1582000000.0	0.0599970201599
1584000000.0	0.29749877137
1586000000.0	-0.15623225934
1588000000.0	0.479566702851
1590000000.0	-0.999606254249
1592000000.0	-0.165049619954
1594000000.0	-0.42672080191
1596000000.0	0.633868690193
1598000000.0	-0.00430967876008
1600000000.0	0.228276609478
1602000000.0	-1.3719674834
1604000000.0	-1.08239460337
1606000000.0	-0.518301350179
1608000000.0	0.366305573031
1610000000.0	-0.0248285299057
1612000000.0	-0.139962828095
1614000000.0	-0.179805382699
1616000000.0	-0.45875819595
1618000000.0	-0.50358990387
1620000000.0	-0.383254972672
1622000000.0	0.0600154758389
1624000000.0	-0.257800188462
1626000000.0	0.680947139155
1628000000.0	-0.311885986668
1630000000.0	0.134511485526
1632000000.0	0.168883161386
1634000000.0	0.389712100084
1636000000.0	0.0884410649171
1638000000.0	1.17369224672
1640000000.0	0.132937246012
1642000000.0	-0.648942637031
1644000000.0	-0.151713377956
1646000000.0	-0.535828392592
1648000000.0	0.195926692529
1650000000.0	-0.118640965682
1652000000.0	0.17616888752
1654000000.0	-0.0978198085672
1656000000.0	-0.397092359139
1658000000.0	-0.389022039949
1660000000.0	-0.31510190713
1662000000.0	0.386839664958
1664000000.0	0.0161072721708
1666000000.0	0.393734833523
1668000000.0	0.247013866712
1670000000.0	-0.393033312342
1672000000.0	0.838790219398
1674000000.0	-0.105133390574
1676000000.0	0.398985378303
1678000000.0	0.510684859024
1680000000.0	0.0949503410731
1682000000.0	-0.112705327993
1684000000.0	-0.213792451512
1686000000.0	0.428787796512
1688000000.0	-0.177215427615
1690000000.0	0.0576387585897
1692000000.0	-0.148425239449
1694000000.0	0.189239685094
1696000000.0	0.126527065834
1698000000.0	0.312429773272
1700000000.0	-0.920740332423
1702000000.0	0.307252355323
1704000000.0	0.206383726125
1706000000.0	0.867236173967
1708000000.0	-0.535295403013
1710000000.0	-0.243150683295
1712000000.0	0.275347929481
1714000000.0	0.00519955581958
1716000000.0	-0.67916204917
1718000000.0	-0.574061260888
1720000000.0	0.39817081826
1722000000.0	0.750858845914
1724000000.0	-0.613413482016
1726000000.0	0.202535592498
1728000000.0	-0.339053212707
1730000000.0	0.306963024926
1732000000.0	0.0195338089657
1734000000.0	0.455902974559
1736000000.0	-0.563928420773
1738000000.0	0.181777857122
1740000000.0	0.358872066088
1742000000.0	-0.0883547821336
1744000000.0	0.188215533303
1746000000.0	-0.190293298851
1748000000.0	-0.161811942947
1750000000.0	-3.1712920086
1752000000.0	-1.03755298224
1754000000.0	0.152776104405
1756000000.0	-0.0486143570433
1758000000.0	-0.0914377779082
1760000000.0	-0.584279540682
1762000000.0	0.428072276134
1764000000.0	-0.225001404821
1766000000.0	0.0520167830065
1768000000.0	-0.0781497167873
1770000000.0	0.174872783874
1772000000.0	-0.152768559191
1774000000.0	-0.344086130038
1776000000.0	0.0566393671548
1778000000.0	-0.059659816117
1780000000.0	0.0251823903989
1782000000.0	-0.39977143949
1784000000.0	0.314915961924
1786000000.0	-0.487219387092
1788000000.0	-0.0698608044939
1790000000.0	-0.0526471485106
1792000000.0	0.440839778562
1794000000.0	0.156514130599
1796000000.0	-0.519395809471
1798000000.0	-0.910401228954
1800000000.0	2.20351066004
1802000000.0	-0.311546875946
1804000000.0	0.252343216525
1806000000.0	-0.173842325096
1808000000.0	0.790139165027
1810000000.0	0.414845279358
1812000000.0	-0.08677341454
1814000000.0	-0.0973938896384
1816000000.0	0.419013754343
1818000000.0	-0.610201538691
1820000000.0	0.0567672844788
1822000000.0	0.364589924598
1824000000.0	1.02261324895
1826000000.0	-0.390831589523
1828000000.0	0.00593048540755
1830000000.0	-0.251110255036
1832000000.0	0.507835384379
1834000000.0	-0.303338417792
1836000000.0	0.422069536003
1838000000.0	0.920800489566
1840000000.0	-0.448487549544
1842000000.0	-0.280151089327
1844000000.0	0.111801374636
1846000000.0	0.258912543239
1848000000.0	0.237698349311
1850000000.0	0.806679184451
1852000000.0	0.0853071653913
1854000000.0	-0.659752740056
1856000000.0	0.592042156572
1858000000.0	0.670682105841
1860000000.0	0.399119708781
1862000000.0	0.216375912916
1864000000.0	0.15261754714
1866000000.0	0.376058591555
1868000000.0	-0.205780239533
1870000000.0	0.515861345206
1872000000.0	0.762922161372
1874000000.0	1.06821281951
1876000000.0	-0.0543265097026
1878000000.0	-0.348759840853
1880000000.0	-1.3011205333
1882000000.0	0.134445764612
1884000000.0	0.589615913039
1886000000.0	0.665347394255
1888000000.0	-0.520721735632
1890000000.0	-1.44581612401
1892000000.0	-1.51169933283
1894000000.0	-0.000629614451708
1896000000.0	3.86433163859
1898000000.0	8.11233607668
1900000000.0	-20.481929158
1902000000.0	8.67472657209
1904000000.0	3.61947679903
1906000000.0	0.472377812812
1908000000.0	-1.3488687986
1910000000.0	-1.13283271913
1912000000.0	-0.495971895886
1914000000.0	-0.0789276624481
1916000000.0	0.108672810102
1918000000.0	0.077446070836
1920000000.0	0.141737619797
1922000000.0	-0.0359478415876
1924000000.0	0.275393973785
1926000000.0	-0.600140028478
1928000000.0	0.0639400748169
1930000000.0	-0.656767804424
1932000000.0	0.215462780849
1934000000.0	-0.248014901781
1936000000.0	-0.0986043521977
1938000000.0	0.817075713668
1940000000.0	-0.38176819655
1942000000.0	0.383889699462
1944000000.0	0.923457107067
1946000000.0	0.530606136266
1948000000.0	0.0865483535559
1950000000.0	0.101114958115
1952000000.0	-0.302545072406
1954000000.0	0.445032203884
1956000000.0	0.512215991541
1958000000.0	0.314168813641
1960000000.0	0.262334550114
1962000000.0	-0.166672759625
1964000000.0	-0.282832261917
1966000000.0	-0.0398792085884
1968000000.0	-0.320686838747
1970000000.0	-0.287367594963
1972000000.0	0.152738218392
1974000000.0	0.737948200646
1976000000.0	-0.163498304051
1978000000.0	-0.493927916608
1980000000.0	0.400224261888
1982000000.0	-0.0859153245995
1984000000.0	0.0791576437839
1986000000.0	0.171813002657
1988000000.0	0.310485339622
1990000000.0	-0.129146177884
1992000000.0	-0.663817242026
1994000000.0	-0.348337917995
1996000000.0	-0.739271779517
1998000000.0	-1.75147543794
2000000000.0	4.21871
