0.0	-2.3374945
2000000.0	0.986054992722
4000000.0	1.34686086079
6000000.0	0.343258119985
8000000.0	0.244640601313
10000000.0	0.71246706669
12000000.0	0.663395499725
14000000.0	0.974749714741
16000000.0	2.11367187983
18000000.0	3.43331433108
20000000.0	3.25687682228
22000000.0	1.62050403621
24000000.0	-0.250246926385
26000000.0	-1.86569974978
28000000.0	-2.84091341649
30000000.0	-2.69591687416
32000000.0	-1.61717400461
34000000.0	0.678996777265
36000000.0	3.27871855867
38000000.0	3.68260123201
40000000.0	2.26503106738
42000000.0	0.640067110813
44000000.0	-0.745723445897
46000000.0	-1.83952729827
48000000.0	-2.0808911796
50000000.0	-1.21298874095
52000000.0	0.0882692242602
54000000.0	1.20169847638
56000000.0	1.69764719348
58000000.0	1.00022760185
60000000.0	-0.223564346928
62000000.0	-1.3465593661
64000000.0	-1.60719780735
66000000.0	-1.15566298033
68000000.0	-0.295689540559
70000000.0	0.496322096219
72000000.0	0.796761903669
74000000.0	0.709481635858
76000000.0	0.11225757521
78000000.0	-0.590196233867
80000000.0	-1.16900495418
82000000.0	-1.11966174116
84000000.0	-0.656108950658
86000000.0	-0.100109149274
88000000.0	0.179223805207
90000000.0	0.33046466366
92000000.0	0.174125242811
94000000.0	0.183382800063
96000000.0	-0.0512521388671
98000000.0	-0.267590083569
100000000.0	-0.276908290272
102000000.0	-0.468344061046
104000000.0	-0.518058730802
106000000.0	-0.416340891351
108000000.0	-0.0826998406609
110000000.0	0.287613267187
112000000.0	0.448647048715
114000000.0	0.547648462671
116000000.0	0.233945283706
118000000.0	-0.205276916939
120000000.0	-0.54763652914
122000000.0	-0.581481045234
124000000.0	-0.25280964446
126000000.0	-0.107445268285
128000000.0	0.331294078323
130000000.0	0.556321213573
132000000.0	0.351958156113
134000000.0	0.0171361903092
136000000.0	-0.340900936361
138000000.0	-0.506137590676
140000000.0	-0.45348861052
142000000.0	-0.0457361905327
144000000.0	0.282848375257
146000000.0	0.575998390056
148000000.0	0.334288788584
150000000.0	-0.0665901301055
152000000.0	-0.469933948082
154000000.0	-0.484921869879
156000000.0	-0.416986808221
158000000.0	-0.0576345652377
160000000.0	0.261472310598
162000000.0	0.496221892685
164000000.0	0.554436807984
166000000.0	-0.0286761160299
168000000.0	-0.245859031148
170000000.0	-0.492782264313
172000000.0	-0.513488578659
174000000.0	-0.241249433559
176000000.0	0.127046118364
178000000.0	0.325145801875
180000000.0	0.310973431796
182000000.0	0.174573525634
184000000.0	0.0648498153536
186000000.0	-0.202819137178
188000000.0	-0.185006387833
190000000.0	-0.255846059616
192000000.0	-0.238417951766
194000000.0	0.00446647138436
196000000.0	0.0675407125756
198000000.0	0.115019798128
200000000.0	0.103932947694
202000000.0	0.266985783986
204000000.0	0.106290278598
206000000.0	-0.012714351662
208000000.0	-0.100002514568
210000000.0	-0.159891214097
212000000.0	-0.390358039068
214000000.0	-0.343028309575
216000000.0	-0.0943096423974
218000000.0	0.335211394875
220000000.0	0.530765645136
222000000.0	0.465899485071
224000000.0	0.20064881091
226000000.0	-0.285443758002
228000000.0	-0.615547636032
230000000.0	-0.804376029223
232000000.0	-0.470939946652
234000000.0	0.227719025893
236000000.0	0.775833739343
238000000.0	1.04284565703
240000000.0	0.73520964624
242000000.0	-0.117272827613
244000000.0	-0.924635703216
246000000.0	-1.28628135338
248000000.0	-0.937973417941
250000000.0	-0.0326609704582
252000000.0	0.784273299905
254000000.0	1.33863777434
256000000.0	1.29412487148
258000000.0	0.366727449496
260000000.0	-1.00288148087
262000000.0	-1.82051518402
264000000.0	-1.63587817557
266000000.0	-0.235074070173
268000000.0	1.03909681456
270000000.0	1.46480214183
272000000.0	1.06449733806
274000000.0	0.352622564091
276000000.0	-0.480487630543
278000000.0	-1.05778012541
280000000.0	-1.31189934619
282000000.0	-0.692606895135
284000000.0	0.685741722273
286000000.0	1.52682506054
288000000.0	0.470490850621
290000000.0	-1.90832447685
292000000.0	-2.60196267156
294000000.0	1.26871958164
296000000.0	8.91411585107
298000000.0	16.0920712593
300000000.0	-45.6958839327
302000000.0	12.7300738304
304000000.0	9.32824306279
306000000.0	6.19326343643
308000000.0	2.418683413
310000000.0	-1.96792106181
312000000.0	-5.18670589645
314000000.0	-5.00961854896
316000000.0	-1.70076302527
318000000.0	2.35242801751
320000000.0	4.23803261239
322000000.0	3.31550864528
324000000.0	0.765401009569
326000000.0	-1.65194715139
328000000.0	-2.90914620168
330000000.0	-2.48274514728
332000000.0	-0.844819563275
334000000.0	1.12668886679
336000000.0	2.29530739981
338000000.0	2.05064203041
340000000.0	0.669821877156
342000000.0	-1.07541587369
344000000.0	-1.94308804789
346000000.0	-1.40741202256
348000000.0	-0.255519117252
350000000.0	0.85799275835
352000000.0	1.19261500827
354000000.0	0.761410762085
356000000.0	-0.025711403212
358000000.0	-0.628837953288
360000000.0	-0.788673244168
362000000.0	-0.435823904709
364000000.0	0.269605072217
366000000.0	0.692158564527
368000000.0	0.579990992602
370000000.0	-0.0465594539927
372000000.0	-0.608417226477
374000000.0	-0.697675512533
376000000.0	-0.293602609115
378000000.0	0.339881360333
380000000.0	0.722265458851
382000000.0	0.651779608689
384000000.0	0.0659358640646
386000000.0	-0.57920127845
388000000.0	-0.870432447239
390000000.0	-0.597114789313
392000000.0	-0.0045252244785
394000000.0	0.657728161139
396000000.0	0.914191858569
398000000.0	0.583050618839
400000000.0	-0.185268476322
402000000.0	-0.778156630026
404000000.0	-0.808834495855
406000000.0	-0.441743981739
408000000.0	0.184839753385
410000000.0	0.7905305443
412000000.0	0.875092198621
414000000.0	0.371372676861
416000000.0	-0.228786620303
418000000.0	-0.648003159813
420000000.0	-0.729956427085
422000000.0	-0.245840656702
424000000.0	0.216729823399
426000000.0	0.61274907526
428000000.0	0.596570517003
430000000.0	0.205014803665
432000000.0	-0.259612002835
434000000.0	-0.484202624601
436000000.0	-0.328331470172
438000000.0	-0.15623661115
440000000.0	0.240647200638
442000000.0	0.343279393664
444000000.0	0.170206001099
446000000.0	-0.127505910625
448000000.0	-0.27163124063
450000000.0	-0.249991423373
452000000.0	-0.0182249732254
454000000.0	0.151160119693
456000000.0	0.326227834515
458000000.0	0.160850920111
460000000.0	-0.213623827557
462000000.0	-0.302036826194
464000000.0	-0.397607213525
466000000.0	-0.0978102050535
468000000.0	0.250512154916
470000000.0	0.472706157131
472000000.0	0.309986931158
474000000.0	0.0396129335692
476000000.0	-0.346086708298
478000000.0	-0.373970993962
480000000.0	-0.399035893436
482000000.0	0.0115275878695
484000000.0	0.333621702278
486000000.0	0.429709137294
488000000.0	0.273663793431
490000000.0	-0.098480135904
492000000.0	-0.353934811614
494000000.0	-0.433860031303
496000000.0	-0.217550951402
498000000.0	0.0612036265889
500000000.0	0.238986871862
502000000.0	0.42245705936
504000000.0	0.221916690379
506000000.0	-0.0574188485043
508000000.0	-0.379694468541
510000000.0	-0.247099064663
512000000.0	-0.13644432464
514000000.0	0.15200850594
516000000.0	0.185924408491
518000000.0	0.184000195799
520000000.0	0.0511525492779
522000000.0	-0.135021065702
524000000.0	-0.0497534201739
526000000.0	-0.160381014149
528000000.0	-0.0151890271921
530000000.0	0.108545459319
532000000.0	0.0703558150332
534000000.0	-0.058517874441
536000000.0	-0.127841473109
538000000.0	-0.238312713614
540000000.0	-0.0391722443365
542000000.0	0.059589952994
544000000.0	0.202293040347
546000000.0	0.164482691996
548000000.0	0.0572490215383
550000000.0	-0.221341950372
552000000.0	-0.275652577496
554000000.0	-0.197504723091
556000000.0	0.102050362682
558000000.0	0.0566453384463
560000000.0	0.28544968613
562000000.0	0.190130455384
564000000.0	-0.00571749541107
566000000.0	-0.192816374807
568000000.0	-0.315431370222
570000000.0	-0.264890434058
572000000.0	0.0259921542868
574000000.0	0.273931916933
576000000.0	0.274779074741
578000000.0	0.0602607588311
580000000.0	0.0062306773457
582000000.0	-0.202070307486
584000000.0	-0.200968708474
586000000.0	-0.126922403505
588000000.0	0.0334187569102
590000000.0	0.229017725925
592000000.0	0.0283732508383
594000000.0	-0.00550164980633
596000000.0	-0.0174732014759
598000000.0	0.0132036731744
600000000.0	-0.422151738925
602000000.0	0.215358923943
604000000.0	0.199403752827
606000000.0	0.163315819652
608000000.0	-0.0560932728489
610000000.0	-0.144541253232
612000000.0	-0.108488091577
614000000.0	-0.0425888049028
616000000.0	0.0533713869187
618000000.0	0.143383060905
620000000.0	0.110134718028
622000000.0	0.00129027867688
624000000.0	-0.167482297268
626000000.0	-0.184457035169
628000000.0	-0.136548139391
630000000.0	0.00627311429428
632000000.0	0.147464587558
634000000.0	0.124316982539
636000000.0	0.130119945898
638000000.0	0.0758397460183
640000000.0	-0.180699030043
642000000.0	-0.309815756294
644000000.0	-0.12152886096
646000000.0	0.00611737196072
648000000.0	0.173387480147
650000000.0	0.210937028485
652000000.0	0.0422011585066
654000000.0	-0.0155483028168
656000000.0	-0.136523088793
658000000.0	-0.133790653789
660000000.0	0.0023409976832
662000000.0	0.0460827582829
664000000.0	0.133124288776
666000000.0	0.0324304373896
668000000.0	-0.0608028861193
670000000.0	-0.0310895768365
672000000.0	-0.0903349113991
674000000.0	-0.121189020186
676000000.0	0.230421056295
678000000.0	0.140551497514
680000000.0	0.00579528307718
682000000.0	-0.0477058539742
684000000.0	-0.154800250467
686000000.0	-0.148044795408
688000000.0	0.0211256815255
690000000.0	0.293930162811
692000000.0	0.174171565997
694000000.0	0.0766125974318
696000000.0	-0.0488767683323
698000000.0	-0.131497302075
700000000.0	-0.433476428056
702000000.0	-0.0946308317102
704000000.0	0.133435924445
706000000.0	0.209085889071
708000000.0	0.221394887884
710000000.0	0.101012109695
712000000.0	-0.135883174215
714000000.0	-0.0968193402923
716000000.0	-0.240400456375
718000000.0	-0.0800821112762
720000000.0	0.0656086357256
722000000.0	0.195835831204
724000000.0	0.16931013666
726000000.0	-0.00763831806183
728000000.0	-0.156800844907
730000000.0	-0.118534920168
732000000.0	-0.124865434339
734000000.0	-0.0560474014429
736000000.0	0.176999293483
738000000.0	0.086121571007
740000000.0	0.0715133027279
742000000.0	-0.00663351684581
744000000.0	-0.0849487700198
746000000.0	-0.130998655587
748000000.0	0.016456341956
750000000.0	0.0827713435741
752000000.0	0.0668157697005
754000000.0	-0.0201370593395
756000000.0	-0.164487864874
758000000.0	-0.229284723568
760000000.0	-0.106978407835
762000000.0	0.000314484878606
764000000.0	0.230601701758
766000000.0	0.0976076026689
768000000.0	0.114838145525
770000000.0	-0.0695589478838
772000000.0	-0.305526323639
774000000.0	-0.246961474656
776000000.0	-0.123251588794
778000000.0	0.113849438773
780000000.0	0.219356569817
782000000.0	0.213424268946
784000000.0	0.120881565627
786000000.0	-0.0844753385396
788000000.0	-0.291401434019
790000000.0	-0.32708225635
792000000.0	-0.0909607666459
794000000.0	0.191568134522
796000000.0	0.238475370216
798000000.0	0.289863507314
800000000.0	-0.150516005362
802000000.0	-0.141553556382
804000000.0	-0.127674229941
806000000.0	-0.0823095078002
808000000.0	-0.0770765377404
810000000.0	0.0214832004285
812000000.0	0.0963726566229
814000000.0	-0.00107370411696
816000000.0	0.0202812887595
818000000.0	-0.0725217742092
820000000.0	-0.0302030994093
822000000.0	0.016882192376
824000000.0	0.187956269521
826000000.0	-0.0110429064387
828000000.0	-0.0188904592702
830000000.0	-0.254401855782
832000000.0	-0.233521857062
834000000.0	-0.080900420311
836000000.0	0.123859265486
838000000.0	0.294476046722
840000000.0	0.29067778962
842000000.0	0.125050042715
844000000.0	-0.147186195462
846000000.0	-0.32349493737
848000000.0	-0.377379152287
850000000.0	-0.197101952287
852000000.0	0.148285878152
854000000.0	0.3789537759
856000000.0	0.454143152184
858000000.0	0.167063534204
860000000.0	-0.256827350172
862000000.0	-0.607325264535
864000000.0	-0.530632193781
866000000.0	-0.146944924828
868000000.0	0.373292099676
870000000.0	0.328203413972
872000000.0	0.366211585243
874000000.0	-0.0450343423623
876000000.0	-0.187061619831
878000000.0	-0.373209762733
880000000.0	-0.311236854067
882000000.0	-0.0412589685517
884000000.0	0.182309138738
886000000.0	0.436553732132
888000000.0	-0.0933874971549
890000000.0	-0.813851379042
892000000.0	-0.827125749863
894000000.0	0.53072012755
896000000.0	3.31121585272
898000000.0	5.93919141715
900000000.0	-16.9743032405
902000000.0	4.90720270504
904000000.0	3.5720096575
906000000.0	2.10775233155
908000000.0	0.57122019329
910000000.0	-0.8516727976
912000000.0	-1.67727860877
914000000.0	-1.44384303622
916000000.0	-0.398829232639
918000000.0	0.858258008946
920000000.0	1.19987169563
922000000.0	0.898638914744
924000000.0	0.0387288903957
926000000.0	-0.578851356068
928000000.0	-0.831748662989
930000000.0	-0.571886316985
932000000.0	-0.103344657732
934000000.0	0.426985815639
936000000.0	0.551605267761
938000000.0	0.476237437781
940000000.0	0.0153764097398
942000000.0	-0.292134094909
944000000.0	-0.417010426821
946000000.0	-0.231199937776
948000000.0	0.0807156623285
950000000.0	0.28355178919
952000000.0	0.134700190173
954000000.0	0.0309050260862
956000000.0	-0.115221837883
958000000.0	-0.161372835894
960000000.0	-0.131738903146
962000000.0	0.0179339797176
964000000.0	0.166567240498
966000000.0	0.155935131991
968000000.0	-0.0151761560378
970000000.0	-0.13213464267
972000000.0	-0.245515985923
974000000.0	-0.161483854967
976000000.0	0.0916921505789
978000000.0	0.164817086742
980000000.0	0.180703532868
982000000.0	0.202657564605
984000000.0	-0.149048676648
986000000.0	-0.236382880304
988000000.0	-0.177564175397
990000000.0	-0.063473163194
992000000.0	0.109693359363
994000000.0	0.180401966185
996000000.0	0.313511754853
998000000.0	0.0473978948473
1000000000.0	-0.387483
1002000000.0	-0.145549443481
1004000000.0	-0.109106819986
1006000000.0	0.00888324677001
1008000000.0	0.0882651244491
1010000000.0	0.1574811254
1012000000.0	0.147892932515
1014000000.0	-0.0140174203393
1016000000.0	0.00279705513097
1018000000.0	-0.203941467541
1020000000.0	-0.129450713728
1022000000.0	0.0483693729343
1024000000.0	0.0209438185144
1026000000.0	0.0267167660789
1028000000.0	0.0244526484366
1030000000.0	-0.0105228272621
1032000000.0	-0.0464659269202
1034000000.0	-0.0171270374496
1036000000.0	0.0410635883967
1038000000.0	-0.038687248719
1040000000.0	-0.0291964937955
1042000000.0	-0.0281620566474
1044000000.0	-0.0997741133193
1046000000.0	-0.0210078210396
1048000000.0	-0.0717797998553
1050000000.0	0.0139392159469
1052000000.0	0.0640056954675
1054000000.0	0.0584971332945
1056000000.0	0.0504561757253
1058000000.0	-0.0868614172031
1060000000.0	-0.0644433615442
1062000000.0	-0.0961939877454
1064000000.0	0.00360704523007
1066000000.0	0.0516827485761
1068000000.0	0.0945283775486
1070000000.0	0.0980895548674
1072000000.0	0.0918544921515
1074000000.0	-0.0501893692118
1076000000.0	-0.102680676456
1078000000.0	0.0442235949927
1080000000.0	-0.0993131724416
1082000000.0	0.12598944827
1084000000.0	0.0569569938606
1086000000.0	0.112777089702
1088000000.0	-0.0405155102161
1090000000.0	-0.0828813943018
1092000000.0	-0.0570379211038
1094000000.0	-0.00637940850314
1096000000.0	-0.0373440251571
1098000000.0	-0.0343270533612
1100000000.0	-0.0384122643931
1102000000.0	0.0341146601251
1104000000.0	0.0200793319042
1106000000.0	-0.0442731991675
1108000000.0	-0.100230001108
1110000000.0	0.0543717894859
1112000000.0	-0.0400573901236
1114000000.0	-0.0291891112075
1116000000.0	-0.103658187757
1118000000.0	-0.035157963968
1120000000.0	-0.0169621713453
1122000000.0	0.0252900616999
1124000000.0	0.158646856299
1126000000.0	-0.0396099361935
1128000000.0	-0.00927395061549
1130000000.0	0.0991192113368
1132000000.0	-0.0148378230595
1134000000.0	-0.0947439356597
1136000000.0	0.0649546083191
1138000000.0	-0.0485828063052
1140000000.0	0.0976057714904
1142000000.0	0.136454286072
1144000000.0	0.0533866966566
1146000000.0	0.0697144639673
1148000000.0	0.0229565546976
1150000000.0	-0.0982671201761
1152000000.0	-0.0677689968255
1154000000.0	-0.0220384327793
1156000000.0	-0.0474371243013
1158000000.0	0.0317851531946
1160000000.0	0.0490524225014
1162000000.0	0.0901509707229
1164000000.0	0.0130843712403
1166000000.0	-0.0711545316159
1168000000.0	-0.141289782516
1170000000.0	0.0406406176133
1172000000.0	-0.0368232045694
1174000000.0	0.0578805606976
1176000000.0	0.00951356596306
1178000000.0	-0.0090815110966
1180000000.0	0.00859965508852
1182000000.0	0.0285600375985
1184000000.0	-0.0694589668105
1186000000.0	0.0370176166559
1188000000.0	0.00323527913251
1190000000.0	-0.0629613487918
1192000000.0	-0.0519367319773
1194000000.0	-0.0243356538097
1196000000.0	0.0273054550783
1198000000.0	0.0417296635421
1200000000.0	-0.153833273678
1202000000.0	0.0528851069994
1204000000.0	-0.0304399779555
1206000000.0	-0.108551354538
1208000000.0	-0.142066250551
1210000000.0	-0.0528161253303
1212000000.0	0.0163236012126
1214000000.0	0.0538451621868
1216000000.0	0.0790460948948
1218000000.0	0.0616295891752
1220000000.0	0.0620318833017
1222000000.0	-0.0868419202696
1224000000.0	-0.00771397167795
1226000000.0	-0.0281779414388
1228000000.0	-0.0256650772346
1230000000.0	0.0543861183229
1232000000.0	0.109192387819
1234000000.0	0.0198626686945
1236000000.0	0.0243167892471
1238000000.0	-0.0300356211858
1240000000.0	-0.0147940740598
1242000000.0	-0.0581328793363
1244000000.0	-0.042228640265
1246000000.0	0.0457761651207
1248000000.0	0.00742623683226
1250000000.0	0.124484220896
1252000000.0	-0.00101918867551
1254000000.0	-0.00218926800397
1256000000.0	0.0270957234841
1258000000.0	0.063966137725
1260000000.0	0.0412705869555
1262000000.0	-0.00471198770257
1264000000.0	-0.0335308995149
1266000000.0	-0.079414637912
1268000000.0	-0.119891362507
1270000000.0	0.00822311453473
1272000000.0	-0.0303029686694
1274000000.0	0.00226384716436
1276000000.0	0.127087846608
1278000000.0	0.0451161127031
1280000000.0	0.106721490539
1282000000.0	-0.0927590232073
1284000000.0	-0.103359812286
1286000000.0	0.0150076784902
1288000000.0	-0.0300595286038
1290000000.0	-0.00761102903873
1292000000.0	0.0816419170641
1294000000.0	-0.0188644858899
1296000000.0	0.10350577416
1298000000.0	0.130735839228
1300000000.0	-0.776098169142
1302000000.0	0.176575817711
1304000000.0	0.23049896125
1306000000.0	0.127239863349
1308000000.0	0.0163057870259
1310000000.0	-0.127002483462
1312000000.0	-0.162266774496
1314000000.0	-0.0300319618007
1316000000.0	-0.0523547561836
1318000000.0	0.0156246687197
1320000000.0	0.0369206446927
1322000000.0	0.160563981199
1324000000.0	-0.0239434244506
1326000000.0	-0.0525893884263
1328000000.0	-0.0911470820887
1330000000.0	-0.0933136063508
1332000000.0	-0.0146966480106
1334000000.0	-0.00350928653728
1336000000.0	0.0711514973248
1338000000.0	-0.0125781784866
1340000000.0	0.000138496576251
1342000000.0	-0.0523555809121
1344000000.0	-0.127829322462
1346000000.0	0.0500178744281
1348000000.0	0.05634814015
1350000000.0	0.00597494434864
1352000000.0	-0.0520426768181
1354000000.0	-0.0356448527109
1356000000.0	-0.0945702024678
1358000000.0	-0.110769141054
1360000000.0	0.0104719114604
1362000000.0	0.0321136509017
1364000000.0	0.127641012524
1366000000.0	0.0186089481764
1368000000.0	0.109152960318
1370000000.0	-0.0723761694031
1372000000.0	-0.0472477009895
1374000000.0	-0.0884443676984
1376000000.0	0.0163468063928
1378000000.0	0.0526761457464
1380000000.0	0.0326083697353
1382000000.0	0.00304852457962
1384000000.0	-0.0270904275304
1386000000.0	-0.0663547288535
1388000000.0	-0.0469067655423
1390000000.0	0.0132124458368
1392000000.0	-0.0936332789717
1394000000.0	0.0578178284228
1396000000.0	0.103250922344
1398000000.0	0.191285845607
1400000000.0	-0.26882690166
1402000000.0	0.0392486169883
1404000000.0	0.0477091514472
1406000000.0	0.00171011536206
1408000000.0	-0.0141761402472
1410000000.0	-0.0164013924749
1412000000.0	-0.0671581760266
1414000000.0	-0.128199265728
1416000000.0	-0.0499818124779
1418000000.0	0.0290517001542
1420000000.0	0.013870628222
1422000000.0	0.0608694064064
1424000000.0	0.0665760776266
1426000000.0	-0.000495550144256
1428000000.0	0.0429842971677
1430000000.0	-0.121593648839
1432000000.0	-0.112804637132
1434000000.0	-0.0285784568892
1436000000.0	0.0600870631101
1438000000.0	0.179643976341
1440000000.0	0.0452646825125
1442000000.0	0.0510143622184
1444000000.0	-0.129865725095
1446000000.0	-0.160379164745
1448000000.0	-0.101899786098
1450000000.0	0.0580304515251
1452000000.0	0.0670023580857
1454000000.0	0.128897661789
1456000000.0	0.213217751118
1458000000.0	0.108042085719
1460000000.0	-0.0726361390439
1462000000.0	-0.142770822106
1464000000.0	-0.189062027578
1466000000.0	-0.00785402396619
1468000000.0	0.119527931538
1470000000.0	0.0743209811345
1472000000.0	0.0126190944073
1474000000.0	-0.0262062119618
1476000000.0	-0.0599060941582
1478000000.0	-0.0378259455549
1480000000.0	0.086086014193
1482000000.0	0.0623956055591
1484000000.0	0.146428327735
1486000000.0	0.020570212152
1488000000.0	-0.235684657826
1490000000.0	-0.384571155421
1492000000.0	-0.271097215755
1494000000.0	0.392592106144
1496000000.0	1.47744354867
1498000000.0	2.75512006908
1500000000.0	-7.82646187186
1502000000.0	2.23475559026
1504000000.0	1.68089352861
1506000000.0	0.783718353479
1508000000.0	0.137340233831
1510000000.0	-0.337554076797
1512000000.0	-0.708918407298
1514000000.0	-0.588967298863
1516000000.0	-0.253058590459
1518000000.0	0.349873101346
1520000000.0	0.482287555348
1522000000.0	0.368109139623
1524000000.0	0.0287629641836
1526000000.0	-0.131588793511
1528000000.0	-0.320716926408
1530000000.0	-0.300080098404
1532000000.0	-0.0617756725684
1534000000.0	0.058807870114
1536000000.0	0.198384584821
1538000000.0	0.150449677619
1540000000.0	0.169826544203
1542000000.0	-0.0249511016541
1544000000.0	-0.136223286133
1546000000.0	-0.0826755982222
1548000000.0	-0.112617743945
1550000000.0	0.0241356956167
1552000000.0	0.0556747013403
1554000000.0	0.0573653332967
1556000000.0	0.00942761990778
1558000000.0	-0.0837168448576
1560000000.0	0.0181833987846
1562000000.0	0.0273522419371
1564000000.0	0.0377017450376
1566000000.0	0.0351104555692
1568000000.0	0.063968645379
1570000000.0	-0.0895818931138
1572000000.0	-0.108742926325
1574000000.0	-0.0410557480081
1576000000.0	-0.00476132032801
1578000000.0	0.0280070801826
1580000000.0	0.151761627136
1582000000.0	0.00373325503513
1584000000.0	0.00104873856667
1586000000.0	-0.108745858185
1588000000.0	-0.0554207056902
1590000000.0	-0.0237748322276
1592000000.0	-0.0118607578683
1594000000.0	0.0118162988525
1596000000.0	0.141857675101
1598000000.0	0.0105275037819
1600000000.0	-0.126051744638
1602000000.0	-0.102463865069
1604000000.0	-0.0923494012679
1606000000.0	-0.0158406207371
1608000000.0	-0.0269124850951
1610000000.0	0.0200354623117
1612000000.0	0.104791986035
1614000000.0	0.0111204136324
1616000000.0	0.0508855777634
1618000000.0	-0.0727226733364
1620000000.0	-0.055004365245
1622000000.0	-0.0531725633071
1624000000.0	0.0296417747241
1626000000.0	0.060432833285
1628000000.0	0.00408024764743
1630000000.0	0.0659745042263
1632000000.0	-0.00529104531935
1634000000.0	-0.0559369728995
1636000000.0	0.0216043883539
1638000000.0	-0.0539517249422
1640000000.0	0.0211078037883
1642000000.0	0.0536036482427
1644000000.0	0.0263528483755
1646000000.0	-0.0913914537031
1648000000.0	-0.077071481605
1650000000.0	-0.00156357357161
1652000000.0	0.00555570561845
1654000000.0	-0.0246608856731
1656000000.0	0.0390544219686
1658000000.0	-0.0346454486921
1660000000.0	-0.1267960121
1662000000.0	-0.110047746197
1664000000.0	0.00367024127762
1666000000.0	0.0166896344668
1668000000.0	0.0138178261491
1670000000.0	0.0546126839605
1672000000.0	0.00460040097633
1674000000.0	-0.0716969446793
1676000000.0	-0.0151306600451
1678000000.0	0.0194460814499
1680000000.0	-0.024884889941
1682000000.0	0.00389798019677
1684000000.0	-0.0238321216694
1686000000.0	0.0903898637942
1688000000.0	-0.0275767953741
1690000000.0	0.00829532732481
1692000000.0	-0.0658447790756
1694000000.0	-0.0663781009685
1696000000.0	0.0402963908972
1698000000.0	0.0838572645935
1700000000.0	-0.22312371651
1702000000.0	0.00618530131528
1704000000.0	0.119370707625
1706000000.0	0.00907291204158
1708000000.0	0.0118199268456
1710000000.0	-0.0475565476849
1712000000.0	-0.0835475004056
1714000000.0	-0.00713218396306
1716000000.0	-0.0243087100022
1718000000.0	-0.0422082340257
1720000000.0	-0.0491853232284
1722000000.0	-0.0657595346272
1724000000.0	0.0660324997808
1726000000.0	0.0186658453626
1728000000.0	-0.0717049146788
1730000000.0	0.0371409193189
1732000000.0	0.0481324608906
1734000000.0	-0.0597804058633
1736000000.0	0.0104436525583
1738000000.0	-0.136483410875
1740000000.0	0.0199380732891
1742000000.0	0.0268965150365
1744000000.0	-0.0335238195631
1746000000.0	0.0398702454251
1748000000.0	0.0343080325432
1750000000.0	-0.0871245940115
1752000000.0	-0.05531114944
1754000000.0	-0.0468762221337
1756000000.0	0.0271259571961
1758000000.0	-0.0500284137932
1760000000.0	-0.0185110238908
1762000000.0	0.0250646056504
1764000000.0	0.0274582000981
1766000000.0	-0.021325525905
1768000000.0	-0.0290109381344
1770000000.0	-0.048938913368
1772000000.0	0.0410874899845
1774000000.0	0.0256245368819
1776000000.0	-0.0834258335911
1778000000.0	-0.068149577866
1780000000.0	-0.0503593001424
1782000000.0	-0.016024592786
1784000000.0	0.0195847555781
1786000000.0	-0.0110526124786
1788000000.0	0.00893786192083
1790000000.0	-0.00447618872797
1792000000.0	0.0391108026741
1794000000.0	-0.00472318766672
1796000000.0	-0.0382118474597
1798000000.0	-0.0491526365751
1800000000.0	0.0995211928908
1802000000.0	-0.0241859057944
1804000000.0	-0.0086586801136
1806000000.0	-0.0553512702871
1808000000.0	-0.00248821782338
1810000000.0	0.0592917926534
1812000000.0	0.00937091857201
1814000000.0	-0.00641880645414
1816000000.0	-0.02081433778
1818000000.0	0.0269754088355
1820000000.0	-0.0331342474849
1822000000.0	0.0385070341023
1824000000.0	-0.0810160905694
1826000000.0	0.0626745461722
1828000000.0	-0.0290206983048
1830000000.0	0.0338775278973
1832000000.0	0.0156820395267
1834000000.0	0.0206199377351
1836000000.0	0.0203605296545
1838000000.0	0.0607112080842
1840000000.0	0.00607575708302
1842000000.0	-0.088636631025
1844000000.0	-0.00949405926999
1846000000.0	0.00624429317628
1848000000.0	-0.00337697327534
1850000000.0	0.00972421419873
1852000000.0	-0.0102193756513
1854000000.0	-0.00740542094345
1856000000.0	0.0131342276242
1858000000.0	-0.0262197674425
1860000000.0	-0.0539182213232
1862000000.0	0.00193175803045
1864000000.0	-0.0123068307002
1866000000.0	0.00365698904298
1868000000.0	-0.0373312220005
1870000000.0	-0.121602042144
1872000000.0	-0.114021710137
1874000000.0	-0.127623056738
1876000000.0	-0.0335871176604
1878000000.0	0.0610220853545
1880000000.0	0.144543444552
1882000000.0	0.119466672406
1884000000.0	-0.0375662994457
1886000000.0	-0.0839051140293
1888000000.0	-0.0943772964351
1890000000.0	-0.0634026640059
1892000000.0	0.0755819277047
1894000000.0	0.261786621133
1896000000.0	0.5353009287
1898000000.0	0.642226516888
1900000000.0	-2.51000395842
1902000000.0	0.929243573008
1904000000.0	0.513739835358
1906000000.0	0.16235774959
1908000000.0	-0.0219728380587
1910000000.0	-0.0962984363367
1912000000.0	-0.109950701942
1914000000.0	-0.0389955725152
1916000000.0	-0.00319819340127
1918000000.0	0.0163418042702
1920000000.0	0.0212459258233
1922000000.0	0.00844060852514
1924000000.0	-0.020260249986
1926000000.0	0.010457740279
1928000000.0	0.0323374973999
1930000000.0	0.00290572956674
1932000000.0	-0.0314881193694
1934000000.0	-0.00379618029864
1936000000.0	-0.0268252669267
1938000000.0	-0.05002138645
1940000000.0	0.0085624603235
1942000000.0	0.0724647096071
1944000000.0	0.00849345331609
1946000000.0	0.0291850047749
1948000000.0	0.0762656392419
1950000000.0	0.0272987931713
1952000000.0	-0.0621689230924
1954000000.0	-0.0873306590609
1956000000.0	0.0252070561952
1958000000.0	-0.0535459479486
1960000000.0	-0.0296942170795
1962000000.0	0.0786119577419
1964000000.0	-0.00728842726474
1966000000.0	0.0346795976294
1968000000.0	-0.031481579
1970000000.0	-0.0517200108178
1972000000.0	5.97912881317e-06
1974000000.0	-0.0605696256972
1976000000.0	0.0541927140058
1978000000.0	0.0268521402314
1980000000.0	0.0203712077437
1982000000.0	0.00130726230431
1984000000.0	-0.0359831049444
1986000000.0	-0.00859949272827
1988000000.0	-0.076531156731
1990000000.0	0.018014952823
1992000000.0	-0.0500932962373
1994000000.0	0.0121403685293
1996000000.0	-0.000780085211628
1998000000.0	0.0193355818585
2000000000.0	-0.0874815
