0.0	-2.3
2000000.0	0.40905946605
4000000.0	1.36529255637
6000000.0	0.324788516359
8000000.0	0.0533501118375
10000000.0	0.0183571432566
12000000.0	-0.988285765923
14000000.0	-0.942548576098
16000000.0	0.24757228973
18000000.0	2.52452928083
20000000.0	3.66426515268
22000000.0	3.31157526369
24000000.0	1.77799609085
26000000.0	-0.0681960332211
28000000.0	-1.83116995502
30000000.0	-3.60677734407
32000000.0	-3.85520314575
34000000.0	-1.89470163989
36000000.0	1.58690873225
38000000.0	3.32716379286
40000000.0	3.19469181877
42000000.0	2.62824045026
44000000.0	0.610076526261
46000000.0	-1.03795489982
48000000.0	-1.66382576037
50000000.0	-1.29856833652
52000000.0	0.264999943496
54000000.0	1.3431651523
56000000.0	1.4436985084
58000000.0	0.469914523979
60000000.0	-0.726232623852
62000000.0	-1.85079593279
64000000.0	-1.55094749696
66000000.0	-0.208856252519
68000000.0	1.41265516479
70000000.0	2.06837559926
72000000.0	1.73529992158
74000000.0	0.0150062606671
76000000.0	-1.15979468025
78000000.0	-2.10986299672
80000000.0	-1.57716230216
82000000.0	-0.376519199022
84000000.0	0.744962514061
86000000.0	1.50296603115
88000000.0	1.31972609289
90000000.0	0.218484049349
92000000.0	-0.573631239346
94000000.0	-0.985418923658
96000000.0	-0.748795850515
98000000.0	-0.176103243111
100000000.0	0.663444392766
102000000.0	0.290281272901
104000000.0	-0.0555231956348
106000000.0	-0.395617323734
108000000.0	-0.574014654399
110000000.0	-0.30364306819
112000000.0	0.255999443291
114000000.0	0.688873857575
116000000.0	0.676402289882
118000000.0	0.298251173694
120000000.0	-0.252191434132
122000000.0	-1.17207522667
124000000.0	-0.920876183034
126000000.0	-0.193833611102
128000000.0	0.370727030765
130000000.0	0.661725032988
132000000.0	0.630181420692
134000000.0	0.3949881986
136000000.0	-0.340348999718
138000000.0	-0.550198453877
140000000.0	-0.443388480995
142000000.0	-0.209671155271
144000000.0	0.25528566514
146000000.0	0.250446277954
148000000.0	0.0427680606858
150000000.0	-0.514403306938
152000000.0	-0.344734166293
154000000.0	-0.15805170066
156000000.0	0.190052314149
158000000.0	0.584672244051
160000000.0	0.671801357974
162000000.0	0.064324633932
164000000.0	-0.566389907277
166000000.0	-0.871118562309
168000000.0	-0.94268375365
170000000.0	-0.193714238632
172000000.0	0.354104299305
174000000.0	1.08120382705
176000000.0	0.878507340229
178000000.0	0.285693311869
180000000.0	-0.691197964979
182000000.0	-1.06094381291
184000000.0	-0.773536137221
186000000.0	-0.144825504336
188000000.0	0.69946316565
190000000.0	1.0553992949
192000000.0	0.537094229641
194000000.0	-0.27521562523
196000000.0	-0.878700325864
198000000.0	-1.00339719679
200000000.0	-0.557279369403
202000000.0	0.45963583725
204000000.0	0.836670082172
206000000.0	0.8223490109
208000000.0	0.353497996187
210000000.0	-0.587432390231
212000000.0	-1.0888145761
214000000.0	-0.761122099527
216000000.0	0.00519395828469
218000000.0	0.803947888008
220000000.0	0.948425304785
222000000.0	0.333027951269
224000000.0	-0.609836604796
226000000.0	-0.916020111627
228000000.0	-0.867310064314
230000000.0	0.00756846785512
232000000.0	0.842827463283
234000000.0	1.08357865298
236000000.0	0.602565257772
238000000.0	-0.266866369751
240000000.0	-1.3824943111
242000000.0	-1.7818945007
244000000.0	-0.868675059898
246000000.0	0.847022082382
248000000.0	2.15139286089
250000000.0	1.6255280606
252000000.0	0.536236062491
254000000.0	-1.78474021106
256000000.0	-2.79644641929
258000000.0	-2.17571055259
260000000.0	0.02344042012
262000000.0	2.0759452692
264000000.0	3.16169131918
266000000.0	2.70612470303
268000000.0	0.643108560479
270000000.0	-2.61961597933
272000000.0	-5.0400448971
274000000.0	-4.70176888531
276000000.0	-0.265499477044
278000000.0	5.61266148127
280000000.0	8.19650825232
282000000.0	4.82479523765
284000000.0	-2.55213351777
286000000.0	-8.90007550209
288000000.0	-9.45886714109
290000000.0	-5.0912637806
292000000.0	2.03977821786
294000000.0	12.0190813161
296000000.0	27.0864645887
298000000.0	47.3647705694
300000000.0	-154.783750142
302000000.0	57.7207533639
304000000.0	34.5492358836
306000000.0	7.85826142323
308000000.0	-8.67837063444
310000000.0	-10.7904053494
312000000.0	-5.12790713961
314000000.0	0.567379678132
316000000.0	2.73907032875
318000000.0	2.8250862885
320000000.0	1.76332153061
322000000.0	0.380086325306
324000000.0	-1.23581267
326000000.0	-2.45837906183
328000000.0	-1.4617798596
330000000.0	0.782535297316
332000000.0	2.31933975252
334000000.0	1.93092438862
336000000.0	-0.149388867586
338000000.0	-2.08432720451
340000000.0	-2.11891640991
342000000.0	-0.542466777719
344000000.0	1.18615575882
346000000.0	1.85892026863
348000000.0	1.56228295499
350000000.0	0.162295837931
352000000.0	-0.931225160199
354000000.0	-1.77391805032
356000000.0	-1.6358050622
358000000.0	-0.544629575682
360000000.0	0.983302653517
362000000.0	1.9835252914
364000000.0	1.62539557326
366000000.0	0.309693348534
368000000.0	-1.20625802154
370000000.0	-1.90465033378
372000000.0	-1.39804537476
374000000.0	-0.266781036524
376000000.0	1.13614959005
378000000.0	1.46419199965
380000000.0	0.919072415942
382000000.0	-0.0125113400918
384000000.0	-0.615484266438
386000000.0	-1.15809525736
388000000.0	-0.769750091026
390000000.0	-0.276624409182
392000000.0	0.666243688605
394000000.0	1.04489159485
396000000.0	0.571117744374
398000000.0	-0.150739432428
400000000.0	-0.0926748375977
402000000.0	-0.767865851858
404000000.0	-0.567207088684
406000000.0	0.0451592619229
408000000.0	0.265821943014
410000000.0	0.219942963784
412000000.0	0.201224395513
414000000.0	-0.130527035402
416000000.0	-0.261376076755
418000000.0	-0.246367612903
420000000.0	-0.0452593136388
422000000.0	0.105267490018
424000000.0	0.088989876792
426000000.0	-0.191391438135
428000000.0	-0.171578549644
430000000.0	-0.269084367533
432000000.0	-0.123743375584
434000000.0	0.265506867143
436000000.0	0.347538884929
438000000.0	0.247135401627
440000000.0	0.141140489126
442000000.0	-0.167497907716
444000000.0	-0.583142883139
446000000.0	-0.425303940811
448000000.0	-0.1360867774
450000000.0	0.124078408156
452000000.0	0.460410491978
454000000.0	0.574218896752
456000000.0	0.102286701485
458000000.0	-0.155139767266
460000000.0	-0.564716611366
462000000.0	-0.522436336196
464000000.0	-0.239184973596
466000000.0	0.0949589591525
468000000.0	0.371540960436
470000000.0	0.52507257215
472000000.0	0.177999717665
474000000.0	-0.123800959378
476000000.0	-0.158386061122
478000000.0	-0.446067980882
480000000.0	-0.110576965769
482000000.0	-0.0662231231806
484000000.0	0.226249373492
486000000.0	0.333147865613
488000000.0	0.230243735613
490000000.0	-0.000678076274348
492000000.0	-0.33226334529
494000000.0	-0.170921724216
496000000.0	-0.194693891653
498000000.0	-0.0494433612442
500000000.0	0.0780046147165
502000000.0	0.30275225645
504000000.0	0.139388904857
506000000.0	0.0129343207903
508000000.0	-0.154887884155
510000000.0	-0.102753759225
512000000.0	-0.0568755563407
514000000.0	-0.0127487898603
516000000.0	0.18489770182
518000000.0	0.0221533682715
520000000.0	-0.105946986304
522000000.0	0.144983637409
524000000.0	0.0963658329934
526000000.0	0.0090719299709
528000000.0	0.112070767595
530000000.0	0.0756930889872
532000000.0	-0.118796889425
534000000.0	-0.239801812481
536000000.0	-0.150783300303
538000000.0	-0.121407517238
540000000.0	0.0544903677883
542000000.0	0.208499459465
544000000.0	0.228894631985
546000000.0	0.139877679856
548000000.0	-0.0786390819712
550000000.0	-0.259418382881
552000000.0	-0.333053131851
554000000.0	-0.202492488503
556000000.0	0.0554336998324
558000000.0	0.199740338281
560000000.0	0.192571801914
562000000.0	0.111575750101
564000000.0	0.015023464274
566000000.0	-0.0424304938773
568000000.0	-0.280918869476
570000000.0	0.0351609657533
572000000.0	-0.072857544287
574000000.0	0.0716989200065
576000000.0	-0.00197770031743
578000000.0	0.0195906320603
580000000.0	0.237196068208
582000000.0	-0.161794107857
584000000.0	-0.169552393651
586000000.0	0.00178250776847
588000000.0	-0.14502681486
590000000.0	-0.247879157597
592000000.0	-0.0411151019492
594000000.0	-0.0357864231552
596000000.0	0.244291991036
598000000.0	0.323763883216
600000000.0	-0.421996756194
602000000.0	0.0393849429607
604000000.0	-0.148535853582
606000000.0	-0.197544770017
608000000.0	-0.102133849688
610000000.0	0.00693808733278
612000000.0	0.0351591515742
614000000.0	0.1497528923
616000000.0	-0.0302702664097
618000000.0	-0.0180696911758
620000000.0	-0.203770771549
622000000.0	-0.292977207122
624000000.0	-0.373317569531
626000000.0	0.230235084335
628000000.0	0.0829397503186
630000000.0	0.136815982217
632000000.0	0.246563643843
634000000.0	0.027760560116
636000000.0	-0.0183740945947
638000000.0	-0.138234265767
640000000.0	-0.00657639998683
642000000.0	-0.0503033830895
644000000.0	0.0753851418564
646000000.0	-0.101647502159
648000000.0	0.268341390155
650000000.0	-0.0793575597625
652000000.0	-0.0791061849852
654000000.0	0.0223647764274
656000000.0	0.0323395734193
658000000.0	0.199411189293
660000000.0	0.0929703768017
662000000.0	0.0323207073983
664000000.0	-0.193042330198
666000000.0	-0.158518560998
668000000.0	-0.0596723324388
670000000.0	0.00446879520705
672000000.0	0.104116330304
674000000.0	0.227099324411
676000000.0	-0.0500306370776
678000000.0	-0.117693356272
680000000.0	-0.0538330736724
682000000.0	-0.0670974362348
684000000.0	-0.151632183583
686000000.0	0.113557835434
688000000.0	0.451196022261
690000000.0	0.0519737476059
692000000.0	0.00103065522756
694000000.0	-0.202701999858
696000000.0	-0.544592746098
698000000.0	-0.434431298384
700000000.0	0.612440140517
702000000.0	0.0471398841783
704000000.0	-0.0949988187629
706000000.0	0.0642377574561
708000000.0	0.063516616749
710000000.0	-0.0805138341834
712000000.0	-0.151926737936
714000000.0	-0.0790450022144
716000000.0	0.059983551068
718000000.0	0.0486917986609
720000000.0	-0.117573143483
722000000.0	0.109585691746
724000000.0	-0.0210801878837
726000000.0	-0.0789021006134
728000000.0	-0.144048392108
730000000.0	-0.161782765579
732000000.0	0.0778537470246
734000000.0	0.0489313874478
736000000.0	0.0713794268119
738000000.0	0.00470844807176
740000000.0	-0.0467494993126
742000000.0	-0.124481108404
744000000.0	-0.0249115231857
746000000.0	0.0562482944306
748000000.0	0.0338632107725
750000000.0	0.284463373591
752000000.0	-0.0598924104639
754000000.0	-0.127964388142
756000000.0	-0.104985752128
758000000.0	-0.275896502754
760000000.0	-0.118004335822
762000000.0	0.322822813753
764000000.0	0.30095350411
766000000.0	0.0579608248784
768000000.0	0.0701808381082
770000000.0	-0.354698117891
772000000.0	-0.152085303098
774000000.0	-0.0376944864009
776000000.0	-0.125805216717
778000000.0	0.449342850921
780000000.0	0.204141890741
782000000.0	0.255389912817
784000000.0	-0.0117718555579
786000000.0	-0.362226285264
788000000.0	-0.342122889512
790000000.0	-0.0541206029152
792000000.0	0.099468234336
794000000.0	0.304232828723
796000000.0	0.357514195519
798000000.0	0.0644886436876
800000000.0	-0.550492190129
802000000.0	-0.00995509136709
804000000.0	-0.0364125229981
806000000.0	-0.0352228069673
808000000.0	0.164147030875
810000000.0	0.0652551243078
812000000.0	0.0313138804744
814000000.0	-0.0888846331979
816000000.0	-0.144804822678
818000000.0	-0.0809740320552
820000000.0	-0.0297286282133
822000000.0	0.114633141925
824000000.0	0.0746976909942
826000000.0	0.228881580217
828000000.0	-0.0589286880376
830000000.0	-0.451998384548
832000000.0	-0.180180758359
834000000.0	-0.24249446718
836000000.0	0.319184759397
838000000.0	0.460975918964
840000000.0	0.301930343014
842000000.0	-0.0911018763752
844000000.0	-0.155142089131
846000000.0	-0.637977136881
848000000.0	-0.627942447793
850000000.0	0.0405010484772
852000000.0	0.357408036518
854000000.0	0.697146940619
856000000.0	0.640494164033
858000000.0	-0.0514557945568
860000000.0	-0.559981614976
862000000.0	-0.835663395888
864000000.0	-0.436232001602
866000000.0	0.0877186008518
868000000.0	0.772080175114
870000000.0	0.499649687584
872000000.0	0.234823593413
874000000.0	-0.29394018976
876000000.0	-0.339264825674
878000000.0	-0.604878602714
880000000.0	-0.427584065458
882000000.0	0.114743565258
884000000.0	0.932237607987
886000000.0	1.23622449113
888000000.0	0.0401184406739
890000000.0	-2.02284943734
892000000.0	-2.45578275731
894000000.0	0.126254991032
896000000.0	5.53522362614
898000000.0	9.81168159272
900000000.0	-21.7155611365
902000000.0	5.26139073975
904000000.0	2.9777332014
906000000.0	2.08678985019
908000000.0	1.36624088728
910000000.0	-0.0794292658336
912000000.0	-1.63606950417
914000000.0	-2.25600145971
916000000.0	-1.24292932855
918000000.0	0.725044486194
920000000.0	1.77166844089
922000000.0	1.4684303442
924000000.0	0.137135162515
926000000.0	-0.710138762514
928000000.0	-1.11812789328
930000000.0	-0.962204995092
932000000.0	-0.230253281199
934000000.0	0.397393241303
936000000.0	0.672842091785
938000000.0	0.704926774948
940000000.0	0.339735332182
942000000.0	-0.337894599262
944000000.0	-0.704580557997
946000000.0	-0.603321867479
948000000.0	-0.100577377024
950000000.0	0.391693970614
952000000.0	0.444804824953
954000000.0	0.224293109997
956000000.0	0.0235208340865
958000000.0	-0.333170383258
960000000.0	-0.337578009871
962000000.0	-0.122379969152
964000000.0	0.0769750744588
966000000.0	0.298351822013
968000000.0	0.235245219581
970000000.0	0.151435746299
972000000.0	-0.113298659093
974000000.0	-0.231276378557
976000000.0	-0.249711621475
978000000.0	0.0472638066729
980000000.0	0.308273816217
982000000.0	0.264175115511
984000000.0	0.170760624057
986000000.0	-0.224589362513
988000000.0	-0.453580305896
990000000.0	-0.107940889211
992000000.0	0.0362992293023
994000000.0	0.306034927423
996000000.0	0.351425807138
998000000.0	0.284663740978
1000000000.0	-0.2875
1002000000.0	-0.235517156279
1004000000.0	-0.23446072163
1006000000.0	-0.231812848567
1008000000.0	0.070140162963
1010000000.0	0.266669368902
1012000000.0	0.338691308388
1014000000.0	0.182820935825
1016000000.0	-0.16155692647
1018000000.0	-0.193551611467
1020000000.0	-0.351610687542
1022000000.0	-0.114428168949
1024000000.0	0.0287113298283
1026000000.0	0.196094889027
1028000000.0	0.270460832032
1030000000.0	0.176697651633
1032000000.0	-0.0998437442471
1034000000.0	-0.288579450517
1036000000.0	-0.168667178978
1038000000.0	-0.0369913037767
1040000000.0	-0.00338325678704
1042000000.0	0.259458715429
1044000000.0	-0.0178786800971
1046000000.0	0.032700060068
1048000000.0	-0.0890094066895
1050000000.0	-0.0488595035502
1052000000.0	-0.145434471457
1054000000.0	-0.0431812422987
1056000000.0	0.0662329063092
1058000000.0	0.0850030103152
1060000000.0	0.0457110292926
1062000000.0	-0.0475379988477
1064000000.0	-0.133614906523
1066000000.0	-0.0931582588008
1068000000.0	0.0484594544733
1070000000.0	0.0688354828243
1072000000.0	0.119978053105
1074000000.0	0.143215103491
1076000000.0	-0.110576031852
1078000000.0	-0.0967050699636
1080000000.0	-0.130247679552
1082000000.0	-0.126478844298
1084000000.0	0.13269910449
1086000000.0	0.0339458867048
1088000000.0	0.245128981296
1090000000.0	0.0596730052032
1092000000.0	0.0134149423414
1094000000.0	-0.204904340854
1096000000.0	-0.0699160063572
1098000000.0	-0.0254230878374
1100000000.0	-0.0289171677238
1102000000.0	0.109018220025
1104000000.0	0.17872999039
1106000000.0	-0.00270323637591
1108000000.0	-0.141046982901
1110000000.0	-0.194094097756
1112000000.0	-0.137697029721
1114000000.0	0.0101666012778
1116000000.0	0.0858710662315
1118000000.0	0.123510081234
1120000000.0	0.168731615919
1122000000.0	-0.00588084076763
1124000000.0	-0.218942293974
1126000000.0	0.127618652042
1128000000.0	-0.0227547708228
1130000000.0	0.0744248847638
1132000000.0	-0.0331055525315
1134000000.0	0.156784398908
1136000000.0	0.111638736168
1138000000.0	0.0753959856213
1140000000.0	-0.0300370990126
1142000000.0	0.0139491074367
1144000000.0	0.0758239332415
1146000000.0	0.117445695559
1148000000.0	-0.120363967545
1150000000.0	0.0438930975817
1152000000.0	0.0521697068737
1154000000.0	-0.127445650877
1156000000.0	0.00340019771224
1158000000.0	-0.103605493169
1160000000.0	0.0776108813438
1162000000.0	0.0882957656447
1164000000.0	0.0939832400014
1166000000.0	-0.0148498634276
1168000000.0	-0.151997395845
1170000000.0	-0.142672086838
1172000000.0	-0.0610066134227
1174000000.0	0.0351235934851
1176000000.0	0.124917303572
1178000000.0	0.119600752633
1180000000.0	0.135145838304
1182000000.0	-0.0729776938051
1184000000.0	-0.263455356485
1186000000.0	-0.123347510949
1188000000.0	-0.0104608670482
1190000000.0	0.0866419296528
1192000000.0	0.124039161493
1194000000.0	-0.053572111335
1196000000.0	-0.194201825838
1198000000.0	-0.514856307325
1200000000.0	1.1301748376
1202000000.0	-0.442109076918
1204000000.0	-0.217934535568
1206000000.0	-0.049518461611
1208000000.0	0.092020532514
1210000000.0	0.0733517957536
1212000000.0	0.0340393861651
1214000000.0	0.0960189931589
1216000000.0	0.0164395485935
1218000000.0	-0.0985836556209
1220000000.0	-0.0462442375797
1222000000.0	-0.0366048759749
1224000000.0	-0.117092395604
1226000000.0	0.0735476460023
1228000000.0	-0.0557799608372
1230000000.0	0.0650737853938
1232000000.0	0.031264013673
1234000000.0	0.0602897583118
1236000000.0	-0.0112296894264
1238000000.0	-0.014678574325
1240000000.0	0.0750583391107
1242000000.0	-0.083271190404
1244000000.0	0.0939251328589
1246000000.0	-0.0160354406001
1248000000.0	-0.139087973881
1250000000.0	0.5082458624
1252000000.0	-0.0127823707732
1254000000.0	0.0971051105153
1256000000.0	-0.00867244848814
1258000000.0	-0.0415220951945
1260000000.0	-0.0734300263514
1262000000.0	-0.103825983487
1264000000.0	-0.0254441309518
1266000000.0	-0.0265356562493
1268000000.0	-0.000421717467228
1270000000.0	0.0790435794239
1272000000.0	-0.170143947364
1274000000.0	-0.0124706509133
1276000000.0	-0.122920203886
1278000000.0	0.157191749205
1280000000.0	0.0169149634189
1282000000.0	-0.0196650130176
1284000000.0	0.0408153955123
1286000000.0	-0.0661455811814
1288000000.0	-0.031350974521
1290000000.0	-0.055990518888
1292000000.0	-0.0390851214928
1294000000.0	0.0919068382205
1296000000.0	0.383255662372
1298000000.0	0.551930569425
1300000000.0	-2.54819006951
1302000000.0	1.03135020221
1304000000.0	0.742754870575
1306000000.0	0.147574154053
1308000000.0	-0.0281533826459
1310000000.0	-0.119444894535
1312000000.0	-0.175310262191
1314000000.0	-0.0400710378027
1316000000.0	0.109397214545
1318000000.0	0.0631736763097
1320000000.0	-0.0304017596321
1322000000.0	0.140033470403
1324000000.0	0.0367235440504
1326000000.0	-0.0709505249193
1328000000.0	-0.0590027633933
1330000000.0	-0.0171548389691
1332000000.0	0.049751626871
1334000000.0	-0.0496974400007
1336000000.0	-0.0202925811459
1338000000.0	-0.011225011006
1340000000.0	0.119172656661
1342000000.0	-0.0040110219027
1344000000.0	0.0128428741565
1346000000.0	-0.113220304077
1348000000.0	0.0485989295835
1350000000.0	0.124518053403
1352000000.0	-0.0687826168032
1354000000.0	-0.0191976447398
1356000000.0	0.0423899636997
1358000000.0	0.0681550491918
1360000000.0	0.0659292495941
1362000000.0	0.020432097773
1364000000.0	0.0854245383921
1366000000.0	0.0720524961201
1368000000.0	0.0710433687514
1370000000.0	0.118137858471
1372000000.0	0.134186766417
1374000000.0	0.17857576281
1376000000.0	-0.411562238744
1378000000.0	-0.155453564023
1380000000.0	0.0337310356047
1382000000.0	0.0844758531284
1384000000.0	0.0431917114581
1386000000.0	-0.0694961785908
1388000000.0	-0.0638684990388
1390000000.0	-0.194883283669
1392000000.0	0.000101712365339
1394000000.0	-0.000135643917713
1396000000.0	0.0630186529178
1398000000.0	0.0113146156865
1400000000.0	0.367478553944
1402000000.0	-0.19939300733
1404000000.0	-0.113960014812
1406000000.0	-0.0667074198395
1408000000.0	-0.136667874889
1410000000.0	0.115410475201
1412000000.0	0.237857704116
1414000000.0	0.120059865471
1416000000.0	-0.0548005661814
1418000000.0	-0.14388145287
1420000000.0	-0.242422591477
1422000000.0	-0.115049704778
1424000000.0	-0.000103199169387
1426000000.0	0.0320059178638
1428000000.0	0.0700922720188
1430000000.0	0.0367131897702
1432000000.0	-0.0262355698168
1434000000.0	-0.123564971332
1436000000.0	-0.108157559969
1438000000.0	-0.187119938704
1440000000.0	-0.0579326698333
1442000000.0	0.0927816031494
1444000000.0	0.133109676224
1446000000.0	0.019147517965
1448000000.0	-0.0696643337026
1450000000.0	-0.133609920357
1452000000.0	-0.115859255051
1454000000.0	-0.0854326419535
1456000000.0	0.219448643937
1458000000.0	0.190818838477
1460000000.0	0.322392691566
1462000000.0	-0.0367459350761
1464000000.0	-0.181312247824
1466000000.0	-0.266461227414
1468000000.0	-0.408051490492
1470000000.0	0.118285132801
1472000000.0	0.558369019707
1474000000.0	0.579298871013
1476000000.0	0.105189596721
1478000000.0	-0.567066432723
1480000000.0	-0.75976602642
1482000000.0	-0.544258660789
1484000000.0	0.0936589718074
1486000000.0	0.421493864543
1488000000.0	1.00344292636
1490000000.0	1.10741239812
1492000000.0	0.634798364774
1494000000.0	-1.21174644975
1496000000.0	-4.5438170503
1498000000.0	-8.73586390384
1500000000.0	23.3594953853
1502000000.0	-7.59884544699
1504000000.0	-4.61260525587
1506000000.0	-1.22868237989
1508000000.0	0.539794384178
1510000000.0	0.894140118895
1512000000.0	1.07896170553
1514000000.0	0.600675302639
1516000000.0	0.0420442135835
1518000000.0	-0.565851786985
1520000000.0	-0.782947482799
1522000000.0	-0.537399339842
1524000000.0	0.00529593370025
1526000000.0	0.528802429
1528000000.0	0.68355271869
1530000000.0	0.13868509045
1532000000.0	-0.239618599858
1534000000.0	-0.453893023118
1536000000.0	-0.289352240019
1538000000.0	-0.0827059079145
1540000000.0	0.108091827198
1542000000.0	0.0777941544263
1544000000.0	0.328562384189
1546000000.0	-0.0430893254603
1548000000.0	-0.0960174283059
1550000000.0	-0.288594888004
1552000000.0	-0.116411885114
1554000000.0	0.193039678719
1556000000.0	0.125078992744
1558000000.0	0.216326440176
1560000000.0	0.0995733887009
1562000000.0	-0.186573302698
1564000000.0	-0.37222574329
1566000000.0	-0.156679358112
1568000000.0	0.0738703592896
1570000000.0	0.126921425169
1572000000.0	0.142292248452
1574000000.0	0.101713434715
1576000000.0	-0.0918191545096
1578000000.0	-0.20056368795
1580000000.0	-0.0914575489353
1582000000.0	-0.0708697370578
1584000000.0	-0.0690234485302
1586000000.0	0.129519920135
1588000000.0	0.13458463708
1590000000.0	0.0907996273559
1592000000.0	-0.084267089138
1594000000.0	-0.195915122588
1596000000.0	-0.108441737646
1598000000.0	-0.0221923656139
1600000000.0	0.169242190129
1602000000.0	0.0843914202117
1604000000.0	0.146754183949
1606000000.0	0.157218504881
1608000000.0	-0.105891545538
1610000000.0	-0.0601656572402
1612000000.0	-0.126118293231
1614000000.0	0.116729037862
1616000000.0	0.102650909607
1618000000.0	0.0803439115684
1620000000.0	0.0285376882662
1622000000.0	3.89359714759e-05
1624000000.0	0.122161156794
1626000000.0	-0.132514786807
1628000000.0	0.0170269543772
1630000000.0	0.0569724066423
1632000000.0	-0.0239222503707
1634000000.0	0.0561606175616
1636000000.0	-0.118461247831
1638000000.0	-0.059477926285
1640000000.0	-0.0567707664063
1642000000.0	-0.00377954512631
1644000000.0	-0.0350296059761
1646000000.0	-0.0709614595712
1648000000.0	-0.12608094679
1650000000.0	-0.0229774375096
1652000000.0	-0.0312350981423
1654000000.0	-0.00986646269188
1656000000.0	-0.0959130587602
1658000000.0	-0.0334424678355
1660000000.0	0.0102735039511
1662000000.0	-0.0049556046465
1664000000.0	0.140221454815
1666000000.0	-0.00118242038793
1668000000.0	-0.0667111783765
1670000000.0	-0.0712797315799
1672000000.0	0.0912041649609
1674000000.0	-0.0656467726884
1676000000.0	-0.0847380323695
1678000000.0	0.0119212656531
1680000000.0	0.000552940190769
1682000000.0	-0.0247900078891
1684000000.0	-0.0177573053098
1686000000.0	0.0276553325547
1688000000.0	-0.0369942235439
1690000000.0	0.127402176551
1692000000.0	-0.0152221047589
1694000000.0	0.0800578920616
1696000000.0	0.0648669552588
1698000000.0	-0.159493564784
1700000000.0	0.213752315082
1702000000.0	-0.156212399531
1704000000.0	-0.134482911271
1706000000.0	0.0646019559642
1708000000.0	-0.0095024815128
1710000000.0	-0.0407972005581
1712000000.0	0.0337707281272
1714000000.0	-0.028394541738
1716000000.0	-0.0278147761335
1718000000.0	-0.0106528378639
1720000000.0	-0.0793504781834
1722000000.0	0.0199936121942
1724000000.0	-0.044808893746
1726000000.0	0.0190936543569
1728000000.0	0.0361821311425
1730000000.0	-0.118393858002
1732000000.0	0.0518546018859
1734000000.0	0.105581872216
1736000000.0	-0.130818982239
1738000000.0	-0.0362881540545
1740000000.0	0.00571096448557
1742000000.0	0.00912745084962
1744000000.0	-0.00232631213495
1746000000.0	0.0800311058532
1748000000.0	0.191671821395
1750000000.0	0.369262703404
1752000000.0	0.0584160411489
1754000000.0	-0.0382764076818
1756000000.0	-0.060078879324
1758000000.0	-0.0988071596712
1760000000.0	0.013071668006
1762000000.0	-0.0459590668441
1764000000.0	-0.0571108875204
1766000000.0	-0.141551177316
1768000000.0	0.0312365215739
1770000000.0	-0.0897637804206
1772000000.0	0.0931182023229
1774000000.0	0.0509019216869
1776000000.0	0.0880800280892
1778000000.0	0.0164529956153
1780000000.0	-0.0614436679094
1782000000.0	-0.0472777716709
1784000000.0	-0.097732804191
1786000000.0	-0.0102510426859
1788000000.0	-0.0877872350053
1790000000.0	0.00513502987223
1792000000.0	0.0839271674953
1794000000.0	0.062803290767
1796000000.0	0.0100096176691
1798000000.0	-0.135906820914
1800000000.0	0.0555475716529
1802000000.0	0.00154732766005
1804000000.0	-0.0489378035162
1806000000.0	-0.0718125136787
1808000000.0	-0.0388889407209
1810000000.0	-0.127234918795
1812000000.0	-0.00246602356595
1814000000.0	-0.140505008283
1816000000.0	0.161682688299
1818000000.0	0.0601712440128
1820000000.0	-0.07652344852
1822000000.0	0.102137189754
1824000000.0	0.101275850896
1826000000.0	-0.0134676203462
1828000000.0	-0.0239230639671
1830000000.0	0.0270207860353
1832000000.0	0.057963274246
1834000000.0	-0.0402182735026
1836000000.0	0.0215501073169
1838000000.0	0.0819477812556
1840000000.0	-0.0304094299137
1842000000.0	0.0424487856593
1844000000.0	-0.0460516724651
1846000000.0	0.00655130350139
1848000000.0	0.00684164337829
1850000000.0	-0.04727646423
1852000000.0	0.104534865413
1854000000.0	0.0387814189202
1856000000.0	0.00361725787914
1858000000.0	0.046311130656
1860000000.0	-0.00627373071073
1862000000.0	0.0108089532181
1864000000.0	-0.00415628343663
1866000000.0	0.0723849055601
1868000000.0	0.258156434571
1870000000.0	0.0687076541296
1872000000.0	0.162852531826
1874000000.0	0.0885750106021
1876000000.0	-0.0621859566571
1878000000.0	-0.123453633159
1880000000.0	-0.189070461454
1882000000.0	-0.0599114315318
1884000000.0	-0.0295376533676
1886000000.0	0.106974945374
1888000000.0	-0.0349676174062
1890000000.0	-0.246816705526
1892000000.0	-0.397911473517
1894000000.0	0.00647848629409
1896000000.0	0.646400946663
1898000000.0	1.20262224057
1900000000.0	-2.3507183331
1902000000.0	0.625361382232
1904000000.0	0.226344339199
1906000000.0	0.100565075001
1908000000.0	0.147434894595
1910000000.0	0.106300069293
1912000000.0	-0.177450730479
1914000000.0	-0.276860644095
1916000000.0	-0.224574528042
1918000000.0	0.12319889804
1920000000.0	0.191322909529
1922000000.0	0.186536372911
1924000000.0	0.00717545360415
1926000000.0	-0.0264508686567
1928000000.0	-0.200010988106
1930000000.0	-0.0318971288271
1932000000.0	-0.0963175585611
1934000000.0	0.0579874736159
1936000000.0	0.0148126736958
1938000000.0	0.0148463657524
1940000000.0	0.101677279374
1942000000.0	-0.00198611376466
1944000000.0	-0.0690618672325
1946000000.0	0.00544917105016
1948000000.0	-0.026987700142
1950000000.0	0.0185853835863
1952000000.0	0.039769947905
1954000000.0	0.0401706494534
1956000000.0	-0.133251521831
1958000000.0	0.0324685998711
1960000000.0	-0.0346516052234
1962000000.0	-0.0940702217395
1964000000.0	-0.176297195197
1966000000.0	0.156152021846
1968000000.0	0.00934610835733
1970000000.0	0.121591980316
1972000000.0	-0.102593624635
1974000000.0	0.066097081252
1976000000.0	0.0262391610934
1978000000.0	-0.055749753865
1980000000.0	0.0506792966622
1982000000.0	0.0483466950878
1984000000.0	0.0563732528891
1986000000.0	0.123082579389
1988000000.0	0.100641573085
1990000000.0	-0.0142493005433
1992000000.0	-0.118023950364
1994000000.0	-0.00913763775765
1996000000.0	-0.139882142445
1998000000.0	0.0367826668948
2000000000.0	0.425
