0.0	-44.32817
2000000.0	6.03408525017
4000000.0	11.2856072242
6000000.0	4.68105962064
8000000.0	-3.45770520851
10000000.0	-6.92806514079
12000000.0	-9.40294331873
14000000.0	-4.20525121219
16000000.0	8.64443596235
18000000.0	17.7561944131
20000000.0	17.9682999766
22000000.0	5.2613657552
24000000.0	-14.7728316559
26000000.0	-27.9978035475
28000000.0	-21.6854921828
30000000.0	-4.76253251421
32000000.0	13.7708721977
34000000.0	19.8248188572
36000000.0	8.68177177407
38000000.0	-2.32761981081
40000000.0	-11.6183118738
42000000.0	-16.4595758525
44000000.0	-7.97307952855
46000000.0	1.85601187335
48000000.0	7.53768748481
50000000.0	6.43077667072
52000000.0	-0.71037232332
54000000.0	-5.42383800171
56000000.0	-4.57851407535
58000000.0	0.733909879533
60000000.0	4.54579171346
62000000.0	5.62477756298
64000000.0	2.32750758027
66000000.0	-4.04594205193
68000000.0	-5.32900298073
70000000.0	-2.07780042661
72000000.0	4.24603731748
74000000.0	7.2288042552
76000000.0	4.7961904996
78000000.0	-1.76539079018
80000000.0	-6.17898060311
82000000.0	-5.56184729971
84000000.0	-0.271969283969
86000000.0	5.65049228771
88000000.0	6.79593738945
90000000.0	2.05908522176
92000000.0	-4.18023439409
94000000.0	-7.34173603497
96000000.0	-4.01120663968
98000000.0	1.50517119876
100000000.0	4.66489381269
102000000.0	5.55771948346
104000000.0	-1.57459253774
106000000.0	-5.33069319356
108000000.0	-5.8531256371
110000000.0	-0.758122638163
112000000.0	4.95949056757
114000000.0	6.82528366815
116000000.0	3.88907184761
118000000.0	-2.98292902713
120000000.0	-6.88525129566
122000000.0	-5.14419960573
124000000.0	-1.38043019151
126000000.0	6.38101014972
128000000.0	6.25932135638
130000000.0	2.79221417377
132000000.0	-2.73461053514
134000000.0	-4.73466598197
136000000.0	-2.41732253005
138000000.0	1.33899458145
140000000.0	4.0920244099
142000000.0	4.12103314971
144000000.0	0.152580269284
146000000.0	-4.33640123048
148000000.0	-4.68675843828
150000000.0	-1.11430280722
152000000.0	3.19029485563
154000000.0	4.77006036046
156000000.0	1.8834956813
158000000.0	-2.52221176964
160000000.0	-4.70970876079
162000000.0	-2.80751107255
164000000.0	1.50902108904
166000000.0	4.24345559132
168000000.0	3.2963651876
170000000.0	-0.758345306711
172000000.0	-4.63666488892
174000000.0	-4.61491060501
176000000.0	-0.401937773282
178000000.0	3.84401872914
180000000.0	6.46478997068
182000000.0	3.61965699985
184000000.0	-2.48876114699
186000000.0	-5.40109090713
188000000.0	-5.10679224337
190000000.0	-0.20412116935
192000000.0	3.93548597446
194000000.0	5.12550819123
196000000.0	1.28167776001
198000000.0	-3.27642875564
200000000.0	-5.96962330896
202000000.0	-1.69988335537
204000000.0	2.01118741961
206000000.0	6.11223426542
208000000.0	3.02198952021
210000000.0	-2.19949380751
212000000.0	-6.21934947536
214000000.0	-5.56913036923
216000000.0	-0.421674669999
218000000.0	5.23126960328
220000000.0	6.1885147567
222000000.0	2.70721089534
224000000.0	-3.70895109494
226000000.0	-6.53916650595
228000000.0	-4.46385618657
230000000.0	2.20157996777
232000000.0	5.17537901469
234000000.0	5.15718768382
236000000.0	-0.342139829808
238000000.0	-5.11864654052
240000000.0	-5.76523457053
242000000.0	-1.09431623771
244000000.0	5.67457589483
246000000.0	7.15225962277
248000000.0	2.80663609232
250000000.0	-1.69360419567
252000000.0	-7.46964978411
254000000.0	-5.84057284984
256000000.0	1.26482631556
258000000.0	8.20311915806
260000000.0	10.3448791236
262000000.0	2.23098157357
264000000.0	-8.98706984165
266000000.0	-14.1434979267
268000000.0	-8.57883692363
270000000.0	5.06255820602
272000000.0	18.2485212996
274000000.0	18.9169337244
276000000.0	2.41175148133
278000000.0	-18.2576191828
280000000.0	-26.2391480528
282000000.0	-11.3170648777
284000000.0	16.431507266
286000000.0	29.0506581267
288000000.0	12.8319506194
290000000.0	-25.3156913901
292000000.0	-43.5011600543
294000000.0	-3.77580683145
296000000.0	94.8683694613
298000000.0	202.610437197
300000000.0	-510.481519998
302000000.0	181.651500054
304000000.0	103.265849234
306000000.0	32.9481399232
308000000.0	-12.6321394698
310000000.0	-30.8234512931
312000000.0	-30.3769980133
314000000.0	-15.5113224302
316000000.0	4.74934288061
318000000.0	18.9328538882
320000000.0	18.132235823
322000000.0	6.63369162903
324000000.0	-7.79735186603
326000000.0	-14.9974318603
328000000.0	-6.98913861647
330000000.0	4.37306930867
332000000.0	9.27275509636
334000000.0	5.97335725241
336000000.0	-2.57273439144
338000000.0	-7.61751887852
340000000.0	-4.44323284513
342000000.0	2.81767648283
344000000.0	8.11830877308
346000000.0	5.83119425537
348000000.0	-1.82653885186
350000000.0	-8.02445346234
352000000.0	-5.13010416118
354000000.0	0.472767060641
356000000.0	6.7593252722
358000000.0	6.70747407388
360000000.0	2.44493155571
362000000.0	-4.78737508199
364000000.0	-6.65172530434
366000000.0	-3.96421472887
368000000.0	0.276345398745
370000000.0	5.24358737728
372000000.0	4.19132247021
374000000.0	1.49970325998
376000000.0	-1.59667035502
378000000.0	-3.94958391601
380000000.0	-2.08526324218
382000000.0	0.0981081710882
384000000.0	2.31106827194
386000000.0	0.992063804902
388000000.0	-0.620648794572
390000000.0	-2.05359313253
392000000.0	-0.824309661332
394000000.0	2.33488756573
396000000.0	3.23908464301
398000000.0	2.03560569944
400000000.0	-1.09224639683
402000000.0	-2.34387997572
404000000.0	-3.35289875624
406000000.0	-1.78621962511
408000000.0	1.08531742848
410000000.0	3.69357543472
412000000.0	2.17598336583
414000000.0	-0.529335483345
416000000.0	-2.97395679585
418000000.0	-1.99320302844
420000000.0	-0.20529957865
422000000.0	0.692713341719
424000000.0	2.82240592804
426000000.0	0.788602678324
428000000.0	-1.26894409455
430000000.0	-1.68835697281
432000000.0	-1.12334680948
434000000.0	0.910180157682
436000000.0	1.56685170287
438000000.0	1.68736665549
440000000.0	-1.27174197412
442000000.0	-2.45581715768
444000000.0	-0.889639206153
446000000.0	1.06370317611
448000000.0	2.45430778135
450000000.0	2.13247467809
452000000.0	0.318306039019
454000000.0	-1.1032544401
456000000.0	-2.19510692488
458000000.0	-1.56019260598
460000000.0	0.880061015393
462000000.0	2.0271503405
464000000.0	1.76134095638
466000000.0	0.69047982877
468000000.0	-1.60230550828
470000000.0	-0.774113918205
472000000.0	0.0244529450682
474000000.0	0.743036840138
476000000.0	1.43263529684
478000000.0	0.338650671835
480000000.0	-0.818521216547
482000000.0	-0.55720825407
484000000.0	-0.0742101582599
486000000.0	0.281410943817
488000000.0	1.55565650872
490000000.0	0.737173781483
492000000.0	-0.425181047073
494000000.0	-2.08218405558
496000000.0	-1.03239990776
498000000.0	0.437859938263
500000000.0	-0.0307248930495
502000000.0	1.44531111561
504000000.0	0.761664635961
506000000.0	-0.465544240941
508000000.0	-2.05217081143
510000000.0	-1.83078308291
512000000.0	-0.475247092159
514000000.0	0.451851372136
516000000.0	1.95508823255
518000000.0	0.284369301687
520000000.0	-0.688647412183
522000000.0	-1.41567467563
524000000.0	-0.336452676145
526000000.0	0.322855513462
528000000.0	0.975226535095
530000000.0	1.34839473093
532000000.0	-0.160015227144
534000000.0	-0.387397963998
536000000.0	0.272014121859
538000000.0	0.150458209715
540000000.0	1.15601299147
542000000.0	0.854043042702
544000000.0	-0.691877454179
546000000.0	-0.638430253034
548000000.0	-1.05740233318
550000000.0	-0.891471405174
552000000.0	0.864245504437
554000000.0	1.38305427513
556000000.0	0.742407625904
558000000.0	-0.214675515726
560000000.0	-1.75267324939
562000000.0	-0.948376444527
564000000.0	-0.170180101088
566000000.0	0.530743524411
568000000.0	0.84696545559
570000000.0	-0.314034142629
572000000.0	-0.0459196475458
574000000.0	-1.15557945479
576000000.0	-0.604716815016
578000000.0	0.70482968255
580000000.0	1.37426150801
582000000.0	0.782537305317
584000000.0	-0.872065304944
586000000.0	-1.21364861448
588000000.0	-1.24955493583
590000000.0	0.472280686866
592000000.0	1.17109339302
594000000.0	1.35249563939
596000000.0	-0.351944677617
598000000.0	-2.2058785935
600000000.0	1.27000540803
602000000.0	-2.13443196958
604000000.0	0.030103817473
606000000.0	0.500912413173
608000000.0	1.41211911317
610000000.0	0.814715402616
612000000.0	-0.188979611802
614000000.0	-0.781139516965
616000000.0	-0.441323081741
618000000.0	0.371282449785
620000000.0	-0.422886237483
622000000.0	-0.105528053124
624000000.0	-0.763706107232
626000000.0	0.189941118548
628000000.0	0.107154250197
630000000.0	-0.0199424437199
632000000.0	0.421972369835
634000000.0	0.862830234981
636000000.0	0.269677799255
638000000.0	-0.0552227101187
640000000.0	-0.479305739623
642000000.0	-0.275474120028
644000000.0	0.147837193709
646000000.0	0.973167013846
648000000.0	0.325571827528
650000000.0	0.459168071845
652000000.0	-0.68937600906
654000000.0	-1.25049184238
656000000.0	0.395035418149
658000000.0	-0.59423199398
660000000.0	0.473296623942
662000000.0	-0.246901645919
664000000.0	-0.718183302299
666000000.0	-0.82513309425
668000000.0	0.69450023757
670000000.0	-0.19710266147
672000000.0	0.401473891808
674000000.0	0.852945044541
676000000.0	-0.323755214101
678000000.0	-0.527706534365
680000000.0	0.597916657568
682000000.0	-0.0319321112714
684000000.0	-0.107697753788
686000000.0	0.452971062772
688000000.0	0.353106964535
690000000.0	-0.232854898574
692000000.0	0.106745917453
694000000.0	-1.28600782189
696000000.0	-0.186466610136
698000000.0	-0.355534441562
700000000.0	1.76896873518
702000000.0	-0.793099804903
704000000.0	-1.48721050141
706000000.0	-1.30204132694
708000000.0	-0.259038697454
710000000.0	0.972245139519
712000000.0	0.497861671438
714000000.0	0.590690788589
716000000.0	0.225527611008
718000000.0	-0.46419835459
720000000.0	-1.37841242887
722000000.0	-0.185738713405
724000000.0	-0.00898548584563
726000000.0	0.317820996993
728000000.0	0.32177083929
730000000.0	0.0622144192761
732000000.0	-0.147133101271
734000000.0	-0.0620087552922
736000000.0	-0.135765487692
738000000.0	1.06976864682
740000000.0	0.67652455998
742000000.0	-0.0996704543361
744000000.0	-0.364255077791
746000000.0	-0.852178071417
748000000.0	0.304102062712
750000000.0	1.52173996654
752000000.0	1.48086179075
754000000.0	0.709276283403
756000000.0	0.703426439127
758000000.0	-0.224904757209
760000000.0	-0.497527083797
762000000.0	0.422684651048
764000000.0	1.74391734808
766000000.0	1.02215166686
768000000.0	0.576050997555
770000000.0	-0.170181409133
772000000.0	0.482574737874
774000000.0	-0.467856807192
776000000.0	-0.40479859866
778000000.0	0.647158305911
780000000.0	0.793376523171
782000000.0	-0.200696239151
784000000.0	-0.161813637967
786000000.0	-0.29857454696
788000000.0	0.300711934229
790000000.0	0.556243405856
792000000.0	0.483675374638
794000000.0	0.693220418072
796000000.0	-0.755347255222
798000000.0	-2.25588082675
800000000.0	-0.43176966501
802000000.0	0.566294109786
804000000.0	1.22459784246
806000000.0	1.36077552746
808000000.0	-0.55946178472
810000000.0	-1.70357174399
812000000.0	-1.26298025702
814000000.0	-1.35067625253
816000000.0	0.477858500698
818000000.0	0.884480315608
820000000.0	0.978730716887
822000000.0	-0.557433049278
824000000.0	-0.550992272732
826000000.0	-1.27424127721
828000000.0	1.1214609213
830000000.0	0.946301723007
832000000.0	1.44875008895
834000000.0	-0.726530212027
836000000.0	-1.52326033723
838000000.0	-1.25267678051
840000000.0	0.00301594255292
842000000.0	1.95027645447
844000000.0	2.89996250901
846000000.0	1.06426015262
848000000.0	-0.981268500756
850000000.0	-2.60198287943
852000000.0	-2.17977481963
854000000.0	0.291979530446
856000000.0	2.34145915161
858000000.0	2.23602670255
860000000.0	1.16563308187
862000000.0	-1.46205304225
864000000.0	-2.95755130612
866000000.0	-2.2094707248
868000000.0	-0.270628456793
870000000.0	1.48901113045
872000000.0	1.43733162753
874000000.0	0.635221917191
876000000.0	-0.373620197832
878000000.0	-2.33716435593
880000000.0	-0.513431480959
882000000.0	1.33129912579
884000000.0	4.73453701844
886000000.0	2.49076904326
888000000.0	-3.54618921786
890000000.0	-12.3548739378
892000000.0	-12.2485068361
894000000.0	6.499742674
896000000.0	43.7869320996
898000000.0	85.4154469679
900000000.0	-222.494633238
902000000.0	81.0544382154
904000000.0	43.6467276467
906000000.0	7.96933926048
908000000.0	-11.076712814
910000000.0	-12.6451909477
912000000.0	-5.62683513998
914000000.0	2.5393648272
916000000.0	4.63404668792
918000000.0	2.45392165693
920000000.0	-0.540138627124
922000000.0	-1.12925489386
924000000.0	-0.981757176649
926000000.0	0.16037355712
928000000.0	2.12615057659
930000000.0	1.74928172033
932000000.0	-0.00331229474595
934000000.0	-1.92239776717
936000000.0	-2.27389249274
938000000.0	-0.924800189477
940000000.0	-0.172644154918
942000000.0	1.90274004025
944000000.0	1.5221931798
946000000.0	0.0618043211885
948000000.0	-2.22994932393
950000000.0	-1.96362778897
952000000.0	-0.569655619427
954000000.0	1.38320196575
956000000.0	1.58830351831
958000000.0	1.60781349707
960000000.0	0.780824719497
962000000.0	-2.15393445205
964000000.0	-1.13113421892
966000000.0	0.0107935016069
968000000.0	0.758251943628
970000000.0	1.43582479435
972000000.0	0.0249102940042
974000000.0	-0.816876980262
976000000.0	-1.85420738376
978000000.0	-0.112630419015
980000000.0	1.02616515821
982000000.0	1.20397045322
984000000.0	0.933239925298
986000000.0	-1.28352158241
988000000.0	-1.57917251811
990000000.0	-0.735088346113
992000000.0	0.768616717828
994000000.0	0.722045803648
996000000.0	0.704557001114
998000000.0	0.0342973205985
1000000000.0	-3.562505
1002000000.0	-1.59380511847
1004000000.0	-0.416518732135
1006000000.0	0.402324001245
1008000000.0	0.235477719086
1010000000.0	0.0420286651137
1012000000.0	-0.242066842683
1014000000.0	-0.472636271764
1016000000.0	0.359882728437
1018000000.0	0.797482602299
1020000000.0	0.146214575871
1022000000.0	0.715452633053
1024000000.0	0.113402373205
1026000000.0	-0.218715828231
1028000000.0	-0.897954603673
1030000000.0	-0.434039176659
1032000000.0	0.00419872497624
1034000000.0	1.53080355203
1036000000.0	1.02279645159
1038000000.0	-0.381877372897
1040000000.0	0.154145736818
1042000000.0	-0.792300699581
1044000000.0	0.0393408215762
1046000000.0	0.509471132752
1048000000.0	0.464023355513
1050000000.0	0.141631382078
1052000000.0	-0.230427704518
1054000000.0	-0.0226666532894
1056000000.0	-0.718093188302
1058000000.0	1.05136516087
1060000000.0	0.544489959846
1062000000.0	0.514275348987
1064000000.0	0.149340395251
1066000000.0	-0.90256138103
1068000000.0	-0.70579455501
1070000000.0	0.319920830246
1072000000.0	-0.0539638339852
1074000000.0	0.322997883862
1076000000.0	0.347906423494
1078000000.0	0.278064069658
1080000000.0	-0.402801246501
1082000000.0	-0.704250244739
1084000000.0	0.258918967899
1086000000.0	0.493421572258
1088000000.0	0.36156875296
1090000000.0	0.273137239182
1092000000.0	-0.725984150152
1094000000.0	-0.187753110527
1096000000.0	0.878859853131
1098000000.0	0.68454881722
1100000000.0	-0.478806810403
1102000000.0	0.768976241734
1104000000.0	-0.257492125573
1106000000.0	-0.684546660026
1108000000.0	-0.705817806433
1110000000.0	0.640487206037
1112000000.0	0.740697956212
1114000000.0	0.122418908254
1116000000.0	0.794088498458
1118000000.0	-0.753986261395
1120000000.0	-0.198925707962
1122000000.0	-0.196777696022
1124000000.0	1.37944820898
1126000000.0	0.0688991645483
1128000000.0	0.697314530571
1130000000.0	-0.610962719117
1132000000.0	-1.04662270962
1134000000.0	-1.00384318859
1136000000.0	-0.477953525072
1138000000.0	0.748845077567
1140000000.0	0.335966392713
1142000000.0	-0.338362988812
1144000000.0	-0.459712481407
1146000000.0	0.0640278018907
1148000000.0	-0.0857256212283
1150000000.0	0.0140396533737
1152000000.0	0.788192058514
1154000000.0	-0.286401707205
1156000000.0	-0.484452033065
1158000000.0	-0.305225176115
1160000000.0	0.0142608153939
1162000000.0	-0.0984272300348
1164000000.0	0.400765618387
1166000000.0	0.301033499802
1168000000.0	0.574092935348
1170000000.0	0.131077586231
1172000000.0	0.246370416618
1174000000.0	-0.118557900382
1176000000.0	-0.130907132103
1178000000.0	0.177502202063
1180000000.0	1.1765414132
1182000000.0	-0.291007013484
1184000000.0	-0.136894906163
1186000000.0	-0.0761071236173
1188000000.0	0.00464283735502
1190000000.0	1.09748059923
1192000000.0	0.732221203177
1194000000.0	0.412497705508
1196000000.0	-0.857744416449
1198000000.0	-2.00999519895
1200000000.0	6.27980139683
1202000000.0	-2.11039677731
1204000000.0	-0.56037914824
1206000000.0	0.117311092365
1208000000.0	0.300976334368
1210000000.0	-0.490436379546
1212000000.0	0.373581680556
1214000000.0	-0.732934097872
1216000000.0	-0.3660640899
1218000000.0	0.383284001449
1220000000.0	0.450478244817
1222000000.0	-0.319297528013
1224000000.0	-0.251090309783
1226000000.0	-0.309105292774
1228000000.0	0.862952543815
1230000000.0	0.372120893025
1232000000.0	-0.0856720431998
1234000000.0	0.168471792647
1236000000.0	-0.484573606377
1238000000.0	0.169818071192
1240000000.0	-0.527307328632
1242000000.0	-0.0127175593028
1244000000.0	0.866936254422
1246000000.0	0.0539955260609
1248000000.0	-0.0265611252609
1250000000.0	-1.67109327791
1252000000.0	-1.01210513226
1254000000.0	0.28542093488
1256000000.0	0.33124714513
1258000000.0	0.212794410387
1260000000.0	-0.149353744148
1262000000.0	-0.507418321281
1264000000.0	0.102465899821
1266000000.0	-0.108733532981
1268000000.0	0.0735242988714
1270000000.0	-0.601532434087
1272000000.0	-0.0174350062534
1274000000.0	-0.216983983202
1276000000.0	-0.449296377002
1278000000.0	-0.266989973014
1280000000.0	-0.292036381433
1282000000.0	0.444094882306
1284000000.0	0.417659991609
1286000000.0	0.179747722745
1288000000.0	0.789241070539
1290000000.0	0.0347743417299
1292000000.0	0.511324262375
1294000000.0	-0.58903520617
1296000000.0	-0.738327464161
1298000000.0	-1.2152243529
1300000000.0	5.03331669402
1302000000.0	-0.827730258134
1304000000.0	-1.0247572812
1306000000.0	-0.600281416233
1308000000.0	-0.438222223996
1310000000.0	0.277216586431
1312000000.0	0.527014356823
1314000000.0	0.201244695008
1316000000.0	-1.31240897826
1318000000.0	-0.446311161405
1320000000.0	-0.195472306126
1322000000.0	0.642535626074
1324000000.0	-0.0271977988965
1326000000.0	-0.566858877398
1328000000.0	0.107336898795
1330000000.0	0.349145684022
1332000000.0	0.376075284223
1334000000.0	0.37666392403
1336000000.0	0.680013514414
1338000000.0	0.0608117326195
1340000000.0	-0.218685107175
1342000000.0	-0.259184353749
1344000000.0	-0.860564184616
1346000000.0	-0.35281775787
1348000000.0	-0.0281171812737
1350000000.0	0.576803216678
1352000000.0	-0.568771258201
1354000000.0	-0.667143358183
1356000000.0	-0.675401691409
1358000000.0	0.476587915814
1360000000.0	0.414934812819
1362000000.0	1.07871916201
1364000000.0	0.650676999733
1366000000.0	-0.533300795864
1368000000.0	-0.312857791514
1370000000.0	-0.650160987616
1372000000.0	-0.842309049913
1374000000.0	-1.58390076404
1376000000.0	1.24754107752
1378000000.0	1.02698736599
1380000000.0	-0.344257423184
1382000000.0	-1.25724671508
1384000000.0	-0.141577006131
1386000000.0	-0.00290267937968
1388000000.0	0.330499065351
1390000000.0	0.646295834791
1392000000.0	0.92890911108
1394000000.0	-0.512593563605
1396000000.0	-0.741264012059
1398000000.0	-0.257142576278
1400000000.0	1.5679536829
1402000000.0	-0.636470259353
1404000000.0	0.530897071657
1406000000.0	0.879952608774
1408000000.0	-0.0895111130857
1410000000.0	1.0544162146
1412000000.0	-0.526769857238
1414000000.0	-0.168672553376
1416000000.0	-0.0868992843135
1418000000.0	1.0361591873
1420000000.0	-0.352030021651
1422000000.0	-0.955291605393
1424000000.0	-0.961561327482
1426000000.0	-0.225771559723
1428000000.0	0.871156311902
1430000000.0	0.747877957055
1432000000.0	0.381936362325
1434000000.0	-0.230819243311
1436000000.0	-1.44422143445
1438000000.0	-1.14653376022
1440000000.0	-0.300596981355
1442000000.0	0.874129272897
1444000000.0	1.19973933166
1446000000.0	-0.0309099875593
1448000000.0	-1.10258993953
1450000000.0	-0.247186099767
1452000000.0	0.0830238488849
1454000000.0	0.0267357365921
1456000000.0	1.11331628272
1458000000.0	-0.303073510559
1460000000.0	-0.432372527714
1462000000.0	-0.767534434193
1464000000.0	-1.00697158378
1466000000.0	0.185300231035
1468000000.0	1.23230491023
1470000000.0	0.623270628835
1472000000.0	-0.798166531228
1474000000.0	-0.281052077703
1476000000.0	-1.24900854592
1478000000.0	0.349040169322
1480000000.0	2.4026295722
1482000000.0	1.32727060281
1484000000.0	0.628273678023
1486000000.0	-1.39395056898
1488000000.0	-2.95245333619
1490000000.0	-3.69125241372
1492000000.0	-1.1452525182
1494000000.0	2.52135647779
1496000000.0	11.210317329
1498000000.0	22.5689934495
1500000000.0	-63.250745107
1502000000.0	22.696319886
1504000000.0	11.1195169555
1506000000.0	1.04358972343
1508000000.0	-3.76509173176
1510000000.0	-3.59178605659
1512000000.0	0.550295433659
1514000000.0	3.21723158442
1516000000.0	2.43314173225
1518000000.0	-0.90136767112
1520000000.0	-2.43911014656
1522000000.0	-2.02376836522
1524000000.0	0.312122317249
1526000000.0	1.3355320324
1528000000.0	1.14529491891
1530000000.0	0.297336973626
1532000000.0	-0.464825056999
1534000000.0	-1.6102380788
1536000000.0	-0.599710314885
1538000000.0	-0.0565659491141
1540000000.0	0.417782524488
1542000000.0	1.32956016151
1544000000.0	-0.497334018778
1546000000.0	-1.18629226681
1548000000.0	-1.04767352046
1550000000.0	-0.317448050261
1552000000.0	-0.0041688448873
1554000000.0	0.531503456729
1556000000.0	0.425443041127
1558000000.0	0.962219392659
1560000000.0	-0.61592682745
1562000000.0	-0.59208857286
1564000000.0	-0.139091525155
1566000000.0	0.861473782931
1568000000.0	0.713067188326
1570000000.0	0.366642181881
1572000000.0	0.363037717449
1574000000.0	-0.380162696985
1576000000.0	0.167562310844
1578000000.0	0.244382261969
1580000000.0	0.854700678513
1582000000.0	0.589057653587
1584000000.0	0.674420686322
1586000000.0	-0.633544601454
1588000000.0	-0.95947144836
1590000000.0	0.0303292320067
1592000000.0	-0.0193265694974
1594000000.0	-0.245482478597
1596000000.0	0.438491358686
1598000000.0	-0.739583198921
1600000000.0	1.38497966501
1602000000.0	-0.402482943948
1604000000.0	-0.336676651813
1606000000.0	-0.354516037815
1608000000.0	-0.257743178469
1610000000.0	0.119784392937
1612000000.0	0.599516543338
1614000000.0	0.330603015607
1616000000.0	-0.236971801191
1618000000.0	-0.161178863617
1620000000.0	0.629890595308
1622000000.0	0.0609144775544
1624000000.0	0.634501549614
1626000000.0	0.312552791219
1628000000.0	-0.403329337804
1630000000.0	0.317934064936
1632000000.0	-0.0998030749008
1634000000.0	-0.0744820390661
1636000000.0	-0.0520357906193
1638000000.0	-0.326004277547
1640000000.0	-0.366046773799
1642000000.0	0.35278179686
1644000000.0	-0.252750885342
1646000000.0	0.490572078397
1648000000.0	0.574230181573
1650000000.0	-0.66418156497
1652000000.0	0.0140622749719
1654000000.0	0.219788862312
1656000000.0	-0.934300108563
1658000000.0	0.63630585303
1660000000.0	-0.0490281494922
1662000000.0	-0.0135772951553
1664000000.0	0.437205660835
1666000000.0	0.096144273843
1668000000.0	-0.145243222566
1670000000.0	-0.123158654512
1672000000.0	-0.0904171107948
1674000000.0	0.0925326746992
1676000000.0	-0.462257827402
1678000000.0	-0.673544723428
1680000000.0	0.723186755212
1682000000.0	-0.345440214985
1684000000.0	0.251290002558
1686000000.0	-0.0904981187351
1688000000.0	0.4218395107
1690000000.0	-0.409769834903
1692000000.0	0.449937467735
1694000000.0	0.449903453025
1696000000.0	-0.748525714673
1698000000.0	-0.415467238143
1700000000.0	0.841911006641
1702000000.0	0.284136960585
1704000000.0	-0.630196569851
1706000000.0	-0.491527064168
1708000000.0	0.63580921006
1710000000.0	0.78096399886
1712000000.0	0.932292414363
1714000000.0	-0.0276088150819
1716000000.0	-0.234810933693
1718000000.0	-0.110436805626
1720000000.0	-0.396803660628
1722000000.0	0.0827972013454
1724000000.0	0.981118839953
1726000000.0	0.445406292299
1728000000.0	-0.0199943271924
1730000000.0	-0.187446605139
1732000000.0	0.208961720575
1734000000.0	0.234649034535
1736000000.0	0.34105889034
1738000000.0	0.352510071431
1740000000.0	0.615956789136
1742000000.0	-0.720795460605
1744000000.0	0.188204563216
1746000000.0	0.00242341062647
1748000000.0	0.0171280864211
1750000000.0	2.03045750705
1752000000.0	0.486886650738
1754000000.0	0.111394594737
1756000000.0	-0.333590583621
1758000000.0	-0.350210681589
1760000000.0	-0.697420828355
1762000000.0	0.502138012865
1764000000.0	0.975574663557
1766000000.0	-0.25066318147
1768000000.0	-0.998496669476
1770000000.0	0.254939202896
1772000000.0	-0.0333476106451
1774000000.0	-0.461321886404
1776000000.0	0.104257032552
1778000000.0	-0.429423362538
1780000000.0	0.667780176983
1782000000.0	0.0534896378863
1784000000.0	0.081460827871
1786000000.0	-0.597593123514
1788000000.0	-0.287856958219
1790000000.0	0.112334199932
1792000000.0	0.360174048437
1794000000.0	0.646794540138
1796000000.0	0.0560959859913
1798000000.0	-0.835440196956
1800000000.0	2.55366921803
1802000000.0	-0.349754727927
1804000000.0	-0.300711521085
1806000000.0	-0.0589299033494
1808000000.0	0.266180003129
1810000000.0	-0.325488920595
1812000000.0	0.45449793978
1814000000.0	-0.336103879047
1816000000.0	-0.0136116327023
1818000000.0	0.41374037999
1820000000.0	0.697696092371
1822000000.0	0.202612512614
1824000000.0	-0.288674374102
1826000000.0	-0.271924753715
1828000000.0	-0.403720223881
1830000000.0	-0.273406569359
1832000000.0	0.263862139287
1834000000.0	0.206043141464
1836000000.0	-0.223197137851
1838000000.0	-0.135653624577
1840000000.0	-0.217612325425
1842000000.0	0.300524364431
1844000000.0	0.0795065731995
1846000000.0	0.268591341238
1848000000.0	0.276155140676
1850000000.0	0.24004472652
1852000000.0	-0.440024563727
1854000000.0	-0.32897198277
1856000000.0	-0.576930780215
1858000000.0	-0.00447968146591
1860000000.0	0.175223025176
1862000000.0	0.34619889004
1864000000.0	0.0817923952411
1866000000.0	-0.606979722772
1868000000.0	-0.86339425764
1870000000.0	-0.384399294583
1872000000.0	0.694109042708
1874000000.0	0.402492095494
1876000000.0	0.450152298501
1878000000.0	-0.0876586128845
1880000000.0	-0.47758092068
1882000000.0	0.806212454493
1884000000.0	0.424844575041
1886000000.0	1.02574262999
1888000000.0	0.359890653915
1890000000.0	0.317349995315
1892000000.0	-0.484499188804
1894000000.0	-0.667602950047
1896000000.0	-0.21565758256
1898000000.0	-0.803825738544
1900000000.0	3.64463979812
1902000000.0	-1.64608948186
1904000000.0	-0.567737640236
1906000000.0	1.32946956286
1908000000.0	0.866829655353
1910000000.0	0.232541305487
1912000000.0	-0.229988132027
1914000000.0	-0.725371972359
1916000000.0	-0.200058223321
1918000000.0	0.675697581087
1920000000.0	1.00526757356
1922000000.0	0.306768106877
1924000000.0	-0.139966388594
1926000000.0	0.567400987527
1928000000.0	0.00622746323887
1930000000.0	-0.306378779162
1932000000.0	0.790783931694
1934000000.0	0.637257077763
1936000000.0	0.369803463008
1938000000.0	-0.428230737418
1940000000.0	-0.7106816743
1942000000.0	0.829067291945
1944000000.0	0.323779621575
1946000000.0	-0.767263535266
1948000000.0	-0.134750535599
1950000000.0	-0.607784341173
1952000000.0	-0.0266994222036
1954000000.0	-0.0248266927546
1956000000.0	0.274052313461
1958000000.0	0.577934416652
1960000000.0	0.57232583995
1962000000.0	0.0463840631228
1964000000.0	-0.0193415960714
1966000000.0	-0.207933064805
1968000000.0	0.370838884798
1970000000.0	0.154529956127
1972000000.0	0.458676419793
1974000000.0	-0.209239512832
1976000000.0	0.223735659023
1978000000.0	-0.0407868404322
1980000000.0	-1.03714789228
1982000000.0	-0.140066646477
1984000000.0	-0.185851213546
1986000000.0	0.25908315906
1988000000.0	0.056204042171
1990000000.0	0.0242377546599
1992000000.0	0.864108235104
1994000000.0	0.298760778058
1996000000.0	0.692869305571
1998000000.0	0.0576085660562
2000000000.0	-1.85936
