0.0	-2.29375
2000000.0	0.643139389542
4000000.0	1.18665365053
6000000.0	0.706530612988
8000000.0	0.520344139296
10000000.0	0.172745034161
12000000.0	-0.596424377676
14000000.0	-1.46818698423
16000000.0	-0.817884165797
18000000.0	0.418767363918
20000000.0	1.72823701659
22000000.0	1.94640500955
24000000.0	0.962467124558
26000000.0	-0.368298796446
28000000.0	-1.41410314052
30000000.0	-1.9144167837
32000000.0	-1.40097754646
34000000.0	0.111853831437
36000000.0	2.21288581718
38000000.0	2.47203242432
40000000.0	1.22760681365
42000000.0	-0.078534156472
44000000.0	-1.15107549926
46000000.0	-1.52420118788
48000000.0	-0.765336443141
50000000.0	0.586039286896
52000000.0	1.46318443908
54000000.0	1.55396849377
56000000.0	0.760058767659
58000000.0	-0.482240109239
60000000.0	-1.25775421072
62000000.0	-1.42274774383
64000000.0	-0.68263164854
66000000.0	0.424045718986
68000000.0	1.26095193682
70000000.0	1.44490381479
72000000.0	0.653287894805
74000000.0	-0.582796449684
76000000.0	-0.910789935728
78000000.0	-1.18834895122
80000000.0	-0.56768515472
82000000.0	0.244911677234
84000000.0	0.639715362182
86000000.0	0.502612058511
88000000.0	0.153164108666
90000000.0	-0.149258018429
92000000.0	-0.272149846419
94000000.0	-0.0802767185229
96000000.0	0.207197495422
98000000.0	0.212476656984
100000000.0	-0.0355622659563
102000000.0	-0.339618646917
104000000.0	-0.429319301154
106000000.0	-0.287324311712
108000000.0	0.25545218843
110000000.0	0.693258908909
112000000.0	0.725712471787
114000000.0	0.355903072191
116000000.0	-0.24620581145
118000000.0	-0.651943069465
120000000.0	-0.655261733932
122000000.0	-0.277459723587
124000000.0	0.632576164911
126000000.0	0.256323615767
128000000.0	0.680578527861
130000000.0	0.339324638945
132000000.0	-0.171341849126
134000000.0	-0.580294783424
136000000.0	-0.767414012362
138000000.0	-0.442985340389
140000000.0	0.139932837389
142000000.0	0.514796818041
144000000.0	0.49901253427
146000000.0	0.360875256257
148000000.0	-0.16947108275
150000000.0	-0.345987928392
152000000.0	-0.368281836987
154000000.0	-0.229865516424
156000000.0	0.00322510506445
158000000.0	0.1309235177
160000000.0	0.0574144358382
162000000.0	0.106205038795
164000000.0	0.145864731102
166000000.0	0.0408980337776
168000000.0	-0.190694912556
170000000.0	-0.171536285939
172000000.0	-0.171906460571
174000000.0	-0.338758131575
176000000.0	-0.215380364856
178000000.0	-0.033172192368
180000000.0	0.276670124193
182000000.0	0.552535323561
184000000.0	0.431705238292
186000000.0	-0.153219493819
188000000.0	-0.547128441536
190000000.0	-0.746851173567
192000000.0	-0.527594092476
194000000.0	0.00593875564127
196000000.0	0.538482186732
198000000.0	0.63170134276
200000000.0	0.571550202467
202000000.0	0.0399919773905
204000000.0	-0.475195744899
206000000.0	-0.770718737325
208000000.0	-0.545225688178
210000000.0	-0.269534279395
212000000.0	0.379628090612
214000000.0	0.486148092277
216000000.0	0.182712188778
218000000.0	-0.162918626113
220000000.0	-0.402961031529
222000000.0	-0.137576957962
224000000.0	0.306378422473
226000000.0	0.0561439462476
228000000.0	-0.0244360462197
230000000.0	-0.414110276105
232000000.0	-0.554382259955
234000000.0	-0.173858173948
236000000.0	0.00323395414588
238000000.0	0.666590754664
240000000.0	1.03415177677
242000000.0	0.611825549173
244000000.0	-0.102992951838
246000000.0	-1.09013320333
248000000.0	-1.74235963181
250000000.0	-0.774990475061
252000000.0	0.241284995883
254000000.0	1.78241442325
256000000.0	2.0136324605
258000000.0	1.10225637679
260000000.0	-0.763516633855
262000000.0	-1.92415665862
264000000.0	-1.9555094988
266000000.0	-0.891060720979
268000000.0	0.582766876301
270000000.0	1.69106666388
272000000.0	2.26696299592
274000000.0	1.68960574651
276000000.0	-0.157566549747
278000000.0	-2.48740831186
280000000.0	-3.29716213371
282000000.0	-1.34057814397
284000000.0	2.14035167352
286000000.0	3.7481236709
288000000.0	1.54693924049
290000000.0	-2.58446552838
292000000.0	-4.16379981811
294000000.0	-0.0404912461696
296000000.0	7.80875116529
298000000.0	14.7629060726
300000000.0	-38.5307423134
302000000.0	10.4347888909
304000000.0	7.62410593113
306000000.0	5.45060496984
308000000.0	2.7635371815
310000000.0	-1.2069373555
312000000.0	-5.05268738216
314000000.0	-5.88788376656
316000000.0	-2.57192208383
318000000.0	2.50614800707
320000000.0	5.56432313476
322000000.0	4.35634951063
324000000.0	0.479541376696
326000000.0	-2.85128255173
328000000.0	-3.96609773988
330000000.0	-2.51678649422
332000000.0	-0.0907345341895
334000000.0	1.83410736133
336000000.0	2.57744825534
338000000.0	2.01704916275
340000000.0	0.50649695359
342000000.0	-1.4244118875
344000000.0	-2.41499995341
346000000.0	-1.72772431876
348000000.0	-0.0747676300353
350000000.0	1.48069092567
352000000.0	1.87900287155
354000000.0	0.883726742712
356000000.0	-0.546914760674
358000000.0	-1.48352393199
360000000.0	-1.05833174424
362000000.0	-0.0876420846508
364000000.0	0.581466023277
366000000.0	0.808204980719
368000000.0	0.526478089596
370000000.0	-0.246652678603
372000000.0	-0.604173787144
374000000.0	-0.734665519388
376000000.0	-0.00286604717791
378000000.0	0.624496405072
380000000.0	0.970034160419
382000000.0	0.738317525509
384000000.0	-0.102349827193
386000000.0	-0.982405928372
388000000.0	-1.10418023761
390000000.0	-0.602402446241
392000000.0	0.354722123896
394000000.0	0.969681725976
396000000.0	1.09890432035
398000000.0	0.381163743263
400000000.0	-0.602487066803
402000000.0	-1.16882696844
404000000.0	-1.00794167876
406000000.0	-0.378043784385
408000000.0	0.450045364389
410000000.0	1.02904682758
412000000.0	0.970357510156
414000000.0	0.360034422159
416000000.0	-0.39541034138
418000000.0	-0.902235719226
420000000.0	-0.773966410068
422000000.0	-0.016520745399
424000000.0	0.254767336263
426000000.0	0.667121516397
428000000.0	0.407491024779
430000000.0	-0.02695111307
432000000.0	-0.350303301786
434000000.0	-0.428858232488
436000000.0	-0.226865333775
438000000.0	0.11841635074
440000000.0	0.276237558514
442000000.0	0.281892626959
444000000.0	0.0419821937675
446000000.0	-0.182138255975
448000000.0	-0.189007618977
450000000.0	-0.0725453994281
452000000.0	0.158616480279
454000000.0	0.45249556191
456000000.0	0.234652171242
458000000.0	0.0287789043948
460000000.0	-0.45203424821
462000000.0	-0.494958854117
464000000.0	-0.181191345554
466000000.0	0.273372760871
468000000.0	0.561953852585
470000000.0	0.420891454781
472000000.0	0.317010217373
474000000.0	-0.237738685819
476000000.0	-0.521958387565
478000000.0	-0.37540814347
480000000.0	-0.080760507805
482000000.0	0.217833538721
484000000.0	0.186797119482
486000000.0	0.287627406205
488000000.0	-0.0626486970631
490000000.0	-0.237191665978
492000000.0	-0.47059436855
494000000.0	-0.259778819782
496000000.0	-0.02205927204
498000000.0	0.304766004586
500000000.0	-0.123326456544
502000000.0	0.0847443464621
504000000.0	-0.0374553079475
506000000.0	-0.256563351412
508000000.0	-0.0530857681002
510000000.0	-0.0828583273381
512000000.0	0.182117879005
514000000.0	0.0702369998897
516000000.0	-0.0520927434056
518000000.0	-0.0833441342032
520000000.0	-0.198141358488
522000000.0	0.00118626240979
524000000.0	0.138639328024
526000000.0	0.0974177480016
528000000.0	0.123543497442
530000000.0	0.0843516320287
532000000.0	-0.222582906978
534000000.0	-0.283460597081
536000000.0	-0.31663130044
538000000.0	-0.120857528296
540000000.0	0.138210668833
542000000.0	0.24510533134
544000000.0	0.278149310118
546000000.0	0.106541694527
548000000.0	-0.293393649666
550000000.0	-0.182561212813
552000000.0	-0.198969353
554000000.0	0.077684608193
556000000.0	0.15999509318
558000000.0	0.216940509346
560000000.0	0.234259411887
562000000.0	-0.0457623362576
564000000.0	-0.0868063258378
566000000.0	-0.0143005516554
568000000.0	-0.152010458496
570000000.0	0.0747789853843
572000000.0	0.0400546845848
574000000.0	0.0965679614909
576000000.0	0.033046255925
578000000.0	-0.136752040964
580000000.0	0.0457745368095
582000000.0	0.101910609352
584000000.0	0.164410534421
586000000.0	0.239412631631
588000000.0	0.0582899794522
590000000.0	-0.0690806003445
592000000.0	-0.146952369097
594000000.0	0.035844078294
596000000.0	0.0919504612688
598000000.0	0.148614140622
600000000.0	-0.651957930675
602000000.0	0.386824436765
604000000.0	0.227404814898
606000000.0	0.057423376709
608000000.0	-0.372244842478
610000000.0	-0.119449579483
612000000.0	-0.0808669119441
614000000.0	0.116507543103
616000000.0	0.258733322995
618000000.0	0.146640033533
620000000.0	0.0545352203258
622000000.0	-0.0214347663045
624000000.0	0.230610261815
626000000.0	-0.382220126358
628000000.0	-0.136760126587
630000000.0	0.100169476637
632000000.0	0.0429449909377
634000000.0	0.0917338506026
636000000.0	0.0569267631194
638000000.0	-0.0795557696355
640000000.0	-0.0717519484184
642000000.0	-0.0106405336074
644000000.0	0.146860760638
646000000.0	0.156237855265
648000000.0	-0.0492506517785
650000000.0	0.00114891355812
652000000.0	-0.0817685612995
654000000.0	-0.0398845986963
656000000.0	-0.0433207110532
658000000.0	0.132253095361
660000000.0	0.148953918826
662000000.0	-0.00112006203087
664000000.0	0.0669155442497
666000000.0	-0.158499583482
668000000.0	-0.077911384456
670000000.0	-0.10110293637
672000000.0	0.139341799439
674000000.0	0.24254659176
676000000.0	0.247281245993
678000000.0	-0.108199950615
680000000.0	-0.249664547521
682000000.0	-0.144915157843
684000000.0	-0.0442510931837
686000000.0	0.0478575362626
688000000.0	0.211367106566
690000000.0	0.0970692344569
692000000.0	0.0906835292195
694000000.0	0.0154441451389
696000000.0	-0.282529063831
698000000.0	-0.203512549774
700000000.0	-0.0679397066231
702000000.0	0.0215400894446
704000000.0	-0.0548244665632
706000000.0	0.258043827262
708000000.0	0.0300884004774
710000000.0	0.0749779920487
712000000.0	-0.1669674558
714000000.0	-0.109662649089
716000000.0	-0.00622741561091
718000000.0	0.0913089044397
720000000.0	0.210613956369
722000000.0	0.0240453111513
724000000.0	-0.125717210891
726000000.0	-0.0891431493945
728000000.0	0.0444535669607
730000000.0	-0.103696514544
732000000.0	-0.0698778937275
734000000.0	0.0617826954466
736000000.0	0.200663507434
738000000.0	0.0700785894227
740000000.0	-0.157626841666
742000000.0	-0.168720348119
744000000.0	-0.113810994843
746000000.0	0.0721283039345
748000000.0	0.150272959477
750000000.0	0.313954690176
752000000.0	-0.00175200108089
754000000.0	-0.0625622366748
756000000.0	-0.139080306356
758000000.0	-0.0998100398386
760000000.0	-0.0111000138325
762000000.0	0.134837902901
764000000.0	0.258326994789
766000000.0	0.132142587866
768000000.0	0.00243194196453
770000000.0	-0.296860378345
772000000.0	-0.332497030962
774000000.0	-0.0994571665491
776000000.0	0.0466565418203
778000000.0	0.154331152233
780000000.0	0.180886172258
782000000.0	0.195804838908
784000000.0	-0.100347529737
786000000.0	-0.268542662436
788000000.0	-0.30484164348
790000000.0	-0.0744125338827
792000000.0	0.0132465408524
794000000.0	0.121804546414
796000000.0	0.141232356709
798000000.0	0.126027157191
800000000.0	0.0578868710488
802000000.0	-0.206502629431
804000000.0	-0.169153853838
806000000.0	0.0345864083853
808000000.0	0.0176193116095
810000000.0	0.050120712192
812000000.0	0.158242162526
814000000.0	0.0652037129827
816000000.0	-0.0670657607019
818000000.0	-0.182511875993
820000000.0	-0.207690753245
822000000.0	-0.0129072818534
824000000.0	0.20731764817
826000000.0	-0.0491895329552
828000000.0	0.068680186448
830000000.0	-0.287206373584
832000000.0	-0.0843534239576
834000000.0	-0.0529334859742
836000000.0	-0.0685237183326
838000000.0	0.277048041551
840000000.0	0.321709415072
842000000.0	0.228467592894
844000000.0	0.0555060600156
846000000.0	-0.313846322652
848000000.0	-0.396270176274
850000000.0	-0.185472436979
852000000.0	-0.135273740482
854000000.0	0.484473188396
856000000.0	0.525320357776
858000000.0	0.142798234168
860000000.0	-0.327924001427
862000000.0	-0.526287185787
864000000.0	-0.573660417613
866000000.0	-0.23704363988
868000000.0	0.0738405552879
870000000.0	0.457817863305
872000000.0	0.593745636173
874000000.0	0.667440617323
876000000.0	-0.260909805196
878000000.0	-0.846267341064
880000000.0	-0.990616739574
882000000.0	-0.4131474878
884000000.0	0.608772558349
886000000.0	1.35053993045
888000000.0	0.756034896984
890000000.0	-0.448330747594
892000000.0	-1.19746226819
894000000.0	-0.509929528784
896000000.0	0.934731150017
898000000.0	1.72166405217
900000000.0	-3.06037615878
902000000.0	0.153527456404
904000000.0	0.343229945902
906000000.0	0.805053357075
908000000.0	1.00877271172
910000000.0	0.284391483435
912000000.0	-0.958261785637
914000000.0	-1.40964682546
916000000.0	-0.814537572455
918000000.0	0.422069516515
920000000.0	1.31511904951
922000000.0	1.10547220954
924000000.0	0.335100658645
926000000.0	-0.377139611004
928000000.0	-0.860827070341
930000000.0	-0.821805616843
932000000.0	-0.233001274162
934000000.0	0.265188584509
936000000.0	0.696974417365
938000000.0	0.777562663321
940000000.0	0.337681494654
942000000.0	-0.320623645089
944000000.0	-0.664631014204
946000000.0	-0.712140414009
948000000.0	-0.208063206881
950000000.0	0.316716085602
952000000.0	0.563606052134
954000000.0	0.47911654461
956000000.0	-0.00573255855609
958000000.0	-0.20656450159
960000000.0	-0.262809927752
962000000.0	-0.146433741775
964000000.0	-0.004613135155
966000000.0	0.149684085557
968000000.0	0.21269282462
970000000.0	-0.0310131875697
972000000.0	-0.0985448707639
974000000.0	-0.129895700701
976000000.0	-0.188166447717
978000000.0	0.142225245194
980000000.0	0.353964057606
982000000.0	0.270722724258
984000000.0	0.137615659216
986000000.0	-0.330069920279
988000000.0	-0.361930871906
990000000.0	-0.234110873242
992000000.0	0.0908877762548
994000000.0	0.243302816736
996000000.0	0.330082804625
998000000.0	0.149787990584
1000000000.0	0.346875
1002000000.0	-0.32761326952
1004000000.0	-0.378997509054
1006000000.0	-0.285906331027
1008000000.0	-0.0123789427016
1010000000.0	0.164910161878
1012000000.0	0.413631935516
1014000000.0	0.340221397151
1016000000.0	-0.12432716004
1018000000.0	-0.291466032226
1020000000.0	-0.201864922083
1022000000.0	-0.118875389569
1024000000.0	0.11295981758
1026000000.0	0.2296893114
1028000000.0	0.290534137396
1030000000.0	0.0229852264855
1032000000.0	-0.16390759325
1034000000.0	-0.165990942844
1036000000.0	-0.112036054209
1038000000.0	0.0646575934551
1040000000.0	0.104265143744
1042000000.0	0.0955083689898
1044000000.0	0.0293758733378
1046000000.0	0.0837888022491
1048000000.0	-0.161631021192
1050000000.0	-0.0667048362809
1052000000.0	-0.00579044477686
1054000000.0	0.238591406806
1056000000.0	0.0493697870119
1058000000.0	0.117662994657
1060000000.0	-0.112823939201
1062000000.0	-0.235914527303
1064000000.0	-0.169814642949
1066000000.0	-0.112904284119
1068000000.0	0.153243551
1070000000.0	0.130416905525
1072000000.0	0.245999069257
1074000000.0	-0.0798274084842
1076000000.0	-0.10821141302
1078000000.0	-0.298290111425
1080000000.0	-0.152394613985
1082000000.0	-0.0749099490399
1084000000.0	0.0635112003413
1086000000.0	0.130207260025
1088000000.0	0.104599521928
1090000000.0	-0.0448270822518
1092000000.0	-0.173371489018
1094000000.0	-0.223518359129
1096000000.0	-0.0613032966392
1098000000.0	-0.0269187338938
1100000000.0	-0.06081734455
1102000000.0	0.21180251311
1104000000.0	0.0480390070083
1106000000.0	-0.0857307202313
1108000000.0	-0.161811897139
1110000000.0	-0.0374993311385
1112000000.0	0.0181705002833
1114000000.0	-0.087010933434
1116000000.0	0.160268379978
1118000000.0	0.0340801825905
1120000000.0	-0.113216421315
1122000000.0	-0.147366466148
1124000000.0	0.0535040082333
1126000000.0	0.108959329389
1128000000.0	0.0768619653214
1130000000.0	0.239238644569
1132000000.0	0.115146833963
1134000000.0	-0.142833339978
1136000000.0	-0.112939039336
1138000000.0	-0.0995619916339
1140000000.0	-0.073897806781
1142000000.0	0.0986626301782
1144000000.0	0.00973322063621
1146000000.0	0.0895140023767
1148000000.0	-0.0550396865382
1150000000.0	-0.048076801584
1152000000.0	-0.176287814369
1154000000.0	-0.16866133948
1156000000.0	0.0269680658235
1158000000.0	-0.0844158564334
1160000000.0	0.157832037044
1162000000.0	0.182264680328
1164000000.0	-0.0262380249232
1166000000.0	-0.016294231236
1168000000.0	-0.237670002508
1170000000.0	-0.0695263222609
1172000000.0	0.0928426393159
1174000000.0	0.0573441218295
1176000000.0	0.131204679792
1178000000.0	0.0132652971233
1180000000.0	0.028694304578
1182000000.0	-0.143732580907
1184000000.0	-0.039394264852
1186000000.0	0.112501682454
1188000000.0	0.0506914122878
1190000000.0	0.114221099589
1192000000.0	0.0631965462984
1194000000.0	0.106711883019
1196000000.0	0.102567631227
1198000000.0	0.0998047964818
1200000000.0	-0.836575433197
1202000000.0	0.355237551333
1204000000.0	0.278874543185
1206000000.0	0.0190615016926
1208000000.0	-0.099564400048
1210000000.0	-0.266130074794
1212000000.0	-0.203041757409
1214000000.0	-0.218894825593
1216000000.0	0.0053143259639
1218000000.0	0.161630086774
1220000000.0	0.0992651547075
1222000000.0	0.0787931784673
1224000000.0	0.050128487052
1226000000.0	-0.113289926785
1228000000.0	-0.185138448287
1230000000.0	-0.0664059050753
1232000000.0	-0.0176705170922
1234000000.0	0.0641232000556
1236000000.0	0.0737262516834
1238000000.0	0.0884006340405
1240000000.0	-0.155611483627
1242000000.0	-0.151592064312
1244000000.0	0.0916226853213
1246000000.0	0.0965283429225
1248000000.0	0.0797707028812
1250000000.0	0.31822829919
1252000000.0	0.0384273198844
1254000000.0	0.0141655496318
1256000000.0	0.101398045924
1258000000.0	-0.0747703784279
1260000000.0	-0.0409567768195
1262000000.0	0.149055953582
1264000000.0	0.0385530084779
1266000000.0	0.00322269532514
1268000000.0	-0.116027711387
1270000000.0	-0.0425590806588
1272000000.0	-0.145437245482
1274000000.0	0.0635005478154
1276000000.0	0.0154386407305
1278000000.0	0.188731041205
1280000000.0	0.196510803341
1282000000.0	-0.110988783067
1284000000.0	-0.216838644654
1286000000.0	-0.156026275125
1288000000.0	-0.0302666983004
1290000000.0	-0.0200646823895
1292000000.0	0.176458923182
1294000000.0	0.253350571294
1296000000.0	0.127351911688
1298000000.0	0.00531397878162
1300000000.0	-0.477500171689
1302000000.0	0.0822060605768
1304000000.0	-0.0712212621216
1306000000.0	0.143458300353
1308000000.0	0.0722736001286
1310000000.0	0.081717495504
1312000000.0	-0.0594801510527
1314000000.0	-0.0171412338714
1316000000.0	-0.0801100950741
1318000000.0	-0.174767800929
1320000000.0	0.0478494910566
1322000000.0	0.0139364175573
1324000000.0	0.0352462342433
1326000000.0	0.0530580563681
1328000000.0	0.152152125487
1330000000.0	-0.0907257812681
1332000000.0	-0.030873812018
1334000000.0	0.0421835776464
1336000000.0	0.0587266548688
1338000000.0	0.0134557956429
1340000000.0	-0.00423832902456
1342000000.0	-0.0462919409378
1344000000.0	-0.180511283675
1346000000.0	0.00394446552541
1348000000.0	-0.101146842629
1350000000.0	0.0548367049152
1352000000.0	-0.0249238928632
1354000000.0	0.0101102926794
1356000000.0	-0.112985273654
1358000000.0	-0.117847068361
1360000000.0	-0.109740765821
1362000000.0	-0.160241010568
1364000000.0	0.0313380786587
1366000000.0	0.141477540524
1368000000.0	0.0101257524647
1370000000.0	-0.172609893864
1372000000.0	-0.233351511391
1374000000.0	-0.531559712224
1376000000.0	0.261697174719
1378000000.0	0.100177791792
1380000000.0	0.147450551274
1382000000.0	0.126052804944
1384000000.0	0.0574003549692
1386000000.0	0.049754022548
1388000000.0	0.0225499366904
1390000000.0	-0.0701953348412
1392000000.0	-0.0551730852087
1394000000.0	0.135222637659
1396000000.0	0.0906450719057
1398000000.0	-0.00446333393342
1400000000.0	0.00660917190117
1402000000.0	-0.0350008071802
1404000000.0	-0.0261224613928
1406000000.0	-0.0980054724468
1408000000.0	0.101551276523
1410000000.0	0.167919081327
1412000000.0	0.11363997202
1414000000.0	-0.00251516783827
1416000000.0	0.129884322228
1418000000.0	-0.132278469449
1420000000.0	-0.180209661622
1422000000.0	0.0355210247297
1424000000.0	0.109029333602
1426000000.0	0.0909941651172
1428000000.0	0.0576187901075
1430000000.0	-0.0870457463351
1432000000.0	-0.0938633981066
1434000000.0	-0.116184038721
1436000000.0	0.00132976181409
1438000000.0	0.0773044216562
1440000000.0	0.050039819685
1442000000.0	0.13249560481
1444000000.0	0.0081263247497
1446000000.0	-0.0767728626647
1448000000.0	-0.227884198965
1450000000.0	-0.130759778863
1452000000.0	-0.0242623318429
1454000000.0	0.179926853541
1456000000.0	0.292359664612
1458000000.0	0.221867941811
1460000000.0	-0.190644677196
1462000000.0	-0.239970653073
1464000000.0	-0.209836727723
1466000000.0	-0.169246701668
1468000000.0	0.273252630672
1470000000.0	0.288770862121
1472000000.0	0.351595353726
1474000000.0	0.251792835847
1476000000.0	-0.101712947877
1478000000.0	-0.277286635879
1480000000.0	-0.529003011696
1482000000.0	-0.160886377332
1484000000.0	0.364462954021
1486000000.0	0.652071995113
1488000000.0	0.330563408279
1490000000.0	-0.196911633949
1492000000.0	-0.523742981992
1494000000.0	-0.263279193366
1496000000.0	0.455975012878
1498000000.0	0.419764241656
1500000000.0	-0.145423543456
1502000000.0	-0.216046876827
1504000000.0	-0.0857107380352
1506000000.0	0.502755540606
1508000000.0	0.372336325269
1510000000.0	0.186997195154
1512000000.0	-0.347346323247
1514000000.0	-0.662006200133
1516000000.0	-0.456832278104
1518000000.0	0.0982444041918
1520000000.0	0.437699009374
1522000000.0	0.454813348738
1524000000.0	0.172879669165
1526000000.0	-0.117754664588
1528000000.0	-0.265617885657
1530000000.0	-0.275759969496
1532000000.0	-0.111252917614
1534000000.0	0.0706302256446
1536000000.0	0.22161234196
1538000000.0	0.222753251939
1540000000.0	0.0813787730626
1542000000.0	0.0849510333419
1544000000.0	-0.171846067774
1546000000.0	-0.36585781047
1548000000.0	-0.12012197071
1550000000.0	0.00584589127483
1552000000.0	0.224172346185
1554000000.0	0.234078207085
1556000000.0	-0.0168759199505
1558000000.0	-0.173577661351
1560000000.0	0.0114884604041
1562000000.0	-0.130045669691
1564000000.0	-0.0975928199286
1566000000.0	0.0949531068199
1568000000.0	0.16903866608
1570000000.0	0.0443995752176
1572000000.0	0.056357170977
1574000000.0	-0.0238889153113
1576000000.0	-0.0954161484918
1578000000.0	-0.0239729863262
1580000000.0	0.267166930922
1582000000.0	0.0652706520958
1584000000.0	-0.0984968338806
1586000000.0	-0.0875877144916
1588000000.0	-0.0651200862959
1590000000.0	-0.0323216397683
1592000000.0	0.0393034243913
1594000000.0	0.109063270017
1596000000.0	0.0909423382068
1598000000.0	0.19707203482
1600000000.0	-0.106324371049
1602000000.0	-0.0564173220186
1604000000.0	-0.0860379226309
1606000000.0	0.015171969344
1608000000.0	0.0127700813186
1610000000.0	0.0683392311377
1612000000.0	0.00702063288357
1614000000.0	0.158533654993
1616000000.0	-0.0849295181952
1618000000.0	0.0410695717555
1620000000.0	-0.13153431528
1622000000.0	0.0106083670247
1624000000.0	0.259536367195
1626000000.0	-0.0929278028267
1628000000.0	0.0657944694362
1630000000.0	0.0208236273815
1632000000.0	-0.0648157275108
1634000000.0	-0.0703869939823
1636000000.0	-0.028342296014
1638000000.0	0.0716844200186
1640000000.0	-0.0182549221043
1642000000.0	0.0174177753028
1644000000.0	-0.105812777697
1646000000.0	0.0194998735509
1648000000.0	-0.0611084302457
1650000000.0	0.0362881750226
1652000000.0	0.00268155892784
1654000000.0	0.0480302107821
1656000000.0	0.0315061007002
1658000000.0	-0.0500590087746
1660000000.0	-0.0568765181927
1662000000.0	-0.176000659328
1664000000.0	-0.03748557209
1666000000.0	0.0158769154174
1668000000.0	-0.0354305931986
1670000000.0	0.0553909469255
1672000000.0	0.0913272583013
1674000000.0	0.0198194168106
1676000000.0	-0.0695530319565
1678000000.0	-0.062910128276
1680000000.0	-0.163014341272
1682000000.0	-0.0683689522234
1684000000.0	0.0697416891594
1686000000.0	0.0805690194255
1688000000.0	0.0349621664575
1690000000.0	0.0159647162314
1692000000.0	0.136481832475
1694000000.0	-0.0287309175731
1696000000.0	-0.0239203229453
1698000000.0	0.119342510235
1700000000.0	-0.169738752579
1702000000.0	0.187842128985
1704000000.0	-0.011906528066
1706000000.0	-0.081565930528
1708000000.0	0.0518428689631
1710000000.0	-0.106074751117
1712000000.0	0.00642993698276
1714000000.0	0.169775359252
1716000000.0	0.0203950104332
1718000000.0	0.0660838844767
1720000000.0	-0.00633832019587
1722000000.0	-0.0814003011347
1724000000.0	0.0902098398288
1726000000.0	0.0965010552667
1728000000.0	0.0865256530006
1730000000.0	-0.00622829138649
1732000000.0	-0.0971960317933
1734000000.0	0.052989010392
1736000000.0	-0.0506264312879
1738000000.0	-0.126284502618
1740000000.0	-0.133043555428
1742000000.0	-0.10152340611
1744000000.0	-0.0503131473806
1746000000.0	-0.0150923074075
1748000000.0	-0.0286390417062
1750000000.0	-0.519692514306
1752000000.0	-0.10793326452
1754000000.0	-0.163225749716
1756000000.0	-0.0432358665811
1758000000.0	0.0268540285656
1760000000.0	0.128744054143
1762000000.0	0.13164021306
1764000000.0	0.0490528743642
1766000000.0	-0.108126455263
1768000000.0	-0.0940299631519
1770000000.0	-0.033052488033
1772000000.0	-0.0469971514661
1774000000.0	-0.0369405563911
1776000000.0	-0.0925928082007
1778000000.0	0.0428122375652
1780000000.0	-0.00939367949284
1782000000.0	-0.014349785668
1784000000.0	-0.0244660287001
1786000000.0	0.0313166109884
1788000000.0	-0.0559126787318
1790000000.0	0.0349037262945
1792000000.0	0.0181401029671
1794000000.0	0.073998729098
1796000000.0	-0.00299713483193
1798000000.0	0.128942470274
1800000000.0	-0.476201443693
1802000000.0	0.21968468247
1804000000.0	0.19288279804
1806000000.0	0.106158653666
1808000000.0	-0.0351083750963
1810000000.0	-0.0426740916383
1812000000.0	-0.0496499122413
1814000000.0	-0.211896098169
1816000000.0	0.0550119100895
1818000000.0	0.253415735401
1820000000.0	0.134714331245
1822000000.0	0.127563547385
1824000000.0	-0.0664842542662
1826000000.0	0.0359450950553
1828000000.0	-0.0468624354008
1830000000.0	0.0771003968805
1832000000.0	0.0506965900956
1834000000.0	0.127385707382
1836000000.0	0.00957136856081
1838000000.0	-0.0274775043655
1840000000.0	-0.0649322967569
1842000000.0	-0.035485829325
1844000000.0	-0.104088538939
1846000000.0	0.0485573418227
1848000000.0	-0.0315420469092
1850000000.0	0.0342572195525
1852000000.0	-0.0817536333642
1854000000.0	-0.153449299683
1856000000.0	-0.0494136169429
1858000000.0	0.00331533897815
1860000000.0	0.123468743058
1862000000.0	0.0361723125101
1864000000.0	0.0476692937471
1866000000.0	-0.00475701723534
1868000000.0	0.0122717216291
1870000000.0	-0.135575841222
1872000000.0	-0.0864663207161
1874000000.0	-0.144377415253
1876000000.0	0.11535726281
1878000000.0	0.0814801627338
1880000000.0	0.171869887905
1882000000.0	0.11226914099
1884000000.0	-0.104612905228
1886000000.0	-0.240036511288
1888000000.0	-0.136356464181
1890000000.0	0.0474296165102
1892000000.0	0.0449980822039
1894000000.0	0.160416956903
1896000000.0	-0.0110747082473
1898000000.0	-0.155902381886
1900000000.0	-0.172323286421
1902000000.0	0.0652982951613
1904000000.0	0.15336842019
1906000000.0	-0.0885966928227
1908000000.0	-0.132224675178
1910000000.0	0.00393249712267
1912000000.0	0.0163884771955
1914000000.0	0.165167870236
1916000000.0	0.122942261199
1918000000.0	-0.121146954421
1920000000.0	-0.249743442473
1922000000.0	0.010460699893
1924000000.0	-0.0891213050853
1926000000.0	0.0135736417484
1928000000.0	-0.00819969214312
1930000000.0	0.112470789836
1932000000.0	-0.0799557174831
1934000000.0	-0.0708740175249
1936000000.0	-0.0150515804617
1938000000.0	-0.0315479003184
1940000000.0	-0.116980952687
1942000000.0	0.124672298361
1944000000.0	0.0270328116355
1946000000.0	0.111941997539
1948000000.0	-0.0458125587107
1950000000.0	-0.0712148081535
1952000000.0	-0.146450541407
1954000000.0	-0.0496225962528
1956000000.0	-0.0399679939695
1958000000.0	-0.181791869151
1960000000.0	-0.0421988298302
1962000000.0	0.0461142342234
1964000000.0	0.0817114331845
1966000000.0	0.00469934486716
1968000000.0	0.0279751022472
1970000000.0	0.0111333182508
1972000000.0	-0.0024798723972
1974000000.0	0.00316146500205
1976000000.0	0.0198163611771
1978000000.0	0.103437857678
1980000000.0	0.0199233141901
1982000000.0	-0.162206393453
1984000000.0	0.0419811845185
1986000000.0	0.0597280321958
1988000000.0	-0.0688847631457
1990000000.0	-0.0382701267272
1992000000.0	-0.026409532376
1994000000.0	-0.149257261071
1996000000.0	-0.038833544913
1998000000.0	-0.202787459192
2000000000.0	0.3625
