0.0	-48.531295
2000000.0	5.24758229203
4000000.0	8.47541524895
6000000.0	4.3555065187
8000000.0	-6.21474325314
10000000.0	-12.9153590869
12000000.0	-13.0664532237
14000000.0	-7.74289085443
16000000.0	4.49327885027
18000000.0	18.8270677538
20000000.0	23.9712199274
22000000.0	13.0353932681
24000000.0	-9.11355847927
26000000.0	-25.3049298209
28000000.0	-24.4696203575
30000000.0	-7.85933358714
32000000.0	12.6299655062
34000000.0	22.4493833404
36000000.0	15.2963430308
38000000.0	6.8339013345
40000000.0	-12.1768822966
42000000.0	-18.1812200307
44000000.0	-12.6102241773
46000000.0	-1.10649692873
48000000.0	8.37601947026
50000000.0	10.9763060424
52000000.0	3.43281114516
54000000.0	-3.79961122197
56000000.0	-9.35247524572
58000000.0	-6.04801920808
60000000.0	2.05024236344
62000000.0	7.72993889615
64000000.0	7.94890695896
66000000.0	0.665263965203
68000000.0	-5.43202233013
70000000.0	-6.65837804822
72000000.0	-3.4601467236
74000000.0	4.2285014559
76000000.0	6.20875555146
78000000.0	4.52878604197
80000000.0	-1.87552616587
82000000.0	-4.3485958237
84000000.0	-2.46200628329
86000000.0	2.21393287335
88000000.0	5.51320178306
90000000.0	3.75601547989
92000000.0	-2.01277156138
94000000.0	-6.69330077459
96000000.0	-6.0911297575
98000000.0	-1.04741107623
100000000.0	3.87991046739
102000000.0	9.56984413024
104000000.0	6.25251449474
106000000.0	-0.123242356928
108000000.0	-5.45731400873
110000000.0	-7.8696133689
112000000.0	-4.76518557528
114000000.0	0.0915216947016
116000000.0	6.75629966132
118000000.0	6.389051529
120000000.0	3.30578924251
122000000.0	-2.05860311281
124000000.0	-5.2039801578
126000000.0	-2.87095358115
128000000.0	-0.0981050594
130000000.0	1.38997429145
132000000.0	1.69938095161
134000000.0	0.00525625954426
136000000.0	-0.198264135613
138000000.0	0.15247572835
140000000.0	0.175531555582
142000000.0	1.36070132894
144000000.0	0.530335995043
146000000.0	-2.26448287541
148000000.0	-1.74963111303
150000000.0	-2.82069961451
152000000.0	0.268626426411
154000000.0	1.8895350521
156000000.0	1.5624678514
158000000.0	2.10640721908
160000000.0	-0.345454310071
162000000.0	-1.65615692794
164000000.0	-2.48677080852
166000000.0	-1.27434036418
168000000.0	1.17945728113
170000000.0	2.02219164476
172000000.0	2.20225581913
174000000.0	2.32527211329
176000000.0	-0.563931255474
178000000.0	-2.21750144914
180000000.0	-2.92036114308
182000000.0	-1.84056806608
184000000.0	0.0533436104681
186000000.0	2.06069024054
188000000.0	2.44632300653
190000000.0	3.35711025242
192000000.0	1.56751728237
194000000.0	-1.68178312368
196000000.0	-3.57040392457
198000000.0	-4.11095957524
200000000.0	-1.18077891774
202000000.0	1.31632107678
204000000.0	2.96352053073
206000000.0	3.45830326274
208000000.0	2.0668542525
210000000.0	-0.902954390408
212000000.0	-2.74940919157
214000000.0	-3.02010472351
216000000.0	-0.689042690341
218000000.0	2.23618933403
220000000.0	1.4662934075
222000000.0	-0.70167285578
224000000.0	-2.88685105646
226000000.0	-2.10980789919
228000000.0	2.07261553613
230000000.0	4.57012054298
232000000.0	1.2390556551
234000000.0	-2.07910213058
236000000.0	-5.50840483329
238000000.0	-4.3124778576
240000000.0	0.345493292239
242000000.0	6.42184929373
244000000.0	8.85820481605
246000000.0	2.65084158826
248000000.0	-5.6438590266
250000000.0	-10.9098360991
252000000.0	-6.68701236259
254000000.0	0.685576441466
256000000.0	9.00428693827
258000000.0	10.5821467472
260000000.0	6.35709957011
262000000.0	-2.0220542412
264000000.0	-12.5475693976
266000000.0	-13.723096988
268000000.0	-5.98764952118
270000000.0	6.31477568347
272000000.0	17.5722766401
274000000.0	15.8491343289
276000000.0	1.01558006157
278000000.0	-19.2994727076
280000000.0	-23.2919741546
282000000.0	-3.76869728814
284000000.0	24.2087820873
286000000.0	31.4870356445
288000000.0	0.631547508205
290000000.0	-51.133345789
292000000.0	-66.3239404459
294000000.0	7.37366334809
296000000.0	172.60328359
298000000.0	350.208678192
300000000.0	-873.104701911
302000000.0	308.598704798
304000000.0	166.819593017
306000000.0	45.2757345109
308000000.0	-26.8294555093
310000000.0	-49.2329934776
312000000.0	-40.5589928737
314000000.0	-16.1558474802
316000000.0	9.62847801599
318000000.0	25.1722275503
320000000.0	24.5340603692
322000000.0	8.26625564623
324000000.0	-11.7997490893
326000000.0	-20.6031380934
328000000.0	-12.6992415986
330000000.0	3.74699006654
332000000.0	15.4198668362
334000000.0	11.7233513401
336000000.0	-1.08104232072
338000000.0	-13.4175624602
340000000.0	-11.2819874383
342000000.0	2.79538255409
344000000.0	12.5244587853
346000000.0	10.6605215942
348000000.0	-0.125333434537
350000000.0	-10.492074459
352000000.0	-11.213646623
354000000.0	-2.67945066381
356000000.0	8.04173325836
358000000.0	10.9043591062
360000000.0	6.40884159182
362000000.0	-2.40110176008
364000000.0	-9.69939723666
366000000.0	-8.45094852244
368000000.0	-0.972821796326
370000000.0	6.58816017654
372000000.0	8.03839109576
374000000.0	3.60909242536
376000000.0	-0.664302207099
378000000.0	-6.95666565468
380000000.0	-7.05433826988
382000000.0	-1.94826068564
384000000.0	3.90631086601
386000000.0	6.61174769043
388000000.0	3.69711614804
390000000.0	-1.42701765258
392000000.0	-4.50645384517
394000000.0	-3.63633500168
396000000.0	0.848430671198
398000000.0	3.66037654673
400000000.0	4.23197588541
402000000.0	-0.284418095225
404000000.0	-3.91254959318
406000000.0	-4.34781543538
408000000.0	-0.243478099172
410000000.0	3.90340379812
412000000.0	5.2216021936
414000000.0	2.36613656769
416000000.0	-2.45997852992
418000000.0	-4.98369529721
420000000.0	-4.09940686248
422000000.0	-0.0810854800436
424000000.0	3.87810105218
426000000.0	5.22578888385
428000000.0	1.79521167066
430000000.0	-1.85899200019
432000000.0	-4.6910681632
434000000.0	-3.33957616193
436000000.0	0.747126442734
438000000.0	3.35119063855
440000000.0	3.50961871566
442000000.0	0.570648865799
444000000.0	-2.4214213877
446000000.0	-2.57825548269
448000000.0	-1.64939779468
450000000.0	1.3781655531
452000000.0	3.10965679861
454000000.0	1.90401325553
456000000.0	-0.687179431728
458000000.0	-1.80210984448
460000000.0	-2.63115230055
462000000.0	-0.597298628509
464000000.0	2.63428496658
466000000.0	1.46405055721
468000000.0	1.00019468205
470000000.0	-1.37549969677
472000000.0	-2.73584791765
474000000.0	-1.55818492059
476000000.0	1.04650449189
478000000.0	3.72687545267
480000000.0	2.89229065054
482000000.0	0.483465179038
484000000.0	-1.58881613613
486000000.0	-3.44270326376
488000000.0	-1.16846388015
490000000.0	1.66288392287
492000000.0	3.40301575165
494000000.0	2.93277647219
496000000.0	-0.536116115555
498000000.0	-2.72538944915
500000000.0	0.712901232393
502000000.0	-0.942590681751
504000000.0	1.1377045732
506000000.0	2.01544173968
508000000.0	0.0179848973907
510000000.0	-0.526834481203
512000000.0	-2.40519114205
514000000.0	-0.895231213777
516000000.0	-0.10916040699
518000000.0	2.23568454181
520000000.0	0.908710395047
522000000.0	0.232018591578
524000000.0	-1.96635489694
526000000.0	-2.59099940229
528000000.0	-0.341830065417
530000000.0	0.94937400291
532000000.0	2.05514335388
534000000.0	1.74975732937
536000000.0	-1.39647036522
538000000.0	-1.88957188493
540000000.0	-0.96393369579
542000000.0	-0.318988255688
544000000.0	1.37894592419
546000000.0	0.591525939264
548000000.0	0.5609553798
550000000.0	-0.125105605916
552000000.0	-2.28643411227
554000000.0	-1.61055582944
556000000.0	0.663951034397
558000000.0	2.16309313661
560000000.0	1.57362926218
562000000.0	1.07242058846
564000000.0	-0.518014923641
566000000.0	-1.6177703911
568000000.0	-0.831610548091
570000000.0	0.863411123413
572000000.0	0.983245966347
574000000.0	2.21121847998
576000000.0	-0.490989200473
578000000.0	-1.48158766223
580000000.0	-1.56251748013
582000000.0	0.792404985694
584000000.0	2.05861248488
586000000.0	1.23709455709
588000000.0	0.438372261315
590000000.0	-0.204134407882
592000000.0	-0.705268761959
594000000.0	0.0437162451387
596000000.0	-2.98334208154
598000000.0	-1.34860323703
600000000.0	9.03707373511
602000000.0	-1.80894713527
604000000.0	-2.71182078766
606000000.0	-2.3228172295
608000000.0	-0.184336660555
610000000.0	1.5064290234
612000000.0	1.02428429738
614000000.0	1.52995097654
616000000.0	-0.632325901563
618000000.0	-0.966137046143
620000000.0	-0.804834441295
622000000.0	-0.199577382158
624000000.0	2.42448477118
626000000.0	-0.364367590283
628000000.0	0.665387240872
630000000.0	-0.915947065169
632000000.0	-0.992319929587
634000000.0	-1.37346536243
636000000.0	-0.645621231013
638000000.0	1.35342201913
640000000.0	1.51755893516
642000000.0	0.174301863051
644000000.0	-1.62738927307
646000000.0	-1.65002757515
648000000.0	-0.0650799784113
650000000.0	0.593064134409
652000000.0	1.07927090192
654000000.0	0.851242679261
656000000.0	-1.06511221987
658000000.0	-1.44269699443
660000000.0	-1.82387824141
662000000.0	-1.14984399706
664000000.0	1.60142425004
666000000.0	0.860156036713
668000000.0	1.17536158029
670000000.0	-0.613615972913
672000000.0	-1.92351224848
674000000.0	-0.869033955474
676000000.0	-0.425397108933
678000000.0	0.930450394718
680000000.0	0.212514166406
682000000.0	-0.0233996815291
684000000.0	-1.07603759733
686000000.0	-0.903081278694
688000000.0	0.0737981031777
690000000.0	1.25521609022
692000000.0	1.15976710281
694000000.0	0.524093901677
696000000.0	0.277154165947
698000000.0	-0.56051231543
700000000.0	-2.83140076173
702000000.0	1.56338213755
704000000.0	1.86997222558
706000000.0	0.436888046921
708000000.0	0.624638593479
710000000.0	-1.0928497775
712000000.0	-1.98924152429
714000000.0	-0.915448885313
716000000.0	-0.693525361547
718000000.0	1.66349874061
720000000.0	1.69038605673
722000000.0	0.914935316917
724000000.0	-0.894418253803
726000000.0	-0.277030109994
728000000.0	-1.60351574162
730000000.0	-0.0611877105077
732000000.0	1.20796361638
734000000.0	1.45075047049
736000000.0	-0.523467108568
738000000.0	-0.874907065588
740000000.0	-1.21919280546
742000000.0	-0.418930551051
744000000.0	0.547097407959
746000000.0	2.19517092681
748000000.0	0.734399529594
750000000.0	-1.03425309938
752000000.0	-1.87879716734
754000000.0	-1.6495294161
756000000.0	-0.100580153297
758000000.0	1.50177777258
760000000.0	1.47497129037
762000000.0	0.356058685877
764000000.0	-1.51070554026
766000000.0	-1.79826954207
768000000.0	-0.710116033218
770000000.0	0.147031526728
772000000.0	2.51354736532
774000000.0	1.7861360239
776000000.0	0.424139192805
778000000.0	-0.49397165907
780000000.0	-2.42985125181
782000000.0	-0.774963436826
784000000.0	0.229093983008
786000000.0	1.79116092927
788000000.0	1.79974444485
790000000.0	0.496921389435
792000000.0	-0.924758478824
794000000.0	-1.38062370642
796000000.0	-0.213505229843
798000000.0	1.48968478961
800000000.0	0.0167749144933
802000000.0	1.29701925326
804000000.0	-1.51418356877
806000000.0	-1.82796383274
808000000.0	-0.869250350183
810000000.0	0.219781445012
812000000.0	0.984840213196
814000000.0	1.80325896402
816000000.0	0.987229065892
818000000.0	-1.57481172641
820000000.0	-2.49488289246
822000000.0	-1.10420599919
824000000.0	0.0516222845027
826000000.0	2.20335555748
828000000.0	2.32183336682
830000000.0	0.821401745287
832000000.0	-1.1267583611
834000000.0	-2.73901851773
836000000.0	-2.53014466071
838000000.0	-0.651806986164
840000000.0	3.20486585221
842000000.0	2.84972586422
844000000.0	1.2035837407
846000000.0	-1.26607282059
848000000.0	-3.27144108703
850000000.0	-1.75087349265
852000000.0	0.78631002847
854000000.0	3.0145814007
856000000.0	2.30181025604
858000000.0	0.747365554577
860000000.0	-3.41367725508
862000000.0	-2.99179994877
864000000.0	-0.273632207535
866000000.0	3.95080555278
868000000.0	4.5273137796
870000000.0	0.93828052564
872000000.0	-3.18399791566
874000000.0	-5.06519289684
876000000.0	-3.43386066098
878000000.0	2.49431856773
880000000.0	6.54826696197
882000000.0	6.21440302174
884000000.0	0.674832160904
886000000.0	-4.74499632452
888000000.0	-10.2845635325
890000000.0	-12.6227222684
892000000.0	-7.46475780615
894000000.0	10.7001015105
896000000.0	46.4411932615
898000000.0	93.8267183363
900000000.0	-256.528719192
902000000.0	98.7265324486
904000000.0	53.3832113223
906000000.0	4.89505914356
908000000.0	-18.9454973041
910000000.0	-17.9253559683
912000000.0	-3.2712902927
914000000.0	7.1296562986
916000000.0	8.02267108805
918000000.0	1.92642902868
920000000.0	-4.67696696426
922000000.0	-5.56981821617
924000000.0	-2.031568135
926000000.0	3.18280857326
928000000.0	4.07359670999
930000000.0	2.62964058421
932000000.0	-1.27928910633
934000000.0	-2.81049663916
936000000.0	-2.10374368633
938000000.0	-0.972493218805
940000000.0	0.339744337869
942000000.0	2.86848130691
944000000.0	3.4163203724
946000000.0	0.837465646255
948000000.0	-1.30901870869
950000000.0	-4.45191726212
952000000.0	-1.70550536398
954000000.0	1.14619687175
956000000.0	2.95317077648
958000000.0	2.91267037754
960000000.0	0.809907893091
962000000.0	-1.51638122579
964000000.0	-2.92231693649
966000000.0	-1.60446089349
968000000.0	1.28403518231
970000000.0	1.92059378571
972000000.0	1.76291087592
974000000.0	-1.15591084362
976000000.0	-1.48412577687
978000000.0	-2.18064822741
980000000.0	-0.490265553988
982000000.0	1.5581126848
984000000.0	1.41469790471
986000000.0	0.66065997913
988000000.0	-1.15394170793
990000000.0	-1.98976010145
992000000.0	-0.325570871622
994000000.0	0.168173337003
996000000.0	1.17113421703
998000000.0	0.496821422771
1000000000.0	2.578005
1002000000.0	-1.2384017045
1004000000.0	-1.90921316947
1006000000.0	-0.681134381684
1008000000.0	0.222717280014
1010000000.0	1.21281205925
1012000000.0	1.78063834741
1014000000.0	0.72867915123
1016000000.0	-0.896481555219
1018000000.0	-1.79560934934
1020000000.0	-1.30078880458
1022000000.0	0.708934128478
1024000000.0	1.29847725355
1026000000.0	0.792342832689
1028000000.0	-0.0279312860948
1030000000.0	-0.892343864379
1032000000.0	-0.872828274394
1034000000.0	-0.226637790182
1036000000.0	1.65875531187
1038000000.0	1.61900112713
1040000000.0	0.725293483484
1042000000.0	-0.611811502037
1044000000.0	-0.898043538169
1046000000.0	-1.2910535685
1048000000.0	0.762384983634
1050000000.0	1.33019163437
1052000000.0	0.844619156349
1054000000.0	0.620420249561
1056000000.0	-1.33558596652
1058000000.0	-1.07538890749
1060000000.0	-1.01049628223
1062000000.0	0.30130838144
1064000000.0	0.939524529159
1066000000.0	0.214519887302
1068000000.0	-0.0399060590845
1070000000.0	-0.118624961249
1072000000.0	-1.39318457389
1074000000.0	-0.0870846325653
1076000000.0	-0.23652317624
1078000000.0	1.42011578721
1080000000.0	1.121945561
1082000000.0	-0.335135558031
1084000000.0	-0.883574531159
1086000000.0	-0.53601007784
1088000000.0	-0.55570186539
1090000000.0	0.419792691591
1092000000.0	0.365324912533
1094000000.0	0.518251830965
1096000000.0	-1.29339215243
1098000000.0	-0.472222638164
1100000000.0	1.3903117309
1102000000.0	-0.738589719686
1104000000.0	0.110128900442
1106000000.0	0.157322179401
1108000000.0	-0.0250977822346
1110000000.0	-0.789999557021
1112000000.0	-1.00392611578
1114000000.0	-0.167094506154
1116000000.0	0.284571840015
1118000000.0	0.914354642798
1120000000.0	1.03062271792
1122000000.0	-0.158230611569
1124000000.0	-0.161203300696
1126000000.0	-1.80022652225
1128000000.0	-0.0153942874841
1130000000.0	0.490673039185
1132000000.0	1.68813142969
1134000000.0	0.803406909343
1136000000.0	-0.180713724461
1138000000.0	-0.703352109405
1140000000.0	-1.10586395747
1142000000.0	0.156465293569
1144000000.0	0.567289376098
1146000000.0	0.212032775716
1148000000.0	-0.365975395261
1150000000.0	-0.203349833523
1152000000.0	-1.13180210294
1154000000.0	-0.810444303314
1156000000.0	0.138680662252
1158000000.0	0.383843769719
1160000000.0	1.06618063411
1162000000.0	-0.402335812712
1164000000.0	-0.0762948489756
1166000000.0	-0.220504549125
1168000000.0	-0.9237414599
1170000000.0	-0.698092869294
1172000000.0	0.768931726644
1174000000.0	0.982257234353
1176000000.0	1.01953831515
1178000000.0	-0.873005486097
1180000000.0	-0.0832093761722
1182000000.0	-0.133685488643
1184000000.0	0.210043899293
1186000000.0	0.419131020583
1188000000.0	0.735201326352
1190000000.0	1.46837273715
1192000000.0	0.315277546847
1194000000.0	-0.554836010078
1196000000.0	-1.55825347574
1198000000.0	-2.48185165496
1200000000.0	8.79141911459
1202000000.0	-2.42344336123
1204000000.0	-2.5186646992
1206000000.0	-0.328864003358
1208000000.0	0.459888308477
1210000000.0	0.679343732229
1212000000.0	0.808926240401
1214000000.0	-0.239088872725
1216000000.0	-0.291382667298
1218000000.0	0.261812132726
1220000000.0	-0.0624587904601
1222000000.0	-0.953344203366
1224000000.0	0.630720859222
1226000000.0	-0.0755558836336
1228000000.0	-0.802607301376
1230000000.0	-0.519353884889
1232000000.0	0.454725786024
1234000000.0	-0.245416654805
1236000000.0	0.356504669184
1238000000.0	-0.21411555152
1240000000.0	1.07159061418
1242000000.0	0.378819615941
1244000000.0	-1.0629572181
1246000000.0	0.0667226038539
1248000000.0	-0.53883696377
1250000000.0	-1.82941902684
1252000000.0	0.974460871435
1254000000.0	0.932526476887
1256000000.0	0.204343523233
1258000000.0	0.0709551312715
1260000000.0	-0.320324970672
1262000000.0	-0.434743450344
1264000000.0	-0.011031232109
1266000000.0	0.363093605318
1268000000.0	0.140338457946
1270000000.0	-0.174386492325
1272000000.0	0.0578064121044
1274000000.0	-0.0213376900761
1276000000.0	-0.182632602308
1278000000.0	0.420595073742
1280000000.0	0.585359287234
1282000000.0	0.0824095810028
1284000000.0	-0.347858506051
1286000000.0	-0.673348038727
1288000000.0	-0.657420267968
1290000000.0	1.2595984649
1292000000.0	0.84597486098
1294000000.0	0.294576554065
1296000000.0	0.297831311967
1298000000.0	-0.189826753182
1300000000.0	-0.883045327286
1302000000.0	0.56529365638
1304000000.0	0.369602015074
1306000000.0	-0.0497567211098
1308000000.0	-0.000855635122065
1310000000.0	-0.00377265226182
1312000000.0	0.58613367062
1314000000.0	0.785479024871
1316000000.0	-0.170659253649
1318000000.0	0.565263706493
1320000000.0	-0.312429265815
1322000000.0	-1.40123174124
1324000000.0	-0.0766938369074
1326000000.0	0.0624873061158
1328000000.0	0.846720462022
1330000000.0	0.101247649999
1332000000.0	0.22962663976
1334000000.0	0.667805633439
1336000000.0	-0.766715256912
1338000000.0	1.03973264713
1340000000.0	-0.0217876500896
1342000000.0	-0.453981278166
1344000000.0	0.443798183289
1346000000.0	1.14244338017
1348000000.0	-0.238902450543
1350000000.0	-0.182176285263
1352000000.0	-0.436891063677
1354000000.0	-0.775803604467
1356000000.0	-0.0372295974723
1358000000.0	-0.0375397648792
1360000000.0	-0.286003970978
1362000000.0	0.0880145387212
1364000000.0	0.360069104221
1366000000.0	-1.02485834489
1368000000.0	-0.978559544873
1370000000.0	0.24727261457
1372000000.0	0.188003606773
1374000000.0	-2.02004690813
1376000000.0	1.4840424353
1378000000.0	-0.15931999295
1380000000.0	-0.443860706624
1382000000.0	1.28437595956
1384000000.0	0.434187476651
1386000000.0	0.473251276183
1388000000.0	0.447108439002
1390000000.0	-0.995433345171
1392000000.0	-0.27394285516
1394000000.0	-0.298714500827
1396000000.0	0.498074627187
1398000000.0	1.3051434569
1400000000.0	-0.0429458487133
1402000000.0	0.317744219374
1404000000.0	-0.872189405603
1406000000.0	-1.44805012514
1408000000.0	-0.178526553789
1410000000.0	1.23233815439
1412000000.0	-0.189479390059
1414000000.0	1.1631014032
1416000000.0	0.08917357939
1418000000.0	-0.948638166512
1420000000.0	-0.34192205624
1422000000.0	0.342721070812
1424000000.0	-0.604652636617
1426000000.0	1.3393484865
1428000000.0	-0.848685455183
1430000000.0	-1.13424987545
1432000000.0	-0.208111763717
1434000000.0	0.0542583548001
1436000000.0	-0.11647284552
1438000000.0	0.809368799455
1440000000.0	0.64369776482
1442000000.0	0.293781585857
1444000000.0	0.365027622869
1446000000.0	-0.438503638715
1448000000.0	-0.582192439308
1450000000.0	0.76559455179
1452000000.0	0.656334130843
1454000000.0	0.739534622794
1456000000.0	0.0290338781135
1458000000.0	-1.07910202176
1460000000.0	-1.40802815609
1462000000.0	-1.26403361445
1464000000.0	0.975711320995
1466000000.0	2.09452239556
1468000000.0	2.29707376357
1470000000.0	0.504651975007
1472000000.0	-3.0071341659
1474000000.0	-3.25256239615
1476000000.0	-1.07498737347
1478000000.0	3.32036161755
1480000000.0	4.28621754734
1482000000.0	2.64295505662
1484000000.0	-2.34124584723
1486000000.0	-4.49908631209
1488000000.0	-2.67173352853
1490000000.0	3.26440599064
1492000000.0	5.93413526284
1494000000.0	2.85188347174
1496000000.0	-7.13786634774
1498000000.0	-12.5542441452
1500000000.0	20.2245087676
1502000000.0	-4.80899552443
1504000000.0	-1.98840713145
1506000000.0	-3.0807659935
1508000000.0	-2.09281163027
1510000000.0	-0.187089917741
1512000000.0	3.8335422437
1514000000.0	3.74204222895
1516000000.0	2.1219654569
1518000000.0	-1.70561990291
1520000000.0	-4.05595807434
1522000000.0	-2.09310143635
1524000000.0	0.900855885596
1526000000.0	2.67585375161
1528000000.0	2.02785735352
1530000000.0	1.02438702833
1532000000.0	-1.39026037741
1534000000.0	-1.33138639391
1536000000.0	-0.516034743741
1538000000.0	0.622912903264
1540000000.0	1.15695529175
1542000000.0	0.610601953054
1544000000.0	0.111002498508
1546000000.0	-0.743089041404
1548000000.0	0.105103254564
1550000000.0	-0.111044397525
1552000000.0	1.11461081169
1554000000.0	0.742756604159
1556000000.0	0.828563578437
1558000000.0	0.117340477537
1560000000.0	-1.51089564423
1562000000.0	0.328526869934
1564000000.0	0.10757639022
1566000000.0	0.733969629093
1568000000.0	0.0056492328949
1570000000.0	-0.137829320644
1572000000.0	-0.142060720146
1574000000.0	-0.44357709661
1576000000.0	0.325073238405
1578000000.0	0.652223378062
1580000000.0	-0.132726948517
1582000000.0	0.356386315121
1584000000.0	0.778442111027
1586000000.0	-0.372008292837
1588000000.0	-0.966111929231
1590000000.0	-0.421920385777
1592000000.0	0.644377478648
1594000000.0	1.00248053855
1596000000.0	0.635670558024
1598000000.0	-0.579108314204
1600000000.0	0.0691100855066
1602000000.0	-0.042353735469
1604000000.0	-0.0661562896942
1606000000.0	0.298574694554
1608000000.0	0.553807959925
1610000000.0	-0.285883569032
1612000000.0	-0.629424427123
1614000000.0	-0.198443319069
1616000000.0	-0.158706568935
1618000000.0	0.509246312529
1620000000.0	0.861067814352
1622000000.0	-0.10365811937
1624000000.0	0.838294477302
1626000000.0	-0.982130548931
1628000000.0	-0.246493339842
1630000000.0	-0.00556126288044
1632000000.0	0.252977681047
1634000000.0	0.376585746233
1636000000.0	-0.100419143767
1638000000.0	0.109524818833
1640000000.0	-1.02174771691
1642000000.0	-0.318918514641
1644000000.0	0.348097306293
1646000000.0	0.505392915423
1648000000.0	0.384438337531
1650000000.0	0.317827609145
1652000000.0	-0.509289498884
1654000000.0	0.0901444803849
1656000000.0	-0.00466357031659
1658000000.0	0.805665099984
1660000000.0	0.0842568191252
1662000000.0	-0.162229183569
1664000000.0	-0.3719995092
1666000000.0	0.210798687453
1668000000.0	-0.0010164035704
1670000000.0	0.218244146057
1672000000.0	0.0372006594494
1674000000.0	-0.189674439602
1676000000.0	0.985437173285
1678000000.0	0.00799961680864
1680000000.0	-0.201082189373
1682000000.0	-0.0134423524933
1684000000.0	0.10774352859
1686000000.0	0.40253263507
1688000000.0	0.832954511877
1690000000.0	-0.0751051206216
1692000000.0	-0.211291712069
1694000000.0	0.234821449104
1696000000.0	-0.0415408352738
1698000000.0	0.65462879322
1700000000.0	-1.13693393174
1702000000.0	0.185503355546
1704000000.0	0.588839531803
1706000000.0	1.5250154842
1708000000.0	0.179412327428
1710000000.0	-1.29244895007
1712000000.0	0.0974225754866
1714000000.0	-0.521902297175
1716000000.0	0.234873716666
1718000000.0	-0.395450281938
1720000000.0	-0.758461747368
1722000000.0	-0.457656887336
1724000000.0	0.0678701871065
1726000000.0	-0.554641943113
1728000000.0	-0.483539620265
1730000000.0	0.639493944905
1732000000.0	0.301561932059
1734000000.0	-0.36271566578
1736000000.0	0.00798554290567
1738000000.0	0.282506517053
1740000000.0	-0.0620343624313
1742000000.0	0.179472877482
1744000000.0	0.310323037419
1746000000.0	0.329198510674
1748000000.0	-0.0407206550578
1750000000.0	1.46104822533
1752000000.0	0.402522291248
1754000000.0	0.460863654568
1756000000.0	0.00728600934255
1758000000.0	-0.195317318222
1760000000.0	-0.211841420753
1762000000.0	-0.823369736182
1764000000.0	-0.549634987161
1766000000.0	0.476533564816
1768000000.0	0.306020015811
1770000000.0	0.694071844607
1772000000.0	-0.282763488778
1774000000.0	-0.0289097744768
1776000000.0	-0.0367607275459
1778000000.0	0.192131021133
1780000000.0	-0.0572903299064
1782000000.0	0.0591198077918
1784000000.0	-0.306635835808
1786000000.0	0.474297839559
1788000000.0	-0.757510041508
1790000000.0	-0.168808872146
1792000000.0	-0.0334719325996
1794000000.0	0.0930909390714
1796000000.0	0.564982068468
1798000000.0	1.15722107524
1800000000.0	0.0772710313421
1802000000.0	0.629850489185
1804000000.0	-0.36294496669
1806000000.0	-0.000881862961474
1808000000.0	-0.327484839222
1810000000.0	0.71654055682
1812000000.0	0.567019912763
1814000000.0	0.206287499082
1816000000.0	-0.891698366323
1818000000.0	0.187795808496
1820000000.0	0.613690112785
1822000000.0	0.267047237525
1824000000.0	-0.972987595288
1826000000.0	0.104679477286
1828000000.0	0.389852884489
1830000000.0	-1.0296811367
1832000000.0	0.512842997511
1834000000.0	0.465735997493
1836000000.0	0.309194441413
1838000000.0	0.149433083355
1840000000.0	0.184238843956
1842000000.0	-0.943519836585
1844000000.0	-0.201931098469
1846000000.0	0.640798965279
1848000000.0	-0.0416187586023
1850000000.0	0.846623171647
1852000000.0	0.90017684666
1854000000.0	-0.9367450469
1856000000.0	-0.208359453011
1858000000.0	0.188162527721
1860000000.0	-0.543592858954
1862000000.0	0.188831367879
1864000000.0	0.0423802791389
1866000000.0	0.718765041396
1868000000.0	0.356694822714
1870000000.0	0.566099661468
1872000000.0	-0.795564084204
1874000000.0	0.389990763559
1876000000.0	0.928061968756
1878000000.0	-0.136030545918
1880000000.0	-0.0935710425837
1882000000.0	-1.37331757804
1884000000.0	-0.507618641224
1886000000.0	0.039395462833
1888000000.0	-0.230829878708
1890000000.0	0.789117663614
1892000000.0	1.27885651143
1894000000.0	-0.648141031074
1896000000.0	-4.47018515177
1898000000.0	-8.99173615021
1900000000.0	24.8380189256
1902000000.0	-11.1893254653
1904000000.0	-4.9693917475
1906000000.0	-0.551911411072
1908000000.0	1.26776488798
1910000000.0	0.998489688064
1912000000.0	0.814223163055
1914000000.0	-0.526698430383
1916000000.0	-0.12102089256
1918000000.0	-0.160999295237
1920000000.0	0.536435612861
1922000000.0	-0.39977660948
1924000000.0	0.570075630956
1926000000.0	-0.0604795087277
1928000000.0	-0.364127207468
1930000000.0	0.316984412638
1932000000.0	-0.124242209975
1934000000.0	0.261205997032
1936000000.0	-0.0396365327853
1938000000.0	0.317363629137
1940000000.0	0.0546406571134
1942000000.0	-0.357079874486
1944000000.0	-0.232296065548
1946000000.0	-0.661428745129
1948000000.0	-0.0857034846027
1950000000.0	0.304328253671
1952000000.0	-0.107964093718
1954000000.0	-0.170663884028
1956000000.0	-0.470327124987
1958000000.0	-0.178214292076
1960000000.0	0.162558221697
1962000000.0	0.31755294812
1964000000.0	0.626848368671
1966000000.0	-0.0927144738745
1968000000.0	-0.301888870649
1970000000.0	0.41755748701
1972000000.0	-0.626836850777
1974000000.0	0.0597191806356
1976000000.0	-0.0149206572062
1978000000.0	0.366884934885
1980000000.0	0.297073025154
1982000000.0	0.313973990299
1984000000.0	-0.548202803826
1986000000.0	-0.0458027796116
1988000000.0	0.18297868862
1990000000.0	-0.205121754564
1992000000.0	-0.388438276134
1994000000.0	0.0338975034557
1996000000.0	0.526777507413
1998000000.0	-0.244623979426
2000000000.0	1.374985
