0.0	-8.25
2000000.0	1.13851318857
4000000.0	2.55172806171
6000000.0	0.551224183064
8000000.0	-0.0946792925585
10000000.0	-0.431636799439
12000000.0	-1.08059347999
14000000.0	-1.59702851761
16000000.0	0.292533174535
18000000.0	3.95086504819
20000000.0	5.7160669219
22000000.0	4.44683343412
24000000.0	1.10399903159
26000000.0	-1.13896338899
28000000.0	-3.86796123674
30000000.0	-5.02983638006
32000000.0	-3.92804298076
34000000.0	-0.533037353983
36000000.0	4.27234536662
38000000.0	5.62952502303
40000000.0	3.34958146274
42000000.0	1.41841168477
44000000.0	-0.65904210052
46000000.0	-2.35156116864
48000000.0	-2.17337693021
50000000.0	-1.09732661101
52000000.0	0.265460292901
54000000.0	1.16245090622
56000000.0	1.14044299767
58000000.0	-0.0689790749722
60000000.0	-0.85469394656
62000000.0	-1.20431656303
64000000.0	-0.670175152192
66000000.0	0.257084812624
68000000.0	0.999927917902
70000000.0	0.996091534139
72000000.0	-0.033246091774
74000000.0	-0.491791300294
76000000.0	-1.05664785874
78000000.0	-1.13193629381
80000000.0	0.0493203120407
82000000.0	0.419412497687
84000000.0	0.577573814723
86000000.0	0.303234702112
88000000.0	-0.519317288886
90000000.0	-0.610448954666
92000000.0	-0.501971414233
94000000.0	0.0325809498192
96000000.0	0.767399167317
98000000.0	0.940610898607
100000000.0	0.285828226551
102000000.0	-0.653009991094
104000000.0	-0.942919914749
106000000.0	-0.883042377439
108000000.0	-0.144583640905
110000000.0	0.947494647573
112000000.0	1.46293618345
114000000.0	1.11486862625
116000000.0	0.401856448769
118000000.0	-0.59417516514
120000000.0	-0.875651131095
122000000.0	-0.48135457188
124000000.0	0.263196461802
126000000.0	-0.00639472449802
128000000.0	0.421467560822
130000000.0	0.238137311564
132000000.0	-0.42181727138
134000000.0	-0.608321679778
136000000.0	-0.334302035873
138000000.0	0.183911591825
140000000.0	0.542724620331
142000000.0	0.607382838579
144000000.0	0.0374675190696
146000000.0	-0.433865544804
148000000.0	-0.778125206614
150000000.0	-0.675021997439
152000000.0	-0.0225019464344
154000000.0	0.410133412825
156000000.0	0.285068396019
158000000.0	0.209675425938
160000000.0	0.061775098611
162000000.0	-0.314882673527
164000000.0	-0.239428221122
166000000.0	0.000418755385272
168000000.0	-0.121732191962
170000000.0	-0.0922499906681
172000000.0	0.238482124569
174000000.0	-0.248503466503
176000000.0	-0.759262598143
178000000.0	0.0564522650972
180000000.0	0.641463315567
182000000.0	0.681626883962
184000000.0	0.668001044953
186000000.0	-0.116611301352
188000000.0	-0.834562576995
190000000.0	-1.09540003305
192000000.0	-1.14663110478
194000000.0	-0.215495293843
196000000.0	0.73610327879
198000000.0	1.252097352
200000000.0	0.789831307072
202000000.0	0.321067268362
204000000.0	-0.660379801237
206000000.0	-1.07044807239
208000000.0	-0.815239475454
210000000.0	-0.188613036894
212000000.0	0.863291950067
214000000.0	0.865401056179
216000000.0	0.103617434231
218000000.0	-0.126548617128
220000000.0	-0.423119269672
222000000.0	-0.346010075066
224000000.0	0.28761145909
226000000.0	0.535201830673
228000000.0	0.25531711324
230000000.0	-0.561468003319
232000000.0	-1.13409127322
234000000.0	-0.696295461571
236000000.0	0.0341473364902
238000000.0	0.81027284447
240000000.0	1.58949714828
242000000.0	0.680548359884
244000000.0	0.0465590862585
246000000.0	-1.15439572868
248000000.0	-2.03437047863
250000000.0	-1.57056712837
252000000.0	0.26705527264
254000000.0	2.03619206708
256000000.0	3.2570813757
258000000.0	1.28314877992
260000000.0	-1.22121483821
262000000.0	-2.92784444211
264000000.0	-2.5557463681
266000000.0	-0.707357999801
268000000.0	1.34697495007
270000000.0	2.26953816446
272000000.0	1.78624026126
274000000.0	1.13504552475
276000000.0	-0.541345264805
278000000.0	-2.78429727748
280000000.0	-3.5783335635
282000000.0	-1.01423807034
284000000.0	3.85233972107
286000000.0	6.08649356121
288000000.0	1.2577205151
290000000.0	-7.91944984479
292000000.0	-10.50777592
294000000.0	0.639304044526
296000000.0	22.0579768162
298000000.0	39.695704844
300000000.0	-89.4390322541
302000000.0	22.5481082097
304000000.0	12.7146309163
306000000.0	8.79783893015
308000000.0	5.92265996264
310000000.0	-0.531979372117
312000000.0	-7.90936003115
314000000.0	-9.96933280013
316000000.0	-4.6608645979
318000000.0	4.39659787163
320000000.0	8.7024647046
322000000.0	6.15779603964
324000000.0	0.0518057052181
326000000.0	-4.47252213674
328000000.0	-5.25216801663
330000000.0	-2.95717819315
332000000.0	0.425858684074
334000000.0	2.84965732075
336000000.0	3.48667191045
338000000.0	2.43062531172
340000000.0	0.0764419530561
342000000.0	-2.74212113486
344000000.0	-3.53035797653
346000000.0	-1.68888819513
348000000.0	0.913251966877
350000000.0	2.93658721342
352000000.0	2.65777953643
354000000.0	0.514054812782
356000000.0	-1.56326254883
358000000.0	-2.35935430037
360000000.0	-1.51478052877
362000000.0	0.401767230327
364000000.0	1.39216631118
366000000.0	1.80463262643
368000000.0	0.548136694092
370000000.0	-0.732168862496
372000000.0	-1.55013485923
374000000.0	-1.01109114881
376000000.0	-0.506268243267
378000000.0	0.943042392435
380000000.0	1.86385985648
382000000.0	1.4524051147
384000000.0	-0.57221633032
386000000.0	-1.67579786237
388000000.0	-1.65701403203
390000000.0	-0.793374379716
392000000.0	0.788260656861
394000000.0	1.32498331598
396000000.0	1.53367510789
398000000.0	0.459543572589
400000000.0	-0.928447892379
402000000.0	-1.53416560024
404000000.0	-1.20496734741
406000000.0	-0.169920498681
408000000.0	0.797405831876
410000000.0	1.35543534748
412000000.0	1.13237370448
414000000.0	-0.168279483167
416000000.0	-1.09103861218
418000000.0	-1.15439471388
420000000.0	-0.685412330826
422000000.0	0.29675615968
424000000.0	1.04900096249
426000000.0	0.662445266144
428000000.0	0.467747469596
430000000.0	-0.508874353741
432000000.0	-0.572780094026
434000000.0	-0.614709851501
436000000.0	-0.0607089083333
438000000.0	0.31648624378
440000000.0	0.505207044421
442000000.0	0.131586405618
444000000.0	-0.426787778941
446000000.0	-0.576522854905
448000000.0	-0.399621297824
450000000.0	-0.151364540612
452000000.0	0.634806925776
454000000.0	0.43753917451
456000000.0	0.300532103064
458000000.0	0.12979394577
460000000.0	-0.575701914598
462000000.0	-0.559993989291
464000000.0	-0.0453288675788
466000000.0	0.349847194925
468000000.0	0.79870903537
470000000.0	0.472271066161
472000000.0	0.0402789900328
474000000.0	-0.631879630288
476000000.0	-0.512612886891
478000000.0	-0.263365832667
480000000.0	0.0990423831106
482000000.0	0.393926652565
484000000.0	0.528984583307
486000000.0	0.22583412532
488000000.0	0.0511727274491
490000000.0	-0.271711749297
492000000.0	-0.411231021003
494000000.0	-0.268305911684
496000000.0	0.0356773913022
498000000.0	0.464189480232
500000000.0	0.522781374239
502000000.0	0.45753096676
504000000.0	-0.368788497093
506000000.0	-0.680866763788
508000000.0	-0.11511338692
510000000.0	-0.0471463487159
512000000.0	0.339455524786
514000000.0	0.337494964899
516000000.0	-0.103752307815
518000000.0	-0.0984563679417
520000000.0	-0.122930454226
522000000.0	0.240429587664
524000000.0	0.0625681362308
526000000.0	0.242446303114
528000000.0	0.116321154363
530000000.0	0.127634082129
532000000.0	-0.326557312626
534000000.0	-0.385121224743
536000000.0	-0.245061073149
538000000.0	0.0907242166114
540000000.0	0.239629983152
542000000.0	0.404774532739
544000000.0	0.00996257145212
546000000.0	-0.00163528359443
548000000.0	-0.252258117345
550000000.0	-0.560938741357
552000000.0	-0.171720479505
554000000.0	-0.00194902105991
556000000.0	0.315869555079
558000000.0	0.441802216935
560000000.0	0.168375169868
562000000.0	0.0125953029053
564000000.0	-0.36951596162
566000000.0	-0.336560619498
568000000.0	-0.0305410049442
570000000.0	0.0357942588518
572000000.0	0.0619478334291
574000000.0	0.256690848228
576000000.0	0.039752013951
578000000.0	0.101583475591
580000000.0	-0.349999974887
582000000.0	-0.00590017397339
584000000.0	0.0418255113628
586000000.0	0.0757282858326
588000000.0	-0.021908751408
590000000.0	-0.103562724617
592000000.0	-0.340290278508
594000000.0	0.178582333686
596000000.0	-0.0055437132199
598000000.0	0.390949729659
600000000.0	-0.0878108203935
602000000.0	0.489703632317
604000000.0	0.0417801715428
606000000.0	-0.0891478915151
608000000.0	-0.521154637071
610000000.0	-0.578795947532
612000000.0	0.099064992807
614000000.0	0.207730716978
616000000.0	0.138481851266
618000000.0	0.233127030336
620000000.0	-0.135026379271
622000000.0	-0.394738814013
624000000.0	0.305139895724
626000000.0	-0.207717168911
628000000.0	-0.136818670915
630000000.0	0.329763413119
632000000.0	0.32471638907
634000000.0	-0.280393086952
636000000.0	-0.379338634501
638000000.0	-0.104896844929
640000000.0	-0.165317164332
642000000.0	0.128053646597
644000000.0	0.00351620857893
646000000.0	0.292686124707
648000000.0	0.0438410196677
650000000.0	-0.236914433913
652000000.0	-0.299471149146
654000000.0	-0.112345934364
656000000.0	0.235787480663
658000000.0	-0.0784924783324
660000000.0	0.342083802779
662000000.0	-0.155528473481
664000000.0	-0.218087459199
666000000.0	-0.502004209154
668000000.0	-0.0114458385433
670000000.0	0.172688940632
672000000.0	-0.0402855221018
674000000.0	-0.111703859619
676000000.0	0.386870638593
678000000.0	-0.291668710679
680000000.0	-0.319635191666
682000000.0	-0.125559907049
684000000.0	-0.415140891472
686000000.0	0.388163629701
688000000.0	0.0808059175068
690000000.0	0.233068701668
692000000.0	0.159310139937
694000000.0	-0.138099358947
696000000.0	0.173222767847
698000000.0	0.24976401418
700000000.0	-1.59093401446
702000000.0	0.623071681262
704000000.0	0.508083705837
706000000.0	0.0293311675033
708000000.0	0.074399810126
710000000.0	-0.211094680672
712000000.0	-0.0774202620319
714000000.0	-0.355323065227
716000000.0	-0.306177928318
718000000.0	0.0259078975025
720000000.0	0.309877373366
722000000.0	0.179117656445
724000000.0	-0.377231533322
726000000.0	0.274421201771
728000000.0	-0.0988910455552
730000000.0	0.0573672889527
732000000.0	0.13686169969
734000000.0	0.121388482066
736000000.0	-0.0346043961549
738000000.0	-0.031392838339
740000000.0	-0.038713119092
742000000.0	-0.205688917329
744000000.0	-0.0623191364959
746000000.0	0.176160951741
748000000.0	0.439770188852
750000000.0	0.585358388482
752000000.0	0.144829536702
754000000.0	-0.127223668018
756000000.0	-0.280238177932
758000000.0	-0.262053055601
760000000.0	0.147239719968
762000000.0	-0.0102614431104
764000000.0	0.108031561084
766000000.0	0.345542067965
768000000.0	-0.00529854558804
770000000.0	-0.202229729728
772000000.0	-0.402058891141
774000000.0	-0.123307066508
776000000.0	-0.000383569563051
778000000.0	-0.00288786287851
780000000.0	0.445675019637
782000000.0	0.281984168774
784000000.0	-0.321581114984
786000000.0	-0.236673417296
788000000.0	-0.425640659517
790000000.0	-0.263077152911
792000000.0	-0.232570174999
794000000.0	0.0200157091852
796000000.0	0.253326643451
798000000.0	0.302396583456
800000000.0	-0.574195768082
802000000.0	0.0681893792904
804000000.0	-0.215211559412
806000000.0	-0.189876256698
808000000.0	0.00894653818453
810000000.0	0.281273518675
812000000.0	0.002672819762
814000000.0	0.10549665884
816000000.0	-0.173809653196
818000000.0	-0.2035320476
820000000.0	-0.320112309177
822000000.0	-0.0149695690731
824000000.0	0.343951536035
826000000.0	0.000932278366938
828000000.0	-0.026455745888
830000000.0	-0.319782731749
832000000.0	-0.192581174263
834000000.0	-0.345861594655
836000000.0	0.318556666342
838000000.0	0.381945369944
840000000.0	0.47632069411
842000000.0	0.116798186223
844000000.0	-0.327428271183
846000000.0	-0.237222105431
848000000.0	-0.619251648507
850000000.0	-0.382386177878
852000000.0	0.219583634451
854000000.0	0.52541355956
856000000.0	0.761570771469
858000000.0	0.0181729032617
860000000.0	-0.349556122481
862000000.0	-0.719074850773
864000000.0	-0.516359304119
866000000.0	0.0875986926633
868000000.0	0.756936737446
870000000.0	0.573794239689
872000000.0	0.00232838516362
874000000.0	-0.352439143375
876000000.0	-0.250300876166
878000000.0	-0.360152451388
880000000.0	-0.457691305205
882000000.0	-0.129588668922
884000000.0	1.30212621051
886000000.0	1.57491246095
888000000.0	-0.0553561888236
890000000.0	-2.6887304103
892000000.0	-3.24800042287
894000000.0	0.391281317957
896000000.0	7.89610778302
898000000.0	14.3709732371
900000000.0	-32.6131618133
902000000.0	8.63787271614
904000000.0	4.65366179308
906000000.0	2.37560096164
908000000.0	1.61235800657
910000000.0	-0.247452949448
912000000.0	-2.14157656538
914000000.0	-2.96931984509
916000000.0	-1.6008990631
918000000.0	0.991978441064
920000000.0	2.41422024669
922000000.0	1.78068794362
924000000.0	-0.113896119377
926000000.0	-1.34352895287
928000000.0	-1.74990150441
930000000.0	-0.5474434365
932000000.0	0.0611161299389
934000000.0	0.780656378781
936000000.0	0.921147833301
938000000.0	0.676437566252
940000000.0	-0.106557115948
942000000.0	-0.940508959176
944000000.0	-1.05808220194
946000000.0	-0.661014922443
948000000.0	0.394744218187
950000000.0	0.579706372731
952000000.0	0.80042671615
954000000.0	0.44268543474
956000000.0	-0.350618514045
958000000.0	-0.684121600719
960000000.0	-0.523604639291
962000000.0	-0.0749060811251
964000000.0	0.555060496208
966000000.0	0.339243987846
968000000.0	0.403865414958
970000000.0	-0.15351324615
972000000.0	-0.704444917326
974000000.0	-0.442040595741
976000000.0	0.0317847581638
978000000.0	0.181812316961
980000000.0	0.603074952609
982000000.0	0.43644549783
984000000.0	-0.209434968597
986000000.0	-0.411616069012
988000000.0	-0.547521568398
990000000.0	-0.430531790509
992000000.0	0.453377497339
994000000.0	0.620257633381
996000000.0	0.595807851031
998000000.0	0.353978144367
1000000000.0	1.5875
1002000000.0	-0.536466548259
1004000000.0	-0.500375783849
1006000000.0	-0.0921285880853
1008000000.0	0.144297699141
1010000000.0	0.32997120139
1012000000.0	0.438299083508
1014000000.0	0.254843689774
1016000000.0	-0.142645195817
1018000000.0	-0.671940326255
1020000000.0	-0.367214284797
1022000000.0	0.149096036882
1024000000.0	0.322190251265
1026000000.0	0.453373361403
1028000000.0	0.114273516772
1030000000.0	-0.122898944525
1032000000.0	-0.630044685192
1034000000.0	-0.283310796253
1036000000.0	-0.109521346581
1038000000.0	0.114386523056
1040000000.0	0.193650305458
1042000000.0	0.445366910919
1044000000.0	-8.19247196909e-05
1046000000.0	-0.367070188047
1048000000.0	-0.224755087861
1050000000.0	-0.188377658996
1052000000.0	0.027458682583
1054000000.0	0.108398717684
1056000000.0	0.267222795047
1058000000.0	-0.0670326987293
1060000000.0	-0.377470167684
1062000000.0	-0.300395304278
1064000000.0	-0.312450175006
1066000000.0	0.182350481799
1068000000.0	0.269820041875
1070000000.0	0.114492145688
1072000000.0	0.212356839681
1074000000.0	-0.0779644245019
1076000000.0	-0.461923796341
1078000000.0	-0.278136691042
1080000000.0	-0.152387345595
1082000000.0	0.204005688513
1084000000.0	0.509395455951
1086000000.0	0.181754498649
1088000000.0	0.218242579585
1090000000.0	-0.454040529048
1092000000.0	-0.142893800967
1094000000.0	-0.298363795029
1096000000.0	-0.166822061919
1098000000.0	-0.0327295846533
1100000000.0	0.241331239146
1102000000.0	0.467997235898
1104000000.0	-0.272632983491
1106000000.0	-0.154620125875
1108000000.0	-0.260144258464
1110000000.0	-0.0411686285987
1112000000.0	0.178388659435
1114000000.0	0.244958688395
1116000000.0	-0.0170511165023
1118000000.0	0.243113204298
1120000000.0	-0.098635196215
1122000000.0	-0.282929898218
1124000000.0	0.138908583021
1126000000.0	0.0830279716569
1128000000.0	-0.060230672374
1130000000.0	0.373395316344
1132000000.0	0.158408639798
1134000000.0	-0.1946566812
1136000000.0	-0.0722336559445
1138000000.0	-0.0259503493583
1140000000.0	0.106410795961
1142000000.0	-0.0212731115728
1144000000.0	0.0483377482449
1146000000.0	0.214408928076
1148000000.0	-0.0647833333219
1150000000.0	-0.274736227006
1152000000.0	-0.173844618313
1154000000.0	-0.124305186727
1156000000.0	-0.145755832359
1158000000.0	0.234157551691
1160000000.0	-0.0315547790534
1162000000.0	0.243727124344
1164000000.0	0.218466722271
1166000000.0	-0.226053251664
1168000000.0	-0.150112600434
1170000000.0	-0.125182848998
1172000000.0	0.0692453408143
1174000000.0	0.414326743971
1176000000.0	-0.0135932462125
1178000000.0	-0.356261853376
1180000000.0	-0.173783695201
1182000000.0	-0.170545966213
1184000000.0	-0.394079945495
1186000000.0	-0.305206575107
1188000000.0	0.43343092876
1190000000.0	-0.0193493158755
1192000000.0	-0.147696113517
1194000000.0	0.0947986817279
1196000000.0	0.0560862395743
1198000000.0	-0.0968232218077
1200000000.0	-0.655927107621
1202000000.0	0.514729150358
1204000000.0	0.198693350757
1206000000.0	0.0390566451505
1208000000.0	-0.224110486387
1210000000.0	-0.346371324996
1212000000.0	-0.145895653365
1214000000.0	-0.0155155865818
1216000000.0	0.233374486247
1218000000.0	0.111579841278
1220000000.0	0.0073225734634
1222000000.0	-0.299500628073
1224000000.0	-0.203849963644
1226000000.0	0.0655227251933
1228000000.0	-0.237794520817
1230000000.0	0.056229913899
1232000000.0	0.217133814382
1234000000.0	-0.118435688019
1236000000.0	0.0830531661901
1238000000.0	-0.00305626499346
1240000000.0	-0.0275294568373
1242000000.0	0.088626673146
1244000000.0	-0.0223442766698
1246000000.0	0.0131475372294
1248000000.0	0.0766133907724
1250000000.0	-0.934317624473
1252000000.0	-0.165018551115
1254000000.0	-0.229262626112
1256000000.0	-0.110577177802
1258000000.0	-0.334028116151
1260000000.0	0.252837638412
1262000000.0	0.263507523561
1264000000.0	0.209497083471
1266000000.0	-0.292781913761
1268000000.0	0.319893245552
1270000000.0	0.0388963494996
1272000000.0	-0.150945443379
1274000000.0	-0.0982956852299
1276000000.0	0.137962645595
1278000000.0	-0.0645563598178
1280000000.0	0.07586936625
1282000000.0	0.113507408135
1284000000.0	-0.54596022205
1286000000.0	0.206316885166
1288000000.0	0.00742962076456
1290000000.0	0.231809150571
1292000000.0	0.155313754134
1294000000.0	0.201729802889
1296000000.0	0.457096259681
1298000000.0	0.678224447826
1300000000.0	-3.04784604844
1302000000.0	1.04284368865
1304000000.0	0.853073207826
1306000000.0	0.4582881781
1308000000.0	-0.325452018717
1310000000.0	-0.252603573999
1312000000.0	-0.631693973614
1314000000.0	-0.341894356323
1316000000.0	0.0717028331816
1318000000.0	-0.0577127283764
1320000000.0	-0.0517077027791
1322000000.0	0.418020256724
1324000000.0	0.195788949979
1326000000.0	-0.0805634949112
1328000000.0	-0.372990753173
1330000000.0	-0.106368460026
1332000000.0	0.0164735218155
1334000000.0	0.160118062418
1336000000.0	-0.0511295120035
1338000000.0	0.11092926064
1340000000.0	0.151450163262
1342000000.0	-0.141409553734
1344000000.0	-0.0171045455957
1346000000.0	0.319766005892
1348000000.0	0.409265808342
1350000000.0	0.0750311857358
1352000000.0	0.310395095459
1354000000.0	0.0163447224632
1356000000.0	-0.427270709319
1358000000.0	-0.253319957464
1360000000.0	0.0980269320991
1362000000.0	-0.175686241969
1364000000.0	-0.0273363814181
1366000000.0	0.423144282514
1368000000.0	0.310046628355
1370000000.0	-0.299743454221
1372000000.0	-0.150234005735
1374000000.0	0.545955309705
1376000000.0	-0.404927871802
1378000000.0	-0.0285192634137
1380000000.0	-0.114342343277
1382000000.0	0.343839301116
1384000000.0	-0.0665307733929
1386000000.0	-0.0597216176451
1388000000.0	-0.193172069516
1390000000.0	-0.0746592687599
1392000000.0	0.153042801495
1394000000.0	0.123943565204
1396000000.0	0.314454679888
1398000000.0	0.258612972732
1400000000.0	-0.396554474544
1402000000.0	-0.0223661051505
1404000000.0	0.0266242681158
1406000000.0	0.145917025052
1408000000.0	0.305398416404
1410000000.0	0.108022871877
1412000000.0	0.0461112338627
1414000000.0	-0.1598003517
1416000000.0	-0.186374075623
1418000000.0	-0.167187883478
1420000000.0	-0.0611817555855
1422000000.0	0.44506407165
1424000000.0	0.218637561166
1426000000.0	-0.208098047478
1428000000.0	-0.186047618887
1430000000.0	-0.16296945429
1432000000.0	-0.0856147400553
1434000000.0	-0.131882894901
1436000000.0	0.251238912878
1438000000.0	0.0912260192359
1440000000.0	0.186239171374
1442000000.0	0.0374736814691
1444000000.0	-0.275929778984
1446000000.0	-0.124467724624
1448000000.0	-0.372988326758
1450000000.0	0.000511300269308
1452000000.0	0.0981019497473
1454000000.0	0.508591181413
1456000000.0	0.0951979476829
1458000000.0	0.0701976433856
1460000000.0	-0.231811989514
1462000000.0	-0.0998777612435
1464000000.0	-0.161309927451
1466000000.0	0.116893619551
1468000000.0	0.264648940709
1470000000.0	0.275739829663
1472000000.0	-0.0861288627443
1474000000.0	-0.0617066453544
1476000000.0	-0.196778094778
1478000000.0	-0.353780339803
1480000000.0	-0.33245477525
1482000000.0	0.22580432587
1484000000.0	0.714203002596
1486000000.0	0.556246441832
1488000000.0	-0.0420301694935
1490000000.0	-1.35613498382
1492000000.0	-1.74304841404
1494000000.0	0.26202651893
1496000000.0	4.20653789558
1498000000.0	7.19929389276
1500000000.0	-16.4477813742
1502000000.0	4.53195596929
1504000000.0	2.74869614172
1506000000.0	1.20308564784
1508000000.0	0.588085587894
1510000000.0	-0.412323499904
1512000000.0	-0.83346567863
1514000000.0	-1.14360439274
1516000000.0	-0.753943829662
1518000000.0	0.436166206048
1520000000.0	0.886973283696
1522000000.0	0.678182636996
1524000000.0	-0.13986442644
1526000000.0	-0.513558071225
1528000000.0	-0.789168592814
1530000000.0	-0.359072463099
1532000000.0	0.217063831999
1534000000.0	0.13804812609
1536000000.0	0.195315188959
1538000000.0	0.115977154446
1540000000.0	0.0367760956615
1542000000.0	0.00416514587703
1544000000.0	-0.251719457057
1546000000.0	-0.169421975461
1548000000.0	0.107174967223
1550000000.0	0.102424382284
1552000000.0	0.0259426251455
1554000000.0	0.0241617688402
1556000000.0	0.140430677642
1558000000.0	-0.183423591551
1560000000.0	-0.259454562901
1562000000.0	0.320966188163
1564000000.0	0.0289214524222
1566000000.0	0.252529595253
1568000000.0	-0.219186950682
1570000000.0	-0.172597799974
1572000000.0	-0.00978329494406
1574000000.0	0.0153752865097
1576000000.0	-0.0716249494162
1578000000.0	0.243333863163
1580000000.0	0.447625924701
1582000000.0	0.429735329496
1584000000.0	0.110732931853
1586000000.0	-0.0677108566753
1588000000.0	-0.0840996399658
1590000000.0	-0.0927999165483
1592000000.0	-0.170768645302
1594000000.0	0.0452438930809
1596000000.0	-0.00224293346766
1598000000.0	0.170969551385
1600000000.0	-0.441429231918
1602000000.0	-0.0685058562322
1604000000.0	-0.316238277074
1606000000.0	-0.0192830840437
1608000000.0	-0.0786541326417
1610000000.0	0.290702987065
1612000000.0	0.208744109097
1614000000.0	0.0772672853747
1616000000.0	-0.126654956079
1618000000.0	0.0745440505111
1620000000.0	-0.0860107238618
1622000000.0	-0.160781797296
1624000000.0	0.431546113731
1626000000.0	-0.25507573271
1628000000.0	0.139811733157
1630000000.0	-0.238322873938
1632000000.0	-0.0654442692011
1634000000.0	-0.00273236465486
1636000000.0	-0.0612737847431
1638000000.0	0.0259448235485
1640000000.0	0.224913522161
1642000000.0	0.108286394234
1644000000.0	-0.256650616458
1646000000.0	-0.196050871666
1648000000.0	-0.295147623713
1650000000.0	0.187850162547
1652000000.0	-0.0582189683413
1654000000.0	0.0329660913353
1656000000.0	0.128591091476
1658000000.0	0.0682098138969
1660000000.0	-0.155866010739
1662000000.0	0.0753519657632
1664000000.0	-0.1195471043
1666000000.0	-0.00698611821254
1668000000.0	-0.00590481892415
1670000000.0	0.00821484598571
1672000000.0	0.15140524735
1674000000.0	0.0177169284632
1676000000.0	-0.304333361629
1678000000.0	-0.352253832731
1680000000.0	0.0780669038771
1682000000.0	0.0529046719809
1684000000.0	-0.166842252866
1686000000.0	0.311375665748
1688000000.0	0.308366148302
1690000000.0	0.0984442648713
1692000000.0	0.049331649728
1694000000.0	-0.0499421923554
1696000000.0	-0.509187638493
1698000000.0	0.0338982396745
1700000000.0	0.262803318034
1702000000.0	0.211108823349
1704000000.0	-0.103858280388
1706000000.0	-0.115885648384
1708000000.0	-0.186282253582
1710000000.0	-0.125714096227
1712000000.0	-0.00238256046494
1714000000.0	0.203319630823
1716000000.0	-0.117520674748
1718000000.0	0.0098099372958
1720000000.0	-0.00479704106966
1722000000.0	-0.123155765621
1724000000.0	-0.230813386481
1726000000.0	-0.00447725375452
1728000000.0	0.123165362216
1730000000.0	0.11667757548
1732000000.0	0.124900910998
1734000000.0	-0.073084563745
1736000000.0	0.164605583022
1738000000.0	-0.416259177427
1740000000.0	0.00421790573965
1742000000.0	0.176734713413
1744000000.0	-0.0188819135071
1746000000.0	0.0595033644365
1748000000.0	0.297325195677
1750000000.0	0.019526364365
1752000000.0	0.144261568716
1754000000.0	-0.0545769656415
1756000000.0	0.142236870048
1758000000.0	-0.0730530877516
1760000000.0	0.00914020574843
1762000000.0	-0.0228854544897
1764000000.0	0.118275666372
1766000000.0	-0.233431770534
1768000000.0	-0.127940137311
1770000000.0	-0.0436829959516
1772000000.0	0.169864617481
1774000000.0	0.389016314189
1776000000.0	-0.115807170959
1778000000.0	0.0896134891746
1780000000.0	0.103337324848
1782000000.0	-0.0490934944358
1784000000.0	-0.0179714480081
1786000000.0	-0.209053777261
1788000000.0	0.0498836783348
1790000000.0	-0.198310488724
1792000000.0	0.218381275758
1794000000.0	0.333611690877
1796000000.0	-0.10238684746
1798000000.0	0.168644550999
1800000000.0	-0.267966012135
1802000000.0	0.216680448084
1804000000.0	0.148967900281
1806000000.0	0.0834687391591
1808000000.0	-0.113376745973
1810000000.0	-0.269627335561
1812000000.0	-0.1502763055
1814000000.0	0.101257802881
1816000000.0	0.0707362926872
1818000000.0	0.157675893859
1820000000.0	0.0288776725503
1822000000.0	0.0420833134
1824000000.0	0.0801638226398
1826000000.0	-0.122593116952
1828000000.0	-0.00871481951984
1830000000.0	-0.214997840434
1832000000.0	0.0887806817814
1834000000.0	-0.210699173051
1836000000.0	-0.0823039427943
1838000000.0	0.108475826215
1840000000.0	-0.134846123481
1842000000.0	0.0500807823912
1844000000.0	0.0536996578904
1846000000.0	0.141426978568
1848000000.0	0.0807237495234
1850000000.0	0.0575836101868
1852000000.0	-0.0843036158484
1854000000.0	0.0658779029294
1856000000.0	-0.0229558194532
1858000000.0	-0.297240884051
1860000000.0	0.00579332800298
1862000000.0	0.129795657296
1864000000.0	0.0831917511523
1866000000.0	-0.0621367347502
1868000000.0	0.202080286544
1870000000.0	-0.133821658386
1872000000.0	-0.335977571766
1874000000.0	-0.049812855131
1876000000.0	0.113655378522
1878000000.0	0.319701621048
1880000000.0	0.396778424466
1882000000.0	-0.145526271555
1884000000.0	-0.236738002771
1886000000.0	-0.245787095446
1888000000.0	-0.535949309579
1890000000.0	-0.418513097282
1892000000.0	0.311779238993
1894000000.0	0.554431922378
1896000000.0	1.07105674845
1898000000.0	2.11363083092
1900000000.0	-6.86148865342
1902000000.0	2.83010550235
1904000000.0	1.48020561785
1906000000.0	0.217444218038
1908000000.0	-0.240368863703
1910000000.0	-0.476026351424
1912000000.0	-0.0392682646512
1914000000.0	-0.0883765182709
1916000000.0	0.280115044606
1918000000.0	-0.162769800899
1920000000.0	0.153026070145
1922000000.0	-0.144344657094
1924000000.0	0.232212155785
1926000000.0	-0.321584274793
1928000000.0	-0.115146380817
1930000000.0	0.237619008172
1932000000.0	0.179706662627
1934000000.0	0.140312517092
1936000000.0	-0.275079025123
1938000000.0	0.111291883398
1940000000.0	-0.059798389425
1942000000.0	-0.1163836117
1944000000.0	0.183726380987
1946000000.0	0.0387156364294
1948000000.0	-0.0593456477796
1950000000.0	0.152372161035
1952000000.0	-0.144672297052
1954000000.0	-0.0400638995992
1956000000.0	-0.156912210948
1958000000.0	0.106418973205
1960000000.0	0.16320541818
1962000000.0	0.162334343559
1964000000.0	0.0319067610172
1966000000.0	0.424741211472
1968000000.0	-0.186091817047
1970000000.0	-0.0515343650557
1972000000.0	-0.0556947190167
1974000000.0	-0.0907442450209
1976000000.0	-0.0496231419517
1978000000.0	-0.0144984800139
1980000000.0	0.00941683269039
1982000000.0	0.105742535717
1984000000.0	-0.132553653372
1986000000.0	-0.115826637093
1988000000.0	0.098592600043
1990000000.0	0.0910186963025
1992000000.0	-0.00486355376761
1994000000.0	-0.0968846111089
1996000000.0	0.126840427992
1998000000.0	0.384454640105
2000000000.0	-0.675
