0.0	-2.203125
2000000.0	0.833353614841
4000000.0	1.2704651912
6000000.0	0.476949094421
8000000.0	0.187101119277
10000000.0	-0.109525901923
12000000.0	-0.719774218967
14000000.0	-0.827865087758
16000000.0	0.374800770049
18000000.0	2.53407551931
20000000.0	3.78428428973
22000000.0	3.54456698497
24000000.0	2.00123640203
26000000.0	0.151280447381
28000000.0	-1.9125649592
30000000.0	-3.73805418772
32000000.0	-4.16859176419
34000000.0	-2.00927097689
36000000.0	1.71031414492
38000000.0	3.28301209894
40000000.0	3.52185129522
42000000.0	2.96431506127
44000000.0	0.856951823759
46000000.0	-1.29941938597
48000000.0	-2.16493125814
50000000.0	-1.31246367326
52000000.0	0.0312037006685
54000000.0	1.41486044105
56000000.0	1.9286761804
58000000.0	1.0762614688
60000000.0	-0.45486668497
62000000.0	-1.93144987098
64000000.0	-1.95228357056
66000000.0	-0.709144698584
68000000.0	0.993901132807
70000000.0	2.3411902358
72000000.0	2.00216834649
74000000.0	0.52607529584
76000000.0	-0.887773793647
78000000.0	-2.13667055472
80000000.0	-1.98432919512
82000000.0	-1.04855574045
84000000.0	0.344847909446
86000000.0	1.7255470291
88000000.0	1.57858761944
90000000.0	0.960810802368
92000000.0	-0.394538291721
94000000.0	-1.41827493779
96000000.0	-1.17248200018
98000000.0	-0.320404746357
100000000.0	0.0710795496145
102000000.0	0.657940058724
104000000.0	0.632280779926
106000000.0	-0.0590641692717
108000000.0	-0.58702621632
110000000.0	-0.551495107679
112000000.0	-0.0687476466434
114000000.0	0.559126875913
116000000.0	0.921522081356
118000000.0	0.471116914318
120000000.0	-0.227072238926
122000000.0	-1.06013485375
124000000.0	-1.12214459722
126000000.0	-1.03890094793
128000000.0	0.0848918932077
130000000.0	1.10007602178
132000000.0	1.3569140025
134000000.0	0.786763687115
136000000.0	-0.251567479697
138000000.0	-0.936436267071
140000000.0	-1.48927211555
142000000.0	-0.780957316326
144000000.0	0.0356545180621
146000000.0	1.11724483781
148000000.0	1.06374765914
150000000.0	0.611646569889
152000000.0	-0.185970946261
154000000.0	-1.08281895026
156000000.0	-1.08968954184
158000000.0	-0.33112722462
160000000.0	0.519867183871
162000000.0	1.11259515424
164000000.0	1.01160546771
166000000.0	0.191405502778
168000000.0	-0.798522012874
170000000.0	-1.3333483218
172000000.0	-1.07884266904
174000000.0	-0.192773085154
176000000.0	0.904630212977
178000000.0	1.36343310776
180000000.0	0.842305069138
182000000.0	0.205239706271
184000000.0	-0.942435960849
186000000.0	-1.15446233215
188000000.0	-0.632089924976
190000000.0	0.149269690991
192000000.0	0.861482278962
194000000.0	0.89302357481
196000000.0	0.459666545284
198000000.0	-0.522229035133
200000000.0	-1.10075024325
202000000.0	-0.706914866057
204000000.0	0.0993121452176
206000000.0	0.711323174604
208000000.0	0.970285551605
210000000.0	0.450011046827
212000000.0	-0.402323219516
214000000.0	-1.13268240553
216000000.0	-1.10903405596
218000000.0	-0.411282189143
220000000.0	0.568481625614
222000000.0	1.52031845809
224000000.0	1.21201786251
226000000.0	0.147801347167
228000000.0	-1.13501736237
230000000.0	-1.95790139697
232000000.0	-1.40109358268
234000000.0	0.0703078227573
236000000.0	1.59087021204
238000000.0	2.01170834729
240000000.0	1.12930902371
242000000.0	-0.550828311929
244000000.0	-1.81149635154
246000000.0	-2.09920817043
248000000.0	-1.31660248913
250000000.0	0.377109223896
252000000.0	1.86383499308
254000000.0	2.50655761525
256000000.0	1.62131906947
258000000.0	-0.510047839717
260000000.0	-2.56288300227
262000000.0	-2.86768580665
264000000.0	-1.09648944048
266000000.0	1.49542905255
268000000.0	2.74353483935
270000000.0	1.93137215263
272000000.0	-0.0972716771234
274000000.0	-1.39269259719
276000000.0	-1.59597339072
278000000.0	-1.36250402097
280000000.0	-0.516615175766
282000000.0	1.28254453169
284000000.0	3.43772972283
286000000.0	3.23761135091
288000000.0	-1.65564841747
290000000.0	-8.1520198781
292000000.0	-8.74446894042
294000000.0	2.85000381931
296000000.0	23.3466890517
298000000.0	40.4852809267
300000000.0	-96.7581207643
302000000.0	25.9160446073
304000000.0	14.8081265831
306000000.0	8.31303668602
308000000.0	4.22839444425
310000000.0	-1.19264811833
312000000.0	-6.70273795253
314000000.0	-8.12768648254
316000000.0	-3.74218950732
318000000.0	3.13186066055
320000000.0	6.70554840098
322000000.0	5.03832931749
324000000.0	0.785457609465
326000000.0	-3.14125511392
328000000.0	-4.12943103512
330000000.0	-2.77946388392
332000000.0	-0.810354342873
334000000.0	1.35938161841
336000000.0	2.67072582874
338000000.0	2.56402698136
340000000.0	1.22336383102
342000000.0	-1.16778629534
344000000.0	-2.47615283953
346000000.0	-2.22026031593
348000000.0	-0.480536560361
350000000.0	1.29999735741
352000000.0	1.89653462559
354000000.0	1.11404485509
356000000.0	0.143635605254
358000000.0	-0.99245983574
360000000.0	-1.05057322895
362000000.0	-0.757507701525
364000000.0	0.120501893292
366000000.0	0.537760313719
368000000.0	0.735610249415
370000000.0	0.369267038266
372000000.0	-0.341610699561
374000000.0	-0.648372127743
376000000.0	-0.9634415083
378000000.0	0.0300558324857
380000000.0	0.695478645815
382000000.0	0.699928215908
384000000.0	0.556563046105
386000000.0	-0.347851199221
388000000.0	-0.812607481444
390000000.0	-0.792162370536
392000000.0	-0.186084109848
394000000.0	0.539038515874
396000000.0	0.766235075653
398000000.0	0.76200359841
400000000.0	0.222392598313
402000000.0	-0.492489449997
404000000.0	-0.881815255318
406000000.0	-0.889585789509
408000000.0	-0.143347514724
410000000.0	0.668382443215
412000000.0	1.04032513463
414000000.0	0.789337830719
416000000.0	0.0225947691948
418000000.0	-0.495066463931
420000000.0	-1.0546422092
422000000.0	-0.784898348006
424000000.0	-0.00917860022755
426000000.0	0.712371662823
428000000.0	0.830598055414
430000000.0	0.549689387584
432000000.0	0.0442289816004
434000000.0	-0.493482750861
436000000.0	-0.908145825716
438000000.0	-0.527664514307
440000000.0	0.090122795895
442000000.0	0.575930659632
444000000.0	0.539759512847
446000000.0	0.258548995391
448000000.0	-0.0967881920605
450000000.0	-0.335219591337
452000000.0	-0.517466243648
454000000.0	-0.205704118705
456000000.0	0.243084639967
458000000.0	0.312536456333
460000000.0	0.29598999962
462000000.0	0.0233010525993
464000000.0	-0.369984718718
466000000.0	-0.427722332685
468000000.0	-0.233840007194
470000000.0	0.0269610293695
472000000.0	0.30216017511
474000000.0	0.586422794697
476000000.0	-0.0818439507126
478000000.0	-0.353631011808
480000000.0	-0.462143154848
482000000.0	-0.275196826493
484000000.0	0.0948049924176
486000000.0	0.280722607181
488000000.0	0.424928730194
490000000.0	0.18801836183
492000000.0	-0.0177466945403
494000000.0	-0.284640094007
496000000.0	-0.511988920121
498000000.0	-0.30393228969
500000000.0	-0.0101337167622
502000000.0	0.550840404779
504000000.0	0.623533731651
506000000.0	0.188553842851
508000000.0	-0.179153346119
510000000.0	-0.421838771106
512000000.0	-0.547214296706
514000000.0	-0.368044017808
516000000.0	-0.00790407340157
518000000.0	0.361475845933
520000000.0	0.517403707721
522000000.0	0.165592731651
524000000.0	0.0247764987364
526000000.0	-0.459137755503
528000000.0	-0.409183037374
530000000.0	-0.0845856155419
532000000.0	0.126855930635
534000000.0	0.236152152702
536000000.0	0.28228535414
538000000.0	0.0401220893411
540000000.0	-0.160988523777
542000000.0	-0.297105966896
544000000.0	-0.178944946493
546000000.0	-0.0170690861768
548000000.0	0.0881641139115
550000000.0	0.375284527056
552000000.0	-0.00659602440639
554000000.0	-0.0614176727276
556000000.0	-0.119155083744
558000000.0	-0.323414863697
560000000.0	-0.0748418095009
562000000.0	0.0485990314313
564000000.0	0.210660896013
566000000.0	0.267799420511
568000000.0	-0.0250441438011
570000000.0	-0.278586488018
572000000.0	-0.222662854223
574000000.0	-0.162020895008
576000000.0	-0.016372627015
578000000.0	0.130420037752
580000000.0	0.219945142284
582000000.0	-0.046926170698
584000000.0	-0.0711756938626
586000000.0	-0.291725187903
588000000.0	-0.341262442186
590000000.0	-0.132812994224
592000000.0	0.113199653529
594000000.0	0.304523323275
596000000.0	0.280718352554
598000000.0	0.244908339967
600000000.0	-0.848545559508
602000000.0	-0.0194826700358
604000000.0	-0.12082886822
606000000.0	-0.0794807341987
608000000.0	-0.142960952607
610000000.0	0.14896596912
612000000.0	0.155589126057
614000000.0	0.0684567704903
616000000.0	-0.270812181108
618000000.0	-0.319549027454
620000000.0	-0.509726667704
622000000.0	-0.0117049898834
624000000.0	-0.255727958821
626000000.0	0.554992348617
628000000.0	0.251604457279
630000000.0	0.082112432685
632000000.0	-0.0719325562849
634000000.0	-0.0490517114935
636000000.0	-0.176239357537
638000000.0	0.019425841784
640000000.0	0.236684630753
642000000.0	0.123527502854
644000000.0	0.128381936942
646000000.0	-0.0965096369622
648000000.0	-0.121515594651
650000000.0	-0.0195714960516
652000000.0	-0.00457715106619
654000000.0	0.110046931558
656000000.0	0.218396840414
658000000.0	0.123221970772
660000000.0	0.0121229306186
662000000.0	-0.232102437631
664000000.0	-0.0718817510645
666000000.0	-0.0814149062719
668000000.0	-0.0235488720987
670000000.0	0.125192517769
672000000.0	0.00622108402534
674000000.0	-0.15086239891
676000000.0	-0.00408485823361
678000000.0	-0.161015036408
680000000.0	-0.256897361452
682000000.0	-0.0619266796122
684000000.0	0.106487939455
686000000.0	0.0414116503069
688000000.0	0.0159038984365
690000000.0	0.0396690641427
692000000.0	-0.0644275199138
694000000.0	-0.155981578387
696000000.0	-0.0688520475801
698000000.0	0.163379167158
700000000.0	-0.496552402184
702000000.0	0.294064908792
704000000.0	0.276443459119
706000000.0	-0.0169523986369
708000000.0	-0.313553811654
710000000.0	-0.177677364754
712000000.0	-0.161670339782
714000000.0	0.111671684531
716000000.0	0.204931494294
718000000.0	0.178230053045
720000000.0	0.00468803899465
722000000.0	-0.129764830976
724000000.0	-0.133852077219
726000000.0	-0.099169786177
728000000.0	-0.231659320622
730000000.0	0.1452396721
732000000.0	0.169589946528
734000000.0	0.029451571361
736000000.0	-0.0374786963486
738000000.0	0.000124350130207
740000000.0	-0.182659202884
742000000.0	0.0277589662961
744000000.0	0.0191624499249
746000000.0	0.172248347976
748000000.0	0.0374033498087
750000000.0	-0.350182637243
752000000.0	-0.03779521822
754000000.0	-0.170508885811
756000000.0	-0.138903257892
758000000.0	-0.0616107515051
760000000.0	-0.0513535191555
762000000.0	0.15217673312
764000000.0	0.143220515507
766000000.0	0.014984164923
768000000.0	-0.19818172812
770000000.0	-0.33930955773
772000000.0	-0.00951009093915
774000000.0	-0.046227468959
776000000.0	0.29223768553
778000000.0	0.316435716901
780000000.0	-0.0304748107
782000000.0	0.0506003220895
784000000.0	-0.231195117909
786000000.0	-0.172505122725
788000000.0	-0.0551904459203
790000000.0	0.0751592743334
792000000.0	0.247656479937
794000000.0	0.103547637028
796000000.0	0.0123003720556
798000000.0	-0.0953402887287
800000000.0	-0.524365065832
802000000.0	0.154508347406
804000000.0	0.113535604414
806000000.0	0.343359471355
808000000.0	0.184969265467
810000000.0	0.026988428083
812000000.0	-0.0874402212627
814000000.0	-0.245977162261
816000000.0	-0.287641082146
818000000.0	0.0489390956605
820000000.0	0.123913325435
822000000.0	0.372770164534
824000000.0	0.333713823194
826000000.0	-0.0558329954633
828000000.0	-0.42845724036
830000000.0	-0.647950172952
832000000.0	-0.261205576695
834000000.0	0.180085126709
836000000.0	0.493678285752
838000000.0	0.470397610102
840000000.0	0.219288414626
842000000.0	-0.212514917535
844000000.0	-0.424507765122
846000000.0	-0.46154568293
848000000.0	-0.250851203207
850000000.0	0.10399723651
852000000.0	0.423923010265
854000000.0	0.484176198703
856000000.0	0.212007195104
858000000.0	-0.367552238987
860000000.0	-0.696180083831
862000000.0	-0.563670514431
864000000.0	-0.107731019822
866000000.0	0.574337113831
868000000.0	0.730889772008
870000000.0	0.243661931652
872000000.0	-0.547353206363
874000000.0	-0.795568103912
876000000.0	-0.332120584446
878000000.0	0.0706225942711
880000000.0	0.55246062281
882000000.0	0.712125001073
884000000.0	0.758621216043
886000000.0	0.272141365082
888000000.0	-1.236067532
890000000.0	-2.82404421901
892000000.0	-2.57803580313
894000000.0	1.88566436894
896000000.0	9.32720881638
898000000.0	16.4393312429
900000000.0	-42.0787560639
902000000.0	12.4770503894
904000000.0	7.21462448778
906000000.0	3.05585249768
908000000.0	0.562243940818
910000000.0	-1.15374061506
912000000.0	-2.34760103579
914000000.0	-2.37745342746
916000000.0	-0.871896278989
918000000.0	1.19753856971
920000000.0	2.21969495506
922000000.0	1.58548533863
924000000.0	0.0683641577409
926000000.0	-1.13479422272
928000000.0	-1.31372977978
930000000.0	-0.614812898255
932000000.0	-0.177439484547
934000000.0	0.541068867277
936000000.0	0.639918948736
938000000.0	0.548788811336
940000000.0	0.0769674663487
942000000.0	-0.319329362372
944000000.0	-0.699672629019
946000000.0	-0.501165696279
948000000.0	-0.102206818456
950000000.0	0.576955001104
952000000.0	0.626903799959
954000000.0	0.23598232008
956000000.0	-0.122053661328
958000000.0	-0.357831893102
960000000.0	-0.19664504229
962000000.0	-0.142510987479
964000000.0	0.172533308424
966000000.0	0.300409210705
968000000.0	0.136920010469
970000000.0	0.171832997802
972000000.0	-0.0884923232815
974000000.0	-0.126476145888
976000000.0	-0.296394430573
978000000.0	0.115764732636
980000000.0	0.173159050038
982000000.0	0.336890682638
984000000.0	0.225207501332
986000000.0	-0.22101420963
988000000.0	-0.191025028081
990000000.0	-0.21957988234
992000000.0	-0.139175753897
994000000.0	0.203551853291
996000000.0	0.289923881821
998000000.0	0.160546563484
1000000000.0	0.953125
1002000000.0	-0.307035382881
1004000000.0	-0.3748272726
1006000000.0	-0.10445316682
1008000000.0	-0.00758104899314
1010000000.0	0.18184071209
1012000000.0	0.373827891336
1014000000.0	0.167475763362
1016000000.0	0.0955923786913
1018000000.0	-0.101447302403
1020000000.0	-0.376107623764
1022000000.0	-0.225907345654
1024000000.0	0.19974840262
1026000000.0	0.13562181453
1028000000.0	0.155845067016
1030000000.0	0.0829241782608
1032000000.0	-0.0624672858456
1034000000.0	-0.197627575116
1036000000.0	-0.218325341203
1038000000.0	-0.0749053717215
1040000000.0	0.0367729565829
1042000000.0	0.0826552938792
1044000000.0	0.30967773561
1046000000.0	0.105919105194
1048000000.0	-0.00320464093648
1050000000.0	-0.1809966873
1052000000.0	-0.142421708465
1054000000.0	-0.110959365601
1056000000.0	0.11290908876
1058000000.0	0.18580540618
1060000000.0	0.0557872969286
1062000000.0	0.0103947767084
1064000000.0	-0.000583850026293
1066000000.0	-0.064166223569
1068000000.0	0.0479709396709
1070000000.0	0.114870004377
1072000000.0	0.122263125633
1074000000.0	0.200696344159
1076000000.0	-0.0205997613318
1078000000.0	-0.10832311174
1080000000.0	-0.125189840469
1082000000.0	-0.140079855744
1084000000.0	0.029908782316
1086000000.0	0.0812573538378
1088000000.0	0.0357406965569
1090000000.0	-0.117340090323
1092000000.0	0.0257609999699
1094000000.0	-0.0173262445361
1096000000.0	-0.21993050279
1098000000.0	-0.108133428218
1100000000.0	0.0133588254427
1102000000.0	0.16054115316
1104000000.0	0.148014512197
1106000000.0	0.0911893909933
1108000000.0	-0.0432804471004
1110000000.0	-0.0697004476216
1112000000.0	-0.099899304652
1114000000.0	-0.125837910879
1116000000.0	0.0499037919807
1118000000.0	0.0199253468224
1120000000.0	0.218396188121
1122000000.0	0.0145108359449
1124000000.0	0.0313386833385
1126000000.0	-0.361763809469
1128000000.0	-0.135283700298
1130000000.0	-0.0098594755058
1132000000.0	-0.0441849692471
1134000000.0	0.151200887017
1136000000.0	0.154316574508
1138000000.0	-0.11562584722
1140000000.0	-0.161795166046
1142000000.0	-0.0865970470539
1144000000.0	-0.113471001956
1146000000.0	-0.02531635913
1148000000.0	-0.048756440259
1150000000.0	0.121532906336
1152000000.0	0.0411550013891
1154000000.0	-0.0241133912261
1156000000.0	-0.23572799189
1158000000.0	-0.140563648207
1160000000.0	-0.0398554430356
1162000000.0	-0.011603910438
1164000000.0	0.084833657708
1166000000.0	0.065735207174
1168000000.0	-0.054121159875
1170000000.0	-0.132855370167
1172000000.0	-0.0643468285178
1174000000.0	0.0323077669898
1176000000.0	0.00969223838958
1178000000.0	-0.0308050632415
1180000000.0	0.0375898784384
1182000000.0	-0.0633906023257
1184000000.0	-0.0723243118844
1186000000.0	-0.0946673507599
1188000000.0	-0.171223476946
1190000000.0	-0.0700572120826
1192000000.0	0.280974871567
1194000000.0	0.0722542015781
1196000000.0	-0.0265134134666
1198000000.0	-0.084551582689
1200000000.0	-0.113017598312
1202000000.0	-0.073957264596
1204000000.0	0.0172005098124
1206000000.0	-0.0377148587827
1208000000.0	0.0472555228407
1210000000.0	-0.0430071380083
1212000000.0	0.0304927745651
1214000000.0	-0.074272458157
1216000000.0	-0.0253644156155
1218000000.0	-0.0722332755365
1220000000.0	-0.0394110137448
1222000000.0	0.0651971373645
1224000000.0	0.0148103851031
1226000000.0	0.0749883250575
1228000000.0	-0.0905099866064
1230000000.0	-0.0202831645264
1232000000.0	-0.280147644698
1234000000.0	-0.0500695198103
1236000000.0	0.0243985857024
1238000000.0	0.138697113625
1240000000.0	-0.0368891942263
1242000000.0	0.0760569287658
1244000000.0	-0.0977872845032
1246000000.0	-0.0791092455518
1248000000.0	-0.0839680317099
1250000000.0	0.330598176916
1252000000.0	0.055626105245
1254000000.0	0.0295376192532
1256000000.0	0.0880635439716
1258000000.0	-0.021832747946
1260000000.0	-0.106613343132
1262000000.0	-0.0969655906543
1264000000.0	-0.0190558764013
1266000000.0	0.0235404112414
1268000000.0	0.0522825509219
1270000000.0	-0.0191593505774
1272000000.0	-0.179087955588
1274000000.0	-0.203802044756
1276000000.0	-0.00868073193748
1278000000.0	0.168706070303
1280000000.0	0.0878053818385
1282000000.0	0.0855214495041
1284000000.0	-0.021643500483
1286000000.0	-0.0248565640582
1288000000.0	0.00678757751652
1290000000.0	-0.03865090026
1292000000.0	-0.245984206159
1294000000.0	0.115925494294
1296000000.0	0.360188106585
1298000000.0	0.692858035689
1300000000.0	-1.98820240979
1302000000.0	0.769476746556
1304000000.0	0.363414337167
1306000000.0	0.0680536788031
1308000000.0	-0.153632816271
1310000000.0	-0.205509557903
1312000000.0	-0.2071965743
1314000000.0	0.0106942951057
1316000000.0	0.0414708455977
1318000000.0	0.0467593778048
1320000000.0	-0.0255456347879
1322000000.0	0.00836941985214
1324000000.0	-0.0186881074997
1326000000.0	-0.0302967761847
1328000000.0	-0.00954804608591
1330000000.0	-0.0202104177098
1332000000.0	0.0545908648982
1334000000.0	-0.0933164929574
1336000000.0	0.0830678854208
1338000000.0	0.0220821958602
1340000000.0	-0.0873707610534
1342000000.0	-0.0293841478024
1344000000.0	-0.201528103906
1346000000.0	0.0827814690548
1348000000.0	-0.0543917128711
1350000000.0	-0.131630787186
1352000000.0	-0.0784277033122
1354000000.0	0.0242942831887
1356000000.0	-0.161338473194
1358000000.0	-0.0858040620898
1360000000.0	0.067230916719
1362000000.0	-0.132651361951
1364000000.0	-0.0620412384643
1366000000.0	-0.007921004635
1368000000.0	-0.150627134746
1370000000.0	-0.144045487815
1372000000.0	-0.221810089843
1374000000.0	-0.549530840944
1376000000.0	0.387315887364
1378000000.0	0.316172953142
1380000000.0	0.0241744477129
1382000000.0	0.142460345796
1384000000.0	0.00715315712337
1386000000.0	-0.0190410240487
1388000000.0	0.00702067707848
1390000000.0	0.0757258746082
1392000000.0	0.0712096761011
1394000000.0	-0.0692642402777
1396000000.0	0.0131769985381
1398000000.0	-0.0409690556846
1400000000.0	-0.620261254917
1402000000.0	0.255610601838
1404000000.0	0.206206845318
1406000000.0	0.152732020667
1408000000.0	0.0168424175253
1410000000.0	-0.101347830832
1412000000.0	-0.118122565374
1414000000.0	-0.057078490402
1416000000.0	-0.151475467264
1418000000.0	0.117249418157
1420000000.0	0.0814865023578
1422000000.0	0.260786025859
1424000000.0	0.126162001903
1426000000.0	-0.119705517178
1428000000.0	-0.282025235688
1430000000.0	-0.207035486329
1432000000.0	-0.111312595825
1434000000.0	0.196790019411
1436000000.0	0.179907699927
1438000000.0	0.0598419609682
1440000000.0	0.0455895787854
1442000000.0	-0.142582097994
1444000000.0	-0.0692289457723
1446000000.0	-0.127906703928
1448000000.0	0.139282134469
1450000000.0	0.0662777410102
1452000000.0	0.164484480256
1454000000.0	0.176025185554
1456000000.0	0.0652519357572
1458000000.0	-0.0693356485533
1460000000.0	-0.246141125245
1462000000.0	-0.129792249611
1464000000.0	-0.084591435158
1466000000.0	0.21662873929
1468000000.0	0.288198939281
1470000000.0	-0.0245560837658
1472000000.0	-0.333236127869
1474000000.0	-0.388282178699
1476000000.0	-0.0680830822907
1478000000.0	0.245479846369
1480000000.0	0.46266301561
1482000000.0	0.341757637093
1484000000.0	0.344614303549
1486000000.0	-0.189883415034
1488000000.0	-0.710451096103
1490000000.0	-1.26086220562
1492000000.0	-0.892531698185
1494000000.0	1.02394278953
1496000000.0	4.42066974983
1498000000.0	8.06726569202
1500000000.0	-21.0023662832
1502000000.0	6.66763068052
1504000000.0	4.03260792062
1506000000.0	1.39112449893
1508000000.0	-0.0664352074961
1510000000.0	-0.785762897932
1512000000.0	-1.00900653987
1514000000.0	-0.780607813227
1516000000.0	-0.389312633082
1518000000.0	0.53092382499
1520000000.0	1.03796958023
1522000000.0	0.74964150496
1524000000.0	0.0534726056847
1526000000.0	-0.535544211652
1528000000.0	-0.626351583104
1530000000.0	-0.22497231445
1532000000.0	-0.0529734114374
1534000000.0	0.256339490244
1536000000.0	0.198225098222
1538000000.0	0.0997409769845
1540000000.0	0.0678072214839
1542000000.0	-0.143125953056
1544000000.0	-0.209981813605
1546000000.0	-0.241737530368
1548000000.0	0.0510926453517
1550000000.0	0.0483431424255
1552000000.0	0.257820160892
1554000000.0	0.0806338570607
1556000000.0	-0.0176270873531
1558000000.0	-0.216894171262
1560000000.0	-0.0557544152011
1562000000.0	0.000908979418809
1564000000.0	0.104373537996
1566000000.0	0.00858079490454
1568000000.0	-0.105979038951
1570000000.0	0.0136853638086
1572000000.0	-0.0717073490739
1574000000.0	-0.0718081779479
1576000000.0	-0.094272283742
1578000000.0	0.0212082839914
1580000000.0	0.204888411186
1582000000.0	0.0821893715592
1584000000.0	-0.0191554596752
1586000000.0	-0.109725126287
1588000000.0	-0.0838925938571
1590000000.0	-0.0530690710241
1592000000.0	-0.0883932719237
1594000000.0	0.0754113299705
1596000000.0	0.217130701233
1598000000.0	-0.0250873622936
1600000000.0	0.055615065832
1602000000.0	-0.222708964114
1604000000.0	-0.241717987794
1606000000.0	-0.0934334061449
1608000000.0	0.0266705037454
1610000000.0	0.048941071345
1612000000.0	0.233462011805
1614000000.0	0.0481165454884
1616000000.0	-0.0219833565175
1618000000.0	-0.0112410432982
1620000000.0	-0.0620322635018
1622000000.0	-0.0251988243799
1624000000.0	0.0363734082332
1626000000.0	-0.0200010040694
1628000000.0	0.0571799810053
1630000000.0	0.110948389502
1632000000.0	-0.0433089705455
1634000000.0	0.00124017612592
1636000000.0	-0.182184431183
1638000000.0	-0.0488202684661
1640000000.0	-0.0293991509428
1642000000.0	0.0807295565227
1644000000.0	0.0738471149738
1646000000.0	-0.019045667393
1648000000.0	-0.0614304787837
1650000000.0	-0.0233705452185
1652000000.0	-0.145215063944
1654000000.0	-0.0213872394635
1656000000.0	-0.0199104297168
1658000000.0	0.014949070287
1660000000.0	-0.00574371144663
1662000000.0	-0.0188891183224
1664000000.0	-0.165497841179
1666000000.0	-0.0381113441083
1668000000.0	0.0340310382074
1670000000.0	0.0188849739084
1672000000.0	0.0254665267259
1674000000.0	0.175626340966
1676000000.0	-0.153387200882
1678000000.0	-0.0844928803191
1680000000.0	-0.0345475857954
1682000000.0	-0.0978320544833
1684000000.0	-0.0276737413569
1686000000.0	0.0252279091551
1688000000.0	0.0611760922449
1690000000.0	-0.0846485068445
1692000000.0	-0.0929405158114
1694000000.0	-0.0531351943479
1696000000.0	-0.129884889788
1698000000.0	-0.0675464010436
1700000000.0	0.243791352589
1702000000.0	-0.0852217101791
1704000000.0	-0.0214292393601
1706000000.0	-0.057012783486
1708000000.0	-0.0110762577647
1710000000.0	-0.112793838373
1712000000.0	0.0456291103556
1714000000.0	-0.0222877139359
1716000000.0	0.0592528022805
1718000000.0	-0.0592563506761
1720000000.0	0.200736311286
1722000000.0	-0.00464946594305
1724000000.0	-0.0226460614362
1726000000.0	-0.0035255058847
1728000000.0	0.11069569523
1730000000.0	0.0139838603565
1732000000.0	0.0180215968856
1734000000.0	0.0175641311081
1736000000.0	-0.0261879636345
1738000000.0	-0.0153375541961
1740000000.0	-0.05753365716
1742000000.0	-0.0904864385949
1744000000.0	0.148855786374
1746000000.0	-0.059128685675
1748000000.0	-0.0611469262618
1750000000.0	0.142475236431
1752000000.0	-0.0593637685864
1754000000.0	0.00363922025475
1756000000.0	-0.0911128569191
1758000000.0	0.0746209628442
1760000000.0	0.0609578514291
1762000000.0	0.0909214916529
1764000000.0	0.00538888057501
1766000000.0	-0.127805372668
1768000000.0	0.0231179586282
1770000000.0	-0.0466527797908
1772000000.0	-0.0167531731501
1774000000.0	0.137465200784
1776000000.0	-0.026031164845
1778000000.0	0.0795309404157
1780000000.0	0.126944533752
1782000000.0	0.0399636571636
1784000000.0	-0.140959935491
1786000000.0	0.0806684151998
1788000000.0	-0.180627913855
1790000000.0	0.0496081350826
1792000000.0	0.0816160272426
1794000000.0	-0.0121882178526
1796000000.0	-0.158109343786
1798000000.0	-0.174866007823
1800000000.0	0.491432057679
1802000000.0	-0.188294119442
1804000000.0	-0.103592017713
1806000000.0	-0.0218653711823
1808000000.0	-0.092019501425
1810000000.0	-0.0369713700024
1812000000.0	-0.024619334481
1814000000.0	-0.0728181638175
1816000000.0	0.0466961332886
1818000000.0	0.0210627677391
1820000000.0	-0.0389651336481
1822000000.0	0.0172794130606
1824000000.0	0.0342171839191
1826000000.0	-0.0754433870421
1828000000.0	0.00130294905899
1830000000.0	0.0462785218384
1832000000.0	-0.0936824967303
1834000000.0	0.0122561445613
1836000000.0	0.0300579146818
1838000000.0	0.0147757044044
1840000000.0	0.00747495136647
1842000000.0	0.0345593714608
1844000000.0	-0.056300580741
1846000000.0	0.115334097682
1848000000.0	0.0370772994521
1850000000.0	-0.0198333308931
1852000000.0	-0.0302630595289
1854000000.0	0.0405942396489
1856000000.0	-0.0162525377996
1858000000.0	0.0272284817905
1860000000.0	-0.00788351506952
1862000000.0	0.0149350487957
1864000000.0	0.150188744113
1866000000.0	0.0547201752928
1868000000.0	0.17367910939
1870000000.0	0.110256190831
1872000000.0	-0.0874515299242
1874000000.0	-0.00620094478237
1876000000.0	-0.0584157675862
1878000000.0	0.108234153151
1880000000.0	0.209915480643
1882000000.0	0.0493129333399
1884000000.0	-0.0994508308205
1886000000.0	-0.169418601293
1888000000.0	-0.423067886167
1890000000.0	-0.22035851408
1892000000.0	-0.0581164296448
1894000000.0	0.403439816625
1896000000.0	1.28864956138
1898000000.0	2.30666192222
1900000000.0	-7.05659808745
1902000000.0	2.68190254507
1904000000.0	1.43342747519
1906000000.0	0.327662784546
1908000000.0	-0.256749988065
1910000000.0	-0.389181407781
1912000000.0	-0.403001492475
1914000000.0	-0.110451658134
1916000000.0	0.0346203813469
1918000000.0	0.126611910208
1920000000.0	0.213626481361
1922000000.0	0.208043783088
1924000000.0	0.0985840640183
1926000000.0	-0.175132365131
1928000000.0	-0.228200767337
1930000000.0	-0.0417367272773
1932000000.0	0.035907132028
1934000000.0	0.0361812776139
1936000000.0	0.0856300778513
1938000000.0	0.00203829664835
1940000000.0	-0.0376251814775
1942000000.0	-0.0763866253036
1944000000.0	-0.0927153148291
1946000000.0	0.132594145822
1948000000.0	0.0575814150914
1950000000.0	-0.118448370493
1952000000.0	0.0764814429221
1954000000.0	0.0691114753804
1956000000.0	-0.0831833824769
1958000000.0	-0.0881281218843
1960000000.0	-0.073405773147
1962000000.0	0.00941084361545
1964000000.0	0.129199976986
1966000000.0	-0.055176630422
1968000000.0	0.0388806658369
1970000000.0	-0.194004900053
1972000000.0	-0.104682457821
1974000000.0	-0.0179851410545
1976000000.0	0.127174694313
1978000000.0	0.0691156848377
1980000000.0	0.0667261286485
1982000000.0	-0.00565467384273
1984000000.0	0.0254412847261
1986000000.0	-0.0635517968632
1988000000.0	-0.0299657620945
1990000000.0	-0.0481274817332
1992000000.0	-0.0118140834803
1994000000.0	0.0125193837967
1996000000.0	0.240288469328
1998000000.0	0.256821778137
2000000000.0	-1.078125
