0.0	-47.92202
2000000.0	3.81027908292
4000000.0	7.48250470906
6000000.0	6.33675675752
8000000.0	-5.21415567191
10000000.0	-11.3278721815
12000000.0	-11.0835863336
14000000.0	-6.16524762954
16000000.0	5.0468877571
18000000.0	17.4068536158
20000000.0	19.9830599095
22000000.0	8.44520788295
24000000.0	-9.41247363098
26000000.0	-23.2224192073
28000000.0	-20.3602396422
30000000.0	-3.45750847254
32000000.0	15.0777036712
34000000.0	20.0931287955
36000000.0	10.36220309
38000000.0	1.19530539635
40000000.0	-12.2872175536
42000000.0	-15.4680717182
44000000.0	-6.19347810111
46000000.0	4.8859586648
48000000.0	8.22021484209
50000000.0	6.09385104913
52000000.0	-0.978960220201
54000000.0	-5.74493994263
56000000.0	-5.43522033799
58000000.0	0.657103258822
60000000.0	5.32299127122
62000000.0	5.95011536028
64000000.0	0.809012666701
66000000.0	-4.95063206733
68000000.0	-6.7589960619
70000000.0	-3.59003156535
72000000.0	3.63623995119
74000000.0	7.63862301912
76000000.0	5.09524733082
78000000.0	-2.04507254102
80000000.0	-7.63729090453
82000000.0	-5.94636880377
84000000.0	0.598627420712
86000000.0	7.63454115207
88000000.0	9.03626522573
90000000.0	2.04657121702
92000000.0	-5.13991815932
94000000.0	-9.38580253979
96000000.0	-6.06587678509
98000000.0	2.48672811147
100000000.0	8.31553824643
102000000.0	7.67753590916
104000000.0	2.21853824719
106000000.0	-6.37673092394
108000000.0	-8.87526659162
110000000.0	-3.01773956479
112000000.0	3.31875670135
114000000.0	8.03707994723
116000000.0	5.60828819193
118000000.0	0.242410708469
120000000.0	-6.09554804493
122000000.0	-4.89143569668
124000000.0	0.49605770563
126000000.0	1.31291150226
128000000.0	5.30686681462
130000000.0	1.95014254187
132000000.0	-2.75390502594
134000000.0	-5.0107912567
136000000.0	-2.32022839822
138000000.0	2.5663082596
140000000.0	5.13532076611
142000000.0	3.13731824259
144000000.0	-1.11721281341
146000000.0	-6.17872293083
148000000.0	-4.98988861723
150000000.0	-0.553782396564
152000000.0	4.81827245348
154000000.0	7.0145340971
156000000.0	4.02994312089
158000000.0	-3.35468718612
160000000.0	-8.23430479982
162000000.0	-6.28775908101
164000000.0	-0.0841560521749
166000000.0	4.99296108366
168000000.0	6.5654892685
170000000.0	1.99714434448
172000000.0	-4.13596951101
174000000.0	-5.37811505569
176000000.0	-4.47311647972
178000000.0	1.47208564498
180000000.0	4.94869854693
182000000.0	3.70751742466
184000000.0	-0.708472770363
186000000.0	-4.97000937541
188000000.0	-5.40593494391
190000000.0	0.0491643584341
192000000.0	4.80402202674
194000000.0	5.97385795995
196000000.0	1.28414300514
198000000.0	-4.79319944596
200000000.0	-6.8781524575
202000000.0	-3.53111296088
204000000.0	3.46256490169
206000000.0	8.31656212241
208000000.0	6.10287274705
210000000.0	0.0871346469442
212000000.0	-7.21584754249
214000000.0	-9.02883272024
216000000.0	-2.18805486729
218000000.0	5.49587383164
220000000.0	8.20934467725
222000000.0	4.99499327
224000000.0	-1.6939412689
226000000.0	-7.8595827057
228000000.0	-6.4721352952
230000000.0	-0.359809088661
232000000.0	5.39497798762
234000000.0	6.09298747524
236000000.0	0.997521409264
238000000.0	-4.36705042354
240000000.0	-5.43788875189
242000000.0	-1.77232629637
244000000.0	4.17245559038
246000000.0	6.9967783553
248000000.0	4.54370988797
250000000.0	-2.00981500299
252000000.0	-9.08541932254
254000000.0	-7.63487371898
256000000.0	-1.07431741945
258000000.0	10.185102821
260000000.0	13.5794171385
262000000.0	6.34687786431
264000000.0	-9.63265434183
266000000.0	-19.7269628331
268000000.0	-15.3720938396
270000000.0	3.85886146375
272000000.0	23.55411489
274000000.0	25.6195836342
276000000.0	5.81445011056
278000000.0	-21.9193479553
280000000.0	-33.7905853395
282000000.0	-15.8506554888
284000000.0	19.2995454009
286000000.0	37.3911545484
288000000.0	18.6942329563
290000000.0	-25.3900358185
292000000.0	-48.6110161766
294000000.0	-12.1087186065
296000000.0	84.155700131
298000000.0	185.341468629
300000000.0	-436.193534047
302000000.0	148.191116817
304000000.0	86.2480095508
306000000.0	33.7560611246
308000000.0	-4.08721960784
310000000.0	-26.859921885
312000000.0	-31.9533248861
314000000.0	-21.2368660946
316000000.0	0.424442391893
318000000.0	20.9327701618
320000000.0	25.667036907
322000000.0	11.7215516762
324000000.0	-8.6387441583
326000000.0	-21.2645409271
328000000.0	-14.7837804644
330000000.0	1.69376652076
332000000.0	13.626462225
334000000.0	12.2793422385
336000000.0	0.741846963806
338000000.0	-10.3649456261
340000000.0	-9.56185865558
342000000.0	0.336570731616
344000000.0	7.9205889114
346000000.0	8.20007744818
348000000.0	-0.252785308959
350000000.0	-7.93278322325
352000000.0	-7.20601342173
354000000.0	-0.886241387681
356000000.0	6.90710441262
358000000.0	8.10990102592
360000000.0	2.75110866597
362000000.0	-3.88401402289
364000000.0	-7.52056938254
366000000.0	-5.20231905679
368000000.0	1.06600156946
370000000.0	5.7135803998
372000000.0	6.9956607617
374000000.0	1.7862657055
376000000.0	-1.59402578079
378000000.0	-5.18489496221
380000000.0	-3.96310157251
382000000.0	-0.218478602321
384000000.0	2.55491190808
386000000.0	4.42708469717
388000000.0	2.20282282104
390000000.0	-1.45068563437
392000000.0	-2.5482450093
394000000.0	-1.36211941841
396000000.0	0.828665939988
398000000.0	1.41974792868
400000000.0	1.95697092245
402000000.0	-1.95689762935
404000000.0	-3.70824468435
406000000.0	-1.80110714403
408000000.0	0.688120236452
410000000.0	4.0567459121
412000000.0	2.68281083113
414000000.0	0.70396555768
416000000.0	-2.84877185847
418000000.0	-3.61962673806
420000000.0	-1.46714919467
422000000.0	1.1227444361
424000000.0	3.26580041855
426000000.0	2.65774039321
428000000.0	0.036806488981
430000000.0	-1.73212269897
432000000.0	-2.02250742693
434000000.0	-0.138873140914
436000000.0	1.71349652136
438000000.0	2.31321992402
440000000.0	1.44347256888
442000000.0	-1.54608290434
444000000.0	-2.09714339105
446000000.0	-1.83858186413
448000000.0	0.346074603754
450000000.0	1.82597565999
452000000.0	0.578312848504
454000000.0	-0.728013506436
456000000.0	-1.54060678649
458000000.0	-1.32560929762
460000000.0	-0.0390447200072
462000000.0	2.34369230403
464000000.0	1.45020151317
466000000.0	0.256944501364
468000000.0	-1.0524785421
470000000.0	-1.53717153222
472000000.0	-2.31046660758
474000000.0	0.786643165224
476000000.0	1.43053033124
478000000.0	2.22515705414
480000000.0	0.463207867024
482000000.0	-0.56996620398
484000000.0	-2.39243714789
486000000.0	-0.880740096426
488000000.0	0.128696067417
490000000.0	0.963830926339
492000000.0	1.21163922118
494000000.0	-0.172742406559
496000000.0	-0.278913773581
498000000.0	-0.355829865316
500000000.0	0.809473761044
502000000.0	2.17481263674
504000000.0	1.09570298126
506000000.0	-0.152914039676
508000000.0	-1.35230413605
510000000.0	-1.7401837533
512000000.0	-0.813962349079
514000000.0	1.26855029375
516000000.0	0.886157312155
518000000.0	1.37031283354
520000000.0	-0.370921541067
522000000.0	-1.10075941269
524000000.0	-1.24715111817
526000000.0	-1.55766032756
528000000.0	0.479914533263
530000000.0	1.14578670924
532000000.0	0.154881724255
534000000.0	-0.387539213775
536000000.0	-2.09346906559
538000000.0	-0.980312815879
540000000.0	0.436313177415
542000000.0	1.01462269543
544000000.0	1.30114845582
546000000.0	0.714820321077
548000000.0	-0.239229416874
550000000.0	-1.8694768352
552000000.0	-0.189106977857
554000000.0	0.528349952298
556000000.0	1.62494255862
558000000.0	0.640101381823
560000000.0	-0.469480610528
562000000.0	-1.02072475399
564000000.0	-1.43402314906
566000000.0	0.568935634497
568000000.0	1.14593074192
570000000.0	1.42093391978
572000000.0	0.116201265843
574000000.0	-0.713686814462
576000000.0	-1.0510682433
578000000.0	-1.07541095758
580000000.0	0.329497838953
582000000.0	0.693564562688
584000000.0	1.36983182401
586000000.0	0.480275971745
588000000.0	-1.60106741774
590000000.0	-1.71843437129
592000000.0	0.846259122952
594000000.0	0.0500676120402
596000000.0	-0.00515820364178
598000000.0	-0.999058111877
600000000.0	2.06852783691
602000000.0	-1.41824848632
604000000.0	-1.33733552752
606000000.0	0.219577798632
608000000.0	1.88827234081
610000000.0	0.856114779645
612000000.0	0.285037722413
614000000.0	-1.60094791543
616000000.0	-0.896147752836
618000000.0	-0.0893276775433
620000000.0	-0.789486066966
622000000.0	-0.325794555719
624000000.0	-1.65172478961
626000000.0	1.83961142197
628000000.0	-0.54384978606
630000000.0	0.381312673239
632000000.0	0.326632099567
634000000.0	1.53279727434
636000000.0	1.00488985353
638000000.0	0.651856895869
640000000.0	-0.936997922292
642000000.0	-1.36921156628
644000000.0	-0.681837377715
646000000.0	0.0947014641292
648000000.0	1.27366786275
650000000.0	0.77053348759
652000000.0	-0.606925525414
654000000.0	0.0684170362565
656000000.0	-0.568139991897
658000000.0	0.0433861326978
660000000.0	0.882687045231
662000000.0	0.999354323333
664000000.0	0.440962212861
666000000.0	-0.359033358483
668000000.0	-0.889585630902
670000000.0	-0.0480963794674
672000000.0	0.170627106673
674000000.0	0.976957393572
676000000.0	0.826617696211
678000000.0	-0.141843628301
680000000.0	-0.137939977615
682000000.0	-0.416668042755
684000000.0	-0.101167145853
686000000.0	0.354149024293
688000000.0	0.725462557593
690000000.0	0.36071640591
692000000.0	-0.069482220516
694000000.0	-0.587813104056
696000000.0	-0.00949368906237
698000000.0	0.254422241901
700000000.0	0.767108927719
702000000.0	0.802864941966
704000000.0	-0.0278483692308
706000000.0	-0.896310043782
708000000.0	-1.24574730953
710000000.0	0.183266603627
712000000.0	0.674819957992
714000000.0	1.02197913257
716000000.0	0.850083945357
718000000.0	0.1955247257
720000000.0	-1.21344803062
722000000.0	-0.0168994959585
724000000.0	-0.335264432482
726000000.0	0.333314106877
728000000.0	1.13596800386
730000000.0	0.683916472877
732000000.0	-0.55624439244
734000000.0	-0.459046210024
736000000.0	-0.109096644861
738000000.0	0.503691697395
740000000.0	1.55850790029
742000000.0	0.338331012844
744000000.0	0.0968534644727
746000000.0	-1.21776154916
748000000.0	-0.590103449567
750000000.0	0.121919896897
752000000.0	1.33719874738
754000000.0	0.522742158931
756000000.0	0.397896110662
758000000.0	-0.9464422687
760000000.0	-1.73350030494
762000000.0	-0.459891705447
764000000.0	0.381171701796
766000000.0	0.628204525185
768000000.0	1.13706627027
770000000.0	-0.146740373359
772000000.0	-1.22340605203
774000000.0	0.271770139485
776000000.0	-1.23525382273
778000000.0	0.0737770319675
780000000.0	1.17300862996
782000000.0	0.543206065898
784000000.0	-0.688149503402
786000000.0	-0.0318013510881
788000000.0	-0.777901169608
790000000.0	0.346619547774
792000000.0	0.67524900476
794000000.0	0.904051601436
796000000.0	-0.403587829349
798000000.0	-0.996037758519
800000000.0	-1.86289551348
802000000.0	-0.62035991371
804000000.0	1.33273127758
806000000.0	1.95758173827
808000000.0	1.51302208611
810000000.0	-0.718017142005
812000000.0	-2.27207099572
814000000.0	-2.30576939776
816000000.0	-0.0996546819529
818000000.0	2.51817891
820000000.0	2.37011124204
822000000.0	1.20266834605
824000000.0	-0.984600825665
826000000.0	-1.6495157267
828000000.0	-0.42035253689
830000000.0	1.25855782925
832000000.0	1.10739118818
834000000.0	1.13644150178
836000000.0	-1.54888226641
838000000.0	-0.797427876005
840000000.0	-1.57422746399
842000000.0	1.03317221057
844000000.0	1.49590661912
846000000.0	1.7093948504
848000000.0	0.0620625714418
850000000.0	-1.46956119552
852000000.0	-2.09963832506
854000000.0	-0.835474907858
856000000.0	1.03555510063
858000000.0	3.04535114584
860000000.0	3.55991359548
862000000.0	1.33805119926
864000000.0	-2.59693924697
866000000.0	-3.36754193657
868000000.0	-1.97979327961
870000000.0	1.4502897854
872000000.0	5.83686095754
874000000.0	6.1019207428
876000000.0	0.0577645941949
878000000.0	-6.23523741429
880000000.0	-7.4374433032
882000000.0	-3.03048915034
884000000.0	6.36388141464
886000000.0	8.71883493154
888000000.0	2.1020983999
890000000.0	-11.0952663982
892000000.0	-16.8566862111
894000000.0	-0.0716909103985
896000000.0	38.0534823777
898000000.0	80.4142154558
900000000.0	-193.209043884
902000000.0	67.0630320556
904000000.0	37.1640552798
906000000.0	10.0008947626
908000000.0	-6.90537923805
910000000.0	-10.7856978496
912000000.0	-7.36086730778
914000000.0	-2.23264815206
916000000.0	2.11502306051
918000000.0	5.40103307425
920000000.0	4.96868347262
922000000.0	1.31556401542
924000000.0	-2.86831660974
926000000.0	-3.78850822256
928000000.0	-1.79609416547
930000000.0	1.65235925023
932000000.0	2.73183479266
934000000.0	1.88957900643
936000000.0	-1.3356424637
938000000.0	-2.7073277276
940000000.0	-1.96345187224
942000000.0	0.600116372838
944000000.0	2.79040487245
946000000.0	2.31492294165
948000000.0	-0.786816085939
950000000.0	-2.98388834958
952000000.0	-2.1212002956
954000000.0	1.14544308516
956000000.0	2.01358307486
958000000.0	2.35848940093
960000000.0	1.7461174701
962000000.0	-2.05675115932
964000000.0	-2.34585377135
966000000.0	-1.12806105811
968000000.0	1.31168249214
970000000.0	2.43200081516
972000000.0	1.43662146829
974000000.0	0.0281209937061
976000000.0	-1.08096280906
978000000.0	-1.9696177501
980000000.0	-0.3429107452
982000000.0	0.865778444511
984000000.0	1.27825919431
986000000.0	1.07835103899
988000000.0	-0.474326682739
990000000.0	-1.11292128412
992000000.0	-0.810823919503
994000000.0	-0.0689390375413
996000000.0	0.696199072495
998000000.0	0.622670318887
1000000000.0	-2.234365
1002000000.0	-1.41140624929
1004000000.0	-0.82332735586
1006000000.0	-0.428582723238
1008000000.0	1.20552665777
1010000000.0	1.14316346141
1012000000.0	0.917979921351
1014000000.0	-0.39226603762
1016000000.0	-0.49391723511
1018000000.0	-0.477440445984
1020000000.0	-0.426726773061
1022000000.0	0.404027742522
1024000000.0	1.23239233524
1026000000.0	-0.0465056170793
1028000000.0	-0.0851960590656
1030000000.0	-0.804783266224
1032000000.0	-0.916819035813
1034000000.0	-0.356196105722
1036000000.0	1.02232590677
1038000000.0	0.759035569572
1040000000.0	-0.657814595772
1042000000.0	-0.466118503933
1044000000.0	-0.594536369709
1046000000.0	-0.258486269052
1048000000.0	1.17823136516
1050000000.0	0.787181975957
1052000000.0	-0.137613417821
1054000000.0	-0.612120734799
1056000000.0	-0.124206662202
1058000000.0	0.317535035038
1060000000.0	-0.134989219582
1062000000.0	0.432351508633
1064000000.0	0.596540647177
1066000000.0	-0.520174541602
1068000000.0	-0.71668017185
1070000000.0	-0.818876169417
1072000000.0	-0.108952087171
1074000000.0	1.03849013306
1076000000.0	0.795221686568
1078000000.0	0.328844183462
1080000000.0	-0.0640980348983
1082000000.0	-0.675119105942
1084000000.0	-0.00392346980711
1086000000.0	0.129806584005
1088000000.0	0.572985431391
1090000000.0	0.690452278785
1092000000.0	-0.136566230728
1094000000.0	-0.452709677593
1096000000.0	0.0858986471752
1098000000.0	-0.137195391036
1100000000.0	0.571507585453
1102000000.0	0.854870056129
1104000000.0	-0.241348189735
1106000000.0	0.254771304305
1108000000.0	0.35803125376
1110000000.0	-0.838120802942
1112000000.0	0.701602093824
1114000000.0	0.271048033316
1116000000.0	0.765328689654
1118000000.0	0.384827999683
1120000000.0	-0.135699334204
1122000000.0	-0.106707593509
1124000000.0	-0.568894282344
1126000000.0	0.810543331774
1128000000.0	0.277657720227
1130000000.0	0.585151788892
1132000000.0	-0.00998171105766
1134000000.0	-0.468168360176
1136000000.0	-0.483611523474
1138000000.0	0.261313927517
1140000000.0	-0.566941214248
1142000000.0	0.193354938677
1144000000.0	0.535836007035
1146000000.0	0.112141703716
1148000000.0	0.0139641576577
1150000000.0	-0.541146839528
1152000000.0	-0.13936753971
1154000000.0	0.538640270515
1156000000.0	0.664549535688
1158000000.0	-0.730546922218
1160000000.0	-0.412846431437
1162000000.0	-0.750500576378
1164000000.0	-0.3729246446
1166000000.0	0.418303467518
1168000000.0	0.434314875327
1170000000.0	0.218267582571
1172000000.0	0.674877939235
1174000000.0	-0.268969942284
1176000000.0	-0.946325437043
1178000000.0	-0.20435242527
1180000000.0	1.76528735469
1182000000.0	1.00889392955
1184000000.0	0.674422856496
1186000000.0	-0.644671271143
1188000000.0	-0.940322912395
1190000000.0	-0.08204275397
1192000000.0	1.08226433074
1194000000.0	0.410379432835
1196000000.0	-0.337180372488
1198000000.0	-1.79230254453
1200000000.0	1.29300407755
1202000000.0	-1.16906608521
1204000000.0	0.416138928637
1206000000.0	-0.30647898802
1208000000.0	0.194078083691
1210000000.0	0.320387960225
1212000000.0	0.617122537025
1214000000.0	-0.442157716009
1216000000.0	0.791714446192
1218000000.0	-0.345767598034
1220000000.0	0.2357921936
1222000000.0	-0.317501767777
1224000000.0	-0.834839927853
1226000000.0	0.264996570179
1228000000.0	-0.144491743306
1230000000.0	0.10171563769
1232000000.0	-0.306913868475
1234000000.0	0.611212515303
1236000000.0	-0.143158635172
1238000000.0	0.741159658321
1240000000.0	-0.216639258185
1242000000.0	-1.22697259887
1244000000.0	0.367149863935
1246000000.0	0.892368346112
1248000000.0	0.408453415659
1250000000.0	0.545703382786
1252000000.0	-0.666732353105
1254000000.0	0.0152747719013
1256000000.0	0.433723876211
1258000000.0	-0.233549095169
1260000000.0	0.217249939148
1262000000.0	-0.0534034325892
1264000000.0	-0.538725717758
1266000000.0	0.399701842928
1268000000.0	-0.100486449379
1270000000.0	0.29182933024
1272000000.0	-0.445598964458
1274000000.0	0.738486660899
1276000000.0	0.0173392947592
1278000000.0	-0.231147820753
1280000000.0	-0.483355059157
1282000000.0	-0.602257981374
1284000000.0	-0.507501089021
1286000000.0	0.798264177481
1288000000.0	0.829266519571
1290000000.0	-0.348861079252
1292000000.0	-0.484301498193
1294000000.0	-0.0753137625246
1296000000.0	0.829568008426
1298000000.0	2.46085210878
1300000000.0	-5.08451050604
1302000000.0	2.49266449997
1304000000.0	0.415811293993
1306000000.0	0.448105521757
1308000000.0	-0.92218365584
1310000000.0	-0.152617611112
1312000000.0	0.839780788901
1314000000.0	0.525249505781
1316000000.0	-0.315385398996
1318000000.0	0.317282886815
1320000000.0	-0.481734970023
1322000000.0	0.366356343715
1324000000.0	0.732286729673
1326000000.0	-0.943881230535
1328000000.0	-0.06314798385
1330000000.0	-0.537026141428
1332000000.0	0.208642389969
1334000000.0	-0.151948873101
1336000000.0	0.146265110759
1338000000.0	0.525628996762
1340000000.0	-0.229905751237
1342000000.0	-0.367056147071
1344000000.0	-0.0962025861375
1346000000.0	-0.736834769195
1348000000.0	-0.0633084535198
1350000000.0	-0.718866238039
1352000000.0	0.317027831955
1354000000.0	0.166069327663
1356000000.0	0.52005809914
1358000000.0	-0.35737952202
1360000000.0	0.292428499519
1362000000.0	0.394509178842
1364000000.0	-0.210794350566
1366000000.0	1.75157067472
1368000000.0	0.62818623432
1370000000.0	0.115990712749
1372000000.0	-1.02144233856
1374000000.0	-2.91755823081
1376000000.0	2.10731671275
1378000000.0	0.914283360505
1380000000.0	1.03273415399
1382000000.0	-0.711471639723
1384000000.0	0.35036381477
1386000000.0	0.449291869216
1388000000.0	-0.354506966104
1390000000.0	0.00305256971765
1392000000.0	0.49265309369
1394000000.0	-0.15120710063
1396000000.0	0.438000944376
1398000000.0	-0.317552367986
1400000000.0	-0.723207351176
1402000000.0	0.8830420798
1404000000.0	0.638286574497
1406000000.0	0.972822260284
1408000000.0	-0.0762882843623
1410000000.0	-0.275088793201
1412000000.0	-0.181486317028
1414000000.0	-1.35218316729
1416000000.0	0.181680824893
1418000000.0	0.661194145563
1420000000.0	0.831632279145
1422000000.0	-0.127459391919
1424000000.0	-0.925462314613
1426000000.0	-0.249330268399
1428000000.0	-0.23797898774
1430000000.0	0.761484374331
1432000000.0	1.30221319075
1434000000.0	-0.0634665937858
1436000000.0	-0.683308051662
1438000000.0	0.137415877186
1440000000.0	0.0721076392891
1442000000.0	0.752760705228
1444000000.0	0.689317906366
1446000000.0	0.861835382921
1448000000.0	-0.242362668222
1450000000.0	-0.87690698829
1452000000.0	-0.618402390837
1454000000.0	-0.180753025326
1456000000.0	-0.713853748256
1458000000.0	1.82859005469
1460000000.0	0.139543768583
1462000000.0	-0.527893750885
1464000000.0	-1.38667227543
1466000000.0	-0.49344817353
1468000000.0	-1.04023290119
1470000000.0	0.505573765173
1472000000.0	2.03257311497
1474000000.0	0.384147801387
1476000000.0	-0.599348122979
1478000000.0	-1.99834386539
1480000000.0	-2.37018343776
1482000000.0	-0.714354005058
1484000000.0	1.79273697806
1486000000.0	3.53774968573
1488000000.0	0.0207629305323
1490000000.0	-5.46466110232
1492000000.0	-6.52436936645
1494000000.0	0.904391062923
1496000000.0	17.301033939
1498000000.0	36.9586778654
1500000000.0	-85.059883761
1502000000.0	31.288819477
1504000000.0	17.1542260128
1506000000.0	3.87534578885
1508000000.0	-4.2381925937
1510000000.0	-4.59206810361
1512000000.0	-2.87803999185
1514000000.0	0.113435075536
1516000000.0	0.790982667548
1518000000.0	1.01365216401
1520000000.0	0.37257595617
1522000000.0	-0.426604445151
1524000000.0	-1.05959641485
1526000000.0	-0.941792485423
1528000000.0	0.12375927623
1530000000.0	0.526968222975
1532000000.0	0.632903041765
1534000000.0	0.590588419294
1536000000.0	-1.05123213199
1538000000.0	-1.39703199992
1540000000.0	-0.333658824237
1542000000.0	0.994510826503
1544000000.0	1.15387259442
1546000000.0	0.900013399006
1548000000.0	-0.773039129576
1550000000.0	-1.17333636775
1552000000.0	-1.46910614106
1554000000.0	0.637555022307
1556000000.0	0.504264252665
1558000000.0	1.16903379214
1560000000.0	-0.00679373974786
1562000000.0	-0.5442117889
1564000000.0	-1.17604301727
1566000000.0	-0.166598699083
1568000000.0	0.726001334758
1570000000.0	1.00793920711
1572000000.0	0.259958648717
1574000000.0	-0.428668599948
1576000000.0	-0.449293771663
1578000000.0	-0.511591830191
1580000000.0	-0.542395374472
1582000000.0	0.431653813996
1584000000.0	0.782258629805
1586000000.0	0.149258237489
1588000000.0	0.00178038721774
1590000000.0	-0.529964780171
1592000000.0	0.0347700396207
1594000000.0	-0.280114436286
1596000000.0	0.153285049936
1598000000.0	0.741027389189
1600000000.0	-0.465319486521
1602000000.0	-0.553048668587
1604000000.0	-0.822784178397
1606000000.0	-0.150027432831
1608000000.0	1.18703747956
1610000000.0	0.901336965649
1612000000.0	0.695037244759
1614000000.0	-0.334186434147
1616000000.0	-0.11022970014
1618000000.0	-0.545227955888
1620000000.0	-0.178393012425
1622000000.0	0.26716483825
1624000000.0	-0.139851934503
1626000000.0	0.83410700305
1628000000.0	0.259386972356
1630000000.0	-0.636833535357
1632000000.0	-0.217649407447
1634000000.0	0.705432253337
1636000000.0	-0.0139775259572
1638000000.0	0.0714709104398
1640000000.0	-0.095975755433
1642000000.0	-0.0768474658662
1644000000.0	-0.671709612827
1646000000.0	0.202016580993
1648000000.0	0.489583708586
1650000000.0	0.530347722175
1652000000.0	-0.657087507187
1654000000.0	-0.100444362299
1656000000.0	0.183436425452
1658000000.0	-0.197402526896
1660000000.0	-0.64143479193
1662000000.0	0.461781153655
1664000000.0	0.31928391343
1666000000.0	0.432665740097
1668000000.0	-0.988890790641
1670000000.0	0.257649985107
1672000000.0	0.0654206102795
1674000000.0	0.30460199128
1676000000.0	0.189783835292
1678000000.0	0.775086174159
1680000000.0	-1.02351425253
1682000000.0	-0.196010989589
1684000000.0	0.222382106837
1686000000.0	-0.592344371327
1688000000.0	0.166310306679
1690000000.0	-0.123478701594
1692000000.0	0.667563229167
1694000000.0	-0.214507972565
1696000000.0	-0.366786017279
1698000000.0	-1.13931206068
1700000000.0	1.39830431085
1702000000.0	-1.2111771155
1704000000.0	-0.590907089532
1706000000.0	0.436785695624
1708000000.0	0.129247106483
1710000000.0	0.243516230065
1712000000.0	0.234162937908
1714000000.0	0.223287675834
1716000000.0	-0.0105995682568
1718000000.0	0.266640851196
1720000000.0	0.248369741588
1722000000.0	-0.34457864217
1724000000.0	0.0344004485548
1726000000.0	0.16174728796
1728000000.0	0.361339359221
1730000000.0	0.047989736849
1732000000.0	-0.0779208048482
1734000000.0	0.541735045429
1736000000.0	-0.331343423146
1738000000.0	-0.0756531361284
1740000000.0	-0.0187901044788
1742000000.0	-0.194406613946
1744000000.0	0.0281510361579
1746000000.0	0.613784879897
1748000000.0	0.695754454365
1750000000.0	2.27959172331
1752000000.0	-0.236099691494
1754000000.0	1.2048923847
1756000000.0	0.106395372351
1758000000.0	-0.783892128533
1760000000.0	-0.472013816822
1762000000.0	0.470365063339
1764000000.0	0.472104286779
1766000000.0	-0.3090823202
1768000000.0	0.27071263987
1770000000.0	0.522331442257
1772000000.0	0.368374171601
1774000000.0	-0.736346983798
1776000000.0	0.501639571748
1778000000.0	-0.478633538363
1780000000.0	0.0474631190344
1782000000.0	-0.0906426106535
1784000000.0	-0.140079268209
1786000000.0	-0.487975891474
1788000000.0	-0.204674233779
1790000000.0	-0.682547460664
1792000000.0	0.614459264489
1794000000.0	0.807010984452
1796000000.0	-0.700882768837
1798000000.0	-1.19200206537
1800000000.0	1.82977197177
1802000000.0	-1.06036872269
1804000000.0	-0.442340395214
1806000000.0	0.230855507732
1808000000.0	0.420740810095
1810000000.0	-0.22993191807
1812000000.0	0.304195615391
1814000000.0	-0.327964885718
1816000000.0	-0.0704877850023
1818000000.0	0.882266879847
1820000000.0	-0.0634262288645
1822000000.0	-0.320929450171
1824000000.0	0.549127369386
1826000000.0	-0.17998409206
1828000000.0	-0.00821147776948
1830000000.0	0.252930847282
1832000000.0	0.817527427394
1834000000.0	0.124189326883
1836000000.0	-0.159737938437
1838000000.0	-0.113336501923
1840000000.0	0.164700993378
1842000000.0	-0.282183824209
1844000000.0	0.264512148174
1846000000.0	0.303413224149
1848000000.0	-0.111552798629
1850000000.0	-0.609217697705
1852000000.0	0.378310113666
1854000000.0	-0.363861535719
1856000000.0	0.294254357232
1858000000.0	-0.162895907081
1860000000.0	0.453401909345
1862000000.0	-0.513382227639
1864000000.0	-0.180858158752
1866000000.0	-0.222595899857
1868000000.0	0.36512655912
1870000000.0	-0.35394493388
1872000000.0	0.412625005761
1874000000.0	0.485067816925
1876000000.0	-0.373177627257
1878000000.0	-0.335570638612
1880000000.0	-0.904475098957
1882000000.0	-0.46774490096
1884000000.0	0.453450223776
1886000000.0	0.224753529138
1888000000.0	-0.61569183716
1890000000.0	-0.773278999869
1892000000.0	-1.57792414471
1894000000.0	0.495651990471
1896000000.0	3.60099640279
1898000000.0	7.23258307601
1900000000.0	-20.9103106329
1902000000.0	8.72530479323
1904000000.0	3.63448713723
1906000000.0	-0.307846398001
1908000000.0	-1.48485703728
1910000000.0	-1.68132057149
1912000000.0	-0.681066633789
1914000000.0	-0.0625843755056
1916000000.0	0.227817113617
1918000000.0	0.0764324488354
1920000000.0	0.204626048918
1922000000.0	-0.62108449027
1924000000.0	-0.258238222113
1926000000.0	-0.399537752199
1928000000.0	0.185365837514
1930000000.0	-0.785543755869
1932000000.0	-0.12829792276
1934000000.0	-0.38490681457
1936000000.0	-0.154532810167
1938000000.0	0.0432355010369
1940000000.0	0.143183166211
1942000000.0	0.275977805859
1944000000.0	-0.103372657134
1946000000.0	0.260159497262
1948000000.0	-0.839146880318
1950000000.0	-0.0293237634121
1952000000.0	-0.47233134209
1954000000.0	0.0863014294815
1956000000.0	-0.492994437658
1958000000.0	-0.932612074462
1960000000.0	0.0371025029857
1962000000.0	-0.882156884999
1964000000.0	-0.803238313328
1966000000.0	0.14178393763
1968000000.0	-0.261424680891
1970000000.0	0.648116280504
1972000000.0	0.18418832103
1974000000.0	-0.158948619795
1976000000.0	-0.143911530163
1978000000.0	0.355666138138
1980000000.0	0.158604499099
1982000000.0	0.113851077672
1984000000.0	-0.244258599353
1986000000.0	-0.257765477218
1988000000.0	0.0390696967912
1990000000.0	0.814080970532
1992000000.0	0.259333702791
1994000000.0	0.620340877422
1996000000.0	1.1629351113
1998000000.0	0.868422992512
2000000000.0	-2.98435
