0.0	-50.906505
2000000.0	3.58644967271
4000000.0	9.17071335121
6000000.0	4.48451590194
8000000.0	-2.15800405846
10000000.0	-10.8142566493
12000000.0	-11.1323865303
14000000.0	-6.58327831137
16000000.0	5.01055824886
18000000.0	17.54126681
20000000.0	20.855197824
22000000.0	8.42159171503
24000000.0	-10.1141087826
26000000.0	-23.974801036
28000000.0	-20.0455008738
30000000.0	-2.63173742423
32000000.0	15.678102614
34000000.0	19.2387663685
36000000.0	9.83159259909
38000000.0	1.59344094689
40000000.0	-12.8487005546
42000000.0	-15.2156246277
44000000.0	-7.47810214629
46000000.0	3.05623155755
48000000.0	8.9342800612
50000000.0	5.8188589196
52000000.0	-1.12318390746
54000000.0	-6.76896025561
56000000.0	-4.90864295299
58000000.0	1.05433623523
60000000.0	5.72237244091
62000000.0	5.77870718775
64000000.0	1.20632364099
66000000.0	-4.67599658182
68000000.0	-5.15618694261
70000000.0	-2.92958003904
72000000.0	4.17068283913
74000000.0	7.1420131981
76000000.0	3.89267406503
78000000.0	-2.23546281769
80000000.0	-7.52026778458
82000000.0	-6.66779351851
84000000.0	-0.163268543713
86000000.0	7.59692881557
88000000.0	7.92256285655
90000000.0	1.57542457145
92000000.0	-5.67965357838
94000000.0	-9.30156027882
96000000.0	-5.88449906471
98000000.0	2.73164650232
100000000.0	8.27911682272
102000000.0	7.4642335257
104000000.0	1.1902085436
106000000.0	-5.76875971932
108000000.0	-8.09398201413
110000000.0	-4.00090734518
112000000.0	3.51381105789
114000000.0	7.02230295904
116000000.0	4.56738973466
118000000.0	-0.543410929787
120000000.0	-5.2813475121
122000000.0	-6.36854321638
124000000.0	-2.56095085184
126000000.0	4.95194265136
128000000.0	3.99224270779
130000000.0	1.16550071775
132000000.0	-2.85252513066
134000000.0	-4.28905849358
136000000.0	-1.36121298491
138000000.0	3.36239928132
140000000.0	5.371940137
142000000.0	3.34821815007
144000000.0	-2.21778305514
146000000.0	-6.08966394757
148000000.0	-5.01168139229
150000000.0	0.609064094295
152000000.0	5.25157787275
154000000.0	7.40334599939
156000000.0	3.14827376446
158000000.0	-3.66122918605
160000000.0	-7.38563031949
162000000.0	-5.18851535848
164000000.0	0.429596744429
166000000.0	5.32696406524
168000000.0	5.95995928695
170000000.0	2.8731959477
172000000.0	-3.1728392061
174000000.0	-4.79165957131
176000000.0	-3.58921008052
178000000.0	1.40720367315
180000000.0	4.09263062396
182000000.0	2.67039354988
184000000.0	-1.83026719487
186000000.0	-5.2836702588
188000000.0	-3.5039790278
190000000.0	1.52393467774
192000000.0	5.71697773305
194000000.0	5.50673771579
196000000.0	-0.13717904396
198000000.0	-6.05200908005
200000000.0	-7.48236515781
202000000.0	-2.55459416549
204000000.0	4.21341434502
206000000.0	8.67764830649
208000000.0	5.91149043261
210000000.0	-2.02347105955
212000000.0	-7.89242506181
214000000.0	-7.91443431845
216000000.0	-0.830388100593
218000000.0	6.02103533606
220000000.0	7.27747263645
222000000.0	3.97792697641
224000000.0	-3.36745897601
226000000.0	-7.18745120184
228000000.0	-3.36844993053
230000000.0	2.21239755695
232000000.0	5.45106313999
234000000.0	3.94266769953
236000000.0	-2.25938444729
238000000.0	-6.28745306021
240000000.0	-4.43804724497
242000000.0	0.443108106868
244000000.0	7.00935087166
246000000.0	7.55585095325
248000000.0	1.13123334745
250000000.0	-7.88418794646
252000000.0	-9.34621111339
254000000.0	-5.46261729563
256000000.0	3.42050885328
258000000.0	11.306796621
260000000.0	12.1944395313
262000000.0	3.39578224011
264000000.0	-10.3090171943
266000000.0	-18.579800113
268000000.0	-12.4910213492
270000000.0	5.27515650584
272000000.0	20.5007400422
274000000.0	21.436590148
276000000.0	3.2494857577
278000000.0	-20.7308202653
280000000.0	-28.3497369106
282000000.0	-9.34760491866
284000000.0	21.4804935318
286000000.0	32.6318544506
288000000.0	7.06737449749
290000000.0	-38.7834812832
292000000.0	-56.0584691582
294000000.0	1.38379292295
296000000.0	132.493136513
298000000.0	275.893752211
300000000.0	-685.582465637
302000000.0	244.730992197
304000000.0	134.746329904
306000000.0	38.3537427364
308000000.0	-21.4978688427
310000000.0	-41.104701239
312000000.0	-33.5032531565
314000000.0	-12.4513580141
316000000.0	8.76283233767
318000000.0	20.45148225
320000000.0	18.4623734929
322000000.0	6.53327083025
324000000.0	-9.95832288222
326000000.0	-14.4067641324
328000000.0	-9.11756981708
330000000.0	4.47565705531
332000000.0	11.4449549667
334000000.0	6.51138520867
336000000.0	-2.88461002343
338000000.0	-9.69029618533
340000000.0	-6.61018571816
342000000.0	3.75424700202
344000000.0	9.44434896596
346000000.0	6.82638258388
348000000.0	-2.58915946481
350000000.0	-9.59815095869
352000000.0	-7.76379018916
354000000.0	0.95111107538
356000000.0	7.9094283441
358000000.0	7.92617031941
360000000.0	2.17350513785
362000000.0	-5.06496714073
364000000.0	-9.08401551494
366000000.0	-4.10992445348
368000000.0	2.12915819675
370000000.0	6.81990803019
372000000.0	5.57740307747
374000000.0	0.0864991970424
376000000.0	-2.69356154947
378000000.0	-5.58512357553
380000000.0	-2.59260307193
382000000.0	0.809558414748
384000000.0	2.69216216358
386000000.0	2.67867818983
388000000.0	0.301907610088
390000000.0	-1.03250880449
392000000.0	-1.23764390227
394000000.0	0.844396866841
396000000.0	2.28705404589
398000000.0	2.10361124416
400000000.0	0.981167970947
402000000.0	-3.84108493582
404000000.0	-4.06074794512
406000000.0	-1.71305592486
408000000.0	2.40817552946
410000000.0	3.84494344054
412000000.0	3.52875573604
414000000.0	-0.451816418535
416000000.0	-3.85642039751
418000000.0	-3.14409653374
420000000.0	-1.51259124139
422000000.0	1.92212374587
424000000.0	3.55058418
426000000.0	1.89003948007
428000000.0	-0.81198198117
430000000.0	-2.78781617092
432000000.0	-2.05907804002
434000000.0	0.127555171908
436000000.0	1.90628168382
438000000.0	2.17542012124
440000000.0	-0.0785003382752
442000000.0	-1.91905501129
444000000.0	-2.30433082084
446000000.0	-0.576651127672
448000000.0	1.62056571881
450000000.0	2.36778086686
452000000.0	0.466806107104
454000000.0	-0.472465640601
456000000.0	-2.53175042047
458000000.0	-0.972612996251
460000000.0	1.36771300924
462000000.0	2.2808600896
464000000.0	2.17010235467
466000000.0	0.0310558682766
468000000.0	-1.32249942813
470000000.0	-2.84975068783
472000000.0	-1.11960959344
474000000.0	0.419576254883
476000000.0	2.02275684177
478000000.0	1.87864563472
480000000.0	0.29333214705
482000000.0	-1.74599715463
484000000.0	-1.13805178922
486000000.0	-0.965113814588
488000000.0	1.11118975788
490000000.0	1.40787072416
492000000.0	0.210164891771
494000000.0	-0.234302399931
496000000.0	0.271967904582
498000000.0	-0.027592960536
500000000.0	-0.294388703121
502000000.0	2.56209036539
504000000.0	2.17815158125
506000000.0	-0.22655485651
508000000.0	-1.82094856822
510000000.0	-2.54894594542
512000000.0	-0.26752057315
514000000.0	1.39841616829
516000000.0	2.03617256451
518000000.0	0.781873973172
520000000.0	-1.05551396375
522000000.0	-1.40211557819
524000000.0	-1.27321874972
526000000.0	0.895299092312
528000000.0	1.33947041382
530000000.0	0.214884997289
532000000.0	0.612835850332
534000000.0	-1.93639808413
536000000.0	-1.1833115951
538000000.0	-0.34518222898
540000000.0	1.19965415764
542000000.0	1.59960835348
544000000.0	1.3082990536
546000000.0	-0.139367873276
548000000.0	-1.5606268626
550000000.0	0.0779604772023
552000000.0	0.105097373312
554000000.0	-0.0683321430481
556000000.0	1.3385890957
558000000.0	-0.0170334340318
560000000.0	-0.275708640995
562000000.0	-0.617454859779
564000000.0	-1.1187581528
566000000.0	0.184533687139
568000000.0	1.67385291724
570000000.0	1.06221982246
572000000.0	-0.231306954682
574000000.0	-0.780358480606
576000000.0	-0.980366195093
578000000.0	0.0566881022513
580000000.0	1.31674787864
582000000.0	0.628101894792
584000000.0	1.08377434336
586000000.0	-0.656320218889
588000000.0	-0.641263001288
590000000.0	-0.367823217574
592000000.0	0.015122707153
594000000.0	1.11141844705
596000000.0	-0.185131851002
598000000.0	-0.936321162922
600000000.0	2.8928091827
602000000.0	-1.80969070365
604000000.0	-0.896231459333
606000000.0	-0.426178274227
608000000.0	1.45721943175
610000000.0	1.49961757747
612000000.0	0.26296280275
614000000.0	-0.310790338408
616000000.0	-0.409816713484
618000000.0	1.2809525966
620000000.0	0.191056735757
622000000.0	0.860113554135
624000000.0	0.811131985373
626000000.0	-1.9763344162
628000000.0	-1.32671986652
630000000.0	-0.94281688863
632000000.0	-0.710460408052
634000000.0	0.582747176442
636000000.0	0.122948723012
638000000.0	0.0299127871918
640000000.0	-0.667871285008
642000000.0	-0.274725010119
644000000.0	-0.0410217765989
646000000.0	-0.526878290271
648000000.0	0.200607556446
650000000.0	0.603125386471
652000000.0	0.432190316223
654000000.0	-0.395092585728
656000000.0	-0.634392284223
658000000.0	0.435565453558
660000000.0	-0.123634597811
662000000.0	0.207345619961
664000000.0	0.00309662447384
666000000.0	-0.0270778571545
668000000.0	0.145676839923
670000000.0	-0.773921180291
672000000.0	-0.100340599146
674000000.0	0.595715516519
676000000.0	-0.138195298648
678000000.0	-0.218993411404
680000000.0	-0.46051112955
682000000.0	-0.414941093973
684000000.0	-0.310960151581
686000000.0	-0.0480019017241
688000000.0	0.412553956741
690000000.0	1.01876071054
692000000.0	-0.627506395926
694000000.0	-0.470604504094
696000000.0	-0.0982301429014
698000000.0	0.280782083516
700000000.0	0.642180839506
702000000.0	0.109053186953
704000000.0	-0.155140393489
706000000.0	-0.271287601525
708000000.0	-0.750578226612
710000000.0	0.628171573657
712000000.0	-0.145559321571
714000000.0	1.69222170121
716000000.0	0.644683392524
718000000.0	-0.50028554755
720000000.0	-0.669271879942
722000000.0	-0.233464207578
724000000.0	0.520955827301
726000000.0	0.512329218509
728000000.0	0.38570781265
730000000.0	-0.744740163206
732000000.0	-0.486275076919
734000000.0	-0.797296735547
736000000.0	0.402337111804
738000000.0	0.890331161334
740000000.0	0.355746935773
742000000.0	-0.117529762988
744000000.0	-0.465013237988
746000000.0	-0.0706126976042
748000000.0	-0.803276659331
750000000.0	-0.618838381745
752000000.0	0.256066847494
754000000.0	0.480847666139
756000000.0	0.680677261591
758000000.0	-0.41038744546
760000000.0	-0.224777742254
762000000.0	-0.183073066828
764000000.0	0.00535999733225
766000000.0	0.596813759193
768000000.0	0.329080381749
770000000.0	-1.50974277696
772000000.0	-0.278001256848
774000000.0	-0.154574487234
776000000.0	-0.229199031686
778000000.0	0.913915051637
780000000.0	-0.107221161271
782000000.0	-0.731810242263
784000000.0	-1.03630231461
786000000.0	-1.15528254471
788000000.0	0.476317264258
790000000.0	1.49375754068
792000000.0	0.988637950863
794000000.0	0.0387786662292
796000000.0	-0.296692950726
798000000.0	-1.2684541311
800000000.0	-1.84896177816
802000000.0	1.36184930917
804000000.0	1.48258790667
806000000.0	1.66903908813
808000000.0	-0.207670435028
810000000.0	-1.01636574264
812000000.0	-0.27121422235
814000000.0	-0.215546499271
816000000.0	1.45900654347
818000000.0	1.82594759822
820000000.0	0.342391803028
822000000.0	-0.265275396806
824000000.0	-0.688420440991
826000000.0	-0.380737585869
828000000.0	0.951783397266
830000000.0	2.20484633323
832000000.0	0.761633706791
834000000.0	-0.315072656718
836000000.0	-2.09003882405
838000000.0	-2.29278999474
840000000.0	0.0695036148752
842000000.0	2.41101630902
844000000.0	3.25333575691
846000000.0	0.745696752922
848000000.0	-1.97683258552
850000000.0	-2.5101444104
852000000.0	-1.89769388621
854000000.0	0.819705606142
856000000.0	3.18353315267
858000000.0	2.61729880045
860000000.0	-0.225170176838
862000000.0	-2.12419952602
864000000.0	-2.85988234364
866000000.0	-0.404646761192
868000000.0	1.14790431243
870000000.0	1.89911681919
872000000.0	0.986535661066
874000000.0	-0.217963389677
876000000.0	-3.35562267513
878000000.0	-2.00017872528
880000000.0	1.04849030203
882000000.0	3.18414333705
884000000.0	3.84485189361
886000000.0	1.52074117361
888000000.0	-6.45841969177
890000000.0	-14.4799569056
892000000.0	-12.6524767782
894000000.0	7.8725894241
896000000.0	48.3843054276
898000000.0	96.870845458
900000000.0	-253.303127425
902000000.0	94.4180845491
904000000.0	49.492028973
906000000.0	6.62437408292
908000000.0	-16.0461534202
910000000.0	-15.3627623019
912000000.0	-3.54751848292
914000000.0	5.81340990958
916000000.0	7.00717409688
918000000.0	1.66215176836
920000000.0	-3.83638331544
922000000.0	-4.14958419281
924000000.0	-1.96482083306
926000000.0	2.41911905458
928000000.0	4.21502017079
930000000.0	1.66641948475
932000000.0	-0.823751560916
934000000.0	-2.33913761922
936000000.0	-2.19351772096
938000000.0	-1.23216744502
940000000.0	1.73582463903
942000000.0	2.77298734558
944000000.0	1.56626915439
946000000.0	-0.493826650729
948000000.0	-1.80832906476
950000000.0	-1.89675857137
952000000.0	-0.395537432603
954000000.0	1.17014279412
956000000.0	2.29913574461
958000000.0	1.50261275704
960000000.0	-0.798353594643
962000000.0	-1.459136592
964000000.0	-1.79479261933
966000000.0	-0.463730285779
968000000.0	2.21159558927
970000000.0	1.23759289335
972000000.0	0.285527675199
974000000.0	-0.669736248986
976000000.0	-0.705601081942
978000000.0	-0.197611173881
980000000.0	0.327397154398
982000000.0	1.42883221139
984000000.0	0.793900918995
986000000.0	-0.965059832739
988000000.0	-0.995287247942
990000000.0	-0.538301633975
992000000.0	0.514674461273
994000000.0	0.969105148886
996000000.0	1.58768657602
998000000.0	0.236687095752
1000000000.0	3.046925
1002000000.0	-1.15972719245
1004000000.0	-0.492154352515
1006000000.0	-0.232986432229
1008000000.0	0.572679870726
1010000000.0	0.763404297361
1012000000.0	-0.178120675443
1014000000.0	-0.57638039122
1016000000.0	-0.12511012031
1018000000.0	-0.765301170381
1020000000.0	0.108223732461
1022000000.0	0.309433773111
1024000000.0	0.419487242628
1026000000.0	-0.861544265449
1028000000.0	-0.660081315185
1030000000.0	-0.620983204861
1032000000.0	0.0905513792531
1034000000.0	0.618070234389
1036000000.0	0.223206218312
1038000000.0	-0.174069979226
1040000000.0	-0.508482973612
1042000000.0	-0.559088795149
1044000000.0	-0.0839043321173
1046000000.0	1.51432034801
1048000000.0	0.721514299703
1050000000.0	0.236177670206
1052000000.0	-1.10544109879
1054000000.0	-0.22025563282
1056000000.0	-1.08720949888
1058000000.0	-0.137501277344
1060000000.0	1.46690785554
1062000000.0	-0.355956274557
1064000000.0	-0.418027087441
1066000000.0	-0.226069358718
1068000000.0	-0.0803542228521
1070000000.0	-0.269336972741
1072000000.0	0.560745282571
1074000000.0	0.26677513846
1076000000.0	0.376012452787
1078000000.0	0.553713032104
1080000000.0	0.17182203305
1082000000.0	0.017754292964
1084000000.0	0.302762787892
1086000000.0	0.493512539602
1088000000.0	-0.0216990504732
1090000000.0	0.350782287608
1092000000.0	-0.325403435147
1094000000.0	-0.761158338154
1096000000.0	-0.154104215656
1098000000.0	0.134086750244
1100000000.0	-0.188406514659
1102000000.0	0.578486789885
1104000000.0	0.731914638295
1106000000.0	-0.127469523081
1108000000.0	-0.155683668042
1110000000.0	-1.15392588019
1112000000.0	0.144680993093
1114000000.0	0.517534432817
1116000000.0	0.190512927556
1118000000.0	-0.275524449389
1120000000.0	-0.556635832761
1122000000.0	-0.832064592547
1124000000.0	-0.451756768273
1126000000.0	1.22479095824
1128000000.0	0.646368425995
1130000000.0	-0.599855968933
1132000000.0	-0.177193718683
1134000000.0	-0.658995341636
1136000000.0	-0.581439299783
1138000000.0	0.233686393382
1140000000.0	-0.133411093352
1142000000.0	0.779004068126
1144000000.0	-0.0160854643965
1146000000.0	-0.278896470313
1148000000.0	-0.169528409061
1150000000.0	0.535466161783
1152000000.0	0.506377863989
1154000000.0	0.975911174918
1156000000.0	0.366541994697
1158000000.0	0.000280169285889
1160000000.0	-0.325007104063
1162000000.0	0.0770110538688
1164000000.0	-0.201327892534
1166000000.0	0.451384744503
1168000000.0	0.595282554731
1170000000.0	0.0783987263334
1172000000.0	-0.339820372485
1174000000.0	-1.36472043762
1176000000.0	0.835315390396
1178000000.0	0.15567044321
1180000000.0	0.23662875795
1182000000.0	0.51496469591
1184000000.0	-0.432865962429
1186000000.0	0.130282150787
1188000000.0	-0.0133596759274
1190000000.0	0.774829429158
1192000000.0	0.902237914098
1194000000.0	-0.0469395805824
1196000000.0	-1.19987347132
1198000000.0	-3.04821678333
1200000000.0	8.37046702905
1202000000.0	-3.19082272514
1204000000.0	-1.42748698411
1206000000.0	0.619282705692
1208000000.0	0.0962383601799
1210000000.0	0.349892190978
1212000000.0	0.449080795306
1214000000.0	-0.299809179173
1216000000.0	0.384733892816
1218000000.0	0.207705664925
1220000000.0	-0.182957479956
1222000000.0	-0.228322113763
1224000000.0	-0.350870289265
1226000000.0	0.222397377932
1228000000.0	-0.265064270515
1230000000.0	-0.0072276523091
1232000000.0	-0.251725933966
1234000000.0	0.77805959895
1236000000.0	0.283452124081
1238000000.0	-0.435202868343
1240000000.0	-0.220588753561
1242000000.0	-0.504252670507
1244000000.0	0.658758315805
1246000000.0	-0.766250390076
1248000000.0	-0.427085602297
1250000000.0	2.14335419103
1252000000.0	0.706322518247
1254000000.0	-0.0289961710828
1256000000.0	-0.387241088669
1258000000.0	0.0774988417534
1260000000.0	-0.54845794803
1262000000.0	0.895810500584
1264000000.0	-0.498033808296
1266000000.0	0.941405615096
1268000000.0	-0.000714108042699
1270000000.0	-0.116087729383
1272000000.0	1.15231332623
1274000000.0	-0.508641257021
1276000000.0	0.171196136544
1278000000.0	-0.390963952216
1280000000.0	-0.130232763715
1282000000.0	0.539558789937
1284000000.0	-0.0626304218796
1286000000.0	-1.05065653096
1288000000.0	-0.321662604476
1290000000.0	0.413604643149
1292000000.0	0.878110048842
1294000000.0	-0.190267887461
1296000000.0	-1.76155535967
1298000000.0	-1.75856793784
1300000000.0	5.81439537186
1302000000.0	-2.83412094058
1304000000.0	-0.511105491238
1306000000.0	-0.827972856472
1308000000.0	0.657025978759
1310000000.0	0.81502442703
1312000000.0	0.130778940127
1314000000.0	-0.650348560922
1316000000.0	0.0465355401508
1318000000.0	-0.872487261163
1320000000.0	0.351832076977
1322000000.0	0.441705057377
1324000000.0	0.844063124249
1326000000.0	0.0100441708809
1328000000.0	-0.434027534819
1330000000.0	0.478313771723
1332000000.0	-1.40370057725
1334000000.0	0.302424915847
1336000000.0	0.453048495583
1338000000.0	0.0771909555353
1340000000.0	0.481244628791
1342000000.0	-0.135909063125
1344000000.0	0.201333212097
1346000000.0	-0.319837640025
1348000000.0	0.267703943469
1350000000.0	0.134555444558
1352000000.0	-0.335509606695
1354000000.0	0.406862810148
1356000000.0	-0.00879171050131
1358000000.0	0.505296884181
1360000000.0	1.10055949234
1362000000.0	0.374319839374
1364000000.0	-0.00986441854739
1366000000.0	-0.467906328006
1368000000.0	-0.194605998259
1370000000.0	-0.269987565246
1372000000.0	1.1684405462
1374000000.0	1.59251593266
1376000000.0	-1.16967078932
1378000000.0	-0.143112484062
1380000000.0	-1.30987406589
1382000000.0	-0.667440954651
1384000000.0	-1.27951134296
1386000000.0	-0.0792916957053
1388000000.0	0.134131220569
1390000000.0	-0.0513941812974
1392000000.0	0.587032230385
1394000000.0	0.903064246074
1396000000.0	-0.958568196612
1398000000.0	0.0755176754031
1400000000.0	-0.730236917062
1402000000.0	0.186410751868
1404000000.0	0.391980496988
1406000000.0	-0.307753683991
1408000000.0	-0.707552548024
1410000000.0	0.177604736873
1412000000.0	0.016405552396
1414000000.0	0.294812165296
1416000000.0	0.724806732236
1418000000.0	-0.168492221602
1420000000.0	-0.617328651608
1422000000.0	-1.46099288728
1424000000.0	0.258628204748
1426000000.0	0.923598355107
1428000000.0	0.0176290882572
1430000000.0	0.490748036761
1432000000.0	-0.222029326081
1434000000.0	-0.113432522114
1436000000.0	-0.967825246737
1438000000.0	1.25621728447
1440000000.0	0.671618779363
1442000000.0	0.860959159042
1444000000.0	0.66026606197
1446000000.0	-0.167828891923
1448000000.0	-0.901951411903
1450000000.0	-0.728600936798
1452000000.0	0.280544935896
1454000000.0	0.403735223754
1456000000.0	0.737741874245
1458000000.0	-0.303600166632
1460000000.0	-1.05358662477
1462000000.0	-1.37681314936
1464000000.0	0.113910922442
1466000000.0	1.88216120885
1468000000.0	2.1986874864
1470000000.0	0.478497819257
1472000000.0	-1.85339773817
1474000000.0	-2.30050599112
1476000000.0	-1.00943335962
1478000000.0	0.729404350418
1480000000.0	3.15618087277
1482000000.0	1.71077319526
1484000000.0	-1.41440428423
1486000000.0	-1.68798486363
1488000000.0	-2.57086384625
1490000000.0	-1.47636832331
1492000000.0	1.01095869835
1494000000.0	2.45586037248
1496000000.0	4.95867002099
1498000000.0	10.0238772901
1500000000.0	-29.7059012969
1502000000.0	14.3477636257
1504000000.0	8.24428895146
1506000000.0	-2.53001284017
1508000000.0	-5.68133924403
1510000000.0	-2.48561314091
1512000000.0	1.954399248
1514000000.0	4.1887110992
1516000000.0	2.56319304665
1518000000.0	-1.05526253109
1520000000.0	-3.25498922112
1522000000.0	-2.54992789405
1524000000.0	1.51844055651
1526000000.0	2.52353191581
1528000000.0	2.466862561
1530000000.0	-0.135256853043
1532000000.0	-1.50920975881
1534000000.0	-2.21415932379
1536000000.0	-0.412897341452
1538000000.0	0.663726874301
1540000000.0	0.44876421994
1542000000.0	1.31208742679
1544000000.0	-1.12214256533
1546000000.0	-0.623666387491
1548000000.0	-0.960408710162
1550000000.0	-1.02240741804
1552000000.0	0.556288913492
1554000000.0	0.145672431375
1556000000.0	0.17356929884
1558000000.0	-0.037494586117
1560000000.0	0.171175295091
1562000000.0	-1.11224361951
1564000000.0	0.147409382541
1566000000.0	0.440200799894
1568000000.0	0.196151033309
1570000000.0	-0.346674841612
1572000000.0	-0.657984091532
1574000000.0	-0.87481253266
1576000000.0	0.239927953076
1578000000.0	-0.0465643532538
1580000000.0	0.378347865883
1582000000.0	0.128603971119
1584000000.0	0.225077308716
1586000000.0	-0.204878121081
1588000000.0	0.000837223314923
1590000000.0	0.322667986484
1592000000.0	0.163472924367
1594000000.0	1.05885208047
1596000000.0	0.646534390109
1598000000.0	0.123442380839
1600000000.0	0.544301778159
1602000000.0	0.0578865216135
1604000000.0	-0.413569796899
1606000000.0	0.328604117941
1608000000.0	0.166360719705
1610000000.0	0.0663671801998
1612000000.0	-0.33189749744
1614000000.0	-0.0147682916914
1616000000.0	-0.578879729563
1618000000.0	0.105654808328
1620000000.0	0.653385468715
1622000000.0	0.65292135859
1624000000.0	-1.40254084739
1626000000.0	0.853253498482
1628000000.0	0.0711407599417
1630000000.0	0.155269947289
1632000000.0	-0.183408880709
1634000000.0	0.250707009355
1636000000.0	0.717109399855
1638000000.0	-0.253237224902
1640000000.0	-0.0503353578544
1642000000.0	-0.254190867935
1644000000.0	0.281620659024
1646000000.0	0.165583391617
1648000000.0	-0.244128700016
1650000000.0	0.120453088624
1652000000.0	-0.258333153655
1654000000.0	0.0869725351058
1656000000.0	-0.0691206242202
1658000000.0	-0.102821032037
1660000000.0	0.271011754985
1662000000.0	-0.81090006716
1664000000.0	0.228234787857
1666000000.0	0.0940561308118
1668000000.0	0.124182943595
1670000000.0	-0.564853982551
1672000000.0	-0.169757605452
1674000000.0	0.238229406533
1676000000.0	-0.24489856642
1678000000.0	0.0621852183892
1680000000.0	0.000796262996818
1682000000.0	-0.525934748508
1684000000.0	0.245825327985
1686000000.0	0.136203948559
1688000000.0	-0.996006362982
1690000000.0	0.245404430198
1692000000.0	0.316850996435
1694000000.0	-0.385142979474
1696000000.0	-0.250280516498
1698000000.0	-0.0501304843077
1700000000.0	1.29117296205
1702000000.0	0.0799562497005
1704000000.0	-0.986457838275
1706000000.0	0.0304814700075
1708000000.0	-0.79001072153
1710000000.0	0.475042916476
1712000000.0	0.130670497066
1714000000.0	-0.221080921161
1716000000.0	0.077333175868
1718000000.0	-0.0694791403597
1720000000.0	0.324976536003
1722000000.0	-0.312151992245
1724000000.0	-0.169499585583
1726000000.0	0.40215349756
1728000000.0	-0.0609918010781
1730000000.0	0.851685381512
1732000000.0	0.320753184037
1734000000.0	-0.0456823027669
1736000000.0	-0.214451594798
1738000000.0	-1.02176245305
1740000000.0	-0.930565454836
1742000000.0	-0.548631347654
1744000000.0	0.940360833753
1746000000.0	0.333030204671
1748000000.0	-0.13442685739
1750000000.0	0.172192137172
1752000000.0	-0.498785020822
1754000000.0	0.786621317901
1756000000.0	0.0890868970609
1758000000.0	-0.162388742514
1760000000.0	0.0356397235592
1762000000.0	0.269214882508
1764000000.0	1.46173066393
1766000000.0	0.0995438608496
1768000000.0	0.816030605187
1770000000.0	-0.48529723165
1772000000.0	-0.388642947226
1774000000.0	0.0407214634326
1776000000.0	0.155368420418
1778000000.0	0.597717385409
1780000000.0	0.0681733355348
1782000000.0	0.636895740691
1784000000.0	-0.0126279186042
1786000000.0	-0.226641020523
1788000000.0	-0.0627284218496
1790000000.0	0.306179311232
1792000000.0	0.739581356252
1794000000.0	-0.0431329726568
1796000000.0	-0.317834815918
1798000000.0	-1.1186657777
1800000000.0	2.27296789217
1802000000.0	-1.02629026679
1804000000.0	-0.824851330494
1806000000.0	-0.0870749092209
1808000000.0	0.314004948683
1810000000.0	0.586250748914
1812000000.0	-0.385992963946
1814000000.0	-0.590418488904
1816000000.0	-0.147923796784
1818000000.0	-0.0853968295964
1820000000.0	-0.0318595208154
1822000000.0	-0.0029400929686
1824000000.0	-0.601917185137
1826000000.0	0.142021841411
1828000000.0	0.0649132561614
1830000000.0	-0.368555135288
1832000000.0	0.104599974209
1834000000.0	0.449289235716
1836000000.0	0.141138330198
1838000000.0	-0.812129508644
1840000000.0	0.102696687857
1842000000.0	-0.497812022335
1844000000.0	0.0644570698222
1846000000.0	0.565662347042
1848000000.0	0.169996414409
1850000000.0	-0.354740633649
1852000000.0	-0.114968306829
1854000000.0	-0.296405314632
1856000000.0	-0.673157516243
1858000000.0	-0.269260092361
1860000000.0	0.638250691523
1862000000.0	0.151636091324
1864000000.0	-0.197255366341
1866000000.0	-0.468183668726
1868000000.0	-0.543636410702
1870000000.0	-0.363259572024
1872000000.0	-0.410842686137
1874000000.0	-1.12418074488
1876000000.0	1.54172278136
1878000000.0	-0.0109458765433
1880000000.0	-0.122138079458
1882000000.0	0.279424470346
1884000000.0	0.551122171888
1886000000.0	0.781064474431
1888000000.0	1.39690627377
1890000000.0	1.47239668112
1892000000.0	0.532694743299
1894000000.0	-0.80533161265
1896000000.0	-3.12277195558
1898000000.0	-5.15447747663
1900000000.0	17.1079235802
1902000000.0	-7.11741078685
1904000000.0	-3.04790403931
1906000000.0	-0.574384459483
1908000000.0	1.5149751578
1910000000.0	1.23526971514
1912000000.0	0.181383541543
1914000000.0	-1.66149211562
1916000000.0	-0.774418587128
1918000000.0	0.316416640199
1920000000.0	0.427359652697
1922000000.0	0.234277074602
1924000000.0	0.362456706043
1926000000.0	-0.407912710368
1928000000.0	-0.539251077914
1930000000.0	0.00502587109016
1932000000.0	-0.0116842238226
1934000000.0	0.655038135139
1936000000.0	0.0109716642651
1938000000.0	-0.219406819614
1940000000.0	-0.255651723036
1942000000.0	0.310483999625
1944000000.0	0.219515476361
1946000000.0	-1.54129084056
1948000000.0	-0.295545442862
1950000000.0	-0.080259180665
1952000000.0	0.131936478738
1954000000.0	-0.374220919329
1956000000.0	-0.164033923769
1958000000.0	0.165070184578
1960000000.0	0.340570194882
1962000000.0	0.54247736334
1964000000.0	0.0495255665871
1966000000.0	0.0870699676844
1968000000.0	0.207839332862
1970000000.0	0.345086508648
1972000000.0	-0.130389006288
1974000000.0	0.380900083587
1976000000.0	-0.0869671610909
1978000000.0	0.126353446285
1980000000.0	-0.0849252887629
1982000000.0	-0.604598189841
1984000000.0	-0.299647044806
1986000000.0	-0.485864087683
1988000000.0	0.198848547032
1990000000.0	0.595241669583
1992000000.0	0.553235697704
1994000000.0	0.126884246983
1996000000.0	0.199555729096
1998000000.0	0.267419680751
2000000000.0	-0.812445
