0.0	-2.5250215
2000000.0	0.410809256294
4000000.0	1.04209655929
6000000.0	-0.219028115602
8000000.0	-0.139595336934
10000000.0	0.0985512223596
12000000.0	0.174152665799
14000000.0	0.64884083602
16000000.0	1.68739379954
18000000.0	2.81666384087
20000000.0	2.94080793696
22000000.0	1.91244485449
24000000.0	0.339947322525
26000000.0	-1.15209450484
28000000.0	-2.31192422176
30000000.0	-2.6894496167
32000000.0	-2.45143162823
34000000.0	-0.673201742831
36000000.0	1.83336889503
38000000.0	2.65749931056
40000000.0	2.2497335461
42000000.0	1.70472661315
44000000.0	0.573980672337
46000000.0	-0.689216198665
48000000.0	-1.50099681298
50000000.0	-1.3634278521
52000000.0	-0.742645952806
54000000.0	0.471346660947
56000000.0	0.916393327917
58000000.0	0.677915761079
60000000.0	-0.0705752417553
62000000.0	-0.46586198972
64000000.0	-0.573263903134
66000000.0	-0.0477850200686
68000000.0	0.221777162731
70000000.0	0.500317298709
72000000.0	0.30343037535
74000000.0	-0.189918645384
76000000.0	-0.842804830904
78000000.0	-0.996731090638
80000000.0	-0.477900636318
82000000.0	0.261485216183
84000000.0	0.808934524042
86000000.0	0.731199862431
88000000.0	0.21008150482
90000000.0	-0.588227982414
92000000.0	-1.2477024161
94000000.0	-1.1265733347
96000000.0	-0.474962948386
98000000.0	0.490480463421
100000000.0	0.912444536161
102000000.0	1.01322505303
104000000.0	0.36419844861
106000000.0	-0.551876616323
108000000.0	-1.10414130687
110000000.0	-1.25782929198
112000000.0	-0.611407988577
114000000.0	0.221552845898
116000000.0	0.707714870804
118000000.0	0.717910879868
120000000.0	0.413711455614
122000000.0	-0.137116385422
124000000.0	-0.497591874248
126000000.0	-0.137947207085
128000000.0	-0.190026449159
130000000.0	-0.0484866875741
132000000.0	0.020140329868
134000000.0	-0.142664913424
136000000.0	-0.248502846685
138000000.0	0.0590729908186
140000000.0	0.338507483269
142000000.0	0.589136750644
144000000.0	0.560050801717
146000000.0	0.256970123509
148000000.0	-0.249429235394
150000000.0	-0.822630479005
152000000.0	-0.878231908967
154000000.0	-0.569857798566
156000000.0	0.218667982026
158000000.0	0.765329530576
160000000.0	1.01014547328
162000000.0	0.70647305649
164000000.0	-0.156612428527
166000000.0	-0.767607337977
168000000.0	-0.913360904116
170000000.0	-0.560207679781
172000000.0	0.0731148577353
174000000.0	0.62104516179
176000000.0	0.673896890769
178000000.0	0.339302757518
180000000.0	-0.126900968096
182000000.0	-0.573273409177
184000000.0	-0.53122331094
186000000.0	-0.259815679213
188000000.0	0.393113740209
190000000.0	0.608030204488
192000000.0	0.482875560161
194000000.0	0.0539847236763
196000000.0	-0.494976177251
198000000.0	-0.65254769673
200000000.0	-0.443890702986
202000000.0	0.106083114085
204000000.0	0.552176825222
206000000.0	0.592563813446
208000000.0	0.211846983789
210000000.0	-0.300848136865
212000000.0	-0.629106709681
214000000.0	-0.516500266497
216000000.0	-0.165038555719
218000000.0	0.361599786713
220000000.0	0.542967489968
222000000.0	0.337375648185
224000000.0	-0.109466862302
226000000.0	-0.503032547425
228000000.0	-0.642393280993
230000000.0	-0.226397083996
232000000.0	0.286835833566
234000000.0	0.668997844263
236000000.0	0.402963032089
238000000.0	-0.134013294861
240000000.0	-0.66086262476
242000000.0	-0.800022336934
244000000.0	-0.358211512863
246000000.0	0.34796920683
248000000.0	0.93778817469
250000000.0	1.23445226548
252000000.0	0.361620701502
254000000.0	-0.81731670464
256000000.0	-1.52967732003
258000000.0	-1.27198434939
260000000.0	0.0423639869399
262000000.0	1.35499458351
264000000.0	1.98879949342
266000000.0	1.40164985622
268000000.0	-0.0859469805508
270000000.0	-1.80856446808
272000000.0	-2.85394629328
274000000.0	-2.21564443366
276000000.0	-0.0439319665766
278000000.0	2.99678648489
280000000.0	4.58073284734
282000000.0	3.34027263114
284000000.0	-0.69085120247
286000000.0	-4.96178317722
288000000.0	-6.69924594011
290000000.0	-4.6339382739
292000000.0	0.701725504188
294000000.0	8.51470601078
296000000.0	17.8702117978
298000000.0	26.7386618113
300000000.0	-85.7904005751
302000000.0	27.244660503
304000000.0	16.9772364864
306000000.0	5.7032853924
308000000.0	-1.66192639443
310000000.0	-3.93980492597
312000000.0	-3.04481018562
314000000.0	-1.26074265625
316000000.0	0.184620822098
318000000.0	1.02285260302
320000000.0	1.2018202968
322000000.0	0.464352168166
324000000.0	-0.293944217009
326000000.0	-0.674027332937
328000000.0	-0.0737706839515
330000000.0	0.615868853036
332000000.0	0.622194954785
334000000.0	0.0732093008172
336000000.0	-0.750751182283
338000000.0	-1.0579735686
340000000.0	-0.539017256331
342000000.0	0.24736147159
344000000.0	1.00404450484
346000000.0	1.14758314541
348000000.0	0.742285903137
350000000.0	-0.0715570722588
352000000.0	-0.98527756093
354000000.0	-1.46044426934
356000000.0	-0.925060260211
358000000.0	0.10572581236
360000000.0	1.18164781821
362000000.0	1.31351214085
364000000.0	0.831309632481
366000000.0	-0.0663148102845
368000000.0	-0.915912323164
370000000.0	-1.21203553496
372000000.0	-0.898249490888
374000000.0	0.0513603137777
376000000.0	0.63108236349
378000000.0	1.01134863945
380000000.0	0.720348412169
382000000.0	0.0483432376602
384000000.0	-0.573167212567
386000000.0	-0.816194284913
388000000.0	-0.674053748548
390000000.0	-0.146072883995
392000000.0	0.384230519148
394000000.0	0.634416202631
396000000.0	0.441081293141
398000000.0	0.0955192620387
400000000.0	-0.0912650568907
402000000.0	-0.450828556416
404000000.0	-0.355095188561
406000000.0	-0.1503983094
408000000.0	0.0263993938114
410000000.0	0.116616368566
412000000.0	0.0415830135029
414000000.0	0.10927066181
416000000.0	0.0641345311036
418000000.0	0.0272359499032
420000000.0	0.0773194980092
422000000.0	-0.0155804645137
424000000.0	-0.201896338918
426000000.0	-0.264773516778
428000000.0	-0.286381714263
430000000.0	-0.0665660434805
432000000.0	0.144590656799
434000000.0	0.382886082828
436000000.0	0.398069060981
438000000.0	0.164548851804
440000000.0	-0.158779667747
442000000.0	-0.37116533834
444000000.0	-0.553185513232
446000000.0	-0.314859771248
448000000.0	0.0145408111575
450000000.0	0.402462979853
452000000.0	0.563211110464
454000000.0	0.374684947427
456000000.0	0.104263383146
458000000.0	-0.311449869187
460000000.0	-0.568432346846
462000000.0	-0.422100502032
464000000.0	-0.0445575379978
466000000.0	0.250135421481
468000000.0	0.428138699117
470000000.0	0.37282467411
472000000.0	0.169705118025
474000000.0	-0.0953983855029
476000000.0	-0.345607767467
478000000.0	-0.387580908015
480000000.0	-0.148556735275
482000000.0	0.043725225835
484000000.0	0.25697278431
486000000.0	0.308211720481
488000000.0	0.150611498549
490000000.0	0.0137607019289
492000000.0	-0.163696679113
494000000.0	-0.13514631316
496000000.0	-0.238449891409
498000000.0	-0.0482121968987
500000000.0	0.0343268104998
502000000.0	0.0668974328097
504000000.0	0.0629537421639
506000000.0	0.136824364091
508000000.0	0.0983967423186
510000000.0	0.0809542106814
512000000.0	0.0101717230512
514000000.0	-0.186913348364
516000000.0	-0.213073663868
518000000.0	-0.262937263512
520000000.0	-0.0464388294248
522000000.0	0.110409578276
524000000.0	0.261988021747
526000000.0	0.245932618999
528000000.0	0.153138457892
530000000.0	0.0075855284871
532000000.0	-0.283581932088
534000000.0	-0.331143886569
536000000.0	-0.199375289474
538000000.0	-0.00662085057985
540000000.0	0.227714599282
542000000.0	0.250560855702
544000000.0	0.280583129572
546000000.0	0.0289630508047
548000000.0	-0.0793902749452
550000000.0	-0.296714297397
552000000.0	-0.309700341402
554000000.0	-0.163666953065
556000000.0	0.0848191474974
558000000.0	0.182626736266
560000000.0	0.294312171902
562000000.0	0.107763346528
564000000.0	-0.0968088785264
566000000.0	-0.133001535447
568000000.0	-0.152028773042
570000000.0	-0.238684392902
572000000.0	-0.0197538598822
574000000.0	0.111479159257
576000000.0	0.10018958315
578000000.0	0.115688816025
580000000.0	-0.0329926258106
582000000.0	-0.0338156011261
584000000.0	0.00838820475526
586000000.0	-0.114824853789
588000000.0	-0.0927378066483
590000000.0	-0.118011481443
592000000.0	-0.0500499922505
594000000.0	0.0248381794167
596000000.0	0.0707321886848
598000000.0	0.221145056674
600000000.0	-0.0186281885751
602000000.0	-0.028219741782
604000000.0	-0.0361838418779
606000000.0	-0.163841016984
608000000.0	-0.181000618989
610000000.0	-0.150999640656
612000000.0	0.00527872049308
614000000.0	0.0222124989767
616000000.0	0.235309357829
618000000.0	0.132474844634
620000000.0	-0.0227203278014
622000000.0	-0.0909815263798
624000000.0	-0.171158968473
626000000.0	-0.254678276083
628000000.0	-0.0489232740521
630000000.0	0.0966822960589
632000000.0	0.111619943786
634000000.0	0.269773258134
636000000.0	0.13676614407
638000000.0	-0.0257693316644
640000000.0	-0.12031411514
642000000.0	-0.232226377665
644000000.0	-0.152999855433
646000000.0	-0.0197363599599
648000000.0	0.0546900034389
650000000.0	0.0462649431547
652000000.0	0.152755909548
654000000.0	0.045286655604
656000000.0	-0.0193648715542
658000000.0	-0.0123417958294
660000000.0	-0.144034411294
662000000.0	-0.100083296329
664000000.0	-0.201394837323
666000000.0	0.0298701106691
668000000.0	0.110239809701
670000000.0	-0.0029542883914
672000000.0	0.192236565306
674000000.0	0.108111303991
676000000.0	-0.0095398859526
678000000.0	-0.0812909654398
680000000.0	-0.173492831417
682000000.0	-0.133909814121
684000000.0	-0.0224809054476
686000000.0	0.123311443439
688000000.0	0.065039328392
690000000.0	0.128586997238
692000000.0	0.127356686189
694000000.0	-0.132244299502
696000000.0	-0.169071843021
698000000.0	-0.15479116845
700000000.0	0.0336590605729
702000000.0	-0.0821553833307
704000000.0	0.122132401187
706000000.0	0.110044512637
708000000.0	0.168001812121
710000000.0	0.0683009977578
712000000.0	-0.0724052887705
714000000.0	-0.182251342167
716000000.0	-0.112607632339
718000000.0	0.00999446182701
720000000.0	0.0180775244622
722000000.0	0.100115505328
724000000.0	0.117411943933
726000000.0	0.12518391158
728000000.0	0.0216923266998
730000000.0	-0.0731739796401
732000000.0	-0.0269132367661
734000000.0	-0.223320310142
736000000.0	-0.130848515041
738000000.0	-0.084277449168
740000000.0	0.016985865576
742000000.0	0.0446907126239
744000000.0	0.0842508972924
746000000.0	0.122636973985
748000000.0	0.0156196481897
750000000.0	0.0269279534015
752000000.0	-0.118299293281
754000000.0	-0.0457613191299
756000000.0	-0.0143453458959
758000000.0	-0.0211515136353
760000000.0	-0.00472312901587
762000000.0	0.110938607152
764000000.0	0.232342128957
766000000.0	0.145814040696
768000000.0	-0.0534963856758
770000000.0	-0.25466981326
772000000.0	-0.148553789119
774000000.0	-0.103995404668
776000000.0	0.0672639427714
778000000.0	0.13351348258
780000000.0	0.206379596861
782000000.0	0.180764220122
784000000.0	0.0135693325612
786000000.0	-0.136486954498
788000000.0	-0.209729633846
790000000.0	-0.114379067264
792000000.0	-0.0759329443223
794000000.0	0.188254802915
796000000.0	0.17829924655
798000000.0	0.21575265717
800000000.0	-0.00923409230325
802000000.0	-0.071044898429
804000000.0	-0.179383721912
806000000.0	-0.0720745100914
808000000.0	-0.0704766149461
810000000.0	0.0193786552862
812000000.0	-0.0166550629325
814000000.0	-0.00767672383489
816000000.0	0.0989571264111
818000000.0	0.0381943751736
820000000.0	0.0995651008009
822000000.0	0.0358804825464
824000000.0	-0.0118207001519
826000000.0	-0.19828511206
828000000.0	-0.118739376394
830000000.0	-0.209410068377
832000000.0	-0.151186269363
834000000.0	0.072348362494
836000000.0	0.154424271063
838000000.0	0.30181212293
840000000.0	0.205600605114
842000000.0	-0.0452652255469
844000000.0	-0.201843860172
846000000.0	-0.419395046585
848000000.0	-0.255006864161
850000000.0	-0.0692454215779
852000000.0	0.197283365249
854000000.0	0.421200834304
856000000.0	0.331091539831
858000000.0	0.134399718397
860000000.0	-0.294594566011
862000000.0	-0.480881366534
864000000.0	-0.528555019913
866000000.0	-0.151267976419
868000000.0	0.267686247914
870000000.0	0.547189714063
872000000.0	0.548461299087
874000000.0	0.287636858043
876000000.0	-0.198970912715
878000000.0	-0.53765790715
880000000.0	-0.658854718621
882000000.0	-0.344493492417
884000000.0	0.256016607929
886000000.0	0.665702029222
888000000.0	0.54447023702
890000000.0	-0.0699742061013
892000000.0	-0.453994076477
894000000.0	-0.384012329088
896000000.0	0.342975837059
898000000.0	0.975194391441
900000000.0	-2.77171144064
902000000.0	0.513245109282
904000000.0	0.636854878807
906000000.0	0.881795312829
908000000.0	0.62571236515
910000000.0	-0.0902964195835
912000000.0	-0.937782084472
914000000.0	-0.895722319036
916000000.0	-0.304220205952
918000000.0	0.34548151429
920000000.0	0.731202175188
922000000.0	0.569036733027
924000000.0	0.20930640714
926000000.0	-0.106362063041
928000000.0	-0.462590924054
930000000.0	-0.631416891631
932000000.0	-0.362114350267
934000000.0	0.0687715878009
936000000.0	0.410742491146
938000000.0	0.49645473316
940000000.0	0.229124670178
942000000.0	-0.0360895232641
944000000.0	-0.338672256417
946000000.0	-0.373562890009
948000000.0	-0.211081463272
950000000.0	0.0462220616605
952000000.0	0.203637926197
954000000.0	0.267662327787
956000000.0	0.140906603279
958000000.0	-0.0485159991941
960000000.0	-0.108099263311
962000000.0	-0.175897824487
964000000.0	-0.0803246595118
966000000.0	0.0567143474143
968000000.0	0.136972593221
970000000.0	0.0608300765412
972000000.0	-0.0533739014457
974000000.0	-0.105429482142
976000000.0	-0.0709166304437
978000000.0	0.0356236557063
980000000.0	-0.0887942369536
982000000.0	0.123326260014
984000000.0	0.0170962621056
986000000.0	-0.138873336706
988000000.0	-0.0179187447497
990000000.0	-0.0576461330149
992000000.0	-0.0579515533488
994000000.0	0.0815512239844
996000000.0	0.141535731158
998000000.0	0.0967941036165
1000000000.0	0.475012
1002000000.0	-0.157388193732
1004000000.0	-0.165048102764
1006000000.0	-0.121605672474
1008000000.0	-0.0226616688209
1010000000.0	0.117397364577
1012000000.0	0.16070847626
1014000000.0	0.180547194924
1016000000.0	0.0699506963327
1018000000.0	-0.163084280899
1020000000.0	-0.234424807145
1022000000.0	-0.188216337144
1024000000.0	-0.0191986433561
1026000000.0	0.0634683961625
1028000000.0	0.113550882928
1030000000.0	0.150586112623
1032000000.0	0.0102622868223
1034000000.0	-0.0285288576031
1036000000.0	-0.0740599051729
1038000000.0	-0.0382656840073
1040000000.0	-0.0938638309954
1042000000.0	-0.00486560405636
1044000000.0	0.130633017919
1046000000.0	0.0913038240902
1048000000.0	-0.00481319029935
1050000000.0	-0.0279843666419
1052000000.0	-0.0567189087543
1054000000.0	-0.0722953960355
1056000000.0	-0.00775568489187
1058000000.0	0.0131724085021
1060000000.0	0.122154829969
1062000000.0	-0.0803473150188
1064000000.0	-0.0517441117394
1066000000.0	-0.0503024506629
1068000000.0	0.0768529539505
1070000000.0	-0.0381895219999
1072000000.0	0.0567655534413
1074000000.0	-0.0659596394621
1076000000.0	-0.0159055971445
1078000000.0	-0.114214659374
1080000000.0	-0.0675098481793
1082000000.0	-0.0679506614604
1084000000.0	-0.0612799698311
1086000000.0	0.0362495493779
1088000000.0	0.0960889865998
1090000000.0	0.0317252695267
1092000000.0	0.0684916336383
1094000000.0	-0.027124036065
1096000000.0	-0.0724036983317
1098000000.0	-0.121579026936
1100000000.0	0.174169956189
1102000000.0	0.0223884350156
1104000000.0	0.0784739602253
1106000000.0	-0.0320258575047
1108000000.0	0.00341594311525
1110000000.0	-0.0988154748899
1112000000.0	-0.0836869730577
1114000000.0	0.000283169598174
1116000000.0	-0.0160020471689
1118000000.0	0.0174958756332
1120000000.0	0.0142800254445
1122000000.0	0.0570786187603
1124000000.0	0.0336613451377
1126000000.0	0.049316408953
1128000000.0	0.0135298118656
1130000000.0	-0.0611456037093
1132000000.0	0.0704085971606
1134000000.0	-0.0382379991739
1136000000.0	0.0189035998351
1138000000.0	-0.0537422995687
1140000000.0	0.0466000477401
1142000000.0	0.0709813990304
1144000000.0	0.0601825425743
1146000000.0	0.0543149751824
1148000000.0	0.0438913818194
1150000000.0	-0.0428122263066
1152000000.0	-0.0538172913554
1154000000.0	-0.0205438982018
1156000000.0	0.0181398247231
1158000000.0	-0.112182635817
1160000000.0	0.0498638549099
1162000000.0	0.0365850648087
1164000000.0	-0.000237561363524
1166000000.0	0.0500168402596
1168000000.0	-0.0154657015409
1170000000.0	-0.058271776667
1172000000.0	-0.0325841258502
1174000000.0	-0.126575628762
1176000000.0	0.0729355921113
1178000000.0	0.0141580852327
1180000000.0	-0.0344164828757
1182000000.0	-0.0538550951673
1184000000.0	-0.0391432959937
1186000000.0	-0.0766286765536
1188000000.0	-0.0513485590074
1190000000.0	-0.00210704900361
1192000000.0	0.0096934938741
1194000000.0	0.05151771909
1196000000.0	-0.0929658176783
1198000000.0	-0.271666382648
1200000000.0	0.742004556891
1202000000.0	-0.209105028669
1204000000.0	-0.24797774167
1206000000.0	-0.0686278312086
1208000000.0	0.0123746512917
1210000000.0	0.0129914865114
1212000000.0	0.0476349950798
1214000000.0	-0.0560395614987
1216000000.0	-0.0771019731793
1218000000.0	-0.0654345194067
1220000000.0	-0.061718745393
1222000000.0	-0.0577226649959
1224000000.0	0.023944493929
1226000000.0	-0.018709202155
1228000000.0	0.0727821571606
1230000000.0	0.0178154861711
1232000000.0	0.0691793744106
1234000000.0	-0.0521482600925
1236000000.0	0.0537310945145
1238000000.0	0.0153320386951
1240000000.0	-0.0158724741281
1242000000.0	-0.0710292078903
1244000000.0	-0.0168811391196
1246000000.0	-0.0774057082543
1248000000.0	-0.0450542207324
1250000000.0	0.163291246848
1252000000.0	0.106337406474
1254000000.0	-0.0500101888423
1256000000.0	0.0350966482223
1258000000.0	-0.0379824829875
1260000000.0	-0.0515450177191
1262000000.0	-0.00182953011694
1264000000.0	0.0133872177735
1266000000.0	0.0155943337065
1268000000.0	0.0378429485017
1270000000.0	0.082929234225
1272000000.0	-0.00674713652992
1274000000.0	-0.105155914636
1276000000.0	-0.0298636413332
1278000000.0	0.0158613589796
1280000000.0	-0.0214143098129
1282000000.0	0.0785168839155
1284000000.0	0.00317643196211
1286000000.0	-0.0401378072352
1288000000.0	0.008520668598
1290000000.0	-0.00868428122531
1292000000.0	0.019554030335
1294000000.0	0.0123291269094
1296000000.0	0.0542756843607
1298000000.0	-0.00676222599482
1300000000.0	-0.191604139214
1302000000.0	0.103809681641
1304000000.0	0.0269392893726
1306000000.0	-0.0441081917479
1308000000.0	0.0114284289227
1310000000.0	-0.0403435051535
1312000000.0	0.0370796079688
1314000000.0	0.0242404289724
1316000000.0	-0.053372775355
1318000000.0	-0.0580774168775
1320000000.0	-0.0410439635452
1322000000.0	0.125693124842
1324000000.0	0.0803533823486
1326000000.0	-0.0136495097884
1328000000.0	0.0263474786986
1330000000.0	0.0670816441757
1332000000.0	-0.0437394454056
1334000000.0	-0.0775494231815
1336000000.0	-0.0493391696538
1338000000.0	0.0931681038987
1340000000.0	-0.0108037893653
1342000000.0	0.0538562114364
1344000000.0	0.0590387127443
1346000000.0	-0.0052121003292
1348000000.0	-0.0716278161358
1350000000.0	-0.0276826001625
1352000000.0	-0.0364404717583
1354000000.0	-0.0256764147286
1356000000.0	0.0278027902799
1358000000.0	-0.0285071320092
1360000000.0	-0.00759827103234
1362000000.0	0.0153781571137
1364000000.0	-0.0610870563381
1366000000.0	-0.0621418382687
1368000000.0	0.0506335452767
1370000000.0	-0.00259365491101
1372000000.0	-0.108243737769
1374000000.0	-0.128466674684
1376000000.0	0.0334799143503
1378000000.0	0.0273207028061
1380000000.0	0.0306856460712
1382000000.0	0.0446022201057
1384000000.0	0.0913969308156
1386000000.0	0.0371317688261
1388000000.0	0.0412889730477
1390000000.0	-0.0822832951819
1392000000.0	-0.0502611115668
1394000000.0	-0.071043957856
1396000000.0	0.01799338637
1398000000.0	0.00269588559638
1400000000.0	0.222883041391
1402000000.0	-0.0497059395862
1404000000.0	-0.0560347256174
1406000000.0	-0.0920359482021
1408000000.0	-0.0755400541511
1410000000.0	-0.112068567181
1412000000.0	0.0209873515783
1414000000.0	0.20284168192
1416000000.0	0.0492461821488
1418000000.0	0.000772959838895
1420000000.0	-0.0923120406269
1422000000.0	-0.164466396898
1424000000.0	-0.0792649682339
1426000000.0	-0.00783567994948
1428000000.0	0.193751172833
1430000000.0	0.104281268013
1432000000.0	0.141442900151
1434000000.0	-0.00768318589137
1436000000.0	-0.0814595800313
1438000000.0	-0.113638814837
1440000000.0	-0.156772021132
1442000000.0	-0.0287080487906
1444000000.0	0.10673498361
1446000000.0	0.118400475878
1448000000.0	0.0513867170671
1450000000.0	0.0334082587337
1452000000.0	-0.0590384144466
1454000000.0	-0.128253823161
1456000000.0	-0.0247288603305
1458000000.0	-0.0359983630214
1460000000.0	0.0366101916399
1462000000.0	0.0625158708788
1464000000.0	0.0696439236105
1466000000.0	0.0338137965535
1468000000.0	-0.115428698603
1470000000.0	-0.0447916243319
1472000000.0	0.137510613032
1474000000.0	0.113556417313
1476000000.0	0.124644313084
1478000000.0	-0.0509620477279
1480000000.0	-0.225981029655
1482000000.0	-0.191652158917
1484000000.0	-0.112613821558
1486000000.0	0.183323773133
1488000000.0	0.408800719496
1490000000.0	0.410925123191
1492000000.0	0.164118996318
1494000000.0	-0.643716189787
1496000000.0	-1.97236423356
1498000000.0	-3.27378773133
1500000000.0	9.4344381895
1502000000.0	-2.82253287337
1504000000.0	-1.9770573283
1506000000.0	-0.901595375033
1508000000.0	-0.103377587275
1510000000.0	0.394389477469
1512000000.0	0.66667628433
1514000000.0	0.490293761556
1516000000.0	0.104184215024
1518000000.0	-0.211828160807
1520000000.0	-0.510009387489
1522000000.0	-0.303631063199
1524000000.0	-0.0107627372957
1526000000.0	0.28513198853
1528000000.0	0.359371008724
1530000000.0	0.208851927156
1532000000.0	0.0183186764161
1534000000.0	-0.0202170515093
1536000000.0	-0.216693392715
1538000000.0	-0.0671884698174
1540000000.0	-0.0194746410593
1542000000.0	0.133676679142
1544000000.0	0.111378986021
1546000000.0	0.0298388351171
1548000000.0	-0.000795427833986
1550000000.0	-0.0731738510364
1552000000.0	-0.0793024494884
1554000000.0	-0.0672328636944
1556000000.0	-0.0691995938117
1558000000.0	0.0680765131647
1560000000.0	-0.0310730616137
1562000000.0	-0.085767851876
1564000000.0	-0.0567688047196
1566000000.0	-0.0890420738913
1568000000.0	0.00985125832868
1570000000.0	0.127408800564
1572000000.0	0.0155544646126
1574000000.0	0.0685480704841
1576000000.0	-0.181110748843
1578000000.0	-0.044062197476
1580000000.0	-0.0225204158384
1582000000.0	-0.0381180442011
1584000000.0	0.0172732976451
1586000000.0	0.102074378757
1588000000.0	-0.0429089651094
1590000000.0	-0.00307566426407
1592000000.0	-0.0225558641857
1594000000.0	-0.00861321683733
1596000000.0	-0.0331936911932
1598000000.0	0.0959024577045
1600000000.0	0.00999609230325
1602000000.0	0.13848120071
1604000000.0	0.0701463040539
1606000000.0	-0.0145480339153
1608000000.0	-0.0225921385539
1610000000.0	-0.160994622628
1612000000.0	-0.0530720442425
1614000000.0	0.0189437618685
1616000000.0	0.102685381737
1618000000.0	0.108479073261
1620000000.0	0.101885385679
1622000000.0	0.0568798110879
1624000000.0	0.00575134073249
1626000000.0	-0.0381163987444
1628000000.0	-0.0951386317285
1630000000.0	0.0392430053853
1632000000.0	0.00639336364851
1634000000.0	0.0167178300525
1636000000.0	-0.0404113457748
1638000000.0	0.0683699231879
1640000000.0	0.0412152955582
1642000000.0	0.00558758994167
1644000000.0	-0.0700499969771
1646000000.0	0.0141752556659
1648000000.0	-0.0837786790202
1650000000.0	0.0149348315459
1652000000.0	-0.00180504010867
1654000000.0	0.0513983024163
1656000000.0	-0.0459447690082
1658000000.0	-0.020021470857
1660000000.0	-0.0370413888768
1662000000.0	0.0211102231528
1664000000.0	0.0122094747582
1666000000.0	0.0204434009394
1668000000.0	-0.0710740031346
1670000000.0	-0.0550903104456
1672000000.0	-0.0164747167573
1674000000.0	-0.0132721941575
1676000000.0	0.00235870313813
1678000000.0	0.0752678234434
1680000000.0	0.00920476217687
1682000000.0	-0.0315887924028
1684000000.0	-0.0368851353686
1686000000.0	-0.0415508437313
1688000000.0	0.0298474078076
1690000000.0	0.0482777609501
1692000000.0	-0.0100439143814
1694000000.0	-0.017499892842
1696000000.0	0.00266969119104
1698000000.0	-0.00323658772279
1700000000.0	-0.252145845521
1702000000.0	-0.0352597696241
1704000000.0	0.0549462411963
1706000000.0	-0.0260447447342
1708000000.0	0.0367537872335
1710000000.0	0.0354882657845
1712000000.0	-0.0785298225721
1714000000.0	0.00192827615255
1716000000.0	-0.0260292095765
1718000000.0	-0.0336006378635
1720000000.0	0.0141168877788
1722000000.0	-0.043988717088
1724000000.0	-0.0653450677292
1726000000.0	0.0532854092851
1728000000.0	0.0484604884299
1730000000.0	-0.0127532129265
1732000000.0	-0.0688220424927
1734000000.0	0.0126809834795
1736000000.0	-0.0298658160825
1738000000.0	-0.0421258086874
1740000000.0	0.000470637123541
1742000000.0	-0.044730144118
1744000000.0	-0.00652240998961
1746000000.0	0.0232909658524
1748000000.0	0.0601736082025
1750000000.0	0.281610534272
1752000000.0	0.00947292733465
1754000000.0	0.00485958808373
1756000000.0	-0.0487443572983
1758000000.0	-0.0162092165157
1760000000.0	-0.0140447833082
1762000000.0	-0.00472884186484
1764000000.0	0.00846734687176
1766000000.0	-0.0157713066569
1768000000.0	0.00631425838009
1770000000.0	-0.00892022949763
1772000000.0	-0.0922831817706
1774000000.0	0.0391806723892
1776000000.0	-0.0236116232803
1778000000.0	0.00675764812188
1780000000.0	-0.0188112876868
1782000000.0	-0.00906861782256
1784000000.0	0.00290963887417
1786000000.0	-0.00863187026081
1788000000.0	-0.048951342924
1790000000.0	0.023510928099
1792000000.0	-0.0137541287175
1794000000.0	0.00686319834087
1796000000.0	0.0066796825468
1798000000.0	0.0532507323686
1800000000.0	-0.30564364983
1802000000.0	0.0538247472773
1804000000.0	0.170725548414
1806000000.0	0.0450264464299
1808000000.0	-0.06107444302
1810000000.0	-0.0367474928558
1812000000.0	-0.0603378773144
1814000000.0	0.0676437054472
1816000000.0	-0.105617651987
1818000000.0	0.0153505529597
1820000000.0	-0.0226240477601
1822000000.0	0.0980097023171
1824000000.0	-0.0488614161161
1826000000.0	-0.0885670278639
1828000000.0	-0.10690639322
1830000000.0	0.0514941840788
1832000000.0	-0.0539714826865
1834000000.0	0.0341737823483
1836000000.0	0.0379057410554
1838000000.0	0.0880480272092
1840000000.0	0.00152501067452
1842000000.0	0.00528005899617
1844000000.0	-0.0606522080728
1846000000.0	-0.0422263169225
1848000000.0	-0.0558385171694
1850000000.0	-0.0235083019364
1852000000.0	-0.00251503138175
1854000000.0	-0.00839016475709
1856000000.0	0.0875541730833
1858000000.0	0.00825330487949
1860000000.0	-0.0370657228385
1862000000.0	-0.0141793855215
1864000000.0	-0.00423757873971
1866000000.0	0.00146541116814
1868000000.0	-0.0398244238903
1870000000.0	0.0231831230942
1872000000.0	-0.02347601334
1874000000.0	-0.0702420824508
1876000000.0	0.07612110054
1878000000.0	0.0865746731764
1880000000.0	0.0963341965115
1882000000.0	0.0820519049764
1884000000.0	-0.00189599611164
1886000000.0	-0.014449898594
1888000000.0	-0.0950407791495
1890000000.0	-0.0531396359467
1892000000.0	-0.00150600028043
1894000000.0	0.17434549807
1896000000.0	0.421370513437
1898000000.0	0.752969394789
1900000000.0	-2.39564155249
1902000000.0	0.792218517063
1904000000.0	0.467874741521
1906000000.0	0.207364238577
1908000000.0	-0.00183542329023
1910000000.0	-0.14626109833
1912000000.0	-0.21226771876
1914000000.0	-0.0709140757731
1916000000.0	0.0275747420521
1918000000.0	0.0277939737191
1920000000.0	0.0538979324615
1922000000.0	0.0629828222049
1924000000.0	-0.0572708316566
1926000000.0	-0.0398075811422
1928000000.0	-0.111237951911
1930000000.0	-0.0341795890084
1932000000.0	0.0485571790174
1934000000.0	0.0502659387679
1936000000.0	0.0772834031856
1938000000.0	-0.0188560463965
1940000000.0	0.0274245867739
1942000000.0	0.0157326579032
1944000000.0	-0.0334592184045
1946000000.0	0.000612302471176
1948000000.0	0.0203148794085
1950000000.0	-0.0244886065296
1952000000.0	-0.00379967391262
1954000000.0	-0.0466536093977
1956000000.0	0.00279136403745
1958000000.0	-0.0231742195919
1960000000.0	-0.0178763475901
1962000000.0	0.0390151831099
1964000000.0	-0.00292959238298
1966000000.0	0.0189726646042
1968000000.0	0.0466679653891
1970000000.0	0.00266991265935
1972000000.0	-0.043495033478
1974000000.0	0.0652713771357
1976000000.0	-0.00716393205932
1978000000.0	-0.00315685075844
1980000000.0	0.0353944030794
1982000000.0	-0.045608533546
1984000000.0	0.00125306791664
1986000000.0	-0.00369182544951
1988000000.0	-0.0394307761864
1990000000.0	-0.0788769714432
1992000000.0	-0.0136988923991
1994000000.0	-0.0191568400749
1996000000.0	0.0642815318587
1998000000.0	0.0775329305117
2000000000.0	-0.4499765
