0.0	-8.34375
2000000.0	2.62842523403
4000000.0	3.63153851924
6000000.0	1.16231460169
8000000.0	0.855338488589
10000000.0	0.407936876148
12000000.0	-0.770820943274
14000000.0	-1.71023163674
16000000.0	0.516905968736
18000000.0	4.22398180166
20000000.0	5.27724138417
22000000.0	4.41540267382
24000000.0	1.96596488648
26000000.0	-0.0228055271865
28000000.0	-2.10532340551
30000000.0	-4.28079649161
32000000.0	-4.66145888661
34000000.0	-1.63781894203
36000000.0	3.1998548823
38000000.0	4.97199788201
40000000.0	4.1640632317
42000000.0	3.01981108504
44000000.0	0.622394286198
46000000.0	-2.0674259777
48000000.0	-2.51131810966
50000000.0	-1.83496746651
52000000.0	-0.245274543065
54000000.0	1.72125773981
56000000.0	2.38489812958
58000000.0	1.54246107237
60000000.0	-0.511201144095
62000000.0	-2.11979872386
64000000.0	-2.45644039262
66000000.0	-1.09585585826
68000000.0	0.704123111277
70000000.0	2.07881016563
72000000.0	2.05111415922
74000000.0	0.570466932419
76000000.0	-1.03933895177
78000000.0	-2.0913163324
80000000.0	-2.07323435913
82000000.0	-0.808225037137
84000000.0	0.374426977371
86000000.0	1.13071277157
88000000.0	0.737726945719
90000000.0	-0.667312543098
92000000.0	-1.10979476778
94000000.0	-1.08951685562
96000000.0	-0.617867728567
98000000.0	0.628457845302
100000000.0	1.28770162688
102000000.0	0.333939541822
104000000.0	-1.07730204347
106000000.0	-1.70561904127
108000000.0	-1.78161961669
110000000.0	-1.00365476324
112000000.0	0.336979853805
114000000.0	1.48128278124
116000000.0	1.48166016419
118000000.0	0.775304757196
120000000.0	-0.733761150289
122000000.0	-1.99899603387
124000000.0	-2.28176296913
126000000.0	-0.123733944059
128000000.0	0.464520695743
130000000.0	0.940770243365
132000000.0	1.14638916795
134000000.0	0.217889472535
136000000.0	-0.420206249532
138000000.0	-0.895986544774
140000000.0	-0.492514316944
142000000.0	0.270172518337
144000000.0	0.614850216837
146000000.0	0.728778131001
148000000.0	-0.106619954642
150000000.0	-0.615618532029
152000000.0	-1.36216540042
154000000.0	-0.635461790256
156000000.0	0.218545409086
158000000.0	1.32325327242
160000000.0	1.46931163849
162000000.0	0.93128722367
164000000.0	-0.140864971829
166000000.0	-1.35319590658
168000000.0	-1.66473187892
170000000.0	-0.539104276016
172000000.0	0.411108955065
174000000.0	1.70025789228
176000000.0	1.02893557155
178000000.0	0.129689636844
180000000.0	-0.71708263117
182000000.0	-1.4546190898
184000000.0	-1.43804441984
186000000.0	0.233018278621
188000000.0	1.03762761067
190000000.0	1.76083378523
192000000.0	0.630001594941
194000000.0	-0.618380445922
196000000.0	-1.86202978087
198000000.0	-1.61757735767
200000000.0	-0.787313991474
202000000.0	0.831485727952
204000000.0	1.78574661704
206000000.0	2.03815236669
208000000.0	0.348971515513
210000000.0	-1.27325427125
212000000.0	-2.39146826817
214000000.0	-1.65794125911
216000000.0	-0.0818956829299
218000000.0	1.6168081838
220000000.0	2.64725395444
222000000.0	1.23017638814
224000000.0	-0.524021791784
226000000.0	-2.07565440851
228000000.0	-2.16906118737
230000000.0	-0.824906352269
232000000.0	0.857145075299
234000000.0	2.17104634784
236000000.0	1.97271822755
238000000.0	0.403271159181
240000000.0	-1.53979430299
242000000.0	-2.72444034314
244000000.0	-2.08478512228
246000000.0	0.308288546179
248000000.0	2.73547260306
250000000.0	4.22812857476
252000000.0	1.69377543536
254000000.0	-1.55898857563
256000000.0	-3.96068696853
258000000.0	-3.60409629334
260000000.0	-0.929300347635
262000000.0	2.09355980588
264000000.0	4.59868964744
266000000.0	4.17404153104
268000000.0	1.77653169094
270000000.0	-3.11461834858
272000000.0	-7.13863545647
274000000.0	-7.01267121684
276000000.0	-1.03450159203
278000000.0	7.22834894202
280000000.0	11.9680236467
282000000.0	7.41446874744
284000000.0	-3.60433083519
286000000.0	-12.8410766342
288000000.0	-13.3747456691
290000000.0	-7.50287577203
292000000.0	1.87064496263
294000000.0	15.9936301511
296000000.0	41.4443874481
298000000.0	76.5829427754
300000000.0	-242.778281811
302000000.0	92.1833433928
304000000.0	53.8329685384
306000000.0	10.485498126
308000000.0	-13.7956189054
310000000.0	-16.2100998104
312000000.0	-7.43906980657
314000000.0	0.536240173509
316000000.0	3.49650648358
318000000.0	4.35536525065
320000000.0	3.482435226
322000000.0	1.50042498494
324000000.0	-1.97792860782
326000000.0	-4.55627644314
328000000.0	-3.20178794722
330000000.0	0.81149845739
332000000.0	3.80608545845
334000000.0	3.38598328871
336000000.0	0.424256224656
338000000.0	-2.49947079831
340000000.0	-3.25705549793
342000000.0	-1.04039713868
344000000.0	0.98794703995
346000000.0	2.19351497776
348000000.0	2.30485729268
350000000.0	1.06736202405
352000000.0	-0.72521587937
354000000.0	-1.94202177776
356000000.0	-2.57014763941
358000000.0	-1.07761958197
360000000.0	1.06694155502
362000000.0	2.51735849008
364000000.0	2.44965221774
366000000.0	0.763253495408
368000000.0	-1.10767329276
370000000.0	-2.21205652665
372000000.0	-2.06672991
374000000.0	-0.233542441501
376000000.0	0.777465350611
378000000.0	1.79468943473
380000000.0	1.56353679536
382000000.0	0.337917734708
384000000.0	-0.720372605993
386000000.0	-1.48666020955
388000000.0	-1.27141466932
390000000.0	-0.583785142227
392000000.0	0.932203594378
394000000.0	1.14590054968
396000000.0	0.936306300337
398000000.0	0.208006153501
400000000.0	-0.103361962766
402000000.0	-0.939868503766
404000000.0	-0.663196606125
406000000.0	-0.180797514412
408000000.0	0.404827227468
410000000.0	0.20728796032
412000000.0	0.082847886222
414000000.0	-0.350830030025
416000000.0	-0.376812077714
418000000.0	-0.0706622123553
420000000.0	-0.0650079226263
422000000.0	0.336920202593
424000000.0	0.176560059348
426000000.0	0.0477099084462
428000000.0	-0.638414757516
430000000.0	-0.600731201487
432000000.0	-0.29837967397
434000000.0	0.275373282327
436000000.0	0.707338734395
438000000.0	0.854787855775
440000000.0	0.377077641
442000000.0	-0.14682968462
444000000.0	-0.723129469113
446000000.0	-0.793921580687
448000000.0	-0.158677728408
450000000.0	0.172096583418
452000000.0	0.627287560157
454000000.0	0.794373530469
456000000.0	0.326769774004
458000000.0	-0.165128345766
460000000.0	-0.664726720428
462000000.0	-1.11581924174
464000000.0	-0.356914364902
466000000.0	0.120776200171
468000000.0	0.644998189686
470000000.0	0.446398139596
472000000.0	0.396825684991
474000000.0	-0.21830365563
476000000.0	-0.584373199747
478000000.0	-0.452385626315
480000000.0	-0.469486384717
482000000.0	0.222384864301
484000000.0	0.186813248275
486000000.0	0.484158492028
488000000.0	-0.156904507401
490000000.0	0.0130381445353
492000000.0	-0.374794497473
494000000.0	-0.161790126714
496000000.0	-0.283410064156
498000000.0	-0.00871081518728
500000000.0	-0.106681755632
502000000.0	-0.170664644045
504000000.0	-0.190313233306
506000000.0	-0.319548882231
508000000.0	-0.0261966437164
510000000.0	0.143546810731
512000000.0	0.265891370637
514000000.0	0.0506659072634
516000000.0	-0.169957139992
518000000.0	-0.318678364432
520000000.0	-0.502433339553
522000000.0	-0.319735568922
524000000.0	0.136279895507
526000000.0	0.0904522228935
528000000.0	0.526989372894
530000000.0	0.239221823009
532000000.0	0.0763369893612
534000000.0	-0.505145617008
536000000.0	-0.362148191079
538000000.0	-0.294002636148
540000000.0	0.143064108555
542000000.0	0.671437915948
544000000.0	0.149691765088
546000000.0	0.465277843509
548000000.0	0.0247477031197
550000000.0	-0.404343766027
552000000.0	-0.181579680903
554000000.0	-0.438088322845
556000000.0	0.0506573546452
558000000.0	0.369226754784
560000000.0	-0.0245384486124
562000000.0	0.396330723238
564000000.0	-0.0355991334918
566000000.0	-0.0272650028316
568000000.0	0.0987177756368
570000000.0	-0.0921396150184
572000000.0	-0.174705364432
574000000.0	0.159315208846
576000000.0	-0.0997720737867
578000000.0	-0.127784695882
580000000.0	-0.0498925964691
582000000.0	-0.0226870393875
584000000.0	0.0170903628089
586000000.0	0.075914263259
588000000.0	-0.0422636799476
590000000.0	-0.165230431338
592000000.0	-0.35159386774
594000000.0	-0.224320423221
596000000.0	-0.0877973035593
598000000.0	0.329707452935
600000000.0	-0.0756311112583
602000000.0	0.00181721365591
604000000.0	0.0810136114623
606000000.0	0.0683709459759
608000000.0	-0.188817233308
610000000.0	0.0564943232096
612000000.0	0.03101749332
614000000.0	-0.132975519264
616000000.0	0.0220741827869
618000000.0	-0.149344571621
620000000.0	0.0382925963736
622000000.0	-0.118095901184
624000000.0	-0.529758288132
626000000.0	0.0837387476225
628000000.0	-0.0220698657859
630000000.0	0.0118510099479
632000000.0	-0.0143869054899
634000000.0	0.245074685139
636000000.0	0.315078727721
638000000.0	-0.0401342394664
640000000.0	0.093150099064
642000000.0	-0.132603535578
644000000.0	-0.218012884719
646000000.0	0.0538651146966
648000000.0	-0.0435374444811
650000000.0	-0.167266095363
652000000.0	0.32480810607
654000000.0	0.0170799836539
656000000.0	0.456949347039
658000000.0	0.116395771635
660000000.0	0.108106958758
662000000.0	-0.35713771145
664000000.0	-0.462618767245
666000000.0	-0.125972463186
668000000.0	0.127065882698
670000000.0	0.346676065383
672000000.0	0.215021912901
674000000.0	0.619244569098
676000000.0	0.232285567957
678000000.0	-0.0533387416418
680000000.0	-0.517097744223
682000000.0	-0.170880783917
684000000.0	-0.341494335597
686000000.0	0.076228221224
688000000.0	0.16806620098
690000000.0	0.143415344989
692000000.0	0.0398550426857
694000000.0	-0.31889244365
696000000.0	-0.207521455047
698000000.0	-0.298640421925
700000000.0	0.515548433391
702000000.0	-0.0509390368357
704000000.0	-0.0553619404835
706000000.0	0.46697218021
708000000.0	0.266740839792
710000000.0	-0.360428680909
712000000.0	0.186524426306
714000000.0	-0.520427785124
716000000.0	-0.151392241611
718000000.0	0.113190528912
720000000.0	0.165851179425
722000000.0	0.00798351271595
724000000.0	-0.139457786281
726000000.0	0.142179541498
728000000.0	-0.0278539927634
730000000.0	0.10335916489
732000000.0	-0.258813896003
734000000.0	0.00829208949555
736000000.0	-0.233619282494
738000000.0	0.0272642991382
740000000.0	0.0139617611531
742000000.0	0.116100839495
744000000.0	0.0758530933125
746000000.0	0.210222848214
748000000.0	0.217859494057
750000000.0	0.3692594286
752000000.0	0.610003440845
754000000.0	-0.45517585827
756000000.0	-0.493147574104
758000000.0	-0.28929408578
760000000.0	0.042524528659
762000000.0	0.489453641974
764000000.0	0.417565140678
766000000.0	0.367519151079
768000000.0	0.0227136197417
770000000.0	-0.451439044404
772000000.0	-0.280897071882
774000000.0	-0.708831129287
776000000.0	0.092116496722
778000000.0	0.0974983045021
780000000.0	0.781615849548
782000000.0	0.256959701573
784000000.0	0.00524064830353
786000000.0	-0.492392610696
788000000.0	-0.203994135293
790000000.0	-0.553038274782
792000000.0	0.145910731959
794000000.0	0.389411482815
796000000.0	0.475405365991
798000000.0	-0.1312956889
800000000.0	0.264456764398
802000000.0	-0.535585518746
804000000.0	-0.158133796633
806000000.0	-0.169640480843
808000000.0	0.216562854467
810000000.0	0.692656088287
812000000.0	0.170620234366
814000000.0	-0.16829453896
816000000.0	-0.180796452536
818000000.0	0.0145811871398
820000000.0	0.263921054739
822000000.0	0.107518548401
824000000.0	0.519665007606
826000000.0	0.667467676609
828000000.0	-0.113596848938
830000000.0	-0.561442071606
832000000.0	-0.535785876487
834000000.0	-0.140752570417
836000000.0	0.169502100728
838000000.0	0.615301134787
840000000.0	0.869882450127
842000000.0	0.254667547642
844000000.0	0.0794804575369
846000000.0	-0.679523563525
848000000.0	-0.929643031487
850000000.0	-0.453603452309
852000000.0	0.225087476671
854000000.0	1.22828254014
856000000.0	1.11315831223
858000000.0	0.682172104407
860000000.0	-0.483857018281
862000000.0	-1.32354673869
864000000.0	-1.30505021731
866000000.0	-0.516596702276
868000000.0	0.553114878274
870000000.0	0.775846156852
872000000.0	1.00849507113
874000000.0	0.551991730047
876000000.0	-0.120203410421
878000000.0	-1.54390187325
880000000.0	-2.05869004068
882000000.0	-0.97302937543
884000000.0	1.71442954392
886000000.0	3.08504372647
888000000.0	1.66704547647
890000000.0	-2.01724035902
892000000.0	-3.94728373759
894000000.0	-1.80349648879
896000000.0	1.98551796908
898000000.0	2.61981767092
900000000.0	5.1189963406
902000000.0	-5.48375783148
904000000.0	-4.387092433
906000000.0	0.63382192288
908000000.0	3.44283159804
910000000.0	2.42801567765
912000000.0	-0.741194612556
914000000.0	-2.61149619126
916000000.0	-1.83657153367
918000000.0	0.429493175791
920000000.0	1.45005623133
922000000.0	1.03785881535
924000000.0	0.236686358781
926000000.0	-0.131038117547
928000000.0	-0.289048397671
930000000.0	-0.693073798219
932000000.0	-0.730517028799
934000000.0	-0.114414831805
936000000.0	0.335830441641
938000000.0	0.931117877712
940000000.0	0.796055278733
942000000.0	-0.471115863092
944000000.0	-0.662136542371
946000000.0	-0.666316225047
948000000.0	-0.24645271825
950000000.0	0.297738551334
952000000.0	0.38480316154
954000000.0	0.43600812342
956000000.0	-0.0736500291896
958000000.0	-0.158460117416
960000000.0	-0.492733287812
962000000.0	-0.270171164833
964000000.0	-0.13688166784
966000000.0	0.359570774559
968000000.0	0.312212224003
970000000.0	0.267803881844
972000000.0	0.0142552361788
974000000.0	-0.157110483035
976000000.0	-0.384669869965
978000000.0	-0.185204245566
980000000.0	-0.215919230654
982000000.0	0.49639816341
984000000.0	-0.0278951917334
986000000.0	0.132763823189
988000000.0	-0.0880134285102
990000000.0	-0.126694946874
992000000.0	-0.174102393704
994000000.0	-0.335738140111
996000000.0	-0.0856928691176
998000000.0	0.142900715328
1000000000.0	1.1375
1002000000.0	-0.180693873647
1004000000.0	-0.0573865328707
1006000000.0	-0.21175718093
1008000000.0	0.121606716596
1010000000.0	0.185962817968
1012000000.0	0.272636791677
1014000000.0	0.0300004835902
1016000000.0	0.331395076045
1018000000.0	-0.221948887773
1020000000.0	-0.182081767373
1022000000.0	-0.0882918423916
1024000000.0	0.137085098651
1026000000.0	0.0645439233045
1028000000.0	0.284437508957
1030000000.0	-0.0857306610923
1032000000.0	-0.0801748294719
1034000000.0	-0.412377187147
1036000000.0	-0.106445901494
1038000000.0	-0.0758082983167
1040000000.0	-0.205854489962
1042000000.0	0.182957703085
1044000000.0	0.0470644507309
1046000000.0	0.119520701437
1048000000.0	-0.11043552268
1050000000.0	-0.157418297142
1052000000.0	0.0591903276421
1054000000.0	-0.247931098575
1056000000.0	-0.00982425490121
1058000000.0	0.0904486115879
1060000000.0	-0.0241792939417
1062000000.0	0.0943592656565
1064000000.0	-0.108299846927
1066000000.0	0.122205329484
1068000000.0	0.0593753995466
1070000000.0	0.182154106418
1072000000.0	0.0824689356628
1074000000.0	0.18056062831
1076000000.0	-0.118662803928
1078000000.0	-0.118198442747
1080000000.0	-0.0864038811704
1082000000.0	-0.00940145820965
1084000000.0	0.0470775245768
1086000000.0	-0.0847310463607
1088000000.0	0.0947595888226
1090000000.0	0.0740149245729
1092000000.0	-0.16421720946
1094000000.0	-0.0150989602686
1096000000.0	-0.137548331285
1098000000.0	0.0672465036654
1100000000.0	-0.448727626503
1102000000.0	0.123104060492
1104000000.0	0.280250933976
1106000000.0	0.163776568626
1108000000.0	-0.102969954121
1110000000.0	-0.15320188524
1112000000.0	-0.527274366608
1114000000.0	0.0146041179649
1116000000.0	0.315530274232
1118000000.0	0.186715349279
1120000000.0	-0.0524790675275
1122000000.0	-0.0129620645011
1124000000.0	-0.0753205518141
1126000000.0	-0.235621300137
1128000000.0	0.184406112323
1130000000.0	-0.0334540924
1132000000.0	0.181544125051
1134000000.0	0.0126680327826
1136000000.0	-0.00271501644088
1138000000.0	-0.0475969310619
1140000000.0	0.229308412969
1142000000.0	-0.144308519253
1144000000.0	-0.179597136728
1146000000.0	-0.060663735042
1148000000.0	0.0148747305863
1150000000.0	0.185494610848
1152000000.0	-0.281296150126
1154000000.0	-0.109494354728
1156000000.0	0.0059870608653
1158000000.0	0.106897184984
1160000000.0	-0.0874213595116
1162000000.0	0.162716519246
1164000000.0	0.0224094945236
1166000000.0	-0.256060290254
1168000000.0	0.116859835289
1170000000.0	-0.151102601821
1172000000.0	0.185597330181
1174000000.0	-0.1274621815
1176000000.0	0.00371113443025
1178000000.0	0.208985503395
1180000000.0	-0.183151430171
1182000000.0	0.0248998935856
1184000000.0	-0.285743875894
1186000000.0	-0.0385191479796
1188000000.0	0.264531671678
1190000000.0	0.420301314281
1192000000.0	-0.151818934405
1194000000.0	-0.364215210115
1196000000.0	-0.529090184169
1198000000.0	-0.88211301644
1200000000.0	2.32836196277
1202000000.0	-0.71192694269
1204000000.0	-0.402914334814
1206000000.0	-0.22873764678
1208000000.0	0.252317087277
1210000000.0	0.187506493862
1212000000.0	0.0738695882789
1214000000.0	0.0293762164869
1216000000.0	-0.217435567033
1218000000.0	-0.133165492774
1220000000.0	-0.377218684355
1222000000.0	-0.0412640740638
1224000000.0	0.0522361616072
1226000000.0	0.035024124634
1228000000.0	-0.143557421481
1230000000.0	-0.0727393516687
1232000000.0	0.305582601298
1234000000.0	0.0383200012921
1236000000.0	-0.0264007175986
1238000000.0	-0.143013439798
1240000000.0	-0.0422000605277
1242000000.0	0.168620187231
1244000000.0	0.139316299525
1246000000.0	0.0311137277646
1248000000.0	0.335121718911
1250000000.0	0.481952242974
1252000000.0	0.0713985630095
1254000000.0	0.0851174045977
1256000000.0	-0.272743391985
1258000000.0	-0.132323324664
1260000000.0	-0.0953719238338
1262000000.0	-0.119770409123
1264000000.0	0.236580395782
1266000000.0	-0.0390537246137
1268000000.0	-0.0341311665058
1270000000.0	-0.0888495029453
1272000000.0	0.200863413929
1274000000.0	-0.049757519877
1276000000.0	-0.0934060861759
1278000000.0	0.209019772664
1280000000.0	0.0569258978192
1282000000.0	0.135858890367
1284000000.0	-0.0537588658442
1286000000.0	-0.27951319358
1288000000.0	-0.0291751136318
1290000000.0	0.265228001667
1292000000.0	0.197869680879
1294000000.0	0.325164409022
1296000000.0	-0.555491819833
1298000000.0	-0.310769977968
1300000000.0	0.817868785707
1302000000.0	-0.480077223868
1304000000.0	-0.347715150618
1306000000.0	-0.101471571528
1308000000.0	-0.379239020807
1310000000.0	0.170947411279
1312000000.0	-0.134794494237
1314000000.0	0.150908908671
1316000000.0	0.251530539033
1318000000.0	-0.228933430622
1320000000.0	0.036347508169
1322000000.0	0.064619239637
1324000000.0	-0.1688067243
1326000000.0	-0.26462497149
1328000000.0	0.289745869579
1330000000.0	-0.0824759252835
1332000000.0	-0.0577833593719
1334000000.0	-0.0887116623776
1336000000.0	0.00605615054629
1338000000.0	-0.104697564232
1340000000.0	-0.200130118069
1342000000.0	-0.208751610642
1344000000.0	0.0299698952311
1346000000.0	-0.231911797855
1348000000.0	-0.130512134539
1350000000.0	0.00648036946406
1352000000.0	-0.121549882552
1354000000.0	-0.0685188521562
1356000000.0	0.185754406619
1358000000.0	0.121211652491
1360000000.0	0.154168138321
1362000000.0	0.0272737571204
1364000000.0	0.244153158958
1366000000.0	-0.236372536801
1368000000.0	0.314471533457
1370000000.0	0.035337419192
1372000000.0	0.375842783446
1374000000.0	0.898633904348
1376000000.0	-0.603117908083
1378000000.0	-0.0283742162869
1380000000.0	-0.57900250173
1382000000.0	0.0543026337773
1384000000.0	-0.0514839081209
1386000000.0	-0.0466614620025
1388000000.0	-0.083849232018
1390000000.0	0.118341690299
1392000000.0	-0.108984818201
1394000000.0	-0.0956583542468
1396000000.0	0.0699620549681
1398000000.0	0.130941100459
1400000000.0	0.125396439547
1402000000.0	-0.149812711428
1404000000.0	-0.0515538289688
1406000000.0	-0.177819508402
1408000000.0	-0.174710212442
1410000000.0	-0.121507540603
1412000000.0	0.320029770025
1414000000.0	-0.191042430768
1416000000.0	0.310656018961
1418000000.0	-0.202258242579
1420000000.0	-0.0867455314729
1422000000.0	-0.436463363169
1424000000.0	-0.306161266362
1426000000.0	0.106340601624
1428000000.0	0.441448051906
1430000000.0	0.288122137398
1432000000.0	0.374864222719
1434000000.0	0.0203010381195
1436000000.0	-0.188416365757
1438000000.0	-0.341735552473
1440000000.0	-0.352461903743
1442000000.0	0.158685096542
1444000000.0	0.500046822854
1446000000.0	-0.0519753063883
1448000000.0	0.168030564594
1450000000.0	-0.0645284070999
1452000000.0	-0.216921127768
1454000000.0	-0.255483701825
1456000000.0	-0.272763280881
1458000000.0	0.186348816152
1460000000.0	0.572706990052
1462000000.0	0.303757269143
1464000000.0	0.133484251511
1466000000.0	-0.125842557803
1468000000.0	-0.899831193865
1470000000.0	0.044133750668
1472000000.0	0.261142994866
1474000000.0	0.447948547617
1476000000.0	0.200961820944
1478000000.0	0.0278087684115
1480000000.0	-0.445669367103
1482000000.0	-0.306190029022
1484000000.0	-0.454439227756
1486000000.0	-0.531032099743
1488000000.0	0.70595565424
1490000000.0	1.5560891036
1492000000.0	1.88716058103
1494000000.0	-0.682430889968
1496000000.0	-5.85502835541
1498000000.0	-10.8283428319
1500000000.0	26.7191817556
1502000000.0	-7.20052612045
1504000000.0	-4.14695999186
1506000000.0	-1.66566266999
1508000000.0	-0.306674571613
1510000000.0	0.549418515306
1512000000.0	1.51105393872
1514000000.0	1.24718063672
1516000000.0	0.8709569506
1518000000.0	-0.649223772765
1520000000.0	-1.47060781818
1522000000.0	-0.959870396334
1524000000.0	0.15357488176
1526000000.0	0.458682833819
1528000000.0	0.669200145287
1530000000.0	0.192524044498
1532000000.0	0.0688734031952
1534000000.0	-0.507273739191
1536000000.0	-0.329296633198
1538000000.0	-0.69539931947
1540000000.0	-0.151629746589
1542000000.0	0.0054884732726
1544000000.0	0.478786945784
1546000000.0	0.375788855019
1548000000.0	-0.294291888518
1550000000.0	-0.483292493309
1552000000.0	-0.344752118819
1554000000.0	-0.00871124573465
1556000000.0	0.186756901638
1558000000.0	0.142415238196
1560000000.0	0.408192603135
1562000000.0	0.0654302439743
1564000000.0	-0.0703981651664
1566000000.0	-0.0625318587787
1568000000.0	-0.00257708132082
1570000000.0	-0.0847184700207
1572000000.0	-0.191372542337
1574000000.0	0.0105701537377
1576000000.0	0.580854507627
1578000000.0	-0.0755167421715
1580000000.0	-0.180463389404
1582000000.0	-0.1737396637
1584000000.0	0.0502554358421
1586000000.0	0.0843362951583
1588000000.0	-0.0603069168118
1590000000.0	-0.0672805873884
1592000000.0	-0.274178694785
1594000000.0	-0.0378006812956
1596000000.0	-0.354461025952
1598000000.0	-0.119696482008
1600000000.0	0.641793235602
1602000000.0	-0.000142140573257
1604000000.0	0.00307548831134
1606000000.0	-0.137471093051
1608000000.0	-0.222160261196
1610000000.0	0.0398517707876
1612000000.0	-0.226721245962
1614000000.0	-0.0872916804472
1616000000.0	-0.12499086331
1618000000.0	0.0701959803811
1620000000.0	-0.336381265453
1622000000.0	-0.0148800316075
1624000000.0	-0.369276085537
1626000000.0	0.253045841107
1628000000.0	-0.108732466516
1630000000.0	0.21123049077
1632000000.0	-0.0310625898142
1634000000.0	0.077392144742
1636000000.0	0.0751636917553
1638000000.0	-0.0100996688488
1640000000.0	-0.115166949336
1642000000.0	-0.0310798836583
1644000000.0	0.172060128273
1646000000.0	0.161906890437
1648000000.0	0.162239072516
1650000000.0	-0.0157412566905
1652000000.0	-0.0871215156445
1654000000.0	0.0802164752898
1656000000.0	0.147836386507
1658000000.0	-0.263159388407
1660000000.0	-0.0483927871961
1662000000.0	0.0951130218841
1664000000.0	-0.0065130713348
1666000000.0	0.0506657428217
1668000000.0	0.0553234242421
1670000000.0	-0.059885161399
1672000000.0	-0.189197476108
1674000000.0	0.173120255752
1676000000.0	0.238955750763
1678000000.0	0.0816153566238
1680000000.0	0.0619351204087
1682000000.0	-0.252354090211
1684000000.0	0.0563983283657
1686000000.0	-0.218928307922
1688000000.0	-0.124508218117
1690000000.0	0.107901838272
1692000000.0	-0.181515747873
1694000000.0	-0.027686279784
1696000000.0	0.0231704611337
1698000000.0	-0.0790644856952
1700000000.0	0.490556686128
1702000000.0	-0.481168873569
1704000000.0	0.0501704465615
1706000000.0	-0.0508105285056
1708000000.0	0.0137138044049
1710000000.0	-0.0268846109761
1712000000.0	-0.141122988973
1714000000.0	-0.262024087233
1716000000.0	0.0928024636635
1718000000.0	-0.081674348948
1720000000.0	0.0357323270578
1722000000.0	0.00683344686095
1724000000.0	0.0393081550466
1726000000.0	0.0278965251773
1728000000.0	-0.142732490728
1730000000.0	0.0699698737411
1732000000.0	0.179595542031
1734000000.0	-0.407305117979
1736000000.0	-0.0045932167908
1738000000.0	0.052352479558
1740000000.0	-0.215955316086
1742000000.0	-0.160387428746
1744000000.0	-0.211838129126
1746000000.0	0.197836653148
1748000000.0	-0.19815093377
1750000000.0	-1.37934024634
1752000000.0	0.0279786995709
1754000000.0	-0.0410706871102
1756000000.0	0.0138292031393
1758000000.0	0.00595315964553
1760000000.0	0.15732234095
1762000000.0	-0.344599326895
1764000000.0	0.20239629144
1766000000.0	0.0752173547692
1768000000.0	-0.0858697156971
1770000000.0	0.172459816334
1772000000.0	-0.0897488704427
1774000000.0	0.212329265738
1776000000.0	-0.256396443581
1778000000.0	0.0921627839175
1780000000.0	0.0556666720542
1782000000.0	0.131261201278
1784000000.0	-0.170133636607
1786000000.0	0.142949351277
1788000000.0	-0.0458364372417
1790000000.0	-0.0697430666694
1792000000.0	-0.062276905502
1794000000.0	0.205862957727
1796000000.0	0.130552083176
1798000000.0	0.604741345833
1800000000.0	-0.993701336815
1802000000.0	0.372088007667
1804000000.0	0.147741536301
1806000000.0	0.216760493401
1808000000.0	-0.0116502513166
1810000000.0	0.0134170254112
1812000000.0	-0.0466311651305
1814000000.0	0.0745466425696
1816000000.0	-0.106711529017
1818000000.0	0.0940370841116
1820000000.0	-0.00609977285391
1822000000.0	-0.0127666115878
1824000000.0	-0.195264401631
1826000000.0	0.0800981440924
1828000000.0	-0.225572545722
1830000000.0	-0.304260546033
1832000000.0	-0.00223030374262
1834000000.0	0.0979554408983
1836000000.0	0.311329912112
1838000000.0	-0.0622979747781
1840000000.0	0.0845150214115
1842000000.0	0.00572943024628
1844000000.0	-0.0321223193795
1846000000.0	-0.197524812589
1848000000.0	0.0865384237664
1850000000.0	-0.0581719797841
1852000000.0	0.182086528033
1854000000.0	-0.0868384976447
1856000000.0	0.0202266709858
1858000000.0	-0.0115397378814
1860000000.0	-0.0418950347524
1862000000.0	0.112207179485
1864000000.0	0.0858147225006
1866000000.0	0.0581740559873
1868000000.0	0.126770347389
1870000000.0	0.0881949642095
1872000000.0	-0.0349866214001
1874000000.0	-0.186037928419
1876000000.0	-0.564129350112
1878000000.0	0.0768280543967
1880000000.0	-0.0431626913086
1882000000.0	0.0124414302235
1884000000.0	-0.308950166103
1886000000.0	-0.333957412565
1888000000.0	-0.300104059272
1890000000.0	-0.440346701182
1892000000.0	-0.168816728385
1894000000.0	-0.0984505771145
1896000000.0	1.86868159521
1898000000.0	3.18025537326
1900000000.0	-9.55366243517
1902000000.0	3.74229709988
1904000000.0	1.82678948493
1906000000.0	0.239959806295
1908000000.0	-0.297809390906
1910000000.0	-0.48776539871
1912000000.0	-0.402302187511
1914000000.0	-0.199354354833
1916000000.0	-0.234236049512
1918000000.0	0.266724403371
1920000000.0	0.233015441471
1922000000.0	0.2741003571
1924000000.0	0.074970577662
1926000000.0	-0.377804103366
1928000000.0	-0.376307359636
1930000000.0	-0.225565764578
1932000000.0	0.0630258782932
1934000000.0	-0.241996624543
1936000000.0	0.400841960397
1938000000.0	-0.102523893288
1940000000.0	0.136810320251
1942000000.0	-0.0845679859387
1944000000.0	0.183611213645
1946000000.0	-0.171661036015
1948000000.0	0.267675127156
1950000000.0	0.0757796071492
1952000000.0	-0.0301257041983
1954000000.0	0.00496272960407
1956000000.0	-0.174369522527
1958000000.0	0.0647297896513
1960000000.0	-0.064275179912
1962000000.0	0.07438732002
1964000000.0	0.103665469148
1966000000.0	0.0886384653589
1968000000.0	-0.367941550761
1970000000.0	-0.0277967325701
1972000000.0	-0.183391619501
1974000000.0	0.154467061922
1976000000.0	0.157994133959
1978000000.0	0.170404557987
1980000000.0	0.0927138523614
1982000000.0	-0.119899295961
1984000000.0	-0.113767821204
1986000000.0	-0.147427581802
1988000000.0	-0.259642296794
1990000000.0	0.193663692053
1992000000.0	0.00571006714203
1994000000.0	0.130773600229
1996000000.0	-0.00344844328836
1998000000.0	-0.0418689591551
2000000000.0	0.14375
