0.0	-3.267186
2000000.0	0.157586726547
4000000.0	0.249437970354
6000000.0	-0.00145177284838
8000000.0	0.00310862277711
10000000.0	-0.143893757885
12000000.0	0.149521118429
14000000.0	-0.0615356380185
16000000.0	-0.0353629724842
18000000.0	0.0332081680318
20000000.0	0.375086083169
22000000.0	0.401702790227
24000000.0	0.24803508138
26000000.0	-0.296135733274
28000000.0	-0.750753961151
30000000.0	-0.838245233851
32000000.0	-0.515790953111
34000000.0	0.208523110663
36000000.0	1.10318186263
38000000.0	1.10542660436
40000000.0	0.433293570268
42000000.0	0.00590227791729
44000000.0	-0.683305791043
46000000.0	-0.867655911689
48000000.0	-0.635053899023
50000000.0	-0.0346665736559
52000000.0	0.793343750695
54000000.0	1.13632005135
56000000.0	0.897080603647
58000000.0	0.128767061423
60000000.0	-0.751828882843
62000000.0	-1.09609204915
64000000.0	-0.918721433369
66000000.0	-0.300798079984
68000000.0	0.587285103462
70000000.0	1.14993252868
72000000.0	0.969522135954
74000000.0	0.364392624902
76000000.0	-0.339944202322
78000000.0	-0.908900805339
80000000.0	-0.986222204433
82000000.0	-0.41362932384
84000000.0	0.185510969971
86000000.0	0.73523576048
88000000.0	0.787371313098
90000000.0	0.411041330467
92000000.0	-0.104335844131
94000000.0	-0.666122336971
96000000.0	-0.619293687013
98000000.0	-0.320890253885
100000000.0	-0.00348609342822
102000000.0	0.344698491817
104000000.0	0.400862959369
106000000.0	0.24817095136
108000000.0	0.0472178009196
110000000.0	-0.121204982927
112000000.0	-0.203041846664
114000000.0	-0.0158334956404
116000000.0	-0.00604081916178
118000000.0	0.0401039400546
120000000.0	0.00304286850107
122000000.0	-0.190926841691
124000000.0	-0.240293382959
126000000.0	0.219183435184
128000000.0	0.237257544508
130000000.0	0.348547408583
132000000.0	0.159912336751
134000000.0	-0.0566471233999
136000000.0	-0.351684509063
138000000.0	-0.487854705979
140000000.0	-0.351513126999
142000000.0	0.0264786927723
144000000.0	0.519708245134
146000000.0	0.67723681635
148000000.0	0.466748308104
150000000.0	-0.0458893636436
152000000.0	-0.496528468221
154000000.0	-0.796829913921
156000000.0	-0.578904086242
158000000.0	-0.125052338708
160000000.0	0.395446635591
162000000.0	0.795546398561
164000000.0	0.659950782299
166000000.0	0.190381194317
168000000.0	-0.351784465855
170000000.0	-0.709772003305
172000000.0	-0.66000193941
174000000.0	-0.341577325747
176000000.0	0.345590145707
178000000.0	0.632105377101
180000000.0	0.555209926425
182000000.0	0.278314259293
184000000.0	-0.134671222291
186000000.0	-0.45676778151
188000000.0	-0.449771033913
190000000.0	-0.196471277157
192000000.0	0.00151622278908
194000000.0	0.341771522261
196000000.0	0.271352330014
198000000.0	0.0938375687907
200000000.0	-0.0386795378532
202000000.0	-0.0861390700291
204000000.0	-0.0251548019933
206000000.0	0.01579447667
208000000.0	0.0455134861888
210000000.0	0.0053231106535
212000000.0	-0.201930713024
214000000.0	-0.289043342068
216000000.0	-0.118010197514
218000000.0	0.18109623461
220000000.0	0.399016318098
222000000.0	0.469160729945
224000000.0	0.278178968387
226000000.0	-0.248623246425
228000000.0	-0.666868277882
230000000.0	-0.810778211943
232000000.0	-0.470991352872
234000000.0	0.175759273265
236000000.0	0.878414264857
238000000.0	1.13170383096
240000000.0	0.735828141242
242000000.0	-0.117952178959
244000000.0	-0.982670041086
246000000.0	-1.32365840384
248000000.0	-0.971072822071
250000000.0	0.10681144969
252000000.0	1.05221238399
254000000.0	1.5406000114
256000000.0	1.28405535176
258000000.0	0.212534989213
260000000.0	-0.96553379832
262000000.0	-1.58922424555
264000000.0	-1.39586642238
266000000.0	-0.415183849535
268000000.0	0.862262159248
270000000.0	1.61956035579
272000000.0	1.53114047347
274000000.0	0.588699784726
276000000.0	-0.665171398447
278000000.0	-1.51207832952
280000000.0	-1.55207286814
282000000.0	-0.790927325281
284000000.0	0.362551333306
286000000.0	1.21025006918
288000000.0	1.22335759482
290000000.0	0.608621407473
292000000.0	-0.0645763184989
294000000.0	-0.0661445512708
296000000.0	0.745895561573
298000000.0	2.6838698992
300000000.0	-14.4371870695
302000000.0	5.48813593922
304000000.0	5.20590208098
306000000.0	3.19188099273
308000000.0	0.406215461563
310000000.0	-1.93829985317
312000000.0	-2.94977936696
314000000.0	-2.40077157535
316000000.0	-0.634575575851
318000000.0	1.23254878978
320000000.0	2.28237735293
322000000.0	2.10594768391
324000000.0	0.827687239549
326000000.0	-0.732120336666
328000000.0	-1.84487540572
330000000.0	-1.72377989135
332000000.0	-0.87217277223
334000000.0	0.47991876359
336000000.0	1.36005607637
338000000.0	1.50312353864
340000000.0	0.853558045467
342000000.0	-0.222104565454
344000000.0	-0.98667373957
346000000.0	-1.25684721176
348000000.0	-0.746822552244
350000000.0	0.0485425198969
352000000.0	0.769614725914
354000000.0	0.971694726624
356000000.0	0.624663552394
358000000.0	0.091315215027
360000000.0	-0.465730523789
362000000.0	-0.66041169894
364000000.0	-0.471284172992
366000000.0	-0.124514821761
368000000.0	0.213547208933
370000000.0	0.261266637029
372000000.0	0.301906501675
374000000.0	0.114466555009
376000000.0	0.00544291383669
378000000.0	-0.165392382967
380000000.0	-0.0952208565529
382000000.0	0.0225999707506
384000000.0	0.00729297983862
386000000.0	-0.00946733351836
388000000.0	-0.0441197277268
390000000.0	-0.00670134851463
392000000.0	0.0299360503492
394000000.0	0.10707609816
396000000.0	0.190375398867
398000000.0	0.132250992959
400000000.0	-0.111516692506
402000000.0	-0.159900977652
404000000.0	-0.346305482456
406000000.0	-0.268359993583
408000000.0	-0.0262378271001
410000000.0	0.206676254602
412000000.0	0.356885385954
414000000.0	0.374302626211
416000000.0	0.0189222740193
418000000.0	-0.240392079734
420000000.0	-0.350612170006
422000000.0	-0.294526287322
424000000.0	0.011217308462
426000000.0	0.104060646217
428000000.0	0.354551896658
430000000.0	0.412020258788
432000000.0	0.236447600343
434000000.0	-0.0570513231384
436000000.0	-0.317507523329
438000000.0	-0.361356668063
440000000.0	-0.184168579706
442000000.0	0.0365109839843
444000000.0	0.242568941852
446000000.0	0.209466019004
448000000.0	0.130186907827
450000000.0	-0.105712384281
452000000.0	-0.216546382917
454000000.0	-0.147890179656
456000000.0	-0.0516812375128
458000000.0	-0.060977612367
460000000.0	0.125321765133
462000000.0	0.103112555443
464000000.0	0.104935018919
466000000.0	0.0192066327887
468000000.0	-0.0736375295511
470000000.0	-0.0424989724807
472000000.0	-0.0752888057257
474000000.0	-0.0319128379376
476000000.0	0.0426855252722
478000000.0	-0.00321239313801
480000000.0	-0.0576132253764
482000000.0	0.0752097587663
484000000.0	0.0314309291921
486000000.0	0.0253570883394
488000000.0	0.117419184591
490000000.0	0.144020609413
492000000.0	0.080084275244
494000000.0	-0.100985106461
496000000.0	-0.171262433813
498000000.0	-0.0178174178
500000000.0	-0.0190281387533
502000000.0	0.233439594963
504000000.0	0.329616240927
506000000.0	0.154007458476
508000000.0	0.098541941759
510000000.0	-0.150940030973
512000000.0	-0.176648806177
514000000.0	-0.190408997121
516000000.0	-0.0332807259953
518000000.0	0.170860598574
520000000.0	0.184401879245
522000000.0	0.122389343223
524000000.0	0.0427837953662
526000000.0	-0.147585520013
528000000.0	-0.155374869445
530000000.0	-0.0581758124248
532000000.0	-0.0977981214614
534000000.0	0.0505977268734
536000000.0	0.154162363896
538000000.0	0.146360965598
540000000.0	-0.0531684589646
542000000.0	-0.00556183809139
544000000.0	-0.0535689154346
546000000.0	-0.120838965108
548000000.0	-0.0158365723647
550000000.0	2.62877415655e-06
552000000.0	0.168026012871
554000000.0	0.0463435498418
556000000.0	-0.0205890577462
558000000.0	-0.00539168229019
560000000.0	-0.014781397267
562000000.0	0.103696051089
564000000.0	0.00621354009229
566000000.0	0.0180553226027
568000000.0	-0.0123825056603
570000000.0	-0.0789969268499
572000000.0	0.0391971722337
574000000.0	-0.0180621504714
576000000.0	0.123472971673
578000000.0	0.0959831574856
580000000.0	0.0869952944708
582000000.0	-0.0289627592358
584000000.0	-0.0955253917263
586000000.0	-0.083864274333
588000000.0	-0.035836260782
590000000.0	0.00645677432664
592000000.0	0.0751305812252
594000000.0	0.170033971483
596000000.0	0.121820856622
598000000.0	0.327244097885
600000000.0	-0.492582456412
602000000.0	0.0250895837329
604000000.0	-0.0651115203069
606000000.0	-0.0938086253671
608000000.0	-0.059837313552
610000000.0	0.106544850667
612000000.0	0.121546673916
614000000.0	0.132342683448
616000000.0	-0.056083597846
618000000.0	-0.12375871081
620000000.0	-0.021065984784
622000000.0	-0.0469772201966
624000000.0	0.119965903142
626000000.0	-0.0292942512781
628000000.0	0.0231080635191
630000000.0	0.0223814825999
632000000.0	-0.0813391928485
634000000.0	-0.0972885133333
636000000.0	-0.014717542508
638000000.0	-0.0312500124338
640000000.0	-0.00548384190144
642000000.0	-0.028902353935
644000000.0	-0.052642395841
646000000.0	-0.00296872924641
648000000.0	-0.0646101190809
650000000.0	-0.0953551109088
652000000.0	0.0269769500166
654000000.0	0.104303434508
656000000.0	-0.00204413805094
658000000.0	-0.000919424441261
660000000.0	-0.044614423631
662000000.0	-0.0317108741067
664000000.0	-0.020713372292
666000000.0	-0.0182511141899
668000000.0	0.107814403934
670000000.0	0.104725395876
672000000.0	0.0840963423047
674000000.0	-0.0344299866911
676000000.0	0.00122300120101
678000000.0	-0.0677771539927
680000000.0	-0.0977735886476
682000000.0	-0.0180612234124
684000000.0	-0.0129795013943
686000000.0	0.0596002481598
688000000.0	0.108670054278
690000000.0	0.0261739797991
692000000.0	-0.0415562592692
694000000.0	-0.00158793486611
696000000.0	-0.122243620159
698000000.0	-0.124579130609
700000000.0	-0.0153543396895
702000000.0	0.019944861731
704000000.0	0.0502126998527
706000000.0	0.163917734424
708000000.0	-0.035381669004
710000000.0	-0.0615484371561
712000000.0	-0.114487445312
714000000.0	-0.0548275891975
716000000.0	0.0409786696005
718000000.0	-0.0080640065478
720000000.0	-0.0060282344749
722000000.0	-0.0501888672725
724000000.0	0.00480486073223
726000000.0	-0.0869597277255
728000000.0	0.0770021787042
730000000.0	-0.0108488151777
732000000.0	-0.013374509178
734000000.0	0.0283115891032
736000000.0	-0.0754208602632
738000000.0	0.00987369926916
740000000.0	-0.112282722494
742000000.0	-0.00623938460442
744000000.0	-0.0141347907732
746000000.0	0.0607971875717
748000000.0	0.15094910933
750000000.0	-0.0420979444734
752000000.0	-0.0859131232136
754000000.0	-0.135777452951
756000000.0	-0.0756041763888
758000000.0	-0.0758119171968
760000000.0	-0.0123753652544
762000000.0	0.125172970216
764000000.0	0.111728000462
766000000.0	0.038226172118
768000000.0	-0.0634630658764
770000000.0	-0.0507715426231
772000000.0	-0.0771335000677
774000000.0	-0.0393656084462
776000000.0	0.0449547568687
778000000.0	0.177396954114
780000000.0	0.130300511922
782000000.0	0.0847175795866
784000000.0	-0.0997327427726
786000000.0	-0.0962294386678
788000000.0	-0.170868898897
790000000.0	-0.0776708868793
792000000.0	-0.0759092907582
794000000.0	0.117926584124
796000000.0	0.111335671165
798000000.0	0.0273125072314
800000000.0	-0.0245867971979
802000000.0	-0.104915578685
804000000.0	-0.0231792881933
806000000.0	-0.0368109657465
808000000.0	0.0140181222601
810000000.0	-0.0448560011817
812000000.0	0.0496553842611
814000000.0	-0.0388534075898
816000000.0	-0.0520994016904
818000000.0	-0.00907557070781
820000000.0	0.0410414884594
822000000.0	-0.017986878954
824000000.0	0.0601167335497
826000000.0	0.00787310633364
828000000.0	-0.0753242441903
830000000.0	-0.163583274007
832000000.0	-0.0719790613746
834000000.0	-0.0102127389196
836000000.0	0.181339891952
838000000.0	0.244483244478
840000000.0	0.169058999312
842000000.0	0.0265824821675
844000000.0	-0.218530518909
846000000.0	-0.326642027003
848000000.0	-0.2720479768
850000000.0	0.022869930655
852000000.0	0.234961294644
854000000.0	0.365133579151
856000000.0	0.310271800446
858000000.0	0.0602694965535
860000000.0	-0.282645735633
862000000.0	-0.484153646542
864000000.0	-0.43819355561
866000000.0	-0.0676774419835
868000000.0	0.21792365373
870000000.0	0.480026350008
872000000.0	0.435959921596
874000000.0	0.12615115569
876000000.0	-0.157720386302
878000000.0	-0.494047467524
880000000.0	-0.556521547098
882000000.0	-0.324766487172
884000000.0	0.0647658300627
886000000.0	0.457249011629
888000000.0	0.613550647207
890000000.0	0.367537577809
892000000.0	-0.118755687177
894000000.0	-0.501600844299
896000000.0	-0.788022725715
898000000.0	-0.620760137207
900000000.0	0.696963615739
902000000.0	0.24194395732
904000000.0	0.454083285198
906000000.0	0.336527270855
908000000.0	0.0812078419617
910000000.0	-0.299246504184
912000000.0	-0.496269218851
914000000.0	-0.394545182512
916000000.0	-0.0474878204838
918000000.0	0.298453287233
920000000.0	0.506953928406
922000000.0	0.490661364386
924000000.0	0.144917519121
926000000.0	-0.184982589832
928000000.0	-0.409604269655
930000000.0	-0.451096084164
932000000.0	-0.165743235502
934000000.0	0.0920796612441
936000000.0	0.380350659194
938000000.0	0.409887587288
940000000.0	0.206331413054
942000000.0	-0.106577707747
944000000.0	-0.260145424292
946000000.0	-0.266572074827
948000000.0	-0.297625949195
950000000.0	-0.0235808317414
952000000.0	0.236013020577
954000000.0	0.293622237588
956000000.0	0.151853353611
958000000.0	0.086122131102
960000000.0	-0.163282233431
962000000.0	-0.153840713114
964000000.0	-0.139572414312
966000000.0	-0.0174801714189
968000000.0	0.107710481722
970000000.0	0.118384753306
972000000.0	0.131172188616
974000000.0	0.0124982315386
976000000.0	-0.0140431058808
978000000.0	-0.104980689378
980000000.0	-0.0820835782643
982000000.0	-0.0300516771497
984000000.0	0.0342663293944
986000000.0	0.0838285542369
988000000.0	0.0384441115975
990000000.0	-0.0388030811083
992000000.0	-0.0205605370924
994000000.0	-0.0138710200944
996000000.0	-0.0174912931008
998000000.0	-0.0460140452597
1000000000.0	0.1437485
1002000000.0	0.00245247575428
1004000000.0	-0.103533119108
1006000000.0	-0.0622259374271
1008000000.0	-0.0470224276212
1010000000.0	0.0739472196929
1012000000.0	0.0724363192132
1014000000.0	0.102908812817
1016000000.0	-0.0327662187806
1018000000.0	-0.0196569676401
1020000000.0	-0.185108773143
1022000000.0	-0.0718499928283
1024000000.0	0.00797413334201
1026000000.0	0.0124696953635
1028000000.0	0.144339133785
1030000000.0	0.0849064324481
1032000000.0	0.00990144607473
1034000000.0	-0.0247760899848
1036000000.0	-0.0934414212719
1038000000.0	-0.11813298955
1040000000.0	0.00912776406432
1042000000.0	0.0692935582243
1044000000.0	0.0827990653428
1046000000.0	0.0381689073761
1048000000.0	0.0413567862443
1050000000.0	0.0562830466318
1052000000.0	-0.0343893489631
1054000000.0	-0.0838789778311
1056000000.0	-0.0471316814121
1058000000.0	0.0383782165276
1060000000.0	-0.0123412953327
1062000000.0	0.0282475565225
1064000000.0	0.0295236507491
1066000000.0	-0.00441950719051
1068000000.0	-0.0808465719916
1070000000.0	-0.0925259142366
1072000000.0	0.00246173287473
1074000000.0	-0.0140907031562
1076000000.0	0.0182919980333
1078000000.0	0.0259861157844
1080000000.0	-0.0270377912655
1082000000.0	-0.00932721816739
1084000000.0	-0.00949653888115
1086000000.0	-0.00561792270193
1088000000.0	0.000968687581154
1090000000.0	-0.00362701310808
1092000000.0	0.0874440707369
1094000000.0	0.00699594200865
1096000000.0	-0.0220925374851
1098000000.0	0.000920073260705
1100000000.0	-0.0216802677562
1102000000.0	0.0394229150327
1104000000.0	0.0501052428416
1106000000.0	0.0828441205427
1108000000.0	-0.0174473240086
1110000000.0	0.0211233044105
1112000000.0	-0.0394379185483
1114000000.0	-0.0887307820558
1116000000.0	-0.0124018645729
1118000000.0	-0.0414654744394
1120000000.0	0.0741059554305
1122000000.0	0.0579896617961
1124000000.0	-0.0356026118711
1126000000.0	0.022230228118
1128000000.0	-0.102941807003
1130000000.0	-0.016979898621
1132000000.0	0.0438141597972
1134000000.0	0.00656290357445
1136000000.0	0.00428393316416
1138000000.0	0.0327119558945
1140000000.0	0.0322240438869
1142000000.0	-0.00691251743166
1144000000.0	0.0290388267202
1146000000.0	0.0525702275268
1148000000.0	0.0308563738402
1150000000.0	0.0206951558861
1152000000.0	0.0638648760107
1154000000.0	0.0316193183777
1156000000.0	-0.0288989989531
1158000000.0	0.0164505341978
1160000000.0	-0.0365723917825
1162000000.0	-0.034118029623
1164000000.0	0.0362665535034
1166000000.0	-0.00148007482368
1168000000.0	-0.00994193662656
1170000000.0	-0.00184042957146
1172000000.0	-0.0491613875578
1174000000.0	-0.0412273118886
1176000000.0	0.00660810400132
1178000000.0	-0.0120062236473
1180000000.0	0.0188536378369
1182000000.0	0.0615399004236
1184000000.0	0.0577828335784
1186000000.0	0.0389885951427
1188000000.0	-0.0815555221597
1190000000.0	-0.0206394289099
1192000000.0	-0.0193270010919
1194000000.0	0.0541743534097
1196000000.0	0.0594303493034
1198000000.0	0.14683738725
1200000000.0	-0.485359307494
1202000000.0	0.098897572055
1204000000.0	0.114880306813
1206000000.0	-0.00313294378001
1208000000.0	0.0300195738913
1210000000.0	-0.034877174467
1212000000.0	0.0590992662565
1214000000.0	-0.0290332328414
1216000000.0	-0.0067984073441
1218000000.0	-0.0419620078127
1220000000.0	-0.0961926212954
1222000000.0	-0.0153885537783
1224000000.0	0.0314674213923
1226000000.0	0.0491389089606
1228000000.0	0.078556553149
1230000000.0	0.0783789302506
1232000000.0	0.0349271239804
1234000000.0	-0.0380597020649
1236000000.0	-0.0865417474686
1238000000.0	-0.0886863679978
1240000000.0	0.0293386712416
1242000000.0	-0.0277971607449
1244000000.0	0.0290587260797
1246000000.0	-0.0568870448897
1248000000.0	0.0525791132771
1250000000.0	0.225753796416
1252000000.0	-0.00847074204065
1254000000.0	0.0322959061672
1256000000.0	-0.104575744152
1258000000.0	-0.0065584487276
1260000000.0	0.0316149224065
1262000000.0	-0.0200975237597
1264000000.0	0.0164069140469
1266000000.0	-0.0608729149107
1268000000.0	0.014353387151
1270000000.0	0.027090853521
1272000000.0	0.00708655854303
1274000000.0	-0.0237736536261
1276000000.0	0.104562167098
1278000000.0	-0.0432952701483
1280000000.0	0.0476471259145
1282000000.0	-0.00713413876974
1284000000.0	-0.0280181886398
1286000000.0	-0.0296310880251
1288000000.0	0.0319367559978
1290000000.0	-0.015723659752
1292000000.0	-0.0171000790927
1294000000.0	0.00134010155388
1296000000.0	0.0249709695582
1298000000.0	0.0020754075291
1300000000.0	-0.11404503747
1302000000.0	-0.0420932102032
1304000000.0	-0.0131739897478
1306000000.0	0.02541105836
1308000000.0	-0.0444310133148
1310000000.0	0.0444929220312
1312000000.0	-0.00130197499241
1314000000.0	-0.00616721395091
1316000000.0	-0.00512230120421
1318000000.0	0.0336598760714
1320000000.0	-0.00559823942754
1322000000.0	-0.0061538062555
1324000000.0	0.058886737668
1326000000.0	-0.053563942472
1328000000.0	-0.0939101044625
1330000000.0	0.00603405127613
1332000000.0	0.0700481376343
1334000000.0	-0.046548010052
1336000000.0	0.049121562373
1338000000.0	0.00664167345693
1340000000.0	0.0620310349314
1342000000.0	0.0164077157343
1344000000.0	0.0289359604325
1346000000.0	0.0997832341454
1348000000.0	-0.0866381150318
1350000000.0	-0.00705316207079
1352000000.0	-0.0285104217524
1354000000.0	-0.0345660170607
1356000000.0	-0.0369053535512
1358000000.0	0.00300718282806
1360000000.0	0.0342161391962
1362000000.0	0.0133854383138
1364000000.0	-0.00742861463418
1366000000.0	0.0488438978132
1368000000.0	-0.00982247510355
1370000000.0	-0.058393010993
1372000000.0	-0.147757016925
1374000000.0	-0.0948730807396
1376000000.0	0.104885617626
1378000000.0	0.0393644418957
1380000000.0	0.0364580937372
1382000000.0	0.120446920241
1384000000.0	0.00108975271079
1386000000.0	-0.0819559147263
1388000000.0	-0.012890916781
1390000000.0	0.0161426484275
1392000000.0	-0.0186382680888
1394000000.0	0.108210790185
1396000000.0	0.059613682808
1398000000.0	0.0272395683587
1400000000.0	-0.0127427858022
1402000000.0	-0.0622116580483
1404000000.0	-0.0458965823536
1406000000.0	0.0507250376728
1408000000.0	-0.026144482873
1410000000.0	-0.0111127760144
1412000000.0	0.0202295860579
1414000000.0	0.0130369019861
1416000000.0	0.0115991135302
1418000000.0	0.0559956095753
1420000000.0	0.0109207516192
1422000000.0	0.0312965206529
1424000000.0	0.0559321414854
1426000000.0	0.000722387681904
1428000000.0	-0.0841292930286
1430000000.0	-0.155372741242
1432000000.0	-0.010043787594
1434000000.0	-0.0179450968438
1436000000.0	0.00701863676003
1438000000.0	-0.0146891068853
1440000000.0	0.000161291551062
1442000000.0	0.0299010133359
1444000000.0	-0.0223913849883
1446000000.0	-0.0515173109056
1448000000.0	-0.138918200243
1450000000.0	-0.00882618351665
1452000000.0	0.084783904726
1454000000.0	0.18183386551
1456000000.0	0.154882129822
1458000000.0	0.00767109254737
1460000000.0	-0.0821223545107
1462000000.0	-0.15633717627
1464000000.0	-0.194262396836
1466000000.0	0.0585496291958
1468000000.0	0.117584492915
1470000000.0	0.108663972525
1472000000.0	0.225683594481
1474000000.0	0.00433984075318
1476000000.0	0.0350911376403
1478000000.0	-0.144139982844
1480000000.0	-0.198187462202
1482000000.0	-0.114612217773
1484000000.0	0.0901553422584
1486000000.0	0.220600207445
1488000000.0	0.22960853917
1490000000.0	0.173972880094
1492000000.0	-0.022603196347
1494000000.0	-0.199868112062
1496000000.0	-0.532915430467
1498000000.0	-0.485814454755
1500000000.0	0.937777138753
1502000000.0	-0.162394994471
1504000000.0	-0.0656481705772
1506000000.0	-0.00755653041581
1508000000.0	0.0112305172298
1510000000.0	0.0432996968689
1512000000.0	-0.123268421962
1514000000.0	-0.102832114198
1516000000.0	0.0039624705233
1518000000.0	0.00379593681301
1520000000.0	0.174657941345
1522000000.0	0.18020690303
1524000000.0	0.0509470920124
1526000000.0	-0.0822480023574
1528000000.0	-0.150629703782
1530000000.0	-0.166381039886
1532000000.0	-0.064119564542
1534000000.0	0.0922564519037
1536000000.0	0.0975975440934
1538000000.0	0.0596028951744
1540000000.0	0.0846470742093
1542000000.0	-0.0812215369528
1544000000.0	-0.107691362209
1546000000.0	-0.207338162872
1548000000.0	-0.0890166244306
1550000000.0	0.00151796708281
1552000000.0	0.134885325701
1554000000.0	0.121379967008
1556000000.0	0.0669525610399
1558000000.0	-0.0216827934316
1560000000.0	-0.0234766787352
1562000000.0	-0.092410231245
1564000000.0	-0.0755718003732
1566000000.0	0.00736620038008
1568000000.0	0.084441286457
1570000000.0	-0.0274338848549
1572000000.0	0.0375092254796
1574000000.0	0.0208041758161
1576000000.0	-0.038458626111
1578000000.0	-0.0206040517766
1580000000.0	-0.0887398332568
1582000000.0	-0.0151503808149
1584000000.0	0.0336697496186
1586000000.0	-0.0143810055928
1588000000.0	0.0464109752346
1590000000.0	-0.00408266489543
1592000000.0	0.0500135595377
1594000000.0	0.0757156947194
1596000000.0	0.0601097866109
1598000000.0	0.101268507115
1600000000.0	-0.0176002028022
1602000000.0	0.132772954108
1604000000.0	0.0373056078189
1606000000.0	0.0217395732436
1608000000.0	0.00807214371463
1610000000.0	0.0508594398416
1612000000.0	-0.0338614809841
1614000000.0	-0.071811052228
1616000000.0	-0.0705115491378
1618000000.0	0.0522459154467
1620000000.0	-0.0301972566944
1622000000.0	-0.0275434906464
1624000000.0	-0.0364477599739
1626000000.0	0.0909877081709
1628000000.0	0.0489086153246
1630000000.0	-0.0397526275142
1632000000.0	0.0509406180373
1634000000.0	0.00785173266879
1636000000.0	-0.0113782120922
1638000000.0	-0.0762743576768
1640000000.0	-0.0824517060753
1642000000.0	0.0325894788566
1644000000.0	0.0717245086719
1646000000.0	0.0136547079343
1648000000.0	0.0154765205828
1650000000.0	-0.0167444281671
1652000000.0	-0.021388719639
1654000000.0	-0.0646664677348
1656000000.0	-0.00709781610455
1658000000.0	0.015190994643
1660000000.0	0.0433614367498
1662000000.0	-0.00345051911349
1664000000.0	0.0333575573945
1666000000.0	-0.00883039985574
1668000000.0	0.0499474239761
1670000000.0	-0.0496523478594
1672000000.0	0.0232035847567
1674000000.0	-0.00929705507494
1676000000.0	0.0190731219016
1678000000.0	0.0186927996157
1680000000.0	0.0263149860542
1682000000.0	0.0087847910274
1684000000.0	0.0124632489148
1686000000.0	0.016972713105
1688000000.0	-0.00397095898079
1690000000.0	-0.0685687013184
1692000000.0	-0.0108814737619
1694000000.0	-0.0328543169312
1696000000.0	0.0559388228596
1698000000.0	0.0182634741614
1700000000.0	-0.0917451998194
1702000000.0	0.0707294310661
1704000000.0	-0.0106116797797
1706000000.0	0.0594773129126
1708000000.0	0.00644235902639
1710000000.0	-0.0213923620916
1712000000.0	-0.00307897678764
1714000000.0	0.0225200892905
1716000000.0	0.00793485279768
1718000000.0	-0.0292901120949
1720000000.0	0.0311338103339
1722000000.0	0.0172163255472
1724000000.0	-0.0295525823291
1726000000.0	-0.0343142013199
1728000000.0	-0.0015760249642
1730000000.0	0.00525520730098
1732000000.0	0.0508253812678
1734000000.0	0.0769554962018
1736000000.0	-0.0204892424239
1738000000.0	0.0260485980711
1740000000.0	-0.0289819843242
1742000000.0	-0.00573883545706
1744000000.0	-0.0238921264315
1746000000.0	-0.0799052778777
1748000000.0	0.028651827883
1750000000.0	-0.152965301632
1752000000.0	-0.0145741999601
1754000000.0	0.0508348731144
1756000000.0	-0.018514536121
1758000000.0	7.52835107338e-05
1760000000.0	-0.0059048645082
1762000000.0	-0.0575850789604
1764000000.0	-0.00640259678663
1766000000.0	-0.043139929175
1768000000.0	0.0454213647676
1770000000.0	-0.0113152414675
1772000000.0	0.0112096400426
1774000000.0	-0.0482842148828
1776000000.0	0.00761645584618
1778000000.0	-0.0127594330355
1780000000.0	0.011718080494
1782000000.0	0.0341827771081
1784000000.0	-0.0598006916578
1786000000.0	-0.0550451591811
1788000000.0	-0.00485677194695
1790000000.0	-0.0219380238234
1792000000.0	0.0276431325762
1794000000.0	-0.0207174721543
1796000000.0	0.0676161580233
1798000000.0	0.0556441790819
1800000000.0	-0.232556219933
1802000000.0	0.074613816689
1804000000.0	0.034334319027
1806000000.0	0.00505588931657
1808000000.0	-0.00122815502531
1810000000.0	0.00572451331943
1812000000.0	0.0283738402829
1814000000.0	0.0119691108397
1816000000.0	-0.0431880577568
1818000000.0	-0.018614396317
1820000000.0	-0.0157611314817
1822000000.0	0.00908968868827
1824000000.0	0.0380644549145
1826000000.0	-0.0647053115806
1828000000.0	0.00550190630343
1830000000.0	0.0196280176662
1832000000.0	-0.0785844640201
1834000000.0	0.00805251926807
1836000000.0	-0.107967727179
1838000000.0	0.0521977060538
1840000000.0	0.0365346613712
1842000000.0	-0.00672961124061
1844000000.0	0.0579703519421
1846000000.0	0.0308476458474
1848000000.0	0.0478761810719
1850000000.0	0.0600873938577
1852000000.0	-0.0102863428376
1854000000.0	0.0631371113549
1856000000.0	-0.0849265001133
1858000000.0	-0.00587623949576
1860000000.0	0.0261004378278
1862000000.0	0.0407417545922
1864000000.0	0.0564653471042
1866000000.0	0.032672473535
1868000000.0	-0.0910716705985
1870000000.0	0.0157877311457
1872000000.0	-0.0174306558438
1874000000.0	-0.0144299908456
1876000000.0	0.085194219356
1878000000.0	0.07511233099
1880000000.0	-0.0378318595696
1882000000.0	0.0291500869281
1884000000.0	-0.0506420805405
1886000000.0	-0.0495362201369
1888000000.0	0.0289080841597
1890000000.0	0.0440878686327
1892000000.0	-0.0484479883269
1894000000.0	-0.0144245985727
1896000000.0	-0.0664900461798
1898000000.0	-0.0957591482647
1900000000.0	0.427160391883
1902000000.0	-0.158780576329
1904000000.0	-0.189738525549
1906000000.0	-0.114684683566
1908000000.0	0.0736206791324
1910000000.0	0.07790144984
1912000000.0	-0.00296187010913
1914000000.0	0.0580934512346
1916000000.0	-0.00857587454747
1918000000.0	-0.0786763906746
1920000000.0	-0.169017946197
1922000000.0	-0.00883407054662
1924000000.0	-0.0322857140308
1926000000.0	-0.0125421261654
1928000000.0	-0.00337762550824
1930000000.0	0.0190350846295
1932000000.0	-0.0277475965897
1934000000.0	0.0164528713219
1936000000.0	-0.0373215641502
1938000000.0	-0.0445829697143
1940000000.0	-0.074625692917
1942000000.0	0.0532866576669
1944000000.0	-0.0104265053258
1946000000.0	0.0727552210555
1948000000.0	-0.014489422938
1950000000.0	-0.00967260479918
1952000000.0	-0.0672003395354
1954000000.0	0.0204360814096
1956000000.0	-0.0793034980087
1958000000.0	-0.0529460505224
1960000000.0	0.0457408272842
1962000000.0	0.0106329450354
1964000000.0	-0.00836608904167
1966000000.0	0.0963303388996
1968000000.0	0.0390530393134
1970000000.0	0.0782591394397
1972000000.0	0.0116099591234
1974000000.0	0.00556860759558
1976000000.0	-0.0322598939837
1978000000.0	0.0570553357209
1980000000.0	0.031350321552
1982000000.0	0.0389245485679
1984000000.0	-0.0113668844583
1986000000.0	0.0932639460992
1988000000.0	0.0391199465673
1990000000.0	0.0397094407039
1992000000.0	-0.0869164986903
1994000000.0	-0.0155709261273
1996000000.0	-0.0481085453169
1998000000.0	-0.0460971699058
2000000000.0	0.217187
