0.0	-54.5625
2000000.0	6.25203806661
4000000.0	12.7327484432
6000000.0	7.82572657846
8000000.0	-9.74370810675
10000000.0	-22.8993996761
12000000.0	-20.7900690122
14000000.0	-2.76364179748
16000000.0	16.4165383852
18000000.0	28.7018932868
20000000.0	22.1295282291
22000000.0	-2.41834454218
24000000.0	-27.5462495763
26000000.0	-34.4533453264
28000000.0	-21.0479892412
30000000.0	7.69948488591
32000000.0	27.871465685
34000000.0	25.4089765136
36000000.0	-0.00521486084758
38000000.0	-16.5793382716
40000000.0	-19.0231456151
42000000.0	-12.4826868196
44000000.0	4.77745073224
46000000.0	12.9757945054
48000000.0	4.66323943673
50000000.0	-4.20001510505
52000000.0	-11.0416783734
54000000.0	-1.94034456766
56000000.0	11.2017444976
58000000.0	16.1293478329
60000000.0	7.86649575159
62000000.0	-7.24657358692
64000000.0	-18.1218581659
66000000.0	-13.3886889992
68000000.0	0.64601591064
70000000.0	13.3910070013
72000000.0	15.8672368476
74000000.0	6.00641384867
76000000.0	-9.13144006361
78000000.0	-13.742251632
80000000.0	-7.87738513412
82000000.0	2.02105339809
84000000.0	7.13899031439
86000000.0	4.43267525176
88000000.0	-2.67168554704
90000000.0	-6.52534439275
92000000.0	-2.82167482967
94000000.0	4.47789537885
96000000.0	10.101261072
98000000.0	6.23201624613
100000000.0	-3.20346900449
102000000.0	-11.8276094221
104000000.0	-9.83215808678
106000000.0	-2.06441805034
108000000.0	9.58305134273
110000000.0	12.4737783399
112000000.0	5.57412112631
114000000.0	-3.8014856925
116000000.0	-12.5242867111
118000000.0	-9.37304072595
120000000.0	1.19886823104
122000000.0	7.55966406064
124000000.0	4.73290059941
126000000.0	2.19980169711
128000000.0	-6.58631441479
130000000.0	-5.58324007407
132000000.0	0.911206581176
134000000.0	6.80351659688
136000000.0	5.29362155593
138000000.0	0.115172150312
140000000.0	-6.80517036135
142000000.0	-6.87330925586
144000000.0	0.151041914566
146000000.0	8.24457160719
148000000.0	8.72177194961
150000000.0	3.35106769082
152000000.0	-6.13197606564
154000000.0	-10.5722149006
156000000.0	-4.93396938975
158000000.0	3.39159797813
160000000.0	9.43327493796
162000000.0	7.31418514675
164000000.0	-1.25520500056
166000000.0	-7.38348075809
168000000.0	-7.34415394752
170000000.0	0.954970984296
172000000.0	6.59647911732
174000000.0	7.25924829027
176000000.0	1.11007073727
178000000.0	-6.04141979509
180000000.0	-5.90883143817
182000000.0	-1.88800409347
184000000.0	7.06375479946
186000000.0	7.54510859108
188000000.0	2.24208071344
190000000.0	-6.54341141655
192000000.0	-10.5485146499
194000000.0	-2.41527597804
196000000.0	4.75816403513
198000000.0	10.5192903823
200000000.0	5.70186728704
202000000.0	-1.85182309113
204000000.0	-10.5130424997
206000000.0	-8.11954238243
208000000.0	-0.377248222553
210000000.0	8.71070871818
212000000.0	9.00050182361
214000000.0	1.8674147175
216000000.0	-6.89094548923
218000000.0	-7.27839872704
220000000.0	-0.877999132491
222000000.0	7.75194125843
224000000.0	10.2164134741
226000000.0	1.41741618032
228000000.0	-8.70291209343
230000000.0	-13.4187602692
232000000.0	-4.49116727947
234000000.0	8.78207902836
236000000.0	15.2630804794
238000000.0	9.90237073475
240000000.0	-4.78540343948
242000000.0	-15.1103543257
244000000.0	-14.3411704091
246000000.0	0.586867859677
248000000.0	13.2289337491
250000000.0	17.2729392425
252000000.0	2.00551460006
254000000.0	-13.8766398242
256000000.0	-15.9046762684
258000000.0	0.0528597702731
260000000.0	17.6666067604
262000000.0	17.4311110496
264000000.0	-1.64449989425
266000000.0	-23.3220466621
268000000.0	-26.3360322611
270000000.0	-2.64827929594
272000000.0	28.9211614711
274000000.0	40.741053101
276000000.0	19.1842565194
278000000.0	-25.4883939245
280000000.0	-54.3364938967
282000000.0	-37.0709823438
284000000.0	16.0334429693
286000000.0	57.2183659145
288000000.0	45.9784217245
290000000.0	-15.6580290185
292000000.0	-67.0198590942
294000000.0	-36.3056030197
296000000.0	91.4743158931
298000000.0	233.968864681
300000000.0	-557.298264485
302000000.0	203.983560108
304000000.0	122.529779347
306000000.0	49.5759184783
308000000.0	-9.97021516072
310000000.0	-48.5238555256
312000000.0	-52.7974301872
314000000.0	-27.0227319652
316000000.0	13.1310922764
318000000.0	35.6264222412
320000000.0	31.1248183144
322000000.0	6.04194285264
324000000.0	-16.2243904093
326000000.0	-23.7578413271
328000000.0	-8.1848249591
330000000.0	9.50403968895
332000000.0	12.8811051624
334000000.0	3.79966423938
336000000.0	-6.5116071639
338000000.0	-10.5009263936
340000000.0	-5.69800204542
342000000.0	9.7233748513
344000000.0	14.6371721901
346000000.0	6.19658923999
348000000.0	-8.61376918284
350000000.0	-17.6528497404
352000000.0	-9.53203392136
354000000.0	6.57624708374
356000000.0	17.0117276869
358000000.0	13.2435604211
360000000.0	-0.659031860302
362000000.0	-10.7839440127
364000000.0	-12.5012857652
366000000.0	-0.735439030939
368000000.0	7.5688095915
370000000.0	8.90845954434
372000000.0	2.83546767535
374000000.0	-6.49934559987
376000000.0	-6.72367217262
378000000.0	1.09230172798
380000000.0	4.80309554451
382000000.0	7.70930181698
384000000.0	3.29449501105
386000000.0	-6.3598566963
388000000.0	-9.77766372815
390000000.0	-4.86615115744
392000000.0	3.68161613003
394000000.0	7.23458184062
396000000.0	5.94007476083
398000000.0	0.778874619019
400000000.0	-6.19080743939
402000000.0	-4.26132887934
404000000.0	-0.623992942999
406000000.0	4.86763378292
408000000.0	3.87543841088
410000000.0	0.541132093932
412000000.0	-3.6161336078
414000000.0	-4.27376578957
416000000.0	0.468652629002
418000000.0	3.90855503549
420000000.0	4.64476541238
422000000.0	1.35173212498
424000000.0	-3.68516643605
426000000.0	-5.1725777402
428000000.0	-3.98661480506
430000000.0	1.12424791659
432000000.0	4.4494850409
434000000.0	3.22930483755
436000000.0	0.689290927894
438000000.0	-4.63383761785
440000000.0	-2.8884556795
442000000.0	-0.976316814751
444000000.0	1.75688271107
446000000.0	3.67265321445
448000000.0	-0.634487563353
450000000.0	-1.63082650284
452000000.0	-2.80764212437
454000000.0	0.094375770198
456000000.0	3.18586783094
458000000.0	2.96337934305
460000000.0	-0.0165121440167
462000000.0	-2.96664477423
464000000.0	-4.11393945072
466000000.0	-1.48547549469
468000000.0	3.55958520908
470000000.0	3.52408507731
472000000.0	2.48973990128
474000000.0	0.0459959230518
476000000.0	-1.36666568843
478000000.0	-1.33960188377
480000000.0	-0.688338369899
482000000.0	0.621755943749
484000000.0	0.998440342841
486000000.0	1.53734879567
488000000.0	-1.18621379923
490000000.0	-2.09268237683
492000000.0	-0.436671345793
494000000.0	2.22812645346
496000000.0	1.57697214314
498000000.0	0.52425214279
500000000.0	-4.40101581489
502000000.0	-2.39026051482
504000000.0	-2.38659917331
506000000.0	1.12580323749
508000000.0	4.39066820417
510000000.0	2.44664124977
512000000.0	0.389835292916
514000000.0	-1.22591843876
516000000.0	-3.08281173047
518000000.0	0.245730254791
520000000.0	1.9131319643
522000000.0	2.71884379133
524000000.0	0.2811970112
526000000.0	-1.1090416756
528000000.0	-1.65520739297
530000000.0	0.0314048548426
532000000.0	1.45232314072
534000000.0	1.72516239317
536000000.0	1.62293415915
538000000.0	-1.35552409186
540000000.0	-1.10624472161
542000000.0	-1.33495837133
544000000.0	0.828869740601
546000000.0	2.23637619685
548000000.0	1.2383469801
550000000.0	1.24623490887
552000000.0	-2.09821054818
554000000.0	-2.17031071371
556000000.0	-0.0223470806749
558000000.0	1.27023935168
560000000.0	1.97217740929
562000000.0	1.03712124844
564000000.0	-0.631195214308
566000000.0	-0.618273828176
568000000.0	-1.5747978365
570000000.0	-0.229782729972
572000000.0	0.844062951722
574000000.0	-0.236527444473
576000000.0	-2.00525409792
578000000.0	-0.931869075488
580000000.0	-0.108264218604
582000000.0	0.675901133786
584000000.0	0.597914324068
586000000.0	-0.421197851493
588000000.0	0.157575051805
590000000.0	0.752902142614
592000000.0	0.374319938291
594000000.0	-0.390582600429
596000000.0	-2.32431376648
598000000.0	-2.70385900404
600000000.0	12.7115536239
602000000.0	-5.83228632235
604000000.0	-5.24727346551
606000000.0	-2.06690253354
608000000.0	1.47904546504
610000000.0	2.47401188546
612000000.0	-0.524910920483
614000000.0	0.196474829771
616000000.0	-1.67955795032
618000000.0	0.273732017539
620000000.0	0.0136576197526
622000000.0	-0.246620779905
624000000.0	-3.12756471607
626000000.0	1.97633800346
628000000.0	1.86059341682
630000000.0	-0.16127658318
632000000.0	-0.195871148057
634000000.0	1.91159828581
636000000.0	0.721571692555
638000000.0	1.29860207084
640000000.0	-0.336128112056
642000000.0	-1.43606838496
644000000.0	-1.20836600631
646000000.0	0.0669730909688
648000000.0	0.523034468309
650000000.0	0.977382791159
652000000.0	-0.599911007725
654000000.0	-0.925166193361
656000000.0	-1.61554209776
658000000.0	1.86060277437
660000000.0	1.28989437155
662000000.0	3.31168769983
664000000.0	-0.252537285509
666000000.0	-1.36747499084
668000000.0	-0.860365030714
670000000.0	0.0624238568362
672000000.0	0.881531122029
674000000.0	1.82855961604
676000000.0	0.095599768386
678000000.0	0.259190369854
680000000.0	-0.334742326013
682000000.0	-0.158014857495
684000000.0	0.453565385274
686000000.0	1.29800491395
688000000.0	0.239952713169
690000000.0	-1.13854054693
692000000.0	-0.69413987633
694000000.0	1.15994277731
696000000.0	0.79426181498
698000000.0	1.29403710647
700000000.0	-2.37671790658
702000000.0	2.19124791539
704000000.0	0.162207468546
706000000.0	0.30400772248
708000000.0	0.198516907989
710000000.0	0.727228022309
712000000.0	-0.525012415471
714000000.0	-0.0727431974685
716000000.0	-1.13071260876
718000000.0	0.621420596612
720000000.0	0.00833614604171
722000000.0	1.00384442355
724000000.0	1.31746031875
726000000.0	1.16663276438
728000000.0	-0.722648089656
730000000.0	-1.38802675892
732000000.0	-0.0336005283106
734000000.0	0.255423801315
736000000.0	-0.233356088057
738000000.0	0.591913523508
740000000.0	-0.900043513255
742000000.0	-0.338295629367
744000000.0	0.663877091184
746000000.0	-0.436805492455
748000000.0	0.170624240553
750000000.0	2.76765421682
752000000.0	-1.20212627695
754000000.0	0.635638969083
756000000.0	-0.122435114324
758000000.0	0.581884776694
760000000.0	0.772070932901
762000000.0	0.696656156425
764000000.0	0.0946436927411
766000000.0	-0.152836399218
768000000.0	-0.662913932985
770000000.0	-0.322148025899
772000000.0	1.70724430523
774000000.0	0.344538343415
776000000.0	0.185794113569
778000000.0	-0.304402136893
780000000.0	0.424589580538
782000000.0	0.562276195036
784000000.0	0.736842188672
786000000.0	-0.538141724387
788000000.0	-0.506549458606
790000000.0	-2.55019772608
792000000.0	-0.729247527658
794000000.0	1.12523702887
796000000.0	0.670511970769
798000000.0	1.89853010695
800000000.0	0.726000083379
802000000.0	-1.57584585414
804000000.0	-1.0629736559
806000000.0	-1.67798957785
808000000.0	1.56221124265
810000000.0	1.04468442799
812000000.0	1.07683303335
814000000.0	-0.606091704842
816000000.0	-1.06485847362
818000000.0	-0.915617003213
820000000.0	-1.45407915766
822000000.0	1.9232903026
824000000.0	2.67646062835
826000000.0	-0.655260954278
828000000.0	-2.87283943379
830000000.0	-2.33648525939
832000000.0	-1.16229958617
834000000.0	3.5676237396
836000000.0	2.33281569532
838000000.0	2.54233741061
840000000.0	-1.82031257696
842000000.0	-3.33008693657
844000000.0	-3.90761226056
846000000.0	0.266801407723
848000000.0	3.56430244195
850000000.0	2.22345975826
852000000.0	0.874831596899
854000000.0	-1.80165373512
856000000.0	-4.67730462413
858000000.0	1.28777933234
860000000.0	5.15867316563
862000000.0	3.28695752419
864000000.0	-0.455867639311
866000000.0	-6.52021150568
868000000.0	-6.64917804373
870000000.0	0.89049741411
872000000.0	9.31272686068
874000000.0	10.8322955274
876000000.0	4.55783218741
878000000.0	-7.5861264624
880000000.0	-13.672746468
882000000.0	-9.00177259115
884000000.0	7.369426206
886000000.0	17.2470698572
888000000.0	10.4785676565
890000000.0	-10.2691214696
892000000.0	-23.7628246085
894000000.0	-7.15416591227
896000000.0	44.0589056472
898000000.0	97.5967491805
900000000.0	-228.411669652
902000000.0	80.2673323129
904000000.0	45.4082656482
906000000.0	14.6093378235
908000000.0	-6.88461640885
910000000.0	-14.5763323086
912000000.0	-13.2872729693
914000000.0	-5.91934546039
916000000.0	4.62031261481
918000000.0	8.55549568076
920000000.0	5.52455108606
922000000.0	0.0614999087474
924000000.0	-3.66980702856
926000000.0	-6.21834549947
928000000.0	0.964673723682
930000000.0	3.4606257262
932000000.0	3.21592112842
934000000.0	-0.285046210744
936000000.0	-1.61845499214
938000000.0	-2.9635250843
940000000.0	-0.364888641751
942000000.0	3.83163704753
944000000.0	5.53940495054
946000000.0	0.76394363124
948000000.0	-2.2894398208
950000000.0	-4.17138220395
952000000.0	-0.836041457287
954000000.0	1.42951100239
956000000.0	4.27582422757
958000000.0	3.89598614859
960000000.0	-0.623549951727
962000000.0	-3.99747654099
964000000.0	-2.66509092211
966000000.0	0.43280318167
968000000.0	0.685761658818
970000000.0	2.64409949455
972000000.0	-0.220582502518
974000000.0	-1.74106508903
976000000.0	-2.08604649712
978000000.0	0.191828617741
980000000.0	1.71277216546
982000000.0	2.8328345212
984000000.0	0.551335081555
986000000.0	-2.36744553185
988000000.0	-3.30679794063
990000000.0	-0.734801935552
992000000.0	-0.00294769603105
994000000.0	2.15866705066
996000000.0	1.84769346277
998000000.0	0.979279750831
1000000000.0	-8.59375
1002000000.0	-1.11941501197
1004000000.0	-0.487581373314
1006000000.0	1.76073100518
1008000000.0	0.259144625584
1010000000.0	0.667642937474
1012000000.0	-1.28472336658
1014000000.0	-0.749559332698
1016000000.0	-0.0439110825846
1018000000.0	1.39645195294
1020000000.0	1.23589119232
1022000000.0	-0.125622251307
1024000000.0	-1.58828880358
1026000000.0	-0.232752702425
1028000000.0	-1.68298885057
1030000000.0	-0.353503406833
1032000000.0	-0.193913182816
1034000000.0	1.32462184637
1036000000.0	0.36274613017
1038000000.0	-1.14917467328
1040000000.0	-0.836129459183
1042000000.0	-0.465810354598
1044000000.0	0.50036227889
1046000000.0	1.79100182886
1048000000.0	0.0574934820155
1050000000.0	-0.4918713808
1052000000.0	-0.789467054404
1054000000.0	-0.555069244669
1056000000.0	1.51511466913
1058000000.0	0.77558606791
1060000000.0	-0.12643300192
1062000000.0	-1.14278469164
1064000000.0	-0.533739095324
1066000000.0	-0.354839333483
1068000000.0	0.813235568369
1070000000.0	0.692676534513
1072000000.0	-0.571701187165
1074000000.0	0.213513473278
1076000000.0	0.0307020453705
1078000000.0	0.0732232239877
1080000000.0	-0.244907683019
1082000000.0	-0.0209563508096
1084000000.0	0.236162949165
1086000000.0	-0.638957265738
1088000000.0	-0.37497819968
1090000000.0	0.117230947844
1092000000.0	0.645092188866
1094000000.0	0.0562560566412
1096000000.0	0.170883529646
1098000000.0	0.677388527933
1100000000.0	0.694356988599
1102000000.0	-0.544614644147
1104000000.0	-1.20837184529
1106000000.0	0.427184313085
1108000000.0	1.17811474973
1110000000.0	0.511737762359
1112000000.0	-0.0796664765878
1114000000.0	-0.258270016886
1116000000.0	-1.04759357261
1118000000.0	0.75197285356
1120000000.0	1.12466918525
1122000000.0	2.24192886358
1124000000.0	-0.707850190493
1126000000.0	0.840665132334
1128000000.0	-0.725731858005
1130000000.0	-0.0340996001845
1132000000.0	-1.27079715381
1134000000.0	0.77818327641
1136000000.0	0.310817734012
1138000000.0	-0.490206602669
1140000000.0	1.3759139762
1142000000.0	0.108208786974
1144000000.0	-0.314572660148
1146000000.0	0.617458391409
1148000000.0	0.974514261951
1150000000.0	0.498748407226
1152000000.0	-0.068474857022
1154000000.0	-1.32633850961
1156000000.0	0.777860838683
1158000000.0	0.200091057366
1160000000.0	0.551178693954
1162000000.0	0.611800574367
1164000000.0	-0.0192489351558
1166000000.0	-0.970851271249
1168000000.0	0.281474932396
1170000000.0	-0.352201267251
1172000000.0	0.307213608007
1174000000.0	0.829479177522
1176000000.0	0.531663723717
1178000000.0	-0.130097764064
1180000000.0	0.405750586738
1182000000.0	1.17885555285
1184000000.0	1.39701490984
1186000000.0	-1.04998062723
1188000000.0	-0.641815002263
1190000000.0	-0.250741560386
1192000000.0	1.15038775142
1194000000.0	-0.356292379931
1196000000.0	1.67646659447
1198000000.0	0.61685593255
1200000000.0	-0.356067560606
1202000000.0	1.2978683308
1204000000.0	-0.0364548746168
1206000000.0	-0.593033821768
1208000000.0	-0.207310837546
1210000000.0	-0.688121027148
1212000000.0	0.121989139405
1214000000.0	-0.111806618467
1216000000.0	0.868882971109
1218000000.0	-1.58470823304
1220000000.0	-0.41195978276
1222000000.0	1.17508560056
1224000000.0	0.918354583015
1226000000.0	-0.942994595532
1228000000.0	-0.796236859401
1230000000.0	-0.13721664053
1232000000.0	-0.134070418498
1234000000.0	0.43908005615
1236000000.0	-0.419110305047
1238000000.0	-0.341486798838
1240000000.0	0.00448396697568
1242000000.0	-0.297790825369
1244000000.0	-0.426380935736
1246000000.0	-0.507556859732
1248000000.0	0.601037474112
1250000000.0	-6.45766367082
1252000000.0	-0.913794920327
1254000000.0	0.433927748699
1256000000.0	-0.881679069237
1258000000.0	1.55151526166
1260000000.0	-0.772068558979
1262000000.0	0.680251359642
1264000000.0	-0.846356884558
1266000000.0	1.17110764115
1268000000.0	0.947727707891
1270000000.0	0.625010905916
1272000000.0	-0.730025624613
1274000000.0	1.09203246584
1276000000.0	-0.210620839397
1278000000.0	0.0330694680938
1280000000.0	1.58562059092
1282000000.0	0.297421757949
1284000000.0	0.857536726759
1286000000.0	-0.238293148849
1288000000.0	0.72419966041
1290000000.0	-0.310368024508
1292000000.0	-0.675374302452
1294000000.0	2.05279523948
1296000000.0	1.03185563781
1298000000.0	4.1017719582
1300000000.0	-14.5566243233
1302000000.0	6.33967012299
1304000000.0	3.1259911839
1306000000.0	0.700386602161
1308000000.0	-1.45370785998
1310000000.0	-0.185051859531
1312000000.0	-1.57017270692
1314000000.0	-0.313542875365
1316000000.0	0.614442042697
1318000000.0	1.86852893856
1320000000.0	0.54870626796
1322000000.0	0.760750711435
1324000000.0	-1.0099498757
1326000000.0	-0.314225473546
1328000000.0	-0.540840622611
1330000000.0	-1.15462739451
1332000000.0	-0.363348870029
1334000000.0	-1.18445767592
1336000000.0	-0.587532781897
1338000000.0	-0.287686953216
1340000000.0	0.814876962365
1342000000.0	0.306645596875
1344000000.0	1.15530129813
1346000000.0	-0.919923352375
1348000000.0	-0.312301840608
1350000000.0	0.260737514543
1352000000.0	-0.990521766204
1354000000.0	-0.61000884718
1356000000.0	0.185803615862
1358000000.0	1.23375956502
1360000000.0	0.645005017826
1362000000.0	0.400776199802
1364000000.0	-0.689257932446
1366000000.0	-1.57129232601
1368000000.0	-0.348903856508
1370000000.0	-0.754467647669
1372000000.0	-0.0466476148314
1374000000.0	-3.09564633723
1376000000.0	2.96171997853
1378000000.0	0.421536783269
1380000000.0	1.07356035477
1382000000.0	-0.208371316084
1384000000.0	0.856235737495
1386000000.0	0.560675393214
1388000000.0	1.55890188146
1390000000.0	-1.6092595266
1392000000.0	-1.0526381246
1394000000.0	0.658901556944
1396000000.0	0.771149423372
1398000000.0	1.25250645974
1400000000.0	1.84065439043
1402000000.0	-1.3168581455
1404000000.0	-1.53822071229
1406000000.0	-0.937711945974
1408000000.0	0.23125193444
1410000000.0	-0.0767605846131
1412000000.0	0.31653579505
1414000000.0	-0.529669451863
1416000000.0	-0.123574248709
1418000000.0	0.235585541036
1420000000.0	1.34568511085
1422000000.0	1.34507132077
1424000000.0	0.756737039075
1426000000.0	-2.2038155897
1428000000.0	-0.387010297084
1430000000.0	-0.622655926014
1432000000.0	-0.545710890541
1434000000.0	1.28553272616
1436000000.0	0.804954227769
1438000000.0	0.222785545158
1440000000.0	-1.30350963112
1442000000.0	-2.38007281439
1444000000.0	-0.0692307549376
1446000000.0	0.553338142493
1448000000.0	2.16334167205
1450000000.0	0.0111316882693
1452000000.0	-0.733669247156
1454000000.0	-0.828530364934
1456000000.0	-1.0494849473
1458000000.0	0.449839784155
1460000000.0	0.758839144536
1462000000.0	1.65827078505
1464000000.0	-0.664025967038
1466000000.0	-3.46408960851
1468000000.0	-2.89488662238
1470000000.0	0.63561786468
1472000000.0	3.99323218354
1474000000.0	3.90339145746
1476000000.0	1.26624662275
1478000000.0	-3.14124987872
1480000000.0	-6.65963980616
1482000000.0	-3.99416782532
1484000000.0	3.02183497089
1486000000.0	6.08050356004
1488000000.0	3.45917465371
1490000000.0	-6.70030054587
1492000000.0	-11.386620431
1494000000.0	-1.41983059389
1496000000.0	21.8140614513
1498000000.0	49.5956850141
1500000000.0	-122.973984185
1502000000.0	42.0810585371
1504000000.0	21.6066979298
1506000000.0	7.47734839657
1508000000.0	-3.47832470745
1510000000.0	-6.07794968132
1512000000.0	-5.08763533281
1514000000.0	-0.00795535555016
1516000000.0	2.75772866644
1518000000.0	2.39962399734
1520000000.0	1.03106696756
1522000000.0	-0.250250640552
1524000000.0	0.785085889213
1526000000.0	-3.37751903002
1528000000.0	0.345728240155
1530000000.0	0.0775324736325
1532000000.0	1.23419692762
1534000000.0	-0.888067857884
1536000000.0	-1.4640660082
1538000000.0	-0.739604204108
1540000000.0	-0.148846961692
1542000000.0	2.05663543714
1544000000.0	1.38779536974
1546000000.0	0.784936869814
1548000000.0	-1.16013282966
1550000000.0	-2.32457327213
1552000000.0	0.0123725665866
1554000000.0	1.06088742855
1556000000.0	1.77354144768
1558000000.0	1.25355923079
1560000000.0	-1.904412866
1562000000.0	-1.4527183057
1564000000.0	-1.04016264998
1566000000.0	1.3209888888
1568000000.0	0.449555333558
1570000000.0	1.39093300049
1572000000.0	0.476612979212
1574000000.0	-1.08119169793
1576000000.0	0.664310559421
1578000000.0	-0.931501324286
1580000000.0	0.809787190777
1582000000.0	0.653919543825
1584000000.0	0.341655629462
1586000000.0	0.00366181806916
1588000000.0	-0.789810248459
1590000000.0	-0.0460813238131
1592000000.0	1.06409140447
1594000000.0	2.05597408376
1596000000.0	0.597946179988
1598000000.0	-0.186797849417
1600000000.0	-1.33537508338
1602000000.0	-0.252567316074
1604000000.0	0.346436146448
1606000000.0	1.61550510579
1608000000.0	-0.273171722225
1610000000.0	-0.426984752683
1612000000.0	0.612918110311
1614000000.0	-0.601960355384
1616000000.0	1.18430885126
1618000000.0	1.73181719125
1620000000.0	0.472061251081
1622000000.0	0.436207607863
1624000000.0	0.0421249969218
1626000000.0	0.289452088774
1628000000.0	0.050133901082
1630000000.0	0.217729776434
1632000000.0	-0.14345891278
1634000000.0	-0.373256206354
1636000000.0	-0.355339639735
1638000000.0	0.405007692423
1640000000.0	-0.420800900731
1642000000.0	-0.431491381114
1644000000.0	-0.291511346632
1646000000.0	-0.436524834052
1648000000.0	0.734531351506
1650000000.0	-0.460202057241
1652000000.0	-0.210213799018
1654000000.0	0.159256328838
1656000000.0	0.470278625108
1658000000.0	-0.345192486475
1660000000.0	0.400686630684
1662000000.0	0.314794057034
1664000000.0	-1.03204983958
1666000000.0	-0.743546104539
1668000000.0	1.04875963338
1670000000.0	0.104338927476
1672000000.0	-1.27820490205
1674000000.0	-0.61811931239
1676000000.0	-0.152413998548
1678000000.0	-0.266561650199
1680000000.0	1.30298419436
1682000000.0	0.162582161201
1684000000.0	-0.0404968607936
1686000000.0	0.396646945555
1688000000.0	0.799753401419
1690000000.0	-1.01228513347
1692000000.0	0.338947828584
1694000000.0	-0.140497716197
1696000000.0	0.854202615201
1698000000.0	1.37407174772
1700000000.0	1.25275548796
1702000000.0	-0.488546695218
1704000000.0	-0.321900871988
1706000000.0	-0.605621844991
1708000000.0	0.468623364025
1710000000.0	-0.136957348098
1712000000.0	0.149104985403
1714000000.0	-0.140796246296
1716000000.0	0.110658761047
1718000000.0	0.771143877342
1720000000.0	0.120507826246
1722000000.0	-0.111303185748
1724000000.0	-0.541707033365
1726000000.0	0.354902296296
1728000000.0	0.801799040618
1730000000.0	0.563159642778
1732000000.0	0.908790721644
1734000000.0	0.353571519654
1736000000.0	-0.280470251802
1738000000.0	-0.0993012500774
1740000000.0	-0.907135480597
1742000000.0	0.438890604477
1744000000.0	0.271097944684
1746000000.0	0.877412298362
1748000000.0	0.601400674445
1750000000.0	3.16707021146
1752000000.0	-0.696312391866
1754000000.0	-0.80962558774
1756000000.0	1.42961094601
1758000000.0	-0.843948999367
1760000000.0	-0.0051411842648
1762000000.0	0.611425310614
1764000000.0	-0.7004880616
1766000000.0	0.840844430211
1768000000.0	-0.236857093671
1770000000.0	0.187417537034
1772000000.0	-0.836536426619
1774000000.0	0.887379357272
1776000000.0	-0.0533987952132
1778000000.0	1.10903004735
1780000000.0	1.0441069769
1782000000.0	0.519964127042
1784000000.0	-0.452469057227
1786000000.0	0.287851204238
1788000000.0	-1.77989870585
1790000000.0	-1.07996146478
1792000000.0	-0.772336208125
1794000000.0	-0.0856471914359
1796000000.0	1.85400601418
1798000000.0	0.180584656178
1800000000.0	-0.722825301376
1802000000.0	0.225453782485
1804000000.0	-1.02794529749
1806000000.0	-0.615131252719
1808000000.0	1.10668864253
1810000000.0	0.57865759822
1812000000.0	0.640419256801
1814000000.0	0.308073987932
1816000000.0	0.0977780448065
1818000000.0	-0.379201548464
1820000000.0	-0.469822395858
1822000000.0	1.44621709506
1824000000.0	1.22966744784
1826000000.0	0.667301723439
1828000000.0	-0.95853426452
1830000000.0	-0.80096942768
1832000000.0	-0.568776264145
1834000000.0	0.552764230619
1836000000.0	-0.302827317552
1838000000.0	-0.417015143515
1840000000.0	-0.131655234315
1842000000.0	-0.236520012932
1844000000.0	0.112410488837
1846000000.0	0.854535604261
1848000000.0	-0.586043539179
1850000000.0	0.312926878619
1852000000.0	-0.937942156192
1854000000.0	0.650085646359
1856000000.0	0.682365449578
1858000000.0	0.80533960507
1860000000.0	-0.887701438478
1862000000.0	0.430987372121
1864000000.0	-1.24094022011
1866000000.0	-1.88361154809
1868000000.0	-0.317508457701
1870000000.0	-0.125112117665
1872000000.0	0.190197492774
1874000000.0	-1.89160999136
1876000000.0	0.107776772495
1878000000.0	0.594779084284
1880000000.0	-0.202588712331
1882000000.0	1.82040775983
1884000000.0	0.0110743651807
1886000000.0	0.42851570504
1888000000.0	-0.735293624097
1890000000.0	-1.50359750847
1892000000.0	-1.09475587587
1894000000.0	1.04187030427
1896000000.0	7.40382445201
1898000000.0	14.9847564654
1900000000.0	-39.3503671047
1902000000.0	15.865829374
1904000000.0	7.92320171853
1906000000.0	0.60647738182
1908000000.0	-2.45927933304
1910000000.0	-3.2183425147
1912000000.0	0.000584194633526
1914000000.0	2.1124903389
1916000000.0	1.11588288029
1918000000.0	0.0487396645956
1920000000.0	-1.87421577942
1922000000.0	-0.363998183371
1924000000.0	-1.35722914337
1926000000.0	1.23196201701
1928000000.0	0.151753500003
1930000000.0	-0.317603198504
1932000000.0	0.492007532646
1934000000.0	-0.592108561102
1936000000.0	-0.560299921996
1938000000.0	-0.317114476816
1940000000.0	-0.211652323541
1942000000.0	1.62931389416
1944000000.0	0.817333806693
1946000000.0	-0.554898759
1948000000.0	-0.130766959827
1950000000.0	-0.324969375334
1952000000.0	-0.378237501638
1954000000.0	0.302009187566
1956000000.0	0.515396865875
1958000000.0	0.0497399687521
1960000000.0	0.517282953357
1962000000.0	-0.232556220702
1964000000.0	0.131197046725
1966000000.0	-0.76136838445
1968000000.0	-0.291704223065
1970000000.0	-0.959470758145
1972000000.0	-0.300430298472
1974000000.0	-0.315371253893
1976000000.0	1.23947931034
1978000000.0	-0.947849315081
1980000000.0	0.478417340085
1982000000.0	-0.035060344975
1984000000.0	-0.518865605361
1986000000.0	-0.294195239499
1988000000.0	0.264424188456
1990000000.0	-0.0855624461176
1992000000.0	0.47870040543
1994000000.0	-0.33588526462
1996000000.0	0.89153001053
1998000000.0	0.97794116913
2000000000.0	-5.5
