0.0	-47.515655
2000000.0	4.80649609319
4000000.0	10.9620691779
6000000.0	5.61959423274
8000000.0	-2.99536191032
10000000.0	-8.96250580243
12000000.0	-8.49587456124
14000000.0	-1.57374603116
16000000.0	8.94533800106
18000000.0	17.8572377347
20000000.0	17.8847295466
22000000.0	5.88032853027
24000000.0	-14.4091016484
26000000.0	-27.273229491
28000000.0	-23.4801328741
30000000.0	-5.46833956811
32000000.0	12.4673201298
34000000.0	19.3419622725
36000000.0	9.67445096625
38000000.0	0.962740563798
40000000.0	-11.8344024186
42000000.0	-16.4810098675
44000000.0	-10.1576622772
46000000.0	0.192860769836
48000000.0	6.31830547142
50000000.0	6.96735748626
52000000.0	0.17495480944
54000000.0	-5.69344946076
56000000.0	-7.35906258027
58000000.0	-1.69179754673
60000000.0	2.91756422236
62000000.0	5.47789061283
64000000.0	4.68547556923
66000000.0	-1.14529178127
68000000.0	-3.43054780734
70000000.0	-2.96139521618
72000000.0	1.34193621264
74000000.0	5.37701818871
76000000.0	3.60953881113
78000000.0	-0.414457210864
80000000.0	-3.95922426233
82000000.0	-3.05966876696
84000000.0	1.50188065639
86000000.0	5.07982484716
88000000.0	6.57773604068
90000000.0	0.0736249732049
92000000.0	-4.97064773941
94000000.0	-7.25671890993
96000000.0	-4.55321937623
98000000.0	0.945896409336
100000000.0	6.01303833363
102000000.0	7.25634968636
104000000.0	1.85747578083
106000000.0	-3.224576673
108000000.0	-6.25635545958
110000000.0	-5.04524271077
112000000.0	-0.604246958436
114000000.0	3.91076180235
116000000.0	3.94898612291
118000000.0	1.714954685
120000000.0	-1.85653683448
122000000.0	-3.10480683571
124000000.0	-2.37772788745
126000000.0	2.92250786458
128000000.0	2.98975090312
130000000.0	1.11785588854
132000000.0	-2.29120832228
134000000.0	-2.80212333382
136000000.0	-2.35155594389
138000000.0	2.92543631401
140000000.0	4.64902858013
142000000.0	3.02841333063
144000000.0	-0.74931811127
146000000.0	-4.57675622724
148000000.0	-4.56671832002
150000000.0	-0.636106870372
152000000.0	3.04584013568
154000000.0	4.63560593564
156000000.0	2.33271586194
158000000.0	-1.15847614559
160000000.0	-3.30371703535
162000000.0	-2.90336426443
164000000.0	-0.326644436031
166000000.0	1.7689899433
168000000.0	3.31183828704
170000000.0	0.0411666346492
172000000.0	-1.85729853444
174000000.0	-2.25341748759
176000000.0	-0.314111357405
178000000.0	1.57916685801
180000000.0	2.4101804166
182000000.0	1.40777768544
184000000.0	-2.03071514464
186000000.0	-3.40035376977
188000000.0	-2.40524819407
190000000.0	0.813773957526
192000000.0	4.04486224093
194000000.0	3.23252206634
196000000.0	0.376970945514
198000000.0	-4.1089921642
200000000.0	-5.72355244545
202000000.0	-0.927493914523
204000000.0	2.42611538794
206000000.0	5.11260338987
208000000.0	2.48277770815
210000000.0	-1.88377020693
212000000.0	-4.93507067094
214000000.0	-3.91071587171
216000000.0	-0.181571007011
218000000.0	3.2371556293
220000000.0	5.48861773617
222000000.0	0.635937061177
224000000.0	-2.54113746388
226000000.0	-4.20172635727
228000000.0	-1.96564028919
230000000.0	2.1220455177
232000000.0	4.55735845181
234000000.0	2.34190229097
236000000.0	-2.2316488768
238000000.0	-5.12562909668
240000000.0	-3.40260434081
242000000.0	1.01373032996
244000000.0	6.56707626024
246000000.0	5.13895705631
248000000.0	-0.818864167376
250000000.0	-5.82209637731
252000000.0	-8.08914358381
254000000.0	-2.89372583498
256000000.0	4.96937316532
258000000.0	9.29308000836
260000000.0	7.76649119276
262000000.0	0.532565173672
264000000.0	-9.80896736742
266000000.0	-12.7893139581
268000000.0	-6.138734217
270000000.0	5.36339713855
272000000.0	14.3578344239
274000000.0	13.8343978433
276000000.0	1.95305725914
278000000.0	-12.7554985763
280000000.0	-18.2240844965
282000000.0	-6.06233744275
284000000.0	15.3170752839
286000000.0	22.9929603401
288000000.0	2.509872983
290000000.0	-33.6775704998
292000000.0	-46.1995417506
294000000.0	6.37316804668
296000000.0	123.340890955
298000000.0	251.60638934
300000000.0	-644.537835891
302000000.0	231.37103019
304000000.0	127.625856899
306000000.0	34.6924768356
308000000.0	-21.9144116508
310000000.0	-38.1420799803
312000000.0	-29.1561980425
314000000.0	-10.3721097588
316000000.0	9.06252488174
318000000.0	18.4128353737
320000000.0	14.9524462078
322000000.0	3.64730772954
324000000.0	-8.81067614512
326000000.0	-12.2255991239
328000000.0	-4.90718477471
330000000.0	5.79917959204
332000000.0	9.90708462891
334000000.0	4.32854060837
336000000.0	-4.31393675567
338000000.0	-8.59555546449
340000000.0	-4.7997708077
342000000.0	4.38082278975
344000000.0	8.23512028879
346000000.0	5.66774001368
348000000.0	-2.70469359342
350000000.0	-6.93002822364
352000000.0	-6.23920935266
354000000.0	1.1491389863
356000000.0	6.1496830701
358000000.0	6.33955352953
360000000.0	1.01733032854
362000000.0	-4.10999404466
364000000.0	-6.37121491188
366000000.0	-4.54981025647
368000000.0	1.25187480326
370000000.0	5.43715761352
372000000.0	5.70256041584
374000000.0	1.77289682837
376000000.0	-2.64433594367
378000000.0	-5.24651913745
380000000.0	-3.5322698608
382000000.0	0.561675403853
384000000.0	2.53167447912
386000000.0	2.55709244044
388000000.0	0.559925130344
390000000.0	-1.56248361449
392000000.0	-2.0573629328
394000000.0	-0.0984314590368
396000000.0	2.24529696493
398000000.0	2.48207321984
400000000.0	0.680065876769
402000000.0	-3.48135818313
404000000.0	-2.64808432354
406000000.0	-1.53056732472
408000000.0	1.32711160745
410000000.0	3.8006591483
412000000.0	3.65982997072
414000000.0	0.855254344487
416000000.0	-1.13104715302
418000000.0	-3.20577301717
420000000.0	-2.11234230033
422000000.0	0.64691304109
424000000.0	1.90960470967
426000000.0	1.7516479605
428000000.0	-0.0405820505902
430000000.0	-1.64237776727
432000000.0	-1.18569410778
434000000.0	0.419688792373
436000000.0	1.04888906837
438000000.0	2.37201574797
440000000.0	0.304248750377
442000000.0	-0.878215458079
444000000.0	-2.36145327765
446000000.0	-0.829631706145
448000000.0	0.903154262411
450000000.0	1.51332272622
452000000.0	1.54499090375
454000000.0	0.282138842517
456000000.0	-0.781878908269
458000000.0	-1.01007633955
460000000.0	-0.295145929685
462000000.0	1.64101310596
464000000.0	1.56734111634
466000000.0	-0.079566859989
468000000.0	-0.31495215552
470000000.0	-2.45534271254
472000000.0	-2.00142578148
474000000.0	-0.348987963986
476000000.0	1.45169344699
478000000.0	2.58946523556
480000000.0	1.44740310273
482000000.0	-0.520001146452
484000000.0	-0.682932203593
486000000.0	-1.19998340875
488000000.0	0.636806575825
490000000.0	1.05775583798
492000000.0	0.340397781804
494000000.0	-0.193202651106
496000000.0	-0.490821993023
498000000.0	-0.33409727853
500000000.0	-0.430439761913
502000000.0	0.71733411397
504000000.0	0.70962352947
506000000.0	0.36468704011
508000000.0	-0.167326725579
510000000.0	-0.994417584112
512000000.0	-0.36156439047
514000000.0	-0.0934882895661
516000000.0	1.19685682738
518000000.0	1.34933477561
520000000.0	0.272899826311
522000000.0	0.0210003114164
524000000.0	-0.980367088545
526000000.0	-0.818621420211
528000000.0	0.603708460109
530000000.0	0.443210387515
532000000.0	0.962730751038
534000000.0	-0.251317070023
536000000.0	-0.508090766208
538000000.0	-1.44114028094
540000000.0	-0.311828028391
542000000.0	0.426856759782
544000000.0	1.06695390746
546000000.0	0.709914415795
548000000.0	0.578211648397
550000000.0	-0.350777916357
552000000.0	-0.136089475952
554000000.0	-0.401097054331
556000000.0	0.476991053712
558000000.0	-0.0480789313508
560000000.0	0.703058331709
562000000.0	0.882388922918
564000000.0	0.605138713477
566000000.0	0.370958657092
568000000.0	0.487613617827
570000000.0	0.626941060564
572000000.0	0.779759058159
574000000.0	-0.104598071397
576000000.0	0.00905479619608
578000000.0	-0.46045851296
580000000.0	0.0380649196905
582000000.0	0.945249241586
584000000.0	0.590467876627
586000000.0	0.215253218751
588000000.0	0.283660348743
590000000.0	-0.549831457586
592000000.0	0.0747560195175
594000000.0	0.131676317326
596000000.0	-1.2009102203
598000000.0	-1.42829521383
600000000.0	3.93703471419
602000000.0	-1.26989221597
604000000.0	-0.69548016361
606000000.0	-0.423040521153
608000000.0	0.30132735355
610000000.0	0.492849285436
612000000.0	-0.105408679648
614000000.0	0.0527936270786
616000000.0	0.421980036654
618000000.0	-0.422051003015
620000000.0	0.0286950218574
622000000.0	-0.3337990297
624000000.0	-0.0297294354969
626000000.0	-0.989303879348
628000000.0	-0.291917032348
630000000.0	0.469839480769
632000000.0	0.648000928944
634000000.0	-0.916998095255
636000000.0	-0.042032781055
638000000.0	-0.708081689595
640000000.0	-0.208650359637
642000000.0	-0.277851427779
644000000.0	-0.760959013769
646000000.0	-0.0389244600614
648000000.0	-0.752510351403
650000000.0	0.21934703377
652000000.0	0.0135500892428
654000000.0	0.278124416158
656000000.0	0.536300134798
658000000.0	0.460260306285
660000000.0	0.315063456084
662000000.0	-0.336873205734
664000000.0	-0.508336263148
666000000.0	-0.438354411206
668000000.0	0.532327641179
670000000.0	1.26344951306
672000000.0	0.563850695016
674000000.0	-1.13098956323
676000000.0	-0.607196888201
678000000.0	0.528236892398
680000000.0	0.227893555862
682000000.0	0.283859315008
684000000.0	0.0727475091918
686000000.0	-0.484058346622
688000000.0	-0.635341399997
690000000.0	-0.225877915725
692000000.0	0.279139464309
694000000.0	-0.261960981003
696000000.0	0.865323130655
698000000.0	0.973721686439
700000000.0	-1.2844152208
702000000.0	0.434637867242
704000000.0	-0.157035695824
706000000.0	0.0708047318174
708000000.0	0.15805298436
710000000.0	0.604394528922
712000000.0	-0.680349474151
714000000.0	-0.889900624969
716000000.0	-0.298859711513
718000000.0	-0.31958374338
720000000.0	0.0174030652007
722000000.0	1.14579984162
724000000.0	0.813064958219
726000000.0	0.472003026733
728000000.0	-1.35953459538
730000000.0	-0.180159057926
732000000.0	0.459083281999
734000000.0	0.577321263126
736000000.0	0.936746859185
738000000.0	0.625069816192
740000000.0	-0.0829897945656
742000000.0	-1.3660547915
744000000.0	-1.39310877291
746000000.0	0.32167118836
748000000.0	0.828967980328
750000000.0	1.24738023371
752000000.0	0.485541866202
754000000.0	-1.10841090077
756000000.0	-0.701801996736
758000000.0	0.428541017438
760000000.0	-0.380916737082
762000000.0	1.04184486724
764000000.0	-0.12846362469
766000000.0	-0.710374908177
768000000.0	-0.315561162747
770000000.0	-0.900127430494
772000000.0	-0.0199356561483
774000000.0	0.473931976128
776000000.0	0.386899985618
778000000.0	-0.0553948135265
780000000.0	-0.978897763698
782000000.0	-0.31054195336
784000000.0	-0.263962120415
786000000.0	0.573862343988
788000000.0	1.29306280871
790000000.0	1.9185882417
792000000.0	0.602258715759
794000000.0	-0.836279530866
796000000.0	-1.81529681349
798000000.0	-0.603166357324
800000000.0	-0.58166179263
802000000.0	1.32356518584
804000000.0	0.309535828287
806000000.0	-0.412252347942
808000000.0	-1.24314976563
810000000.0	-1.26574821744
812000000.0	0.545288296177
814000000.0	0.96717435262
816000000.0	1.39359824869
818000000.0	-0.497358420647
820000000.0	-1.08864185141
822000000.0	-1.47049746339
824000000.0	-0.307405307162
826000000.0	0.860502080495
828000000.0	2.10294484668
830000000.0	1.78714902713
832000000.0	0.498032572802
834000000.0	-0.855325711669
836000000.0	-2.59547268893
838000000.0	-1.08880714771
840000000.0	0.363976491523
842000000.0	1.48961287506
844000000.0	1.66815069131
846000000.0	-0.605129402056
848000000.0	-2.33030971146
850000000.0	-2.85122131993
852000000.0	-0.153470256035
854000000.0	0.795100451445
856000000.0	1.78203946295
858000000.0	1.23265345886
860000000.0	-1.70998779228
862000000.0	-2.42786645087
864000000.0	-1.18409135453
866000000.0	1.01067433054
868000000.0	3.63778863124
870000000.0	0.343936906134
872000000.0	-1.49026587788
874000000.0	-3.95097906498
876000000.0	-1.75552028222
878000000.0	1.39789875023
880000000.0	5.33038117474
882000000.0	6.23664233511
884000000.0	1.87319153618
886000000.0	-3.29656243018
888000000.0	-8.04383174602
890000000.0	-9.80664326854
892000000.0	-4.38905031912
894000000.0	9.13477037465
896000000.0	33.5020448902
898000000.0	63.1228410275
900000000.0	-172.732932855
902000000.0	65.8120689273
904000000.0	33.0504361686
906000000.0	2.411556705
908000000.0	-12.4590121988
910000000.0	-9.94956742246
912000000.0	0.763863598353
914000000.0	6.51440020115
916000000.0	4.79804910313
918000000.0	-1.06414104481
920000000.0	-4.78377316859
922000000.0	-3.24489129646
924000000.0	1.50833565226
926000000.0	3.6486969382
928000000.0	3.50706208686
930000000.0	1.50308673775
932000000.0	-1.33126935979
934000000.0	-3.44827158392
936000000.0	-1.723193074
938000000.0	0.215704958517
940000000.0	1.88450245217
942000000.0	2.28804980382
944000000.0	0.721546583206
946000000.0	0.0955153989747
948000000.0	-1.29676028662
950000000.0	-1.81923078499
952000000.0	-0.0499705798788
954000000.0	1.40723888904
956000000.0	1.63429666397
958000000.0	1.24962268499
960000000.0	-0.255683976849
962000000.0	-1.27685839598
964000000.0	-1.73745697703
966000000.0	0.98747850177
968000000.0	-0.234780193075
970000000.0	0.808522743728
972000000.0	-0.497460960176
974000000.0	-1.65505261631
976000000.0	-0.177902741654
978000000.0	0.418371678786
980000000.0	0.388196312783
982000000.0	0.62905261585
984000000.0	-0.618250367652
986000000.0	-1.45200226679
988000000.0	-1.26819675606
990000000.0	0.372470213287
992000000.0	-0.0130507076419
994000000.0	0.78417702931
996000000.0	1.27057959012
998000000.0	-0.232299782128
1000000000.0	-2.062505
1002000000.0	0.220372507376
1004000000.0	-0.450982972648
1006000000.0	-0.927763646141
1008000000.0	1.22196825209
1010000000.0	0.380036707153
1012000000.0	0.217479588574
1014000000.0	-0.473347466362
1016000000.0	0.185389468284
1018000000.0	-0.154012433076
1020000000.0	0.159621902899
1022000000.0	0.589845263429
1024000000.0	-0.332862016756
1026000000.0	-0.585113034249
1028000000.0	0.280884110404
1030000000.0	0.246811025267
1032000000.0	-0.547118496442
1034000000.0	0.77662683706
1036000000.0	0.1506371701
1038000000.0	-0.0297736532822
1040000000.0	-0.265536004315
1042000000.0	-0.581924535152
1044000000.0	0.387922037813
1046000000.0	1.32569206708
1048000000.0	0.72408694903
1050000000.0	0.0758993064699
1052000000.0	-0.754395992829
1054000000.0	-0.85005489881
1056000000.0	-0.451783569121
1058000000.0	0.707595610673
1060000000.0	0.608104857399
1062000000.0	0.284126512781
1064000000.0	0.182558249993
1066000000.0	-0.257265326679
1068000000.0	0.169598810342
1070000000.0	0.434473921424
1072000000.0	0.243298365365
1074000000.0	-0.433827176826
1076000000.0	0.333449491262
1078000000.0	-0.195045961844
1080000000.0	-0.480682900348
1082000000.0	0.429706330737
1084000000.0	0.230692935136
1086000000.0	-0.435617256929
1088000000.0	0.818565980227
1090000000.0	0.809209257286
1092000000.0	-0.0126709462388
1094000000.0	-0.496898089482
1096000000.0	-0.137981389417
1098000000.0	-0.32957625166
1100000000.0	1.61483762076
1102000000.0	0.301541003173
1104000000.0	-0.389569090879
1106000000.0	-0.463743436803
1108000000.0	0.104954120183
1110000000.0	0.227313117013
1112000000.0	-0.177232774287
1114000000.0	0.12385355938
1116000000.0	0.498815546879
1118000000.0	-0.0329652541204
1120000000.0	0.116507809633
1122000000.0	-0.0805784906862
1124000000.0	0.351012739892
1126000000.0	-0.0072392600517
1128000000.0	0.523024825579
1130000000.0	-0.943596145554
1132000000.0	-1.01037076352
1134000000.0	-0.716657244498
1136000000.0	0.316110953836
1138000000.0	0.188580378538
1140000000.0	0.280162974544
1142000000.0	-0.262268303914
1144000000.0	-0.165049931248
1146000000.0	0.361929797002
1148000000.0	-0.0744794474536
1150000000.0	-0.0788297170674
1152000000.0	0.717433727315
1154000000.0	0.807544981374
1156000000.0	-0.667664758033
1158000000.0	-0.405517196346
1160000000.0	0.305923643926
1162000000.0	-0.0172753145266
1164000000.0	0.935879270905
1166000000.0	-0.276316496574
1168000000.0	-0.374103824956
1170000000.0	-0.401417157856
1172000000.0	-0.370384405149
1174000000.0	-0.273841685684
1176000000.0	-0.226226601567
1178000000.0	0.128048372197
1180000000.0	-0.282041982644
1182000000.0	0.00449831706715
1184000000.0	-0.793830336434
1186000000.0	-0.388947915833
1188000000.0	-0.0536856605954
1190000000.0	-0.300814173096
1192000000.0	0.959437850256
1194000000.0	-0.330302682459
1196000000.0	-1.4421100369
1198000000.0	-2.47161040586
1200000000.0	7.40583412323
1202000000.0	-2.04952451549
1204000000.0	-0.761290844074
1206000000.0	0.800343103472
1208000000.0	0.331659661609
1210000000.0	-0.346788711028
1212000000.0	-0.180792726811
1214000000.0	-0.250374939145
1216000000.0	0.0192412821018
1218000000.0	0.230168196256
1220000000.0	-0.867512791005
1222000000.0	0.139562574421
1224000000.0	-0.594973353321
1226000000.0	-0.181230423104
1228000000.0	0.0547896081451
1230000000.0	-0.000770641348583
1232000000.0	-0.196147997759
1234000000.0	-0.093978534732
1236000000.0	0.508525009789
1238000000.0	0.183439636877
1240000000.0	0.592641957712
1242000000.0	-0.0213431394822
1244000000.0	0.615048602219
1246000000.0	-0.198326444581
1248000000.0	-0.637105690648
1250000000.0	0.851944627237
1252000000.0	0.0822502678952
1254000000.0	-0.869279068311
1256000000.0	-1.20458565907
1258000000.0	0.105322977439
1260000000.0	-0.250014831172
1262000000.0	-1.28340964981
1264000000.0	0.105317781647
1266000000.0	-0.0662005617107
1268000000.0	0.265968733826
1270000000.0	-0.256160050182
1272000000.0	0.0951301800563
1274000000.0	-0.771982885868
1276000000.0	0.499359369861
1278000000.0	0.369524079529
1280000000.0	0.219273014771
1282000000.0	0.01644133207
1284000000.0	0.420665822656
1286000000.0	-0.205723796388
1288000000.0	-0.41304544963
1290000000.0	-0.589718060054
1292000000.0	0.258293658217
1294000000.0	-0.252419108669
1296000000.0	0.415535252023
1298000000.0	0.526081189843
1300000000.0	-1.38431951697
1302000000.0	0.245679034683
1304000000.0	0.0471710497927
1306000000.0	-0.22212391683
1308000000.0	0.367766311114
1310000000.0	-0.458430759091
1312000000.0	0.691838364321
1314000000.0	-0.255616838629
1316000000.0	0.589925532941
1318000000.0	0.116992787248
1320000000.0	0.131131651823
1322000000.0	0.372093799975
1324000000.0	0.540658010021
1326000000.0	-0.37647043072
1328000000.0	-0.208317631691
1330000000.0	0.487485379593
1332000000.0	-0.214423006
1334000000.0	-0.0965632544337
1336000000.0	0.345802685047
1338000000.0	0.61449820973
1340000000.0	0.228245562415
1342000000.0	0.170022371215
1344000000.0	0.320645281824
1346000000.0	-0.334715676727
1348000000.0	-0.214685782515
1350000000.0	-0.489269281194
1352000000.0	-0.00507891935193
1354000000.0	-0.0175575658289
1356000000.0	-0.451611664466
1358000000.0	0.340373235019
1360000000.0	-0.868173689441
1362000000.0	-0.13405302679
1364000000.0	-0.701183762714
1366000000.0	0.0259414491842
1368000000.0	0.0338489918134
1370000000.0	-0.124737063034
1372000000.0	-0.016886131305
1374000000.0	1.02425346156
1376000000.0	-0.0247166230329
1378000000.0	0.422739358736
1380000000.0	-0.279133269131
1382000000.0	-0.0658997004482
1384000000.0	0.166528056714
1386000000.0	0.62677036771
1388000000.0	0.575146203621
1390000000.0	0.491190394303
1392000000.0	0.177625421769
1394000000.0	-1.12158847491
1396000000.0	-0.185113640862
1398000000.0	-0.307102354122
1400000000.0	1.14335990747
1402000000.0	-0.71011020925
1404000000.0	-0.511617094624
1406000000.0	-0.910726787178
1408000000.0	0.0745271399346
1410000000.0	0.0642751437148
1412000000.0	0.636927340814
1414000000.0	0.492179880808
1416000000.0	0.78009812109
1418000000.0	0.115503144949
1420000000.0	-0.554390222826
1422000000.0	-0.165025777907
1424000000.0	0.191930099725
1426000000.0	0.766389863614
1428000000.0	0.663988232578
1430000000.0	-0.0390640339482
1432000000.0	0.287752944195
1434000000.0	-0.168544516206
1436000000.0	-0.325589021506
1438000000.0	0.20349144282
1440000000.0	0.612749279035
1442000000.0	-0.498587175791
1444000000.0	-0.225889421077
1446000000.0	-0.641976727099
1448000000.0	-0.768243041991
1450000000.0	0.629434389344
1452000000.0	0.272052248866
1454000000.0	0.164205132053
1456000000.0	-0.244166780456
1458000000.0	-0.503534117243
1460000000.0	-1.6416825065
1462000000.0	-0.359769723729
1464000000.0	1.26276452414
1466000000.0	1.13550282015
1468000000.0	1.19541589838
1470000000.0	0.25520416801
1472000000.0	-1.94585409771
1474000000.0	-1.69352352619
1476000000.0	-0.77331996767
1478000000.0	1.64102619026
1480000000.0	2.72400220472
1482000000.0	1.50569401225
1484000000.0	-1.76823104609
1486000000.0	-3.66333515705
1488000000.0	-2.84370581343
1490000000.0	1.66997010553
1492000000.0	3.68237159728
1494000000.0	1.35008414768
1496000000.0	-5.17226089443
1498000000.0	-14.0660938166
1500000000.0	33.9301697619
1502000000.0	-9.03174285575
1504000000.0	-6.37987453921
1506000000.0	-3.6704974236
1508000000.0	0.185437945869
1510000000.0	2.13617886008
1512000000.0	3.52366281621
1514000000.0	2.49757085282
1516000000.0	0.567656858103
1518000000.0	-2.01234184824
1520000000.0	-2.20639010459
1522000000.0	-1.12608802184
1524000000.0	0.617105346575
1526000000.0	2.01681530884
1528000000.0	1.48307965899
1530000000.0	0.92626168439
1532000000.0	-1.34495544611
1534000000.0	-0.535658863855
1536000000.0	0.377984710349
1538000000.0	1.50339684094
1540000000.0	1.23692055977
1542000000.0	0.0744783914585
1544000000.0	-0.170537302632
1546000000.0	-0.520424812094
1548000000.0	0.393014174788
1550000000.0	0.326592215078
1552000000.0	1.08107285383
1554000000.0	1.36976218363
1556000000.0	-0.370260879735
1558000000.0	-0.721522460137
1560000000.0	-0.0587346017813
1562000000.0	0.215550841965
1564000000.0	-0.245787077882
1566000000.0	0.908072041254
1568000000.0	0.593947564008
1570000000.0	-0.760159384731
1572000000.0	-0.318113525077
1574000000.0	-0.402582696089
1576000000.0	-0.807434780331
1578000000.0	-0.228582012016
1580000000.0	0.22428398484
1582000000.0	0.112833943758
1584000000.0	0.70965766079
1586000000.0	-0.437117442067
1588000000.0	-0.0483241560299
1590000000.0	-0.69090586595
1592000000.0	-0.0346997367958
1594000000.0	-0.17723715668
1596000000.0	0.0692178962066
1598000000.0	-0.145370646593
1600000000.0	-0.73872320737
1602000000.0	0.873918914197
1604000000.0	1.02010989969
1606000000.0	-0.000999341546916
1608000000.0	-0.266468567211
1610000000.0	0.0239139700107
1612000000.0	-0.335550870487
1614000000.0	-0.696438314654
1616000000.0	-0.0146984706102
1618000000.0	0.724287243747
1620000000.0	0.63343937391
1622000000.0	-0.167586002727
1624000000.0	0.589740569549
1626000000.0	0.348257229274
1628000000.0	0.209873527147
1630000000.0	0.695662653202
1632000000.0	-0.00692281803571
1634000000.0	0.0698583639121
1636000000.0	-0.439977791679
1638000000.0	0.0576415829219
1640000000.0	-0.411553780867
1642000000.0	-0.883417162838
1644000000.0	-0.180947271439
1646000000.0	0.429477691492
1648000000.0	-0.0304539157307
1650000000.0	-0.161295775616
1652000000.0	-0.733142798106
1654000000.0	-0.00134381652013
1656000000.0	-0.217515349899
1658000000.0	0.224435407388
1660000000.0	-0.0862382438516
1662000000.0	0.30236680774
1664000000.0	0.243523409986
1666000000.0	-0.765703326772
1668000000.0	0.8145228522
1670000000.0	0.541866172279
1672000000.0	0.597929564018
1674000000.0	0.169141009234
1676000000.0	-1.16040056777
1678000000.0	-0.743427238713
1680000000.0	-0.0410291579883
1682000000.0	-0.398641373331
1684000000.0	0.115893903685
1686000000.0	0.124491189923
1688000000.0	0.745039231982
1690000000.0	-0.0783848168144
1692000000.0	0.122741612869
1694000000.0	-0.0164033303149
1696000000.0	-0.443633294814
1698000000.0	-0.0155058496513
1700000000.0	-1.08363366768
1702000000.0	0.226539872013
1704000000.0	0.163841289907
1706000000.0	-0.283397795882
1708000000.0	-0.411990911176
1710000000.0	0.119886836262
1712000000.0	-0.293600844724
1714000000.0	0.0847162578204
1716000000.0	-0.116326992132
1718000000.0	-0.175469477444
1720000000.0	0.335460628721
1722000000.0	-0.086185370036
1724000000.0	-0.174932393502
1726000000.0	-0.239616273607
1728000000.0	-0.0203870851928
1730000000.0	-0.144634722166
1732000000.0	-0.0822686581426
1734000000.0	0.0152945194953
1736000000.0	0.391034174145
1738000000.0	-0.338363292663
1740000000.0	0.66248396036
1742000000.0	-0.214857545511
1744000000.0	-0.217467120915
1746000000.0	0.210604133014
1748000000.0	-0.378050153172
1750000000.0	-0.652248483634
1752000000.0	-0.0538515098698
1754000000.0	-0.359937887364
1756000000.0	-0.660283006824
1758000000.0	0.111301928559
1760000000.0	0.0522778675133
1762000000.0	0.496988992121
1764000000.0	-0.017834858245
1766000000.0	0.183109993818
1768000000.0	0.831024729818
1770000000.0	0.257804489787
1772000000.0	-0.409428330474
1774000000.0	-0.198582582041
1776000000.0	0.378132515287
1778000000.0	-0.0108488663114
1780000000.0	0.429689295256
1782000000.0	-0.117486450921
1784000000.0	0.125233857571
1786000000.0	0.132280158324
1788000000.0	-0.165169344776
1790000000.0	-0.0052308876305
1792000000.0	-0.343079271395
1794000000.0	0.267117849632
1796000000.0	-0.017099791931
1798000000.0	-0.367033020213
1800000000.0	-0.341387176207
1802000000.0	0.659079223481
1804000000.0	-0.362363568064
1806000000.0	0.236272209175
1808000000.0	-0.862667392618
1810000000.0	-0.264884775377
1812000000.0	0.348780409016
1814000000.0	0.0783375109202
1816000000.0	0.246253624743
1818000000.0	-0.374432981744
1820000000.0	0.133586911822
1822000000.0	0.232651573703
1824000000.0	0.221197197159
1826000000.0	-0.529818381622
1828000000.0	-0.031112521051
1830000000.0	-0.414223806244
1832000000.0	0.0823732983978
1834000000.0	-0.120406387258
1836000000.0	0.0963165706628
1838000000.0	0.757944704917
1840000000.0	0.00470248782512
1842000000.0	-0.0880852363641
1844000000.0	-0.0380756689176
1846000000.0	0.231848811642
1848000000.0	0.230822930375
1850000000.0	-0.0520518746246
1852000000.0	0.357164293618
1854000000.0	0.481440407352
1856000000.0	0.150140617592
1858000000.0	-0.260680165118
1860000000.0	0.57529223799
1862000000.0	-0.0925267373089
1864000000.0	0.137429530891
1866000000.0	0.0318790168636
1868000000.0	0.775227934465
1870000000.0	0.749285086804
1872000000.0	0.0529438727627
1874000000.0	1.02317229264
1876000000.0	-0.928688368304
1878000000.0	0.286261634198
1880000000.0	0.486807141534
1882000000.0	-0.614668757957
1884000000.0	-1.13818825969
1886000000.0	-0.461634872012
1888000000.0	0.525525246688
1890000000.0	1.49460378379
1892000000.0	0.96676569187
1894000000.0	-0.955609599175
1896000000.0	-3.00354589433
1898000000.0	-5.74165950459
1900000000.0	16.9254311966
1902000000.0	-6.7793549061
1904000000.0	-2.89392122428
1906000000.0	-1.0498468056
1908000000.0	0.144036161852
1910000000.0	1.12255060194
1912000000.0	1.04817344859
1914000000.0	0.0615853999034
1916000000.0	-0.730903279474
1918000000.0	0.324152974512
1920000000.0	-0.273143409657
1922000000.0	0.318745898769
1924000000.0	0.811256487704
1926000000.0	-0.623261471704
1928000000.0	0.0474467368569
1930000000.0	0.105055429079
1932000000.0	0.25021888533
1934000000.0	-0.0814122331501
1936000000.0	0.33551707398
1938000000.0	0.421283658766
1940000000.0	-0.187259624243
1942000000.0	-0.215270055609
1944000000.0	-0.546174974508
1946000000.0	-0.0887432317984
1948000000.0	0.111468719136
1950000000.0	0.824278606652
1952000000.0	0.675616930782
1954000000.0	0.069307483572
1956000000.0	-0.75725913182
1958000000.0	-0.334546173976
1960000000.0	-0.0595812428047
1962000000.0	0.616405149149
1964000000.0	0.287591859207
1966000000.0	0.562086106744
1968000000.0	0.0411288635599
1970000000.0	-0.170344056405
1972000000.0	0.488417772746
1974000000.0	0.125367134166
1976000000.0	0.0336208107721
1978000000.0	0.293843733175
1980000000.0	0.27328212179
1982000000.0	0.244423103717
1984000000.0	-0.306090847171
1986000000.0	0.53290403454
1988000000.0	0.428330680674
1990000000.0	0.288252328655
1992000000.0	0.0517800604443
1994000000.0	-0.576913439053
1996000000.0	-0.587614208065
1998000000.0	-0.630687333579
2000000000.0	4.140525
