0.0	-2.839061
2000000.0	0.147715121389
4000000.0	0.402701984692
6000000.0	-0.218314753266
8000000.0	-0.00334190347269
10000000.0	0.138198707608
12000000.0	0.0864157199946
14000000.0	-0.0579849908214
16000000.0	-0.0822493442053
18000000.0	0.0434778826446
20000000.0	0.250825856179
22000000.0	0.439796426605
24000000.0	0.225506896264
26000000.0	-0.316030202116
28000000.0	-0.80101670266
30000000.0	-0.895511804779
32000000.0	-0.511056419357
34000000.0	0.332909721183
36000000.0	1.11015348236
38000000.0	0.947817062115
40000000.0	0.348609316498
42000000.0	-0.269520217893
44000000.0	-0.631639512124
46000000.0	-0.812790841035
48000000.0	-0.453616744387
50000000.0	0.215381400757
52000000.0	0.743897399121
54000000.0	0.991305521436
56000000.0	0.626269500393
58000000.0	-0.00177614135865
60000000.0	-0.728483802733
62000000.0	-0.976259761751
64000000.0	-0.670175859889
66000000.0	-0.0048943390951
68000000.0	0.705181435897
70000000.0	0.948877333482
72000000.0	0.794811190382
74000000.0	0.229754824823
76000000.0	-0.636468371956
78000000.0	-0.886103367844
80000000.0	-0.741396190138
82000000.0	-0.203485994859
84000000.0	0.468111688182
86000000.0	0.853946378853
88000000.0	0.771895459037
90000000.0	0.121872645429
92000000.0	-0.325886131679
94000000.0	-0.61034972799
96000000.0	-0.522825175007
98000000.0	-0.119412606325
100000000.0	0.177985552725
102000000.0	0.507215753522
104000000.0	0.375143331376
106000000.0	0.161783460605
108000000.0	-0.178316904037
110000000.0	-0.165413483074
112000000.0	-0.188808708325
114000000.0	0.0306755551303
116000000.0	0.106249080888
118000000.0	0.131594351216
120000000.0	0.141528734821
122000000.0	0.0226464002396
124000000.0	0.147750818417
126000000.0	-0.163787495897
128000000.0	0.0712860419894
130000000.0	0.19934966898
132000000.0	0.0770286113863
134000000.0	-0.137929546938
136000000.0	-0.220400389853
138000000.0	-0.373214376704
140000000.0	-0.181504242594
142000000.0	0.0590596122605
144000000.0	0.38336302661
146000000.0	0.41120155158
148000000.0	0.1765343753
150000000.0	-0.0649614807112
152000000.0	-0.473753616586
154000000.0	-0.46519825228
156000000.0	-0.257827261641
158000000.0	0.0675156135444
160000000.0	0.409125381004
162000000.0	0.475993559815
164000000.0	0.230609575073
166000000.0	-0.225393639358
168000000.0	-0.358620928352
170000000.0	-0.32671662442
172000000.0	-0.211240987029
174000000.0	0.177066594523
176000000.0	0.318657569447
178000000.0	0.31806782221
180000000.0	0.166620286778
182000000.0	-0.195267928197
184000000.0	-0.332627736515
186000000.0	-0.220286009934
188000000.0	0.0280342950568
190000000.0	0.199681715737
192000000.0	0.3066844707
194000000.0	0.18045646994
196000000.0	-0.163732315655
198000000.0	-0.270650510745
200000000.0	-0.283665604489
202000000.0	-0.0429913202923
204000000.0	0.269996556029
206000000.0	0.350534369879
208000000.0	0.170166829086
210000000.0	-0.0315931775714
212000000.0	-0.241452092757
214000000.0	-0.51656284738
216000000.0	-0.259541163817
218000000.0	0.087354807978
220000000.0	0.59759715562
222000000.0	0.559841915214
224000000.0	0.342654529997
226000000.0	-0.251451430691
228000000.0	-0.572806882363
230000000.0	-0.730459674219
232000000.0	-0.347565295931
234000000.0	0.179749087595
236000000.0	0.562177730411
238000000.0	0.639746083312
240000000.0	0.371367222678
242000000.0	-0.0829642095597
244000000.0	-0.526788907214
246000000.0	-0.61300955123
248000000.0	-0.357205206011
250000000.0	0.143883238007
252000000.0	0.505284277518
254000000.0	0.564302768074
256000000.0	0.20025620535
258000000.0	-0.155689377699
260000000.0	-0.254074533476
262000000.0	-0.230955129253
264000000.0	0.0676091805879
266000000.0	0.19460658643
268000000.0	0.0744386115965
270000000.0	-0.26329293665
272000000.0	-0.665103872286
274000000.0	-0.57777816075
276000000.0	0.157025052825
278000000.0	0.939305422471
280000000.0	1.56856277387
282000000.0	1.15575561327
284000000.0	-0.320954339781
286000000.0	-2.4389457782
288000000.0	-3.75338390579
290000000.0	-3.02529092848
292000000.0	0.575281234959
294000000.0	6.66527485023
296000000.0	13.8345820468
298000000.0	20.0231325518
300000000.0	-70.4772820268
302000000.0	20.5367171654
304000000.0	15.524208385
306000000.0	8.10788109874
308000000.0	0.950745885315
310000000.0	-3.87813665816
312000000.0	-5.30864571436
314000000.0	-3.82024306214
316000000.0	-0.901604447666
318000000.0	1.74552271402
320000000.0	2.94716103094
322000000.0	2.487591762
324000000.0	0.916640845203
326000000.0	-0.91612262065
328000000.0	-1.76655547407
330000000.0	-1.68954580469
332000000.0	-0.702930864558
334000000.0	0.29253767289
336000000.0	0.947302918437
338000000.0	1.04040241717
340000000.0	0.572547716308
342000000.0	-0.0475436204568
344000000.0	-0.403801535004
346000000.0	-0.54849601275
348000000.0	-0.44306815108
350000000.0	-0.0166948414817
352000000.0	0.0365399722323
354000000.0	0.170334829859
356000000.0	0.187348637647
358000000.0	0.189498320852
360000000.0	0.23197589638
362000000.0	0.246258748474
364000000.0	0.049858065409
366000000.0	-0.134818000166
368000000.0	-0.32567580085
370000000.0	-0.389081876174
372000000.0	-0.310290937551
374000000.0	0.0575149572851
376000000.0	0.372232369806
378000000.0	0.548517056244
380000000.0	0.432278946738
382000000.0	0.138660343455
384000000.0	-0.489600815449
386000000.0	-0.670142386319
388000000.0	-0.661582334588
390000000.0	-0.23783614724
392000000.0	0.32972816932
394000000.0	0.677109566008
396000000.0	0.682431678634
398000000.0	0.318444810868
400000000.0	-0.125884396781
402000000.0	-0.629839291448
404000000.0	-0.694987711331
406000000.0	-0.488360307706
408000000.0	0.0866618526269
410000000.0	0.446662750851
412000000.0	0.666700927239
414000000.0	0.366457173485
416000000.0	0.00422986281079
418000000.0	-0.301932468465
420000000.0	-0.577934321563
422000000.0	-0.413691349852
424000000.0	-0.0902388763092
426000000.0	0.19425934761
428000000.0	0.428980308749
430000000.0	0.35127278751
432000000.0	0.296858876272
434000000.0	-0.0855399572797
436000000.0	-0.217202031449
438000000.0	-0.302499755224
440000000.0	-0.18753145681
442000000.0	-0.0582392024063
444000000.0	0.0812703324914
446000000.0	0.188591744195
448000000.0	0.152747469062
450000000.0	0.119627741459
452000000.0	0.0701705181158
454000000.0	-0.0459429404888
456000000.0	-0.0780688354122
458000000.0	-0.168609772013
460000000.0	-0.193723616407
462000000.0	-0.115037947731
464000000.0	0.0615314353484
466000000.0	0.0850565218772
468000000.0	0.265678321622
470000000.0	0.238020876106
472000000.0	0.108445129342
474000000.0	-0.120218201055
476000000.0	-0.245775595361
478000000.0	-0.303521601578
480000000.0	-0.129364834145
482000000.0	0.0399655855382
484000000.0	0.2321076639
486000000.0	0.359329731715
488000000.0	0.268216466215
490000000.0	0.0374486775411
492000000.0	-0.288854423493
494000000.0	-0.281949631011
496000000.0	-0.271598551079
498000000.0	0.0544223534467
500000000.0	0.0245181616797
502000000.0	0.369577819232
504000000.0	0.434933147814
506000000.0	0.156325101074
508000000.0	-0.0166825684121
510000000.0	-0.28666212385
512000000.0	-0.312862688469
514000000.0	-0.25570006801
516000000.0	0.0149043922939
518000000.0	0.12793097327
520000000.0	0.173424990223
522000000.0	0.182300622354
524000000.0	0.143282810253
526000000.0	-0.175444277592
528000000.0	-0.228243123907
530000000.0	-0.168159521856
532000000.0	-0.0756979226225
534000000.0	-0.0275479971136
536000000.0	0.140075967477
538000000.0	0.149393971481
540000000.0	0.160101559853
542000000.0	0.122229192546
544000000.0	-0.153042670849
546000000.0	-0.0590628455888
548000000.0	-0.117352905515
550000000.0	-0.180389381363
552000000.0	-0.0588465910939
554000000.0	0.00456512419091
556000000.0	0.0779076463664
558000000.0	0.262512862209
560000000.0	0.207001069209
562000000.0	0.112309904208
564000000.0	-0.0717201047784
566000000.0	-0.165037708106
568000000.0	-0.23614771584
570000000.0	-0.0932773432664
572000000.0	-0.0177116855607
574000000.0	0.136789339462
576000000.0	0.211380151634
578000000.0	0.186995912217
580000000.0	0.0718877250851
582000000.0	-0.134621124234
584000000.0	-0.188053930342
586000000.0	-0.152257093975
588000000.0	-0.0668353314046
590000000.0	0.0375452562519
592000000.0	0.178216924769
594000000.0	0.229412155586
596000000.0	0.135125314549
598000000.0	0.0166299600588
600000000.0	0.203464972325
602000000.0	-0.251540293909
604000000.0	-0.256462044882
606000000.0	-0.205740656199
608000000.0	0.0801623837852
610000000.0	0.213617281964
612000000.0	0.204522233055
614000000.0	0.131958530337
616000000.0	-0.0206193659274
618000000.0	-0.211291226467
620000000.0	-0.149496872348
622000000.0	-0.139020950862
624000000.0	-0.0746980901417
626000000.0	0.0983692936309
628000000.0	0.156975234947
630000000.0	0.135159408707
632000000.0	0.12192908521
634000000.0	0.10105592387
636000000.0	-0.0981073462989
638000000.0	-0.0541436997551
640000000.0	-0.044532382881
642000000.0	-0.0796537570229
644000000.0	-0.0438182080005
646000000.0	0.0217056033061
648000000.0	0.0476819843421
650000000.0	0.18112145077
652000000.0	0.00639413072731
654000000.0	0.0113672873192
656000000.0	-0.0353739192737
658000000.0	-0.0787067896897
660000000.0	-0.0587329625896
662000000.0	-0.0586062393014
664000000.0	0.0793271426199
666000000.0	0.117224590645
668000000.0	0.147462572164
670000000.0	0.0503603932853
672000000.0	0.0170776389844
674000000.0	-0.200949082359
676000000.0	-0.11723354723
678000000.0	0.00541227048331
680000000.0	0.0233651692295
682000000.0	0.126260083284
684000000.0	0.154608217911
686000000.0	0.0501660567544
688000000.0	-0.0289540368263
690000000.0	-0.0265485938546
692000000.0	-0.125044097641
694000000.0	-0.0710455558713
696000000.0	-0.115069061801
698000000.0	-0.0863690554945
700000000.0	0.277633293663
702000000.0	0.0446854265867
704000000.0	0.104838835699
706000000.0	0.0127960284215
708000000.0	0.0309591296009
710000000.0	-0.171582849766
712000000.0	-0.147031100452
714000000.0	-0.189098977681
716000000.0	-0.0287703594008
718000000.0	0.0604510208015
720000000.0	0.10286003313
722000000.0	0.126796077278
724000000.0	0.0362776994861
726000000.0	0.00864785488128
728000000.0	-0.159234369276
730000000.0	-0.138214077604
732000000.0	-0.088611590601
734000000.0	-0.0776159220922
736000000.0	-0.00972804041634
738000000.0	0.128327527229
740000000.0	0.23128269184
742000000.0	0.110519111121
744000000.0	-0.0566952377418
746000000.0	-0.140462198921
748000000.0	-0.177438068544
750000000.0	-0.0923095040834
752000000.0	-0.0761038621512
754000000.0	0.12528806609
756000000.0	0.131397769857
758000000.0	0.15598799585
760000000.0	0.0867086201152
762000000.0	-0.123265232105
764000000.0	-0.115581600026
766000000.0	-0.0462538164888
768000000.0	-0.0786830676413
770000000.0	-0.0475653621076
772000000.0	0.121028216032
774000000.0	0.0827686380955
776000000.0	0.102571150474
778000000.0	0.0931916697004
780000000.0	-0.0404280673763
782000000.0	-0.153208992904
784000000.0	-0.0659694329232
786000000.0	-0.0345226115109
788000000.0	-0.0219111657902
790000000.0	-0.00607403744278
792000000.0	0.0815961391857
794000000.0	0.0205949494796
796000000.0	0.0868024690203
798000000.0	0.0160283717957
800000000.0	-0.150992335806
802000000.0	-0.0534615781451
804000000.0	0.0265356563225
806000000.0	-0.0607303236414
808000000.0	0.0406968246099
810000000.0	0.0218172695037
812000000.0	0.0427256974101
814000000.0	0.0999828724921
816000000.0	-0.00332075666035
818000000.0	0.00273561577635
820000000.0	-0.126585702944
822000000.0	-0.185402198777
824000000.0	-0.131893973336
826000000.0	0.0267939987472
828000000.0	0.106474633456
830000000.0	0.257760354889
832000000.0	0.21121205583
834000000.0	-0.0497216374059
836000000.0	-0.204526184671
838000000.0	-0.30326681225
840000000.0	-0.207952792746
842000000.0	-0.0205394871989
844000000.0	0.211926536608
846000000.0	0.334139302053
848000000.0	0.318839799307
850000000.0	0.0744287141031
852000000.0	-0.210330996566
854000000.0	-0.437433889746
856000000.0	-0.357895712717
858000000.0	-0.236897624773
860000000.0	0.150425929665
862000000.0	0.410069168518
864000000.0	0.396122775504
866000000.0	0.165853745167
868000000.0	-0.162125566988
870000000.0	-0.394926235466
872000000.0	-0.564497419713
874000000.0	-0.150885898395
876000000.0	-0.0197072439237
878000000.0	0.424130480372
880000000.0	0.565880260209
882000000.0	0.334859247625
884000000.0	0.0120290833379
886000000.0	-0.437241665206
888000000.0	-0.592835740027
890000000.0	-0.499356520443
892000000.0	0.0652964855119
894000000.0	0.515007358585
896000000.0	0.866559156451
898000000.0	0.90170504311
900000000.0	-1.78697632472
902000000.0	0.223582117318
904000000.0	-0.116735478065
906000000.0	-0.21391291611
908000000.0	-0.00819083564517
910000000.0	0.179655890283
912000000.0	0.425021141438
914000000.0	0.283050236855
916000000.0	0.0613273389329
918000000.0	-0.163632856716
920000000.0	-0.431521267747
922000000.0	-0.288513879624
924000000.0	-0.123984422378
926000000.0	0.228423353438
928000000.0	0.391566745962
930000000.0	0.276934805508
932000000.0	0.123716133281
934000000.0	-0.191869116306
936000000.0	-0.352070569979
938000000.0	-0.339041251963
940000000.0	-0.0637769412665
942000000.0	0.0406223300258
944000000.0	0.292185374797
946000000.0	0.268283898824
948000000.0	0.132636665524
950000000.0	-0.0716567179867
952000000.0	-0.270565446768
954000000.0	-0.326255110761
956000000.0	-0.143875310655
958000000.0	-0.0266635558859
960000000.0	0.177449765612
962000000.0	0.275984485888
964000000.0	0.168677995
966000000.0	-0.0190051482879
968000000.0	-0.115261717763
970000000.0	-0.247919616514
972000000.0	-0.128214182752
974000000.0	-0.0254441655445
976000000.0	0.0702905603179
978000000.0	0.162441319352
980000000.0	0.175389276016
982000000.0	0.0404285082557
984000000.0	-0.0542175152225
986000000.0	-0.107217140302
988000000.0	-0.0632229678098
990000000.0	-0.0110737045934
992000000.0	0.0344097363667
994000000.0	0.0330554706537
996000000.0	0.0564630390368
998000000.0	-0.0204569010557
1000000000.0	0.2296865
1002000000.0	-0.0865053599672
1004000000.0	-0.0349241248018
1006000000.0	-0.0403849056165
1008000000.0	-0.0359721239482
1010000000.0	-0.0742647400436
1012000000.0	0.0192451224376
1014000000.0	-0.060327217368
1016000000.0	0.0762642025404
1018000000.0	0.116373707157
1020000000.0	-0.0415949764548
1022000000.0	0.0500524924421
1024000000.0	-0.0260731723553
1026000000.0	-0.0753755318212
1028000000.0	-0.0441261637991
1030000000.0	0.0299074952216
1032000000.0	-0.0038768473979
1034000000.0	0.0848750345772
1036000000.0	0.043975900407
1038000000.0	0.0479130122539
1040000000.0	-0.00516866822413
1042000000.0	-0.0796137787475
1044000000.0	-0.140156916432
1046000000.0	0.00532545811971
1048000000.0	0.028114275839
1050000000.0	0.0459746674993
1052000000.0	0.14487604785
1054000000.0	0.0625807206209
1056000000.0	0.00692447502811
1058000000.0	0.00355102438065
1060000000.0	-0.0872614507901
1062000000.0	-0.109697660048
1064000000.0	-0.0358017586126
1066000000.0	0.0579070288448
1068000000.0	0.0708489682193
1070000000.0	0.0597179693232
1072000000.0	0.0889853475025
1074000000.0	-0.0153023485019
1076000000.0	-0.0675006397628
1078000000.0	-0.0556935501103
1080000000.0	-0.0878830622423
1082000000.0	-0.0265658885133
1084000000.0	-0.0161292794906
1086000000.0	0.0517922106547
1088000000.0	0.0172902940902
1090000000.0	-0.00598735465905
1092000000.0	-0.0288531804021
1094000000.0	0.0488785043432
1096000000.0	-0.0221468748197
1098000000.0	-0.101019991127
1100000000.0	0.0640891496112
1102000000.0	-0.037395276915
1104000000.0	-0.0422428277584
1106000000.0	-0.0432778167253
1108000000.0	0.05631383432
1110000000.0	0.0488498240761
1112000000.0	0.0382491733966
1114000000.0	-0.0174978310077
1116000000.0	-0.0806721008805
1118000000.0	0.0551007684706
1120000000.0	-0.0486204797627
1122000000.0	0.0356479468313
1124000000.0	0.129939826845
1126000000.0	0.0809480187679
1128000000.0	0.0283387787033
1130000000.0	0.0443819847094
1132000000.0	-0.0782410056685
1134000000.0	0.0031462874956
1136000000.0	-0.0832487347816
1138000000.0	-0.091626783742
1140000000.0	0.064118101692
1142000000.0	0.131669168292
1144000000.0	0.013209278056
1146000000.0	-0.00945771999708
1148000000.0	-0.0301129764977
1150000000.0	-0.0506630654759
1152000000.0	-0.0983309674953
1154000000.0	-0.0144935539824
1156000000.0	-0.0162811710456
1158000000.0	0.0807318549769
1160000000.0	0.0976973536259
1162000000.0	0.000941810308812
1164000000.0	0.000474995620206
1166000000.0	-0.026117830827
1168000000.0	-0.125445534027
1170000000.0	-0.0766529147327
1172000000.0	-0.0387436552466
1174000000.0	0.0106150666609
1176000000.0	0.0455926981874
1178000000.0	-0.0307913061931
1180000000.0	0.00872762218935
1182000000.0	-0.00154837821319
1184000000.0	-0.0552377653918
1186000000.0	-0.00109541854926
1188000000.0	-0.0553397406978
1190000000.0	0.0589603013871
1192000000.0	-0.0451944421544
1194000000.0	-0.0203440617887
1196000000.0	-0.0437285022881
1198000000.0	0.0127244922238
1200000000.0	0.0610391467811
1202000000.0	0.00531405519944
1204000000.0	0.0552611417213
1206000000.0	-0.0474276616004
1208000000.0	-0.00446405577101
1210000000.0	-0.0303329300233
1212000000.0	0.0353027419768
1214000000.0	0.0953809181987
1216000000.0	0.0257063160854
1218000000.0	0.054473163239
1220000000.0	0.0187668603164
1222000000.0	0.0131006233401
1224000000.0	-0.0297038851751
1226000000.0	-0.0628492648303
1228000000.0	0.0123213796365
1230000000.0	0.016919640189
1232000000.0	0.00845288983988
1234000000.0	0.115351318166
1236000000.0	-0.00799448055172
1238000000.0	-0.0228052051219
1240000000.0	-0.00178571551211
1242000000.0	-0.041576805071
1244000000.0	-0.119071759737
1246000000.0	0.0236516832875
1248000000.0	-0.0201284663233
1250000000.0	0.235589800812
1252000000.0	0.0618073228308
1254000000.0	-0.00246686080935
1256000000.0	0.0189716582388
1258000000.0	0.0128412049196
1260000000.0	0.00641068277658
1262000000.0	-0.052913851436
1264000000.0	-0.0807394403724
1266000000.0	0.0472416498569
1268000000.0	0.0192314434935
1270000000.0	0.145151567505
1272000000.0	0.0295550364049
1274000000.0	-0.0884522037153
1276000000.0	0.0187121309328
1278000000.0	-0.0373741750364
1280000000.0	-0.0188012951873
1282000000.0	-0.0867233931578
1284000000.0	-0.00237896294529
1286000000.0	0.0342958518188
1288000000.0	0.00698718001756
1290000000.0	0.0578474671298
1292000000.0	-0.0205584022017
1294000000.0	-0.013887674545
1296000000.0	-0.0355726580062
1298000000.0	-0.0462599199733
1300000000.0	-0.0835923420499
1302000000.0	-0.00806722313925
1304000000.0	0.113835642426
1306000000.0	0.058507534579
1308000000.0	0.0707708679567
1310000000.0	-0.0601143559303
1312000000.0	-0.0587115500081
1314000000.0	0.0168635547705
1316000000.0	-0.0451087376617
1318000000.0	-0.0239108171299
1320000000.0	0.0256472751227
1322000000.0	0.0670495657761
1324000000.0	0.101094748194
1326000000.0	0.0204864752701
1328000000.0	0.00256548046534
1330000000.0	0.0042191542513
1332000000.0	-0.0223866963044
1334000000.0	-0.0577645719531
1336000000.0	0.0291547015165
1338000000.0	-0.0222727490517
1340000000.0	-0.00957990441064
1342000000.0	0.07210189332
1344000000.0	-0.0323527141891
1346000000.0	0.0168440794372
1348000000.0	-0.0360871450882
1350000000.0	-0.0783743974725
1352000000.0	0.0107338268634
1354000000.0	0.0460501475597
1356000000.0	-0.0516016564738
1358000000.0	0.0968846129773
1360000000.0	-0.0676527533612
1362000000.0	0.105601501568
1364000000.0	0.0281312932528
1366000000.0	-0.0107391974362
1368000000.0	0.0592996910565
1370000000.0	-0.0237252189973
1372000000.0	-0.0210876355101
1374000000.0	0.132946864236
1376000000.0	-0.0635063693158
1378000000.0	0.0643205671507
1380000000.0	0.100414740204
1382000000.0	-0.00695842424776
1384000000.0	0.0423311184681
1386000000.0	-0.0718872645773
1388000000.0	-0.0701854688722
1390000000.0	-0.0293149308859
1392000000.0	0.0292278845941
1394000000.0	0.0623407754775
1396000000.0	0.150863246759
1398000000.0	0.0150562254038
1400000000.0	-0.0116955268735
1402000000.0	-0.0335152999313
1404000000.0	-0.129447707781
1406000000.0	-0.0742981779585
1408000000.0	-0.0509269925098
1410000000.0	0.021835835459
1412000000.0	0.0436690012938
1414000000.0	0.0447013993385
1416000000.0	-0.0289407208368
1418000000.0	0.000589290156859
1420000000.0	-0.119040246887
1422000000.0	-0.122468419075
1424000000.0	-0.00173500741995
1426000000.0	-0.0478651841571
1428000000.0	0.0100182953786
1430000000.0	0.00380218540432
1432000000.0	0.129277481755
1434000000.0	0.0389379563742
1436000000.0	-0.0572143758019
1438000000.0	-0.0692453129674
1440000000.0	-0.0504496819595
1442000000.0	-0.0669212446211
1444000000.0	-0.0466089920693
1446000000.0	0.0251851678203
1448000000.0	0.00912626466693
1450000000.0	0.0015021728571
1452000000.0	0.0451037460589
1454000000.0	0.0567625002971
1456000000.0	0.0935123860083
1458000000.0	-0.035264748825
1460000000.0	-0.0463414872037
1462000000.0	-0.0970429163494
1464000000.0	-0.0820797371045
1466000000.0	-0.0853341417053
1468000000.0	0.0744827120508
1470000000.0	0.19066350859
1472000000.0	0.163658500366
1474000000.0	0.0669794591388
1476000000.0	-0.0734602554028
1478000000.0	-0.272414393667
1480000000.0	-0.25559837912
1482000000.0	-0.167790589001
1484000000.0	0.0951413343612
1486000000.0	0.401028813996
1488000000.0	0.451376953594
1490000000.0	0.437381178063
1492000000.0	-0.0858874608521
1494000000.0	-0.663492374839
1496000000.0	-1.45480889739
1498000000.0	-2.11662478433
1500000000.0	6.52548183832
1502000000.0	-1.76232213263
1504000000.0	-1.289616094
1506000000.0	-0.722833146313
1508000000.0	-0.108558899936
1510000000.0	0.318430209801
1512000000.0	0.402159658465
1514000000.0	0.237286280023
1516000000.0	0.06398244373
1518000000.0	-0.148834926727
1520000000.0	-0.152725328717
1522000000.0	-0.154368299575
1524000000.0	-0.0182304389846
1526000000.0	0.0129021150399
1528000000.0	0.00786152698004
1530000000.0	0.0817536385692
1532000000.0	-0.0274269621308
1534000000.0	-0.0666990837594
1536000000.0	-0.04322169945
1538000000.0	0.0137354261258
1540000000.0	0.0752725121453
1542000000.0	-0.0239661517862
1544000000.0	-0.0204988504369
1546000000.0	-0.0530157454476
1548000000.0	-0.0156407584831
1550000000.0	0.0843062608343
1552000000.0	-0.000614331275443
1554000000.0	0.0158711818778
1556000000.0	-0.0100557553539
1558000000.0	0.0667446955213
1560000000.0	0.0232964600019
1562000000.0	-0.0388354964156
1564000000.0	-0.0797489124309
1566000000.0	0.0144508632775
1568000000.0	0.0617047967414
1570000000.0	0.0435242699932
1572000000.0	0.0020364396054
1574000000.0	0.056940417745
1576000000.0	-0.104741374956
1578000000.0	-0.133184050125
1580000000.0	-0.0221626726981
1582000000.0	6.218494501e-07
1584000000.0	0.0140253164106
1586000000.0	0.131331106806
1588000000.0	0.0635011723655
1590000000.0	0.0167007112542
1592000000.0	0.0414963696895
1594000000.0	-0.0318415975508
1596000000.0	-0.0177843660344
1598000000.0	-0.11141751331
1600000000.0	-0.124788414194
1602000000.0	0.0338791201541
1604000000.0	0.0384716059806
1606000000.0	0.0868679429665
1608000000.0	-0.0129696964759
1610000000.0	0.0103485665974
1612000000.0	-0.0283830638611
1614000000.0	0.0535905354408
1616000000.0	-0.059525202377
1618000000.0	0.0169039326544
1620000000.0	-0.0500911958634
1622000000.0	0.0384004430994
1624000000.0	0.00533947292071
1626000000.0	0.00262264206947
1628000000.0	-0.0735030061632
1630000000.0	0.0278522083772
1632000000.0	0.000886234756327
1634000000.0	0.0191082557507
1636000000.0	-0.0151226726807
1638000000.0	0.0506639439386
1640000000.0	-0.0359503174052
1642000000.0	-0.00786893553948
1644000000.0	0.03817489459
1646000000.0	-0.0862096380962
1648000000.0	0.0105605703394
1650000000.0	0.000606935113169
1652000000.0	0.0141227384997
1654000000.0	-0.0175310626675
1656000000.0	-0.0627248869417
1658000000.0	-0.00830504145903
1660000000.0	0.0536062877348
1662000000.0	0.102177525973
1664000000.0	0.00968057476157
1666000000.0	0.026854843149
1668000000.0	-0.0392223187417
1670000000.0	0.0783041876032
1672000000.0	0.0155100052906
1674000000.0	0.0138690490293
1676000000.0	0.0921954329701
1678000000.0	-0.00408157703541
1680000000.0	0.0220181362208
1682000000.0	-0.00874858001044
1684000000.0	0.00610551171519
1686000000.0	0.0233617068585
1688000000.0	-0.0212249634277
1690000000.0	0.00339803778048
1692000000.0	-0.0807937588629
1694000000.0	-0.0690642650896
1696000000.0	0.0304600361873
1698000000.0	0.0756968896441
1700000000.0	-0.0643260714873
1702000000.0	0.00582240981829
1704000000.0	0.0441465286661
1706000000.0	0.035787473063
1708000000.0	0.0100686293679
1710000000.0	0.0137587421123
1712000000.0	0.0166832191288
1714000000.0	-0.0348934354334
1716000000.0	0.00766999934691
1718000000.0	-0.0226169854929
1720000000.0	0.014269067484
1722000000.0	0.0379218716845
1724000000.0	0.00215720056831
1726000000.0	0.0504907713725
1728000000.0	0.00633192463189
1730000000.0	-0.0495680372641
1732000000.0	0.0703954186241
1734000000.0	-0.0244109076781
1736000000.0	0.0746440874219
1738000000.0	-0.0191792154718
1740000000.0	-0.0312260680941
1742000000.0	-0.00751144103743
1744000000.0	0.0230271051325
1746000000.0	-0.00524673176402
1748000000.0	-0.0552042887279
1750000000.0	-0.0934135347356
1752000000.0	-0.0507434434478
1754000000.0	-0.0351877945625
1756000000.0	0.0364109070682
1758000000.0	0.0227032135271
1760000000.0	0.0421447427376
1762000000.0	0.0113840925881
1764000000.0	0.0667911430009
1766000000.0	0.0235681506534
1768000000.0	-0.0193605529537
1770000000.0	0.0189918699181
1772000000.0	0.0201976193837
1774000000.0	0.0357852867153
1776000000.0	0.0247732981421
1778000000.0	-0.0735110946207
1780000000.0	-0.0249197012258
1782000000.0	-0.0140456142472
1784000000.0	0.0107610219912
1786000000.0	-0.0389544671858
1788000000.0	-0.0560534782612
1790000000.0	0.00166620224015
1792000000.0	-0.0261153675423
1794000000.0	0.0164560709858
1796000000.0	0.114104165694
1798000000.0	0.0872799054095
1800000000.0	-0.286227840963
1802000000.0	0.120271156714
1804000000.0	0.061882683956
1806000000.0	0.121662440809
1808000000.0	-0.0276285063841
1810000000.0	0.0483043080304
1812000000.0	-0.0256826297543
1814000000.0	-0.0411283236797
1816000000.0	0.00193391973751
1818000000.0	0.0228222668571
1820000000.0	-0.0105128475217
1822000000.0	0.0531635226475
1824000000.0	0.0256015371623
1826000000.0	2.85332041554e-05
1828000000.0	-0.00834985534276
1830000000.0	-0.0224003808118
1832000000.0	-0.0494193540659
1834000000.0	-0.00114322743954
1836000000.0	-0.0855424595766
1838000000.0	0.0411769493704
1840000000.0	-0.00140128100563
1842000000.0	-0.000216109377371
1844000000.0	0.0566056759593
1846000000.0	0.000225077504862
1848000000.0	0.0463649323966
1850000000.0	0.0394341359983
1852000000.0	0.00124554788521
1854000000.0	-0.0162839460841
1856000000.0	-0.0395609823104
1858000000.0	-0.0145879862065
1860000000.0	-0.0119608222571
1862000000.0	0.0235880679396
1864000000.0	0.0226907545364
1866000000.0	-0.0611349875992
1868000000.0	-0.0287609630018
1870000000.0	-0.122705299953
1872000000.0	0.0170375013935
1874000000.0	-0.0671751099062
1876000000.0	0.054517328321
1878000000.0	0.0172413145444
1880000000.0	0.0792810062869
1882000000.0	-0.00661529572291
1884000000.0	0.00288227694388
1886000000.0	-0.0581220635649
1888000000.0	-0.0497920345873
1890000000.0	-0.0679721066187
1892000000.0	0.0643542394965
1894000000.0	0.104179227959
1896000000.0	0.208117587768
1898000000.0	0.285955208637
1900000000.0	-1.06378123092
1902000000.0	0.285801958653
1904000000.0	0.294363508773
1906000000.0	0.110326237475
1908000000.0	0.0352623311678
1910000000.0	-0.0889254939905
1912000000.0	0.0112917327317
1914000000.0	0.0296697632616
1916000000.0	-0.0416274713325
1918000000.0	0.0475179243675
1920000000.0	-0.00676974635453
1922000000.0	0.030863601884
1924000000.0	0.0722886814215
1926000000.0	-0.0456321490504
1928000000.0	-0.0434032503321
1930000000.0	-0.00556354135127
1932000000.0	0.0549109498779
1934000000.0	-0.0188217824255
1936000000.0	-0.0164455613935
1938000000.0	-0.0443341783266
1940000000.0	0.00666513650664
1942000000.0	-0.0829952497231
1944000000.0	0.0250536466821
1946000000.0	-0.0180819877223
1948000000.0	0.0509796377412
1950000000.0	0.0378564050988
1952000000.0	-0.00476605193661
1954000000.0	-0.0283663556169
1956000000.0	-0.0441376583798
1958000000.0	-0.0754401825595
1960000000.0	-0.0123936720775
1962000000.0	0.0409331998941
1964000000.0	0.0143313933345
1966000000.0	-0.00197638099146
1968000000.0	-0.00156688144419
1970000000.0	-0.0372066812456
1972000000.0	0.0121303697565
1974000000.0	-0.0111983646659
1976000000.0	-0.054759924857
1978000000.0	-0.066063395536
1980000000.0	0.077118349057
1982000000.0	0.0149175131357
1984000000.0	0.0720073981159
1986000000.0	-0.0397948236682
1988000000.0	-0.0278894402869
1990000000.0	-0.0304337984887
1992000000.0	-0.0167366484037
1994000000.0	-0.0359055284759
1996000000.0	-0.0779332380221
1998000000.0	-0.0226623497492
2000000000.0	0.192188
