0.0	-8.025
2000000.0	1.46504826169
4000000.0	3.76772706811
6000000.0	0.559541536277
8000000.0	-2.3065563898
10000000.0	-2.51425127267
12000000.0	-4.32129237364
14000000.0	-5.34240166072
16000000.0	-0.670689772326
18000000.0	6.05374520022
20000000.0	10.3464874384
22000000.0	7.80850739842
24000000.0	0.501400045219
26000000.0	-6.16111576048
28000000.0	-8.03631526262
30000000.0	-5.50472862699
32000000.0	-1.80296774207
34000000.0	2.36541493336
36000000.0	6.04709515967
38000000.0	8.26142738427
40000000.0	2.7650774258
42000000.0	-2.30564599314
44000000.0	-4.56901735242
46000000.0	-3.09372049734
48000000.0	0.269041669312
50000000.0	3.20170172002
52000000.0	3.16921590437
54000000.0	-0.245562874727
56000000.0	-3.46179247321
58000000.0	-3.91846836747
60000000.0	-2.22335669072
62000000.0	1.6690605067
64000000.0	3.6266081881
66000000.0	3.36760547033
68000000.0	0.909760998212
70000000.0	-2.17607172857
72000000.0	-3.69320089564
74000000.0	-3.10772628017
76000000.0	-1.26676681548
78000000.0	1.60251362421
80000000.0	3.49034022402
82000000.0	2.66061542595
84000000.0	-0.236304641886
86000000.0	-2.847306175
88000000.0	-3.25977095001
90000000.0	-1.24680979711
92000000.0	1.29814141018
94000000.0	3.51828422026
96000000.0	2.43090160107
98000000.0	0.083428329453
100000000.0	-2.76366002326
102000000.0	-2.80015547587
104000000.0	-1.94241367585
106000000.0	0.118374219362
108000000.0	2.00080170973
110000000.0	2.57298929621
112000000.0	1.90407707418
114000000.0	-0.119765141091
116000000.0	-1.49472973483
118000000.0	-2.1657813601
120000000.0	-1.18642401808
122000000.0	-0.275741482475
124000000.0	0.294717825447
126000000.0	1.56077482898
128000000.0	0.745711159441
130000000.0	0.259322034349
132000000.0	0.023862798859
134000000.0	0.401525016394
136000000.0	0.300358992685
138000000.0	0.535188299271
140000000.0	-0.266706817807
142000000.0	-0.664405403777
144000000.0	-1.24077289157
146000000.0	-0.419562417222
148000000.0	0.67760061134
150000000.0	0.950879110718
152000000.0	0.916093244088
154000000.0	0.451796912375
156000000.0	-0.103709892476
158000000.0	-0.22838014151
160000000.0	-0.653253524247
162000000.0	-0.452822978007
164000000.0	-0.135370265164
166000000.0	0.0345544296902
168000000.0	0.307678400286
170000000.0	-0.167004671279
172000000.0	-0.107643984102
174000000.0	-0.0137067611582
176000000.0	0.242266626941
178000000.0	0.555450232432
180000000.0	0.577210748982
182000000.0	-0.0905972866619
184000000.0	-0.742331694598
186000000.0	-1.1576114826
188000000.0	-1.19406629864
190000000.0	-0.13394297917
192000000.0	0.578283063814
194000000.0	1.18419942285
196000000.0	1.51866106799
198000000.0	0.872771934841
200000000.0	-0.251867313607
202000000.0	-1.33504189099
204000000.0	-2.4960837413
206000000.0	-1.84908421494
208000000.0	-0.461034670763
210000000.0	1.53674878231
212000000.0	2.44555575354
214000000.0	2.04451147716
216000000.0	0.363850828322
218000000.0	-1.58875915719
220000000.0	-2.34313736237
222000000.0	-1.87184358689
224000000.0	0.333928400931
226000000.0	1.40902469821
228000000.0	1.84439777449
230000000.0	1.34493423988
232000000.0	0.233004112964
234000000.0	-1.46106168333
236000000.0	-2.12483350431
238000000.0	-0.931974290243
240000000.0	0.960526134688
242000000.0	2.79276931038
244000000.0	1.87572410817
246000000.0	-0.40905897857
248000000.0	-3.63813900164
250000000.0	-2.99252812878
252000000.0	-1.3792021472
254000000.0	2.68605691909
256000000.0	4.92940570231
258000000.0	3.07610878995
260000000.0	-0.74434656191
262000000.0	-3.20676834977
264000000.0	-3.9501138341
266000000.0	-2.31455584209
268000000.0	0.296419669458
270000000.0	2.95972486638
272000000.0	4.36553108068
274000000.0	3.44855978878
276000000.0	-0.251747541947
278000000.0	-4.97153411598
280000000.0	-6.65848050224
282000000.0	-1.14297256052
284000000.0	7.20858569195
286000000.0	9.7952720287
288000000.0	-0.414604235153
290000000.0	-15.7101257471
292000000.0	-19.5092347998
294000000.0	4.13212887248
296000000.0	50.8922313643
298000000.0	95.3420505707
300000000.0	-237.028927577
302000000.0	72.988302581
304000000.0	42.736166782
306000000.0	19.1326352404
308000000.0	2.61550712729
310000000.0	-9.41810410204
312000000.0	-17.0147209872
314000000.0	-15.1973458367
316000000.0	-3.74500595123
318000000.0	10.1823031546
320000000.0	16.1176015165
322000000.0	9.94493751501
324000000.0	-2.53933100678
326000000.0	-11.7212567351
328000000.0	-10.5562690821
330000000.0	-2.00434453967
332000000.0	6.06289031844
334000000.0	7.88265638726
336000000.0	4.33969569842
338000000.0	-1.7164530944
340000000.0	-4.5469941689
342000000.0	-4.51983706036
344000000.0	-0.900573943018
346000000.0	1.90675101334
348000000.0	3.92455564837
350000000.0	3.43160363662
352000000.0	0.216632706464
354000000.0	-3.19883614584
356000000.0	-4.16809912883
358000000.0	-2.57638501721
360000000.0	1.66029238126
362000000.0	3.87786679715
364000000.0	3.48920803072
366000000.0	0.412817253052
368000000.0	-2.50161499751
370000000.0	-3.46373929354
372000000.0	-1.76530416839
374000000.0	0.935647363997
376000000.0	2.43628188389
378000000.0	1.90818609305
380000000.0	0.107196267775
382000000.0	-1.3764221875
384000000.0	-1.69184436174
386000000.0	-0.752125699129
388000000.0	0.915115078867
390000000.0	1.51859624823
392000000.0	1.07772265413
394000000.0	-0.591782515328
396000000.0	-1.73675469439
398000000.0	-1.75385809336
400000000.0	-0.571912404301
402000000.0	1.42776230994
404000000.0	2.17151902078
406000000.0	1.72038609977
408000000.0	-0.651846492081
410000000.0	-2.02422415311
412000000.0	-2.26926160128
414000000.0	-1.11587108019
416000000.0	1.29216994973
418000000.0	2.24441211744
420000000.0	2.08371847052
422000000.0	-0.249167634022
424000000.0	-1.67478768454
426000000.0	-2.19191643746
428000000.0	-1.10522697087
430000000.0	0.63764207411
432000000.0	1.75159633206
434000000.0	1.33203732591
436000000.0	0.52173265974
438000000.0	-1.3159280938
440000000.0	-1.77698675633
442000000.0	-1.04918078057
444000000.0	0.186928488533
446000000.0	1.21799942321
448000000.0	1.79837537277
450000000.0	0.577016246243
452000000.0	-0.934184568197
454000000.0	-1.61142766144
456000000.0	-1.03400739467
458000000.0	0.297743124
460000000.0	1.55093345037
462000000.0	1.7123826795
464000000.0	0.53153546537
466000000.0	-0.466108455583
468000000.0	-1.25040112691
470000000.0	-0.756053815534
472000000.0	0.116439448405
474000000.0	0.919459906886
476000000.0	1.01601681247
478000000.0	-0.0904089116601
480000000.0	-0.569346664748
482000000.0	-0.830410574149
484000000.0	-0.266865263651
486000000.0	0.308986962944
488000000.0	0.875525920625
490000000.0	0.536900388172
492000000.0	-0.0404081886643
494000000.0	-0.489133240914
496000000.0	-0.818740841628
498000000.0	-0.065328584674
500000000.0	-0.457274788328
502000000.0	1.09149822001
504000000.0	0.802890025268
506000000.0	0.0563085272303
508000000.0	-1.2881789988
510000000.0	-1.28541189381
512000000.0	-0.582888044293
514000000.0	0.446006766642
516000000.0	0.894697514577
518000000.0	0.943511072742
520000000.0	0.443301526633
522000000.0	-0.562187103345
524000000.0	-1.00209745138
526000000.0	-0.523148719548
528000000.0	-0.2357467141
530000000.0	0.734822602021
532000000.0	0.959662856865
534000000.0	0.109691184215
536000000.0	-0.561308705494
538000000.0	-0.849126246201
540000000.0	-0.568679015421
542000000.0	0.159666685935
544000000.0	0.368557210032
546000000.0	0.822603357072
548000000.0	-0.245278850416
550000000.0	-0.46656425058
552000000.0	-0.818403599516
554000000.0	-0.365588576862
556000000.0	0.383107655335
558000000.0	0.446362484026
560000000.0	0.526322496424
562000000.0	0.578654023053
564000000.0	-0.785550351191
566000000.0	-0.539388180117
568000000.0	-0.441195906413
570000000.0	0.302200220631
572000000.0	0.64042679125
574000000.0	0.446865997315
576000000.0	0.325274863614
578000000.0	-0.219686520864
580000000.0	-0.94883084054
582000000.0	-0.267190390485
584000000.0	-0.0892203016031
586000000.0	0.487073769853
588000000.0	0.337461131916
590000000.0	0.127085555988
592000000.0	-0.572164609824
594000000.0	-0.747035822601
596000000.0	-0.452539643312
598000000.0	0.151266603175
600000000.0	1.20751399846
602000000.0	0.338960018263
604000000.0	0.166514809812
606000000.0	-0.652310115027
608000000.0	-1.03122371864
610000000.0	-0.616793957145
612000000.0	0.406668371525
614000000.0	0.495443185262
616000000.0	0.835840875361
618000000.0	0.17915899919
620000000.0	-0.641828046007
622000000.0	-0.748001165527
624000000.0	-1.32930654022
626000000.0	0.627039361946
628000000.0	0.88948271831
630000000.0	0.488577456165
632000000.0	0.242919331769
634000000.0	-0.324338061094
636000000.0	-0.774400807557
638000000.0	-0.225755120668
640000000.0	0.426945646666
642000000.0	0.42422803683
644000000.0	0.279230713831
646000000.0	0.193963183532
648000000.0	-0.631468977716
650000000.0	-0.736786180848
652000000.0	-0.585106758372
654000000.0	0.0807246011002
656000000.0	0.569048546541
658000000.0	0.638079777617
660000000.0	0.207343817063
662000000.0	-0.305955114975
664000000.0	-0.928718128606
666000000.0	-0.310908247849
668000000.0	0.0941665831948
670000000.0	0.356679573417
672000000.0	0.691237166642
674000000.0	0.186409977007
676000000.0	-0.43798210464
678000000.0	-0.66069217242
680000000.0	-0.464815949326
682000000.0	-0.0767162528279
684000000.0	0.92155760186
686000000.0	0.781727036681
688000000.0	0.0542384838401
690000000.0	-0.681861986315
692000000.0	-0.670243976795
694000000.0	-0.558727154608
696000000.0	-0.199910273044
698000000.0	0.253607767333
700000000.0	2.02814239987
702000000.0	-0.308288161048
704000000.0	-0.458092002402
706000000.0	-0.849484042775
708000000.0	-0.649373055122
710000000.0	-0.0239038047498
712000000.0	0.709878707059
714000000.0	0.754466502592
716000000.0	0.349519593006
718000000.0	-0.275586428772
720000000.0	-0.773985605324
722000000.0	-0.39179248991
724000000.0	0.365120647415
726000000.0	0.257197944045
728000000.0	0.492146423892
730000000.0	0.354686144503
732000000.0	-0.42504490477
734000000.0	-0.602191166501
736000000.0	-0.248733121494
738000000.0	0.225566911536
740000000.0	0.224812911239
742000000.0	0.880772466171
744000000.0	0.346460366275
746000000.0	-0.330368886569
748000000.0	-0.644225154747
750000000.0	-0.0936441464347
752000000.0	-0.221766570932
754000000.0	0.537457106703
756000000.0	0.761999892245
758000000.0	0.562342142337
760000000.0	-0.49488150344
762000000.0	-0.782650126942
764000000.0	-0.625945523752
766000000.0	-0.177006100898
768000000.0	0.372861073917
770000000.0	0.546809459322
772000000.0	0.0749503801334
774000000.0	-0.431725723802
776000000.0	-1.00759911507
778000000.0	-0.425041074704
780000000.0	0.00252545453992
782000000.0	0.707466912235
784000000.0	0.662556359504
786000000.0	0.473421690011
788000000.0	-0.695568967152
790000000.0	-0.46738354127
792000000.0	-0.453063752409
794000000.0	0.33539060638
796000000.0	0.741634538026
798000000.0	0.802208340796
800000000.0	0.582187270895
802000000.0	-0.350757671441
804000000.0	-0.750239422178
806000000.0	-1.03294097813
808000000.0	-0.564678579831
810000000.0	0.874549652092
812000000.0	1.24789660732
814000000.0	0.967982751181
816000000.0	-0.295113978952
818000000.0	-0.776565906657
820000000.0	-1.44581048017
822000000.0	-0.247269717843
824000000.0	0.630333045887
826000000.0	1.15328972572
828000000.0	0.769884879288
830000000.0	-0.0531671721853
832000000.0	-1.0976080375
834000000.0	-0.877618427974
836000000.0	-0.418951525604
838000000.0	0.375811541114
840000000.0	0.9098948489
842000000.0	0.702015554984
844000000.0	0.270437966716
846000000.0	-0.311111442039
848000000.0	-1.2908280764
850000000.0	-0.772248371847
852000000.0	0.236657465966
854000000.0	1.40610976741
856000000.0	1.11802772661
858000000.0	0.261034467974
860000000.0	-1.25033387721
862000000.0	-1.60067954833
864000000.0	-0.545545495997
866000000.0	0.658072096987
868000000.0	1.47957971674
870000000.0	0.82124791896
872000000.0	-0.312570706485
874000000.0	-1.28956844187
876000000.0	-1.11450890266
878000000.0	-0.140491170585
880000000.0	0.595973766102
882000000.0	1.88769080726
884000000.0	2.20907275704
886000000.0	0.737036690241
888000000.0	-3.18906718938
890000000.0	-6.91618272206
892000000.0	-6.44486105689
894000000.0	4.39216970535
896000000.0	23.344988161
898000000.0	44.15622268
900000000.0	-113.739699968
902000000.0	37.6863287628
904000000.0	21.5305218136
906000000.0	6.3209558026
908000000.0	-2.69824001852
910000000.0	-5.32915641844
912000000.0	-4.87042533023
914000000.0	-2.65425693063
916000000.0	0.254803386896
918000000.0	2.42179250285
920000000.0	3.59722947503
922000000.0	1.99881076008
924000000.0	-0.359224216773
926000000.0	-3.03821683651
928000000.0	-2.04626839556
930000000.0	-0.177794787768
932000000.0	1.78161558584
934000000.0	1.49482875089
936000000.0	0.569749179666
938000000.0	-0.645914508072
940000000.0	-1.326103397
942000000.0	-0.868131821671
944000000.0	0.42132762439
946000000.0	0.773057920028
948000000.0	0.376458268243
950000000.0	0.0439743632077
952000000.0	-0.293463607663
954000000.0	-0.47554418289
956000000.0	-0.8139950133
958000000.0	-0.376962147703
960000000.0	0.327784649416
962000000.0	0.537313713791
964000000.0	0.475776122826
966000000.0	-0.0377938894813
968000000.0	-0.449801650455
970000000.0	-0.738210717545
972000000.0	-0.25683721462
974000000.0	0.276890164504
976000000.0	0.262014726259
978000000.0	0.159769688469
980000000.0	0.223816023196
982000000.0	-0.389428818735
984000000.0	-0.270665650056
986000000.0	-0.194930059215
988000000.0	0.148725960555
990000000.0	0.270420193748
992000000.0	-0.0589725214168
994000000.0	-0.04182135128
996000000.0	-0.440107269214
998000000.0	-0.439919923945
1000000000.0	-1.08125
1002000000.0	0.132688194989
1004000000.0	0.512857868576
1006000000.0	0.450894585074
1008000000.0	0.270111195663
1010000000.0	-0.31172652108
1012000000.0	-0.349602363448
1014000000.0	-0.350011589703
1016000000.0	0.269071771651
1018000000.0	0.526931015457
1020000000.0	0.315005100085
1022000000.0	-0.0883207650808
1024000000.0	-0.277113041371
1026000000.0	-0.535205862927
1028000000.0	-0.0262691248156
1030000000.0	0.144667761294
1032000000.0	0.220954987825
1034000000.0	0.260470668404
1036000000.0	-0.045513548497
1038000000.0	0.102682215087
1040000000.0	-0.0917821812637
1042000000.0	-0.433627238421
1044000000.0	-0.147848751526
1046000000.0	0.244548758127
1048000000.0	0.417860149751
1050000000.0	-0.132684357097
1052000000.0	-0.194801137693
1054000000.0	-0.118436901594
1056000000.0	-0.230001199401
1058000000.0	-0.213815478583
1060000000.0	0.220797817181
1062000000.0	0.16921287122
1064000000.0	0.0209692395083
1066000000.0	0.34842485351
1068000000.0	-0.378590962237
1070000000.0	-0.273673396203
1072000000.0	0.107336179674
1074000000.0	0.0458061167109
1076000000.0	0.227639438311
1078000000.0	0.0602208782158
1080000000.0	0.116188066372
1082000000.0	0.0642932573726
1084000000.0	0.00374167623464
1086000000.0	0.0557256056885
1088000000.0	-0.099226366462
1090000000.0	0.0555123386899
1092000000.0	0.122068317816
1094000000.0	-0.13856325458
1096000000.0	-0.0706231156223
1098000000.0	-0.096072572311
1100000000.0	-0.149253371046
1102000000.0	0.2999447276
1104000000.0	0.40648612015
1106000000.0	0.330755373513
1108000000.0	-0.168241191038
1110000000.0	-0.210479295032
1112000000.0	-0.123577113095
1114000000.0	-0.24645249992
1116000000.0	0.0374522981995
1118000000.0	0.0985500936479
1120000000.0	0.0890801289053
1122000000.0	0.111699771308
1124000000.0	-0.0750591010195
1126000000.0	-0.0887262676446
1128000000.0	-0.335072096004
1130000000.0	-0.141829630671
1132000000.0	0.58344776266
1134000000.0	0.192149658926
1136000000.0	-0.106089319522
1138000000.0	-0.182648602811
1140000000.0	0.205733938737
1142000000.0	0.0183111517227
1144000000.0	0.107527013535
1146000000.0	0.272622641486
1148000000.0	0.0527802625538
1150000000.0	-0.00490529360849
1152000000.0	-0.0654356558993
1154000000.0	-0.129491750431
1156000000.0	-0.0100491495775
1158000000.0	0.524264559746
1160000000.0	0.112278438277
1162000000.0	0.48940997123
1164000000.0	-0.0416426993939
1166000000.0	-0.031645321818
1168000000.0	-0.216363458713
1170000000.0	-0.191274993029
1172000000.0	0.0101990278197
1174000000.0	0.309692091148
1176000000.0	-0.0809923836142
1178000000.0	-0.103458369622
1180000000.0	-0.0646258162251
1182000000.0	-0.0546205782395
1184000000.0	-0.0787267109193
1186000000.0	0.0770653302048
1188000000.0	-0.155168806285
1190000000.0	0.322945603835
1192000000.0	0.0934747792819
1194000000.0	-0.00406406764183
1196000000.0	-0.461057212069
1198000000.0	-1.0258160816
1200000000.0	2.3000374043
1202000000.0	-0.616922094758
1204000000.0	-0.483983425241
1206000000.0	0.00280168133626
1208000000.0	0.00668004611755
1210000000.0	0.00549239234294
1212000000.0	-0.0606439888416
1214000000.0	-0.037565086308
1216000000.0	0.237622236804
1218000000.0	-0.0520758282605
1220000000.0	-0.110780673145
1222000000.0	-0.431593249456
1224000000.0	-0.10880740012
1226000000.0	-0.158789772175
1228000000.0	-0.0578183525915
1230000000.0	0.181208881556
1232000000.0	0.19235432228
1234000000.0	-0.0168408843641
1236000000.0	0.0590830774379
1238000000.0	-0.244265449776
1240000000.0	0.347159414192
1242000000.0	-0.0492610632956
1244000000.0	-0.0860350885455
1246000000.0	-0.0820514937227
1248000000.0	0.0353754500762
1250000000.0	-0.914782080968
1252000000.0	-0.0349922405015
1254000000.0	-0.174487566668
1256000000.0	0.261483096893
1258000000.0	0.314162675826
1260000000.0	0.0232790556925
1262000000.0	0.151204712684
1264000000.0	-0.25458756155
1266000000.0	-0.146171795444
1268000000.0	-0.186921584404
1270000000.0	0.00966549203017
1272000000.0	0.263984503826
1274000000.0	0.00398356901307
1276000000.0	0.155311017653
1278000000.0	-0.0780729576434
1280000000.0	-0.224441149882
1282000000.0	-0.295731943778
1284000000.0	0.2051751896
1286000000.0	0.371462266763
1288000000.0	0.152319595047
1290000000.0	-0.222801080401
1292000000.0	0.0384680253377
1294000000.0	-0.285323563002
1296000000.0	-0.386951936036
1298000000.0	-0.378544789826
1300000000.0	1.72795931751
1302000000.0	-0.451287847476
1304000000.0	-0.312649211907
1306000000.0	0.0166069755186
1308000000.0	-0.506584549469
1310000000.0	0.379540669567
1312000000.0	0.346765202232
1314000000.0	-0.446162326697
1316000000.0	-0.217971348628
1318000000.0	0.112099181708
1320000000.0	-0.0738165239571
1322000000.0	0.336960225925
1324000000.0	0.289399156506
1326000000.0	-0.209779689106
1328000000.0	0.179931327031
1330000000.0	-0.0890106573162
1332000000.0	0.0993239753326
1334000000.0	-0.035937035368
1336000000.0	0.00421694127315
1338000000.0	-0.0475758720078
1340000000.0	0.126581295622
1342000000.0	0.450813593854
1344000000.0	0.166144818404
1346000000.0	0.0330614694274
1348000000.0	0.0320574602163
1350000000.0	0.221794383252
1352000000.0	0.192308995445
1354000000.0	-0.0997460997297
1356000000.0	0.094148469928
1358000000.0	0.112388955176
1360000000.0	-0.475641643275
1362000000.0	-0.0840835812627
1364000000.0	0.0208517510688
1366000000.0	0.266100339782
1368000000.0	-0.0106010099029
1370000000.0	-0.240370440883
1372000000.0	-0.157971612412
1374000000.0	-0.765711412075
1376000000.0	0.0581948026467
1378000000.0	0.433646018327
1380000000.0	0.124231861789
1382000000.0	0.439596127175
1384000000.0	-0.0390288829169
1386000000.0	-0.0110014898298
1388000000.0	-0.0501600500032
1390000000.0	-0.123365464631
1392000000.0	0.121882563742
1394000000.0	-0.111530285769
1396000000.0	0.401838495325
1398000000.0	-0.021300365045
1400000000.0	0.45927923714
1402000000.0	-0.0710650411898
1404000000.0	-0.307267883538
1406000000.0	-0.148431528685
1408000000.0	0.0419897578547
1410000000.0	0.495112396079
1412000000.0	0.249375848074
1414000000.0	0.330926369358
1416000000.0	-0.219781152543
1418000000.0	0.049172568208
1420000000.0	-0.109315888385
1422000000.0	0.0529491531951
1424000000.0	0.273069193186
1426000000.0	0.38683721636
1428000000.0	-0.0499406212506
1430000000.0	-0.355913887403
1432000000.0	-0.457474212514
1434000000.0	0.0290591896417
1436000000.0	0.0592299522081
1438000000.0	0.382730386986
1440000000.0	0.387180394984
1442000000.0	-0.0133111105937
1444000000.0	-0.265735765592
1446000000.0	-0.63297266277
1448000000.0	-0.210409512304
1450000000.0	-0.115845966748
1452000000.0	0.487819131141
1454000000.0	0.453792857986
1456000000.0	0.160055012574
1458000000.0	-0.0758271161219
1460000000.0	-0.781333413518
1462000000.0	-0.632336993157
1464000000.0	0.264288585704
1466000000.0	0.734064100627
1468000000.0	0.564489692048
1470000000.0	0.295997818766
1472000000.0	-0.822210565112
1474000000.0	-0.85564734244
1476000000.0	-0.486336624597
1478000000.0	0.52599241644
1480000000.0	1.21702050872
1482000000.0	1.3542088207
1484000000.0	0.414535919936
1486000000.0	-0.416648867497
1488000000.0	-1.86132848367
1490000000.0	-2.72915088843
1492000000.0	-1.86465723975
1494000000.0	2.10632977586
1496000000.0	9.56210983385
1498000000.0	18.2041687853
1500000000.0	-49.3802252117
1502000000.0	16.5109421799
1504000000.0	9.99555466474
1506000000.0	2.27790143646
1508000000.0	-1.98335928812
1510000000.0	-2.79722076069
1512000000.0	-1.60183136531
1514000000.0	0.092520472905
1516000000.0	0.768131711125
1518000000.0	0.784583583994
1520000000.0	0.559322504599
1522000000.0	0.206676338845
1524000000.0	-0.402578098165
1526000000.0	-0.692905222371
1528000000.0	-0.320111492641
1530000000.0	0.284168401475
1532000000.0	0.977254342244
1534000000.0	0.468810713331
1536000000.0	-0.191430457276
1538000000.0	-0.611812117249
1540000000.0	-0.386960694214
1542000000.0	0.00923531733184
1544000000.0	0.498748278724
1546000000.0	0.281764267826
1548000000.0	0.188428515211
1550000000.0	-0.10271171517
1552000000.0	-0.0764191178125
1554000000.0	-0.184414097409
1556000000.0	-0.0628008837528
1558000000.0	0.333178817811
1560000000.0	0.27257673487
1562000000.0	0.166695070339
1564000000.0	-0.222800078493
1566000000.0	-0.381900465607
1568000000.0	-0.356774371768
1570000000.0	-0.04853662836
1572000000.0	-0.0500963095943
1574000000.0	0.230852186663
1576000000.0	0.137119775094
1578000000.0	-0.115798884493
1580000000.0	-0.203492750782
1582000000.0	-0.216548074384
1584000000.0	0.148380204752
1586000000.0	0.159969324572
1588000000.0	0.3064054869
1590000000.0	0.14168150286
1592000000.0	0.0229218485555
1594000000.0	-0.442547358809
1596000000.0	-0.520328498538
1598000000.0	-0.35694773614
1600000000.0	1.00843772911
1602000000.0	-0.189593658925
1604000000.0	-0.238342460131
1606000000.0	0.0698910478508
1608000000.0	-0.247454747763
1610000000.0	-0.189759229955
1612000000.0	0.0821586493315
1614000000.0	0.187561677408
1616000000.0	0.154818074139
1618000000.0	0.155682368568
1620000000.0	0.1488808382
1622000000.0	0.0269993938683
1624000000.0	0.063968573499
1626000000.0	-0.216694044381
1628000000.0	-0.0716114504671
1630000000.0	0.0428226659477
1632000000.0	0.151161796314
1634000000.0	0.260946560567
1636000000.0	-0.0764194906303
1638000000.0	0.247754177662
1640000000.0	-0.362897539787
1642000000.0	0.139354035551
1644000000.0	-0.159817330098
1646000000.0	0.0862902148799
1648000000.0	0.0293420903316
1650000000.0	0.158365060388
1652000000.0	-0.117623167493
1654000000.0	0.057785000981
1656000000.0	0.14423945459
1658000000.0	0.133529353968
1660000000.0	0.202148433278
1662000000.0	-0.0119017870825
1664000000.0	-0.197447314922
1666000000.0	-0.143232878879
1668000000.0	-0.183629741686
1670000000.0	-0.0252435615036
1672000000.0	-0.019327548376
1674000000.0	0.0304122166467
1676000000.0	-0.0905574170974
1678000000.0	0.156880860178
1680000000.0	-0.24851943313
1682000000.0	-0.0508018488352
1684000000.0	0.113008718415
1686000000.0	0.464529593588
1688000000.0	-0.0358061700745
1690000000.0	0.0551070182616
1692000000.0	0.0120145829834
1694000000.0	-0.0376779864972
1696000000.0	0.0693905080488
1698000000.0	-0.291522042741
1700000000.0	0.800963810006
1702000000.0	-0.0241374710679
1704000000.0	0.265121695272
1706000000.0	-0.13876720357
1708000000.0	0.0298412512376
1710000000.0	0.0546134391967
1712000000.0	-0.0143776876641
1714000000.0	0.0124480011621
1716000000.0	-0.147121987107
1718000000.0	0.0747620235339
1720000000.0	-0.0762737020402
1722000000.0	-0.0998556624229
1724000000.0	0.0938647507488
1726000000.0	-0.0864906467336
1728000000.0	0.122903770443
1730000000.0	0.0773373874265
1732000000.0	-0.0196978272654
1734000000.0	-0.0949015128829
1736000000.0	-0.0494661155675
1738000000.0	0.0305846430095
1740000000.0	-0.129290856199
1742000000.0	0.227641069763
1744000000.0	0.281968904384
1746000000.0	0.16624120699
1748000000.0	-0.0282887214258
1750000000.0	0.675954356182
1752000000.0	-0.18993538788
1754000000.0	-0.0346361664985
1756000000.0	0.0511475161456
1758000000.0	0.0190788521368
1760000000.0	-0.0202997448457
1762000000.0	0.368744560915
1764000000.0	-0.121340825197
1766000000.0	-0.0433107493677
1768000000.0	-0.287285550698
1770000000.0	-0.0920827634168
1772000000.0	0.242389404714
1774000000.0	0.145549796854
1776000000.0	-0.0372540235263
1778000000.0	-0.18878739531
1780000000.0	0.0420023794954
1782000000.0	0.0936356982777
1784000000.0	-0.142827231395
1786000000.0	0.218578273063
1788000000.0	-0.0859214635749
1790000000.0	0.0639759212369
1792000000.0	0.0529945617234
1794000000.0	-0.169127190236
1796000000.0	-0.430418766696
1798000000.0	-0.796600418645
1800000000.0	1.54132407801
1802000000.0	-0.728101695103
1804000000.0	-0.576986810446
1806000000.0	-0.116453400603
1808000000.0	-0.103653785233
1810000000.0	0.20830200712
1812000000.0	0.192006655202
1814000000.0	0.064644417788
1816000000.0	-0.089198518813
1818000000.0	-0.110569810071
1820000000.0	-0.347219482313
1822000000.0	-0.126937936904
1824000000.0	0.0179170841263
1826000000.0	0.317595743876
1828000000.0	0.159436187819
1830000000.0	0.116925620838
1832000000.0	0.249262047901
1834000000.0	-0.019659073789
1836000000.0	0.169177932811
1838000000.0	-0.0980010506035
1840000000.0	0.223068737157
1842000000.0	-0.0146510586757
1844000000.0	-0.0112535153394
1846000000.0	-0.0979575894076
1848000000.0	-0.0771875132709
1850000000.0	-0.308251494953
1852000000.0	-0.0093846607244
1854000000.0	0.0221149592968
1856000000.0	0.238352140806
1858000000.0	0.192658104206
1860000000.0	-0.285456372197
1862000000.0	-0.300657973617
1864000000.0	-0.278830288222
1866000000.0	-0.134690470578
1868000000.0	0.0439525955434
1870000000.0	-0.0832937824256
1872000000.0	0.0202102031151
1874000000.0	0.311634461066
1876000000.0	0.130881432544
1878000000.0	-0.134623451445
1880000000.0	-0.111780847368
1882000000.0	0.168383007597
1884000000.0	0.501730183254
1886000000.0	0.371494923731
1888000000.0	0.0326585452797
1890000000.0	-0.640395364531
1892000000.0	-0.625973475909
1894000000.0	-0.242635758661
1896000000.0	1.40614046838
1898000000.0	2.64071279229
1900000000.0	-6.47552458806
1902000000.0	2.49890050828
1904000000.0	1.14110634328
1906000000.0	0.581203782264
1908000000.0	0.166388685012
1910000000.0	-0.169503775744
1912000000.0	-0.451797128074
1914000000.0	-0.357289444419
1916000000.0	-0.275492924961
1918000000.0	0.328236266381
1920000000.0	0.603123747213
1922000000.0	0.681097924255
1924000000.0	0.0865197874331
1926000000.0	-0.342435195428
1928000000.0	-0.11954438417
1930000000.0	-0.107926286827
1932000000.0	0.258118100136
1934000000.0	0.131916618507
1936000000.0	-0.05225797504
1938000000.0	-0.0905500372526
1940000000.0	-0.157713639793
1942000000.0	0.0346587800894
1944000000.0	0.0297500810504
1946000000.0	-0.100784979484
1948000000.0	-0.088300070312
1950000000.0	-0.120336889592
1952000000.0	0.161620103571
1954000000.0	0.172244649124
1956000000.0	0.0419391164636
1958000000.0	-0.073686138956
1960000000.0	0.0778385225073
1962000000.0	0.265553978333
1964000000.0	0.257537173065
1966000000.0	0.0305397470818
1968000000.0	0.161965139439
1970000000.0	-0.167099926395
1972000000.0	-0.18501841557
1974000000.0	0.362859765698
1976000000.0	-0.232091264693
1978000000.0	0.0804314730319
1980000000.0	0.0871115426732
1982000000.0	0.078004583629
1984000000.0	-0.252091703467
1986000000.0	-0.0959706905813
1988000000.0	-0.340135211102
1990000000.0	0.190912038021
1992000000.0	0.257995286691
1994000000.0	-0.00931149986526
1996000000.0	0.0418476799028
1998000000.0	-0.118248876151
2000000000.0	-0.4875
