0.0	-10.8
2000000.0	-1.18102323679
4000000.0	0.763856197847
6000000.0	-2.28965528772
8000000.0	-2.16885455883
10000000.0	-1.99587444803
12000000.0	-3.1289200055
14000000.0	-2.57066093066
16000000.0	0.498279582671
18000000.0	4.89789421254
20000000.0	7.20470344051
22000000.0	5.87250484126
24000000.0	2.18271113974
26000000.0	-2.35504044756
28000000.0	-6.21809942951
30000000.0	-9.35773323188
32000000.0	-9.50780461676
34000000.0	-4.99416081431
36000000.0	2.69569155974
38000000.0	6.56865969742
40000000.0	6.61964732553
42000000.0	5.11271087377
44000000.0	1.23896825067
46000000.0	-2.23661635779
48000000.0	-4.0871874256
50000000.0	-3.69038196375
52000000.0	-0.620818814648
54000000.0	1.85026642241
56000000.0	3.10139414278
58000000.0	2.24134222228
60000000.0	-0.174829412953
62000000.0	-2.37169325055
64000000.0	-1.86163687551
66000000.0	-0.0980125470396
68000000.0	2.26485501688
70000000.0	3.34831181127
72000000.0	2.87741053684
74000000.0	0.316387283759
76000000.0	-0.817933750422
78000000.0	-1.88265350967
80000000.0	-1.43355537145
82000000.0	0.493623991982
84000000.0	1.52600341012
86000000.0	1.81291045055
88000000.0	1.42058785058
90000000.0	-0.168235920392
92000000.0	-0.571760829434
94000000.0	-1.15968967562
96000000.0	0.0946384339855
98000000.0	1.41861938466
100000000.0	0.881854397756
102000000.0	1.26286181695
104000000.0	-0.263286297101
106000000.0	-1.10163851996
108000000.0	-1.17995355476
110000000.0	-0.500394016841
112000000.0	0.891147706056
114000000.0	1.48500650139
116000000.0	1.47308723189
118000000.0	0.443742530515
120000000.0	-0.881794937896
122000000.0	-1.63121327712
124000000.0	-2.21461020827
126000000.0	-0.0165096005446
128000000.0	1.17692102144
130000000.0	1.5722504076
132000000.0	1.08354377512
134000000.0	0.354622547794
136000000.0	-0.452402483187
138000000.0	-1.06426868293
140000000.0	-1.09108602495
142000000.0	0.054737779688
144000000.0	0.933849652746
146000000.0	1.46041342732
148000000.0	0.157980056841
150000000.0	-0.11026751866
152000000.0	-0.877773707076
154000000.0	-1.1047654087
156000000.0	-0.731876508013
158000000.0	0.125902440762
160000000.0	1.21511642426
162000000.0	1.53205841954
164000000.0	0.871203801723
166000000.0	-0.434148365486
168000000.0	-1.06114919073
170000000.0	-1.16880946302
172000000.0	-0.58209508969
174000000.0	-0.321797005489
176000000.0	0.883044786146
178000000.0	1.29832415655
180000000.0	0.66853391469
182000000.0	0.426561990607
184000000.0	-0.78342205338
186000000.0	-0.748747862678
188000000.0	-0.315332518433
190000000.0	0.0949381059753
192000000.0	0.601157692251
194000000.0	0.581712192785
196000000.0	0.120569891978
198000000.0	-0.642628690466
200000000.0	-0.731282101485
202000000.0	0.107536919746
204000000.0	0.531470886182
206000000.0	0.662458340517
208000000.0	0.680906404919
210000000.0	-0.195353808191
212000000.0	-0.789207595952
214000000.0	-1.06295318019
216000000.0	-0.928268548647
218000000.0	0.169286354412
220000000.0	1.31901402018
222000000.0	1.51253805121
224000000.0	0.832276225582
226000000.0	-0.155966441905
228000000.0	-1.26135231938
230000000.0	-2.00969835097
232000000.0	-1.03724665426
234000000.0	0.439126505164
236000000.0	1.81081044077
238000000.0	2.28953325046
240000000.0	0.982474950254
242000000.0	-0.476873581374
244000000.0	-1.95670598534
246000000.0	-2.46122699294
248000000.0	-1.16987021283
250000000.0	0.488798677617
252000000.0	2.02792371875
254000000.0	2.95870161632
256000000.0	1.71051210994
258000000.0	-0.846481684976
260000000.0	-3.2296731334
262000000.0	-3.72432694185
264000000.0	-0.909803462176
266000000.0	2.46120899532
268000000.0	4.0554967352
270000000.0	1.78525210793
272000000.0	-1.39178804891
274000000.0	-3.04365515062
276000000.0	-2.1094072714
278000000.0	-0.608704251532
280000000.0	0.706369454491
282000000.0	2.54430482811
284000000.0	5.18479777445
286000000.0	4.43326140065
288000000.0	-3.4626213693
290000000.0	-15.4963952296
292000000.0	-17.3583872296
294000000.0	4.63657154778
296000000.0	46.8014745915
298000000.0	85.3818280862
300000000.0	-196.804882779
302000000.0	54.6639307465
304000000.0	28.6074425943
306000000.0	14.4650321902
308000000.0	6.91105807182
310000000.0	-2.28698216415
312000000.0	-11.5966439397
314000000.0	-14.1535668098
316000000.0	-5.76171281855
318000000.0	6.1491056489
320000000.0	12.2260996168
322000000.0	8.25728384894
324000000.0	-0.0174339961191
326000000.0	-6.65490914003
328000000.0	-7.01122971393
330000000.0	-3.8211460527
332000000.0	0.347792745977
334000000.0	3.64832441639
336000000.0	4.69157898909
338000000.0	3.29517373245
340000000.0	0.348464686384
342000000.0	-3.53853220611
344000000.0	-4.76660371408
346000000.0	-2.62936418356
348000000.0	1.11769817756
350000000.0	3.6207642145
352000000.0	3.59848460067
354000000.0	0.761411077488
356000000.0	-1.80176235409
358000000.0	-3.03184857035
360000000.0	-2.30347204869
362000000.0	-0.0145542154352
364000000.0	2.12380079705
366000000.0	2.63498647295
368000000.0	1.30513372831
370000000.0	-0.658568123384
372000000.0	-2.16485623318
374000000.0	-2.7679670366
376000000.0	-0.912271442754
378000000.0	1.0836956427
380000000.0	2.69179312828
382000000.0	2.1999034849
384000000.0	-0.0937888425343
386000000.0	-1.65539459922
388000000.0	-2.58965892545
390000000.0	-1.5138393541
392000000.0	0.249542233892
394000000.0	2.19893141998
396000000.0	2.45646108826
398000000.0	1.40605814324
400000000.0	-0.237870001742
402000000.0	-1.7821590885
404000000.0	-2.13753812884
406000000.0	-1.2593908177
408000000.0	0.720942755346
410000000.0	1.84539629889
412000000.0	2.18882158721
414000000.0	0.637182987065
416000000.0	-0.905944575233
418000000.0	-1.75223870004
420000000.0	-1.75136575223
422000000.0	-0.141690521134
424000000.0	1.24729387453
426000000.0	1.72444056452
428000000.0	0.977465737556
430000000.0	-0.213828181319
432000000.0	-1.05758983816
434000000.0	-1.44960485514
436000000.0	-0.918309838002
438000000.0	0.44662945878
440000000.0	1.37207284679
442000000.0	1.12128350415
444000000.0	0.470287401892
446000000.0	-0.733530908572
448000000.0	-1.23320226303
450000000.0	-0.839141344168
452000000.0	-0.223032805226
454000000.0	1.00057584097
456000000.0	1.02966175925
458000000.0	0.922727302623
460000000.0	-0.286856027864
462000000.0	-1.14772413655
464000000.0	-0.784074399258
466000000.0	-0.26073798753
468000000.0	0.536152310168
470000000.0	1.12491090166
472000000.0	0.851025821319
474000000.0	-0.111651667212
476000000.0	-0.815051019391
478000000.0	-0.908952132747
480000000.0	-0.777780897391
482000000.0	-0.0123755485709
484000000.0	0.916997048174
486000000.0	1.12168654018
488000000.0	0.291402458249
490000000.0	-0.00818254634651
492000000.0	-1.02064885339
494000000.0	-0.948357279878
496000000.0	-0.357027820586
498000000.0	0.687488012975
500000000.0	0.328247628643
502000000.0	0.810115193172
504000000.0	0.450794720687
506000000.0	-0.661144950776
508000000.0	-0.699009992641
510000000.0	-0.895066006705
512000000.0	0.273534698649
514000000.0	0.87909361555
516000000.0	0.422628009676
518000000.0	0.160149933584
520000000.0	-0.238566689705
522000000.0	-0.718816039379
524000000.0	-0.117880076153
526000000.0	-0.448142772275
528000000.0	0.346068948329
530000000.0	0.887352279532
532000000.0	0.389351091498
534000000.0	-0.176280050111
536000000.0	-0.27043143915
538000000.0	-0.870219747973
540000000.0	-0.31443154654
542000000.0	0.436128965383
544000000.0	0.916346006224
546000000.0	0.728153005976
548000000.0	0.300561082605
550000000.0	-0.708669927643
552000000.0	-0.581738187007
554000000.0	-0.954680915574
556000000.0	0.193619859616
558000000.0	0.822980785564
560000000.0	0.652106068219
562000000.0	0.397011727456
564000000.0	0.00350798927039
566000000.0	-0.742430047396
568000000.0	-0.327698661788
570000000.0	-0.399418095989
572000000.0	0.520607073223
574000000.0	0.630102027014
576000000.0	0.510642654599
578000000.0	-0.0198373292532
580000000.0	-0.364666864427
582000000.0	-0.322202170959
584000000.0	-0.358917675003
586000000.0	0.12440164075
588000000.0	0.275820036771
590000000.0	0.288122077561
592000000.0	0.31976990087
594000000.0	-0.448085396587
596000000.0	-0.239396173245
598000000.0	-0.535391071627
600000000.0	0.0543220987784
602000000.0	0.215608303837
604000000.0	0.88292277187
606000000.0	0.103207738339
608000000.0	-0.44131111582
610000000.0	-0.563982708589
612000000.0	-0.546642499696
614000000.0	-0.0470269598483
616000000.0	0.525944578161
618000000.0	0.375307001746
620000000.0	0.160345862669
622000000.0	-0.10492133899
624000000.0	-0.929359010447
626000000.0	0.0847736396128
628000000.0	-0.109776805579
630000000.0	-0.070288281729
632000000.0	0.210559957473
634000000.0	0.73091544333
636000000.0	0.303813122643
638000000.0	-0.106361770717
640000000.0	-0.502378290206
642000000.0	-0.188429020362
644000000.0	-0.154838868606
646000000.0	-0.0197122394568
648000000.0	0.594550456852
650000000.0	0.238610611294
652000000.0	-0.281562780561
654000000.0	-0.155821938235
656000000.0	-0.248691423111
658000000.0	0.0874240859152
660000000.0	0.199636138963
662000000.0	0.221543914502
664000000.0	0.370161464173
666000000.0	-0.0560095603756
668000000.0	-0.0846364121638
670000000.0	-0.45170664413
672000000.0	-0.474000099776
674000000.0	0.329475566187
676000000.0	0.126981509018
678000000.0	0.152751507605
680000000.0	0.135458568664
682000000.0	-0.380498094347
684000000.0	-0.258269072056
686000000.0	-0.239746837905
688000000.0	0.0567061869508
690000000.0	0.342749713256
692000000.0	0.15566134469
694000000.0	0.116352148408
696000000.0	-0.0255316068905
698000000.0	-0.540771168615
700000000.0	0.352078184249
702000000.0	-0.421504963051
704000000.0	-0.216920862264
706000000.0	0.394237396833
708000000.0	0.571822321147
710000000.0	0.3435986547
712000000.0	-0.158598028727
714000000.0	-0.193373052461
716000000.0	-0.332107969711
718000000.0	-0.280322452786
720000000.0	0.30187307031
722000000.0	0.408371763174
724000000.0	0.0974470765975
726000000.0	-0.0105555839629
728000000.0	-0.362057182644
730000000.0	-0.261548275236
732000000.0	-0.000968191331818
734000000.0	0.456863491097
736000000.0	0.324287133293
738000000.0	0.0452135201351
740000000.0	-0.119038921452
742000000.0	-0.504846045877
744000000.0	-0.311603518706
746000000.0	-0.206439965115
748000000.0	0.202202789649
750000000.0	0.49451751667
752000000.0	0.212302041508
754000000.0	0.0388378478813
756000000.0	-0.193887822915
758000000.0	-0.433530879896
760000000.0	-0.0923526907718
762000000.0	0.119002372802
764000000.0	0.496514591132
766000000.0	0.32863836859
768000000.0	0.297594129697
770000000.0	-0.230046999553
772000000.0	-0.250581071835
774000000.0	-0.472062189552
776000000.0	-0.0795336831119
778000000.0	0.0177493682211
780000000.0	0.728363163771
782000000.0	0.135494848455
784000000.0	-0.050106005505
786000000.0	-0.181363307227
788000000.0	-0.569850428324
790000000.0	0.0435283192476
792000000.0	-0.14213883362
794000000.0	0.382918386201
796000000.0	0.521830620693
798000000.0	0.122574213511
800000000.0	-0.71383268082
802000000.0	-0.181615652036
804000000.0	0.0485054797029
806000000.0	0.232668212647
808000000.0	0.563727930461
810000000.0	0.0807887762103
812000000.0	-0.163834902838
814000000.0	-0.558793023686
816000000.0	-0.717572885709
818000000.0	0.0777083564906
820000000.0	0.104387917596
822000000.0	0.609383654633
824000000.0	0.413871653604
826000000.0	0.137355398099
828000000.0	-0.553916054891
830000000.0	-0.474870772765
832000000.0	-0.463521876286
834000000.0	-0.0787716008861
836000000.0	0.483323712477
838000000.0	1.17020377271
840000000.0	0.472317712934
842000000.0	-0.0117646243979
844000000.0	-0.642908192413
846000000.0	-0.83337852189
848000000.0	-0.397371401317
850000000.0	0.555022204808
852000000.0	0.609784275674
854000000.0	0.937098112409
856000000.0	0.427989555988
858000000.0	-0.264054062444
860000000.0	-1.00286109122
862000000.0	-1.08109874303
864000000.0	0.186998285875
866000000.0	1.46870891427
868000000.0	1.61104189037
870000000.0	0.43074938253
872000000.0	-1.08416877241
874000000.0	-1.92213586159
876000000.0	-1.25110848073
878000000.0	0.756758079168
880000000.0	1.6614929145
882000000.0	1.74163391757
884000000.0	1.01373498599
886000000.0	-0.533011097659
888000000.0	-3.11493453425
890000000.0	-5.55343939294
892000000.0	-5.00781554106
894000000.0	3.34602653702
896000000.0	19.5202670237
898000000.0	37.7664591699
900000000.0	-95.7169847906
902000000.0	31.7402551597
904000000.0	17.1782877085
906000000.0	4.90842792612
908000000.0	-1.38610820339
910000000.0	-3.4807356447
912000000.0	-4.04458613674
914000000.0	-3.07827548493
916000000.0	-0.609447475385
918000000.0	2.49117793032
920000000.0	3.6608908662
922000000.0	2.22411486361
924000000.0	-0.667732164195
926000000.0	-2.62914683212
928000000.0	-1.98398362212
930000000.0	-0.338000608883
932000000.0	1.23235578678
934000000.0	1.59711305142
936000000.0	1.04004568476
938000000.0	-0.216624009213
940000000.0	-0.856139491927
942000000.0	-0.970902746622
944000000.0	-0.63360207239
946000000.0	0.0635502103752
948000000.0	0.909814544196
950000000.0	0.851022781872
952000000.0	0.439223618333
954000000.0	-0.346077531443
956000000.0	-0.862692523886
958000000.0	-0.455661563436
960000000.0	0.133020565878
962000000.0	0.766058078979
964000000.0	0.899657652186
966000000.0	0.286955656943
968000000.0	-0.534954621137
970000000.0	-0.725016000704
972000000.0	-0.67561540073
974000000.0	-0.130253591159
976000000.0	0.117043617369
978000000.0	0.43436727973
980000000.0	0.443494688209
982000000.0	0.185494713343
984000000.0	-0.269592226644
986000000.0	-0.627529144284
988000000.0	-0.786862802858
990000000.0	0.0176658813844
992000000.0	0.629187763334
994000000.0	0.607645408186
996000000.0	0.176856372697
998000000.0	-0.531247893118
1000000000.0	1.375
1002000000.0	-0.543869010501
1004000000.0	-0.357654362714
1006000000.0	-0.0247495171217
1008000000.0	0.134403592906
1010000000.0	0.260726694002
1012000000.0	0.208311582089
1014000000.0	-0.305313230975
1016000000.0	-0.17032850303
1018000000.0	0.0229487065168
1020000000.0	-0.160937931407
1022000000.0	0.128188747026
1024000000.0	0.193914626798
1026000000.0	0.24937827496
1028000000.0	-0.268759223555
1030000000.0	-0.350591777549
1032000000.0	0.124049301474
1034000000.0	-0.111500235975
1036000000.0	0.213746783993
1038000000.0	0.525967962721
1040000000.0	0.236449102091
1042000000.0	-0.175666947812
1044000000.0	-0.0266093842435
1046000000.0	-0.4059195135
1048000000.0	0.046686768419
1050000000.0	0.109123124066
1052000000.0	0.277069154953
1054000000.0	0.128305297326
1056000000.0	-0.0229221255489
1058000000.0	-0.13672366214
1060000000.0	-0.21785623579
1062000000.0	-0.23331207205
1064000000.0	-0.193861209758
1066000000.0	0.228580209026
1068000000.0	0.0806257920592
1070000000.0	0.233433497505
1072000000.0	-0.229672284035
1074000000.0	0.0219484240476
1076000000.0	-0.228772568544
1078000000.0	-0.0972445212015
1080000000.0	0.0714962255615
1082000000.0	0.43534340572
1084000000.0	-0.0966130040335
1086000000.0	-0.163196170563
1088000000.0	-0.0880385259465
1090000000.0	-0.0422546463633
1092000000.0	-0.34611054029
1094000000.0	0.0241375706496
1096000000.0	0.181234980702
1098000000.0	0.425911544904
1100000000.0	0.191456358596
1102000000.0	-0.373897177863
1104000000.0	0.0241546068392
1106000000.0	-0.0478519258846
1108000000.0	0.20562242419
1110000000.0	0.517743815951
1112000000.0	0.192768719404
1114000000.0	0.0740381539442
1116000000.0	-0.265169574389
1118000000.0	-0.00904613724941
1120000000.0	-0.220735361077
1122000000.0	-0.121214864581
1124000000.0	0.216538294647
1126000000.0	-0.0174456543647
1128000000.0	0.0993953944292
1130000000.0	0.0624025697004
1132000000.0	0.0501566324627
1134000000.0	0.018599801947
1136000000.0	0.0475879408487
1138000000.0	-0.00397894724288
1140000000.0	-0.270200978014
1142000000.0	0.0747395901953
1144000000.0	0.081688855201
1146000000.0	0.137105050675
1148000000.0	-0.163861193314
1150000000.0	-0.226992468207
1152000000.0	0.178834672933
1154000000.0	-0.101245420436
1156000000.0	0.422166619919
1158000000.0	0.266649422285
1160000000.0	-0.171183965926
1162000000.0	-0.103860374647
1164000000.0	0.0641864789094
1166000000.0	-0.0217023455813
1168000000.0	-0.102700786977
1170000000.0	-0.0726096910035
1172000000.0	-0.141823982301
1174000000.0	0.180630605803
1176000000.0	-0.147417218793
1178000000.0	-0.0200295726391
1180000000.0	0.224094101181
1182000000.0	0.161014308059
1184000000.0	0.164895773373
1186000000.0	-0.0353034291505
1188000000.0	-0.198765187663
1190000000.0	0.244358120911
1192000000.0	0.0893238114507
1194000000.0	-0.288620482736
1196000000.0	-0.451809445456
1198000000.0	-0.613473212185
1200000000.0	1.90037000174
1202000000.0	-0.386803376309
1204000000.0	0.0707050974825
1206000000.0	-0.30644446066
1208000000.0	0.0940987147088
1210000000.0	0.136765033719
1212000000.0	0.151835254552
1214000000.0	0.520522900395
1216000000.0	0.195740035323
1218000000.0	-0.202098608604
1220000000.0	-0.0164435348857
1222000000.0	-0.157566143511
1224000000.0	0.0309435025523
1226000000.0	0.0444622990488
1228000000.0	0.210343817763
1230000000.0	0.0835412844693
1232000000.0	0.140850980087
1234000000.0	-0.101081871905
1236000000.0	-0.0485999256439
1238000000.0	-0.185961511776
1240000000.0	0.209265228813
1242000000.0	0.179861487981
1244000000.0	0.034026047676
1246000000.0	0.191475371346
1248000000.0	-0.326319121114
1250000000.0	-0.58619906391
1252000000.0	-0.300657484754
1254000000.0	-0.0941036988886
1256000000.0	0.069298923092
1258000000.0	-0.0640932792856
1260000000.0	1.16306598387e-05
1262000000.0	-0.229202268378
1264000000.0	0.0411429474222
1266000000.0	-0.329737692373
1268000000.0	-0.0535520137585
1270000000.0	-0.236517696017
1272000000.0	-0.111434840361
1274000000.0	0.377304421712
1276000000.0	0.217068832197
1278000000.0	-0.136095612575
1280000000.0	-0.10174207779
1282000000.0	-0.492085676644
1284000000.0	0.148294118881
1286000000.0	0.472560528059
1288000000.0	0.458407413255
1290000000.0	0.127919727089
1292000000.0	-0.363626810855
1294000000.0	-0.413909174383
1296000000.0	-0.418844694309
1298000000.0	-0.350591030251
1300000000.0	1.59374175546
1302000000.0	-0.402978924228
1304000000.0	-0.445091372913
1306000000.0	-0.180982225331
1308000000.0	-0.0618157839417
1310000000.0	-0.0611475172286
1312000000.0	-0.063914504426
1314000000.0	-0.00681141593001
1316000000.0	-0.0647778957446
1318000000.0	0.00424621824059
1320000000.0	-0.115126376168
1322000000.0	-0.294650166359
1324000000.0	0.268383068207
1326000000.0	-0.0842111182328
1328000000.0	-0.167684724541
1330000000.0	0.154499999815
1332000000.0	0.21414001865
1334000000.0	0.0629941574791
1336000000.0	0.00707529532658
1338000000.0	-0.310068469815
1340000000.0	0.00321036115068
1342000000.0	-0.287948810145
1344000000.0	0.173415697351
1346000000.0	0.117187483453
1348000000.0	0.170725857606
1350000000.0	0.166490000647
1352000000.0	-0.278110031379
1354000000.0	-0.317022848516
1356000000.0	0.164138752899
1358000000.0	0.0742081596204
1360000000.0	-0.0016216215249
1362000000.0	0.273632031032
1364000000.0	0.0710034845879
1366000000.0	0.240275482016
1368000000.0	-0.0862312178303
1370000000.0	-0.00332318803376
1372000000.0	0.200145923123
1374000000.0	-0.130690114719
1376000000.0	0.386684076973
1378000000.0	0.0531917784212
1380000000.0	0.0642035463736
1382000000.0	-0.2474377834
1384000000.0	-0.206572638896
1386000000.0	-0.112179506461
1388000000.0	-0.00437136935445
1390000000.0	-0.0844291110573
1392000000.0	0.286232482163
1394000000.0	-0.0915869303231
1396000000.0	0.157388543638
1398000000.0	0.0263056759281
1400000000.0	-0.632171315763
1402000000.0	0.555665894091
1404000000.0	0.324145041238
1406000000.0	0.439436263521
1408000000.0	0.223284976403
1410000000.0	-0.101913161038
1412000000.0	-0.238522118558
1414000000.0	-0.175218480662
1416000000.0	-0.264345220973
1418000000.0	0.215499638387
1420000000.0	0.421249441104
1422000000.0	0.410743483903
1424000000.0	-0.0541081374814
1426000000.0	-0.0777895487164
1428000000.0	-0.699793064142
1430000000.0	-0.0694900737777
1432000000.0	-0.16774115712
1434000000.0	0.030358235896
1436000000.0	-0.00161926245728
1438000000.0	0.395584352574
1440000000.0	-0.0354288657346
1442000000.0	-0.467941706167
1444000000.0	-0.280455647803
1446000000.0	-0.345973086165
1448000000.0	0.0318292950723
1450000000.0	0.782148314717
1452000000.0	0.169843435272
1454000000.0	0.211280481303
1456000000.0	-0.174802580248
1458000000.0	-0.430863744009
1460000000.0	-0.402385329228
1462000000.0	-0.3841811882
1464000000.0	0.557457906233
1466000000.0	0.659738010469
1468000000.0	0.354446171134
1470000000.0	0.0189580438274
1472000000.0	-0.952182681944
1474000000.0	-1.49881392837
1476000000.0	-0.379706993398
1478000000.0	0.722769383524
1480000000.0	1.38290068403
1482000000.0	0.894099646601
1484000000.0	0.172552497589
1486000000.0	-1.04407366388
1488000000.0	-1.6714091129
1490000000.0	-1.77351592261
1492000000.0	-0.775362803024
1494000000.0	1.71728044345
1496000000.0	7.71931766072
1498000000.0	14.9941770113
1500000000.0	-40.3657476286
1502000000.0	14.5745140008
1504000000.0	7.85454180369
1506000000.0	1.78870249053
1508000000.0	-1.54813183749
1510000000.0	-2.04089655189
1512000000.0	-1.13334453374
1514000000.0	-0.724119180654
1516000000.0	0.289068149114
1518000000.0	0.707786587237
1520000000.0	0.976362634253
1522000000.0	0.47648697524
1524000000.0	-0.510261781336
1526000000.0	-0.920062987453
1528000000.0	-0.774338179611
1530000000.0	-0.16354162305
1532000000.0	0.617232659762
1534000000.0	0.49151363311
1536000000.0	-0.0797290714862
1538000000.0	-0.392678544126
1540000000.0	-0.294132872575
1542000000.0	-0.16711511423
1544000000.0	0.108717409104
1546000000.0	0.431784125991
1548000000.0	0.295955980805
1550000000.0	0.185104706751
1552000000.0	0.0967516682603
1554000000.0	-0.406938632167
1556000000.0	-0.266680987171
1558000000.0	-0.295568223875
1560000000.0	-0.0371217434953
1562000000.0	0.140006280713
1564000000.0	0.406568476216
1566000000.0	-0.000639855608699
1568000000.0	0.0350823590953
1570000000.0	-0.354492847289
1572000000.0	-0.33467851714
1574000000.0	-0.231263778147
1576000000.0	0.191387837896
1578000000.0	0.173949250836
1580000000.0	0.106283629816
1582000000.0	0.125763226091
1584000000.0	-0.156313379194
1586000000.0	-0.146326296442
1588000000.0	-0.182763950621
1590000000.0	0.137542983558
1592000000.0	0.222531319737
1594000000.0	0.220396740562
1596000000.0	-0.204093059739
1598000000.0	-0.435521943404
1600000000.0	0.61383268082
1602000000.0	-0.274962746083
1604000000.0	-0.340484950877
1606000000.0	-0.0572175226176
1608000000.0	0.10198168695
1610000000.0	0.252758119379
1612000000.0	0.00870131260651
1614000000.0	-0.0366856382924
1616000000.0	-0.142110497131
1618000000.0	0.111805505724
1620000000.0	-0.241173519375
1622000000.0	-0.0749552773541
1624000000.0	0.161627523697
1626000000.0	0.0310320979912
1628000000.0	0.217452867661
1630000000.0	0.0902495511817
1632000000.0	-0.0395617812548
1634000000.0	-0.157007694428
1636000000.0	-0.027605234096
1638000000.0	0.0048476616519
1640000000.0	0.250667846661
1642000000.0	-0.284359420185
1644000000.0	0.215208199347
1646000000.0	-0.0627709729507
1648000000.0	-0.0501982619896
1650000000.0	0.221798950875
1652000000.0	0.109565940857
1654000000.0	-0.0309581613499
1656000000.0	-0.0729304776488
1658000000.0	-0.0158541865787
1660000000.0	-0.111464856299
1662000000.0	0.0090069429443
1664000000.0	0.168475774043
1666000000.0	-0.0327645840013
1668000000.0	-0.0183283518282
1670000000.0	-0.207257196801
1672000000.0	-0.0260912609393
1674000000.0	-0.229298549714
1676000000.0	0.105533890563
1678000000.0	0.0978130491713
1680000000.0	0.25348353346
1682000000.0	-0.035430469097
1684000000.0	-0.11707916917
1686000000.0	0.353844292863
1688000000.0	0.0922078802553
1690000000.0	0.0047103176757
1692000000.0	0.0481703578551
1694000000.0	0.103842916403
1696000000.0	-0.120556821934
1698000000.0	-0.384925750441
1700000000.0	0.609626814739
1702000000.0	-0.273740185042
1704000000.0	-0.292194423286
1706000000.0	0.0848276291172
1708000000.0	-0.354085491714
1710000000.0	0.0713091880738
1712000000.0	0.336257800617
1714000000.0	-0.232243280014
1716000000.0	-0.0195026400367
1718000000.0	0.0500371701007
1720000000.0	-0.1811486053
1722000000.0	0.333961596322
1724000000.0	0.204750481855
1726000000.0	0.0594271450496
1728000000.0	0.109573948911
1730000000.0	0.0298991280154
1732000000.0	-0.0234513521235
1734000000.0	0.103138216634
1736000000.0	-0.0221627037233
1738000000.0	-0.0261286114359
1740000000.0	-0.0313265958425
1742000000.0	0.074426007618
1744000000.0	0.192380152837
1746000000.0	-0.0621209458449
1748000000.0	-0.0174774309743
1750000000.0	0.00288286962255
1752000000.0	-0.0704893580321
1754000000.0	-0.126641682436
1756000000.0	0.184312051644
1758000000.0	0.0722221860795
1760000000.0	-0.103086623979
1762000000.0	0.263023844798
1764000000.0	0.0267618175766
1766000000.0	0.147140265259
1768000000.0	-0.0978307667687
1770000000.0	-0.0174715321923
1772000000.0	-0.100110104312
1774000000.0	-0.207930940189
1776000000.0	-0.034417208695
1778000000.0	0.087679010508
1780000000.0	0.00551682354881
1782000000.0	0.000121081405135
1784000000.0	0.266963275035
1786000000.0	-0.127169038636
1788000000.0	-0.04415740476
1790000000.0	-0.162175950222
1792000000.0	0.263536751965
1794000000.0	0.268175412921
1796000000.0	-0.694113208941
1798000000.0	-0.579671610333
1800000000.0	1.74663131847
1802000000.0	-0.393999444409
1804000000.0	-0.275032556039
1806000000.0	-0.419785748973
1808000000.0	0.0566867906563
1810000000.0	0.314783004759
1812000000.0	-0.00356332411053
1814000000.0	0.0624625076496
1816000000.0	0.0486981480406
1818000000.0	-0.230234111711
1820000000.0	0.0133245171008
1822000000.0	0.011451901768
1824000000.0	0.0313742382132
1826000000.0	0.291320596778
1828000000.0	0.0161310370312
1830000000.0	0.0199328784889
1832000000.0	-0.262093156157
1834000000.0	-0.0734090182124
1836000000.0	0.178025391656
1838000000.0	-0.103657449594
1840000000.0	-0.144690280113
1842000000.0	0.0653614649754
1844000000.0	0.0653154003272
1846000000.0	0.0637139720199
1848000000.0	-0.187657553106
1850000000.0	0.0454387167743
1852000000.0	-0.0458071543366
1854000000.0	0.122215754443
1856000000.0	0.255370184455
1858000000.0	-0.0317006117141
1860000000.0	-0.140972350536
1862000000.0	0.0665251314303
1864000000.0	-0.0786242318276
1866000000.0	-0.256561336701
1868000000.0	0.223925572211
1870000000.0	-0.028006883536
1872000000.0	0.0496474731047
1874000000.0	-0.0120648852309
1876000000.0	-0.101444645501
1878000000.0	-0.10690989564
1880000000.0	0.0511181942709
1882000000.0	0.0380555701797
1884000000.0	0.129340877528
1886000000.0	0.185435550124
1888000000.0	0.0694694405342
1890000000.0	-0.54313356022
1892000000.0	-0.528476346068
1894000000.0	-0.128982586059
1896000000.0	1.26565627273
1898000000.0	2.42453775857
1900000000.0	-5.13188994109
1902000000.0	1.79096879174
1904000000.0	0.704578969851
1906000000.0	0.138571058112
1908000000.0	0.220380827086
1910000000.0	-0.153133612325
1912000000.0	-0.299652316097
1914000000.0	-0.180657083713
1916000000.0	-0.10849615818
1918000000.0	0.270680327119
1920000000.0	0.30754050922
1922000000.0	-0.0317193331067
1924000000.0	-0.0779731679978
1926000000.0	-0.249739054123
1928000000.0	-0.0796168326955
1930000000.0	-0.100546161518
1932000000.0	-0.172839521787
1934000000.0	0.0459362456738
1936000000.0	-0.105221585317
1938000000.0	0.278203172478
1940000000.0	-0.0556195987241
1942000000.0	-0.139906299498
1944000000.0	-0.165458061543
1946000000.0	-0.0169542059321
1948000000.0	-0.270956705877
1950000000.0	0.27492959612
1952000000.0	-0.290996672532
1954000000.0	0.0799533665688
1956000000.0	-0.0915863117291
1958000000.0	-0.250154139595
1960000000.0	0.0885621040196
1962000000.0	0.303798369371
1964000000.0	0.00810732998611
1966000000.0	0.202244053721
1968000000.0	-0.131884824283
1970000000.0	-0.0426559431538
1972000000.0	-0.0724161975384
1974000000.0	0.178239910039
1976000000.0	-0.0925572430296
1978000000.0	0.122677691947
1980000000.0	0.176831057455
1982000000.0	-0.154969111002
1984000000.0	0.0112902855348
1986000000.0	0.143050034916
1988000000.0	0.0753241524165
1990000000.0	0.106116293869
1992000000.0	0.179947070476
1994000000.0	0.243577663303
1996000000.0	0.0877209873882
1998000000.0	-0.000865917187703
2000000000.0	-1.075
