0.0	-48.26571
2000000.0	4.31101601398
4000000.0	11.6161744024
6000000.0	5.09069927519
8000000.0	-3.8774849015
10000000.0	-8.61575003015
12000000.0	-8.96334257575
14000000.0	-2.25151237478
16000000.0	8.55076914711
18000000.0	17.0861294785
20000000.0	17.1414273857
22000000.0	3.69484492431
24000000.0	-16.0050681837
26000000.0	-26.7867334922
28000000.0	-23.0708943439
30000000.0	-5.62989482444
32000000.0	14.3085532165
34000000.0	19.0384170358
36000000.0	9.41842859408
38000000.0	-1.54727882883
40000000.0	-12.7732593329
42000000.0	-17.0702624407
44000000.0	-9.95362061971
46000000.0	0.925006789993
48000000.0	7.02497726337
50000000.0	5.33945359927
52000000.0	-1.27469779625
54000000.0	-5.44522894398
56000000.0	-4.9431856515
58000000.0	-0.304163359275
60000000.0	5.88201705953
62000000.0	6.24162931611
64000000.0	2.96774268124
66000000.0	-3.24219742385
68000000.0	-5.26962134137
70000000.0	-1.42590188257
72000000.0	4.01921746456
74000000.0	6.48876593398
76000000.0	4.90153396543
78000000.0	-1.66557493645
80000000.0	-6.31845728944
82000000.0	-5.14873307136
84000000.0	-0.0530396263933
86000000.0	5.13933233173
88000000.0	7.03741800672
90000000.0	2.01917050274
92000000.0	-3.47860172962
94000000.0	-7.14719777864
96000000.0	-4.52199172718
98000000.0	1.00139262543
100000000.0	5.96885068946
102000000.0	4.94433592272
104000000.0	-0.454723237782
106000000.0	-5.24741136009
108000000.0	-6.2051843236
110000000.0	-2.26129507821
112000000.0	4.13609566485
114000000.0	6.17574903898
116000000.0	4.40052218194
118000000.0	-0.880652199284
120000000.0	-5.4723615351
122000000.0	-4.45477787857
124000000.0	1.1098230933
126000000.0	3.23508529811
128000000.0	5.02582221905
130000000.0	2.62378391221
132000000.0	-2.56959313745
134000000.0	-5.34781916352
136000000.0	-4.15801928989
138000000.0	1.30976515797
140000000.0	4.99978781223
142000000.0	4.34566750107
144000000.0	-0.115027243862
146000000.0	-5.74697553708
148000000.0	-5.11305322519
150000000.0	-1.74460025517
152000000.0	3.21555892281
154000000.0	5.5051798983
156000000.0	2.21498204291
158000000.0	-1.87454808668
160000000.0	-4.89580830923
162000000.0	-3.30453726946
164000000.0	-0.06742627977
166000000.0	4.44816684193
168000000.0	2.95898943641
170000000.0	0.521598239225
172000000.0	-3.83849594933
174000000.0	-4.54234672854
176000000.0	-0.903812800862
178000000.0	3.52690705151
180000000.0	5.95699229546
182000000.0	4.30907542953
184000000.0	-1.09119819356
186000000.0	-6.11109636175
188000000.0	-6.01712754894
190000000.0	-0.865447188659
192000000.0	4.49504774681
194000000.0	6.45997227879
196000000.0	3.02552660509
198000000.0	-1.94306692259
200000000.0	-6.2020764675
202000000.0	-2.94847475947
204000000.0	2.15685933885
206000000.0	6.37150213663
208000000.0	5.24795638146
210000000.0	-1.02192704908
212000000.0	-5.35443810693
214000000.0	-6.01674810209
216000000.0	-0.968036408236
218000000.0	5.12069398058
220000000.0	6.68406578326
222000000.0	3.19210539933
224000000.0	-1.80408431326
226000000.0	-6.40240855003
228000000.0	-6.17965398541
230000000.0	-0.138158897955
232000000.0	5.83640965671
234000000.0	6.1455957374
236000000.0	1.46479691116
238000000.0	-3.49116580641
240000000.0	-6.20871418164
242000000.0	-2.73273148777
244000000.0	3.06752786837
246000000.0	6.66541584683
248000000.0	4.42527731151
250000000.0	-1.68133404426
252000000.0	-6.75798256026
254000000.0	-6.28679078466
256000000.0	-0.484221980571
258000000.0	7.30478713347
260000000.0	10.3028787477
262000000.0	3.81194592419
264000000.0	-7.15824225184
266000000.0	-14.4286888151
268000000.0	-11.5177263317
270000000.0	4.02338219875
272000000.0	19.6631028538
274000000.0	20.8846561893
276000000.0	5.34085568438
278000000.0	-18.6393313143
280000000.0	-29.5156835671
282000000.0	-15.0980346679
284000000.0	14.0284997271
286000000.0	32.1192421251
288000000.0	18.7853773865
290000000.0	-16.4030418424
292000000.0	-38.2798961939
294000000.0	-11.9566891172
296000000.0	64.2816676649
298000000.0	144.869615145
300000000.0	-349.898118677
302000000.0	120.70931369
304000000.0	72.3703721204
306000000.0	30.8757209831
308000000.0	-1.319156465
310000000.0	-22.0537643156
312000000.0	-28.9492413131
314000000.0	-20.4750251594
316000000.0	0.90932639185
318000000.0	18.4047850084
320000000.0	22.4752077695
322000000.0	9.90057802417
324000000.0	-8.4375035117
326000000.0	-16.9729130523
328000000.0	-11.7939494383
330000000.0	2.45718402126
332000000.0	11.7717293787
334000000.0	8.61391499334
336000000.0	-1.23825178413
338000000.0	-7.18261500174
340000000.0	-6.51082816309
342000000.0	1.04559267028
344000000.0	6.96627347747
346000000.0	6.38548471144
348000000.0	-0.818372517818
350000000.0	-6.0951911018
352000000.0	-6.08583618206
354000000.0	-0.963979656602
356000000.0	5.25245073638
358000000.0	6.01917286356
360000000.0	2.42027052521
362000000.0	-2.71831877637
364000000.0	-6.26774135592
366000000.0	-4.9765912741
368000000.0	0.289137687206
370000000.0	4.64199482928
372000000.0	5.6393661441
374000000.0	2.85179126233
376000000.0	-1.71269757842
378000000.0	-3.31713523402
380000000.0	-4.06930109255
382000000.0	-0.278269056148
384000000.0	2.04289110058
386000000.0	1.98533839116
388000000.0	-0.18332045866
390000000.0	-2.07053277867
392000000.0	-2.18529297348
394000000.0	0.913007385564
396000000.0	1.46187724609
398000000.0	2.16401523969
400000000.0	0.204901416708
402000000.0	-1.8146780252
404000000.0	-2.92274412103
406000000.0	-2.31518089758
408000000.0	0.359410553632
410000000.0	3.40720976928
412000000.0	1.99018741478
414000000.0	0.409681093309
416000000.0	-1.69364884688
418000000.0	-3.40414780706
420000000.0	-1.41164168645
422000000.0	1.37425990648
424000000.0	2.53341362281
426000000.0	2.62836115247
428000000.0	-1.04842144476
430000000.0	-2.19779845256
432000000.0	-1.71066381157
434000000.0	-0.539953416671
436000000.0	0.864343520372
438000000.0	2.34118378839
440000000.0	0.620811686549
442000000.0	-1.48732893059
444000000.0	-1.24001134462
446000000.0	-0.0872464006745
448000000.0	1.42063112725
450000000.0	1.31243901497
452000000.0	0.887102308083
454000000.0	-0.956758100185
456000000.0	-1.93914679565
458000000.0	-1.38122261345
460000000.0	0.803397847481
462000000.0	2.34071747862
464000000.0	2.17295999496
466000000.0	0.626436717351
468000000.0	-0.752828973783
470000000.0	-2.19095379754
472000000.0	-1.33692593532
474000000.0	0.384802659503
476000000.0	0.85653269122
478000000.0	1.66621464136
480000000.0	0.15897267331
482000000.0	-0.928305859315
484000000.0	-0.582499466722
486000000.0	-0.0353376856288
488000000.0	0.377739583602
490000000.0	0.478038541109
492000000.0	-0.218497002615
494000000.0	-0.34168016538
496000000.0	-1.67821485925
498000000.0	-0.290599542747
500000000.0	0.0628547619868
502000000.0	0.206494123124
504000000.0	0.35490787368
506000000.0	0.00622697393686
508000000.0	-1.60274625711
510000000.0	-1.45144971182
512000000.0	0.0770850765371
514000000.0	0.457591909576
516000000.0	1.36086288056
518000000.0	1.04950436474
520000000.0	-0.373563966739
522000000.0	-1.27732669049
524000000.0	-0.186283734148
526000000.0	0.127296253778
528000000.0	0.197924002739
530000000.0	0.301975058265
532000000.0	-0.25000480969
534000000.0	-0.232964983604
536000000.0	-1.11803050979
538000000.0	-0.456608475669
540000000.0	0.123210109423
542000000.0	1.06876997031
544000000.0	0.519430546995
546000000.0	-0.973767506423
548000000.0	-0.675600041898
550000000.0	-0.50039434811
552000000.0	-0.425001893981
554000000.0	1.43153196058
556000000.0	1.49561005141
558000000.0	0.535083324587
560000000.0	-0.156262911244
562000000.0	-1.13372008107
564000000.0	-1.14514479254
566000000.0	0.584965202246
568000000.0	1.47569293709
570000000.0	0.80204894079
572000000.0	0.530649849795
574000000.0	-1.24534608926
576000000.0	-1.23660734501
578000000.0	-0.589445990831
580000000.0	-0.0490038806326
582000000.0	1.407397001
584000000.0	0.808939246027
586000000.0	-0.70270659651
588000000.0	0.18908569277
590000000.0	-0.289610922904
592000000.0	0.231979630258
594000000.0	1.56090180661
596000000.0	-0.0801058645036
598000000.0	-0.675988401134
600000000.0	0.245893966101
602000000.0	-1.12829181804
604000000.0	-0.831088607495
606000000.0	0.504067909965
608000000.0	0.865152554519
610000000.0	0.314145936002
612000000.0	-0.0520895053981
614000000.0	-0.539963401744
616000000.0	-0.922053488367
618000000.0	0.672361611241
620000000.0	0.283977843611
622000000.0	1.48282998627
624000000.0	0.173582653083
626000000.0	-0.0566285968707
628000000.0	-0.566118513627
630000000.0	-0.444271872299
632000000.0	0.527262481679
634000000.0	0.994775850871
636000000.0	1.53202170329
638000000.0	0.315818771556
640000000.0	0.876946770583
642000000.0	-0.796758177704
644000000.0	-0.461422433133
646000000.0	1.40680579565
648000000.0	0.870915711082
650000000.0	-0.0255909067972
652000000.0	-0.585415215291
654000000.0	-0.674863542281
656000000.0	-0.797190004725
658000000.0	0.804896161505
660000000.0	-0.0420041767488
662000000.0	0.627859791114
664000000.0	0.860724829591
666000000.0	-0.6966402448
668000000.0	-1.63812814587
670000000.0	-0.187329987504
672000000.0	0.445750011671
674000000.0	1.28467627096
676000000.0	1.08656346884
678000000.0	-0.170244442823
680000000.0	-0.94911103134
682000000.0	-0.336206907044
684000000.0	-0.373015941158
686000000.0	0.269756011574
688000000.0	0.842093480542
690000000.0	0.373090763044
692000000.0	0.043054387899
694000000.0	-0.756728169332
696000000.0	-0.450043411061
698000000.0	0.382998450999
700000000.0	1.04443825545
702000000.0	1.28375345965
704000000.0	0.345609555258
706000000.0	-0.841981365382
708000000.0	-0.903513774546
710000000.0	-0.217238158819
712000000.0	0.569601716484
714000000.0	0.252885967402
716000000.0	-0.434154566221
718000000.0	-0.516366603565
720000000.0	-0.272574520818
722000000.0	-1.12269038136
724000000.0	1.00902556759
726000000.0	0.59015790316
728000000.0	1.43324561334
730000000.0	0.66905178715
732000000.0	-1.1918084489
734000000.0	-1.15150244058
736000000.0	-0.605383360534
738000000.0	0.994664156136
740000000.0	0.497007530851
742000000.0	1.08104403867
744000000.0	-0.32206728765
746000000.0	-0.863146702828
748000000.0	0.21893006123
750000000.0	0.294140408178
752000000.0	-0.374810465114
754000000.0	1.16661345388
756000000.0	-0.0555179396376
758000000.0	-0.554175713308
760000000.0	-0.83692118849
762000000.0	0.0274346552726
764000000.0	-0.383303033881
766000000.0	0.796795558571
768000000.0	0.82761769978
770000000.0	-0.146332894309
772000000.0	-0.921509241532
774000000.0	-1.24654784185
776000000.0	0.176382317523
778000000.0	1.29129498396
780000000.0	0.856987381746
782000000.0	1.14621698477
784000000.0	-0.30180138391
786000000.0	-0.926471277341
788000000.0	-0.870532905929
790000000.0	0.480232480454
792000000.0	1.07087271616
794000000.0	0.903460991252
796000000.0	-0.110471168196
798000000.0	-0.366517425513
800000000.0	-2.52524614592
802000000.0	0.460136285897
804000000.0	1.20018049464
806000000.0	2.04408071628
808000000.0	0.954346064679
810000000.0	-0.303065835881
812000000.0	-1.45904885171
814000000.0	-1.37665259386
816000000.0	0.449309050093
818000000.0	1.50870479236
820000000.0	1.28930679963
822000000.0	1.00323091074
824000000.0	-0.671084497485
826000000.0	-1.70776078153
828000000.0	-0.38024748989
830000000.0	0.524589151604
832000000.0	0.961665799018
834000000.0	0.805528288213
836000000.0	-0.231271833589
838000000.0	-1.57750825358
840000000.0	-0.498290345254
842000000.0	-0.296286230864
844000000.0	1.63650621989
846000000.0	0.687841339238
848000000.0	-0.276568203962
850000000.0	-1.31960511933
852000000.0	-1.67940124086
854000000.0	-1.31691200736
856000000.0	1.04314729625
858000000.0	2.84373405697
860000000.0	2.82812437245
862000000.0	-0.167077261368
864000000.0	-2.42055635881
866000000.0	-3.33628015909
868000000.0	-2.67202949781
870000000.0	1.32748021201
872000000.0	4.41079340643
874000000.0	4.39416669217
876000000.0	0.964333854651
878000000.0	-3.95191991405
880000000.0	-6.75186668672
882000000.0	-2.19026536945
884000000.0	3.99526195217
886000000.0	7.11440709956
888000000.0	1.62291443988
890000000.0	-8.5790439866
892000000.0	-12.9495152616
894000000.0	0.419161429083
896000000.0	31.4674766679
898000000.0	65.9359884884
900000000.0	-165.406822073
902000000.0	57.4584628698
904000000.0	32.9108321888
906000000.0	10.5077219107
908000000.0	-5.12779239453
910000000.0	-9.24819558631
912000000.0	-8.24316276802
914000000.0	-3.07840484517
916000000.0	2.04763023046
918000000.0	5.13691642146
920000000.0	4.63919270632
922000000.0	1.7389689347
924000000.0	-2.40171166437
926000000.0	-2.8558402525
928000000.0	-1.54094106045
930000000.0	0.769915565615
932000000.0	2.73336182163
934000000.0	2.04726813016
936000000.0	-2.30384886814
938000000.0	-2.92336591529
940000000.0	-1.31058032305
942000000.0	1.64021188486
944000000.0	2.66980877513
946000000.0	1.0686160017
948000000.0	-0.397674227668
950000000.0	-2.92629673943
952000000.0	-2.65969397963
954000000.0	-0.297947124838
956000000.0	2.15639509817
958000000.0	1.79891003387
960000000.0	0.564416848474
962000000.0	-1.54906862162
964000000.0	-1.5120434971
966000000.0	-1.02113751296
968000000.0	0.369258682249
970000000.0	0.72415671195
972000000.0	1.31032022304
974000000.0	0.880760720841
976000000.0	-1.43932056509
978000000.0	-1.4507443371
980000000.0	-0.373598977016
982000000.0	0.400358923121
984000000.0	1.05829512797
986000000.0	0.747537599135
988000000.0	-1.20566333455
990000000.0	-0.513280282455
992000000.0	0.0295671979635
994000000.0	0.818337072867
996000000.0	0.906738930144
998000000.0	1.52398719878
1000000000.0	-2.21875
1002000000.0	-0.91460554753
1004000000.0	-0.0522025313068
1006000000.0	0.170527672774
1008000000.0	0.663480634866
1010000000.0	0.818570334584
1012000000.0	-0.427245056525
1014000000.0	0.0801246450171
1016000000.0	-0.806735533283
1018000000.0	-0.649917231989
1020000000.0	0.288769874005
1022000000.0	0.931435222525
1024000000.0	0.153853705403
1026000000.0	0.487394353449
1028000000.0	-0.570388410113
1030000000.0	-0.346224242645
1032000000.0	-0.119936781248
1034000000.0	0.0133242366659
1036000000.0	0.43909138003
1038000000.0	0.280026304177
1040000000.0	0.00576565508617
1042000000.0	-0.505772567084
1044000000.0	-0.282330530946
1046000000.0	0.594335547123
1048000000.0	0.679071577967
1050000000.0	0.171983541299
1052000000.0	0.85997356546
1054000000.0	-0.0980433524267
1056000000.0	-0.679400921637
1058000000.0	-0.219190207889
1060000000.0	0.836285936643
1062000000.0	0.943640769765
1064000000.0	0.5284160041
1066000000.0	-0.430443059579
1068000000.0	-0.923486467403
1070000000.0	-0.478397502643
1072000000.0	-0.181690305539
1074000000.0	0.310714149043
1076000000.0	-0.0931937186886
1078000000.0	-0.661464175677
1080000000.0	0.126333174986
1082000000.0	-0.603388910765
1084000000.0	-0.549703250026
1086000000.0	0.790948391208
1088000000.0	0.564268798884
1090000000.0	0.217163530835
1092000000.0	-0.041760004064
1094000000.0	-0.232610700375
1096000000.0	-0.880670174097
1098000000.0	0.0342044318444
1100000000.0	0.428074600664
1102000000.0	0.436131979549
1104000000.0	0.720909375892
1106000000.0	0.335380944878
1108000000.0	-0.128511030128
1110000000.0	-0.0966954811636
1112000000.0	0.0993092742743
1114000000.0	0.546787650369
1116000000.0	-0.433124329497
1118000000.0	-0.141835099669
1120000000.0	-0.827577083897
1122000000.0	-0.984911242235
1124000000.0	0.349035862153
1126000000.0	0.527302365494
1128000000.0	0.0462701720419
1130000000.0	0.889065403523
1132000000.0	0.192525820099
1134000000.0	-0.615451235563
1136000000.0	-0.481517776368
1138000000.0	-0.208199054729
1140000000.0	0.620788541029
1142000000.0	0.479521541741
1144000000.0	0.240260349635
1146000000.0	-0.276929937852
1148000000.0	0.449343646423
1150000000.0	0.222918049171
1152000000.0	-0.0045998309462
1154000000.0	0.844441702598
1156000000.0	1.10875693571
1158000000.0	0.339279942643
1160000000.0	-0.560051018047
1162000000.0	-0.569019226577
1164000000.0	0.351905679508
1166000000.0	-0.0842073489572
1168000000.0	0.194125526151
1170000000.0	0.257650293736
1172000000.0	-0.659874956307
1174000000.0	-0.628972724312
1176000000.0	0.198181575346
1178000000.0	0.894526854345
1180000000.0	0.561963153215
1182000000.0	0.600501844092
1184000000.0	-0.155027771379
1186000000.0	-0.784250040619
1188000000.0	-0.990475953238
1190000000.0	0.200863589255
1192000000.0	0.128076991444
1194000000.0	0.794138014446
1196000000.0	-1.41283259702
1198000000.0	0.17201107011
1200000000.0	0.763991083292
1202000000.0	-0.659991040625
1204000000.0	-0.542138420262
1206000000.0	-0.0838759519457
1208000000.0	0.50063791028
1210000000.0	0.0409674034139
1212000000.0	-0.241363580684
1214000000.0	-0.372475462496
1216000000.0	-0.413776831189
1218000000.0	0.033937928056
1220000000.0	0.337267578575
1222000000.0	-0.059299509687
1224000000.0	0.720655042698
1226000000.0	0.216197796677
1228000000.0	0.414841462474
1230000000.0	0.655224690329
1232000000.0	-0.132816707985
1234000000.0	-0.0481974520921
1236000000.0	0.135596253978
1238000000.0	0.393269068233
1240000000.0	-0.221846218881
1242000000.0	0.303764973671
1244000000.0	-0.385261876054
1246000000.0	0.53808410898
1248000000.0	0.204062637601
1250000000.0	1.59456706065
1252000000.0	-1.19356312626
1254000000.0	-0.498292936724
1256000000.0	-1.07971440997
1258000000.0	-0.287632380577
1260000000.0	0.182633774496
1262000000.0	0.991647263008
1264000000.0	0.652701245247
1266000000.0	0.459646879288
1268000000.0	0.355294914168
1270000000.0	0.092309190285
1272000000.0	0.708022321243
1274000000.0	1.26721581404
1276000000.0	-0.418284278276
1278000000.0	-0.682554448551
1280000000.0	-0.48192238116
1282000000.0	0.00653214887738
1284000000.0	0.468330310068
1286000000.0	0.419595588984
1288000000.0	0.528813778419
1290000000.0	0.430225222363
1292000000.0	0.530325623968
1294000000.0	-0.676792814731
1296000000.0	0.924664879847
1298000000.0	1.38926443373
1300000000.0	-3.25803717954
1302000000.0	1.4711753893
1304000000.0	0.275656632248
1306000000.0	0.388537481668
1308000000.0	-0.681380299528
1310000000.0	-0.811733831769
1312000000.0	0.839758623569
1314000000.0	-0.0049699831497
1316000000.0	0.182723759925
1318000000.0	-0.493032743368
1320000000.0	-0.0572309310807
1322000000.0	0.299089025273
1324000000.0	0.715668667795
1326000000.0	0.0418063542959
1328000000.0	-0.100326813086
1330000000.0	0.341902228749
1332000000.0	-0.0700411101992
1334000000.0	-0.112851263198
1336000000.0	0.438014240151
1338000000.0	-0.0241921526222
1340000000.0	-0.161974741212
1342000000.0	0.287890238014
1344000000.0	-0.576468675377
1346000000.0	-0.279523833564
1348000000.0	-0.676283812644
1350000000.0	0.843107003577
1352000000.0	-0.0776345574982
1354000000.0	0.893430223968
1356000000.0	0.366639388553
1358000000.0	-0.272541123868
1360000000.0	-0.509090926139
1362000000.0	-0.688388492558
1364000000.0	-0.382780263804
1366000000.0	1.25493692252
1368000000.0	0.0385488873565
1370000000.0	-0.355675471497
1372000000.0	-0.184753354811
1374000000.0	0.577731012743
1376000000.0	-0.736479898639
1378000000.0	-0.717886185057
1380000000.0	1.2187772091
1382000000.0	-0.87757927428
1384000000.0	-0.720075470801
1386000000.0	-0.300003798412
1388000000.0	0.866404669859
1390000000.0	0.834652378953
1392000000.0	-0.378072147891
1394000000.0	-0.130239928555
1396000000.0	-0.438601006902
1398000000.0	-0.388733139179
1400000000.0	-0.395686118523
1402000000.0	0.207805337104
1404000000.0	0.779973678333
1406000000.0	0.353479897974
1408000000.0	0.556149006329
1410000000.0	-0.782480556484
1412000000.0	0.10212823265
1414000000.0	-0.528074065531
1416000000.0	0.579186558789
1418000000.0	0.377035160423
1420000000.0	0.713651312551
1422000000.0	0.0449247683639
1424000000.0	-0.0579253466387
1426000000.0	-0.266061236985
1428000000.0	-0.644135890528
1430000000.0	-0.0895222074208
1432000000.0	0.774851578545
1434000000.0	0.13745733402
1436000000.0	-0.0046392154933
1438000000.0	-0.551833008879
1440000000.0	0.111820388338
1442000000.0	0.533487862755
1444000000.0	0.866162648505
1446000000.0	0.77495631587
1448000000.0	-0.05325131894
1450000000.0	-0.665335145413
1452000000.0	0.0215457824425
1454000000.0	-0.182401565278
1456000000.0	-0.404103008569
1458000000.0	1.60386087734
1460000000.0	0.760148300894
1462000000.0	0.222318525241
1464000000.0	-1.06879137486
1466000000.0	-1.4073815422
1468000000.0	-0.586651557761
1470000000.0	0.720483810249
1472000000.0	0.908770703395
1474000000.0	3.37403189219
1476000000.0	0.956090290655
1478000000.0	-1.2068957065
1480000000.0	-1.98880654524
1482000000.0	-0.8585320761
1484000000.0	1.93854334504
1486000000.0	2.63711472691
1488000000.0	-0.259871899303
1490000000.0	-3.84388003546
1492000000.0	-4.86264169979
1494000000.0	0.831640594897
1496000000.0	14.1958259154
1498000000.0	30.2775785323
1500000000.0	-72.437524762
1502000000.0	26.5048498823
1504000000.0	15.0946610784
1506000000.0	3.5792084736
1508000000.0	-3.46756824694
1510000000.0	-4.08861327989
1512000000.0	-3.38028673412
1514000000.0	0.268710157151
1516000000.0	1.11005224543
1518000000.0	1.03252041492
1520000000.0	0.0154049270322
1522000000.0	0.94131420297
1524000000.0	-1.30050409321
1526000000.0	-0.0621693212751
1528000000.0	0.0632343777315
1530000000.0	1.3089835057
1532000000.0	0.516670220355
1534000000.0	-0.408645687064
1536000000.0	-0.85221002134
1538000000.0	-0.612795624825
1540000000.0	0.277091218618
1542000000.0	0.792416738621
1544000000.0	0.416407295564
1546000000.0	0.697332210048
1548000000.0	-0.930842379964
1550000000.0	-1.12331093449
1552000000.0	-0.94414985091
1554000000.0	-0.123695408681
1556000000.0	1.22726746712
1558000000.0	-0.233120168542
1560000000.0	-0.258137035487
1562000000.0	-1.0237995514
1564000000.0	-0.484465927119
1566000000.0	-0.0316994125057
1568000000.0	0.251970443688
1570000000.0	1.12297341577
1572000000.0	0.392939787088
1574000000.0	-0.301236997172
1576000000.0	-0.111517370415
1578000000.0	-0.290948976523
1580000000.0	-0.208350297952
1582000000.0	-0.111942458555
1584000000.0	0.369690802119
1586000000.0	-0.33291657701
1588000000.0	-0.47608586048
1590000000.0	-0.352784667915
1592000000.0	-0.0939937073977
1594000000.0	0.957505351427
1596000000.0	0.945169947972
1598000000.0	-0.183401646327
1600000000.0	-0.568636354079
1602000000.0	-0.0750251371183
1604000000.0	0.0916560957704
1606000000.0	0.136664107604
1608000000.0	0.265697040626
1610000000.0	0.851667450932
1612000000.0	0.12818573972
1614000000.0	-0.129305781108
1616000000.0	-0.763108342708
1618000000.0	-0.744542326642
1620000000.0	-0.00394028231045
1622000000.0	0.320501714692
1624000000.0	-0.30180010342
1626000000.0	0.303065282843
1628000000.0	-0.366318487856
1630000000.0	0.292080332911
1632000000.0	-0.696234808232
1634000000.0	0.526290024486
1636000000.0	0.18772842412
1638000000.0	0.254486699614
1640000000.0	0.225811591275
1642000000.0	0.127638311806
1644000000.0	0.452770540339
1646000000.0	-0.046835756454
1648000000.0	0.595608073694
1650000000.0	0.611594717533
1652000000.0	0.320957581715
1654000000.0	-0.0270399713904
1656000000.0	-0.348935291696
1658000000.0	-0.0707118547283
1660000000.0	-0.0689390397482
1662000000.0	0.535800497033
1664000000.0	-0.357127328791
1666000000.0	-0.851411617755
1668000000.0	-0.277111834176
1670000000.0	-0.140116273907
1672000000.0	0.455550302408
1674000000.0	0.249438695892
1676000000.0	0.186865427716
1678000000.0	-0.473571289474
1680000000.0	-0.397177881464
1682000000.0	-0.616031920315
1684000000.0	0.150695867856
1686000000.0	0.209299289963
1688000000.0	0.624228675612
1690000000.0	-0.408619004934
1692000000.0	-0.219808369063
1694000000.0	-0.487990021046
1696000000.0	-0.118981918076
1698000000.0	0.752755030476
1700000000.0	-0.334607342418
1702000000.0	-0.539260447414
1704000000.0	0.545017395439
1706000000.0	0.436903973242
1708000000.0	0.0499369480273
1710000000.0	-0.277218377209
1712000000.0	0.28264028368
1714000000.0	0.155851424533
1716000000.0	-0.0428487141781
1718000000.0	-0.291347254106
1720000000.0	0.231709083969
1722000000.0	0.171636428475
1724000000.0	-0.428687288356
1726000000.0	0.267636382015
1728000000.0	0.463774830076
1730000000.0	-0.0131982082464
1732000000.0	0.334873668881
1734000000.0	-0.586231175691
1736000000.0	0.892459871176
1738000000.0	0.472684515682
1740000000.0	-0.225450101334
1742000000.0	-0.596855741474
1744000000.0	0.0584675946696
1746000000.0	-0.178560179679
1748000000.0	0.141920545257
1750000000.0	-1.64491342457
1752000000.0	-0.414727033982
1754000000.0	-0.160665764908
1756000000.0	-0.217191655831
1758000000.0	-0.528700442387
1760000000.0	0.844174813308
1762000000.0	0.184173855707
1764000000.0	-0.338401582958
1766000000.0	0.394596064201
1768000000.0	0.501823426021
1770000000.0	0.355453592578
1772000000.0	-0.137979647755
1774000000.0	-0.129824128934
1776000000.0	-0.00206731544448
1778000000.0	0.331219265484
1780000000.0	0.411364557732
1782000000.0	0.0176898282368
1784000000.0	-0.20108263111
1786000000.0	-0.732507292793
1788000000.0	-0.506041018552
1790000000.0	0.648528982063
1792000000.0	0.55962053873
1794000000.0	0.108013346424
1796000000.0	0.56481363526
1798000000.0	-0.617578695022
1800000000.0	0.601868619921
1802000000.0	-0.745291746785
1804000000.0	-0.31131169883
1806000000.0	-0.262511962688
1808000000.0	0.282985674065
1810000000.0	0.151422482024
1812000000.0	-0.0944330700746
1814000000.0	-0.111504013716
1816000000.0	-0.227403592094
1818000000.0	0.109183433398
1820000000.0	-0.178169099385
1822000000.0	0.309693456115
1824000000.0	0.76799256957
1826000000.0	-0.157047839999
1828000000.0	-0.250546391282
1830000000.0	0.169324148282
1832000000.0	0.415026831624
1834000000.0	-0.0739482444516
1836000000.0	0.304698083371
1838000000.0	-0.154672287422
1840000000.0	-0.305388684642
1842000000.0	-0.23239262758
1844000000.0	0.261350440233
1846000000.0	0.288159158394
1848000000.0	-0.214822905818
1850000000.0	-0.152293063543
1852000000.0	-1.13594248356
1854000000.0	-0.0345826227576
1856000000.0	0.00659359227696
1858000000.0	0.574233078095
1860000000.0	-0.0571897131044
1862000000.0	0.0665307669794
1864000000.0	0.1136058961
1866000000.0	0.0931131826269
1868000000.0	-0.519401986027
1870000000.0	-0.13672684917
1872000000.0	-0.21753396814
1874000000.0	0.187999254734
1876000000.0	0.299471778955
1878000000.0	-0.25882451616
1880000000.0	-0.00831727617339
1882000000.0	0.366647856425
1884000000.0	-0.0712178174515
1886000000.0	0.838206439435
1888000000.0	-0.212446254574
1890000000.0	-0.489372769716
1892000000.0	-1.09902963602
1894000000.0	-0.0359283875534
1896000000.0	4.13557955892
1898000000.0	6.27766291921
1900000000.0	-18.0441082734
1902000000.0	7.51651632071
1904000000.0	3.85420654768
1906000000.0	1.02166172438
1908000000.0	-0.970713692789
1910000000.0	-1.11169662798
1912000000.0	-0.358438096914
1914000000.0	0.247182659251
1916000000.0	0.828498529113
1918000000.0	-0.0166172425931
1920000000.0	0.19713101078
1922000000.0	-0.331579735162
1924000000.0	0.219528861967
1926000000.0	-0.221132749191
1928000000.0	-0.163850330124
1930000000.0	0.166595371245
1932000000.0	0.457934217991
1934000000.0	-0.567071232635
1936000000.0	-0.222247745652
1938000000.0	0.454272255237
1940000000.0	0.528446306164
1942000000.0	0.42848493535
1944000000.0	0.295957815505
1946000000.0	-0.291058200493
1948000000.0	-0.271920123003
1950000000.0	-0.32383831174
1952000000.0	-0.0288785301274
1954000000.0	0.438396633913
1956000000.0	0.480272877371
1958000000.0	0.224702265786
1960000000.0	0.874451223479
1962000000.0	-0.182001808566
1964000000.0	-0.206652469328
1966000000.0	0.384137183067
1968000000.0	0.518518275819
1970000000.0	-0.196750561208
1972000000.0	-0.223259144288
1974000000.0	-0.464813286168
1976000000.0	-0.421416344568
1978000000.0	0.380089776361
1980000000.0	0.59710284244
1982000000.0	-0.0533698322451
1984000000.0	-0.239555650352
1986000000.0	0.262060000352
1988000000.0	-0.15436283864
1990000000.0	-0.813664652475
1992000000.0	0.337474203991
1994000000.0	0.104238790083
1996000000.0	-0.117478225832
1998000000.0	-0.274161236735
2000000000.0	1.57819
