0.0	-1.9375
2000000.0	0.397942557311
4000000.0	1.50009398496
6000000.0	0.438912881176
8000000.0	0.156668647515
10000000.0	0.129212377879
12000000.0	-0.666448816327
14000000.0	-0.902947415945
16000000.0	0.541682338215
18000000.0	2.44624760726
20000000.0	3.823307281
22000000.0	3.34579153837
24000000.0	1.81395239067
26000000.0	0.0477362502849
28000000.0	-2.16482404462
30000000.0	-3.85281301927
32000000.0	-3.93988829022
34000000.0	-2.0033064309
36000000.0	2.1287848112
38000000.0	3.56419584101
40000000.0	3.33140406482
42000000.0	2.7393770969
44000000.0	0.567908880626
46000000.0	-1.29473806655
48000000.0	-2.05523199954
50000000.0	-1.20601735491
52000000.0	0.255945983936
54000000.0	1.50498982117
56000000.0	1.61210808221
58000000.0	0.714740525337
60000000.0	-0.647348120833
62000000.0	-1.85797901636
64000000.0	-1.82662211731
66000000.0	-0.404827040752
68000000.0	1.15952942525
70000000.0	2.23998970801
72000000.0	1.84671824595
74000000.0	0.266539395443
76000000.0	-1.02321142745
78000000.0	-2.09218579325
80000000.0	-1.75910728662
82000000.0	-0.793049479833
84000000.0	0.648700080747
86000000.0	1.53648883374
88000000.0	1.38005803484
90000000.0	0.47957333855
92000000.0	-0.506756204485
94000000.0	-1.16678377623
96000000.0	-0.932633628665
98000000.0	-0.379686404839
100000000.0	0.63576182199
102000000.0	0.459979783456
104000000.0	-0.0273821471124
106000000.0	-0.465058983584
108000000.0	-0.650980743414
110000000.0	-0.31487488165
112000000.0	0.325908375016
114000000.0	0.724239182567
116000000.0	0.713803714927
118000000.0	0.311665705994
120000000.0	-0.737777252757
122000000.0	-1.05635156976
124000000.0	-0.789297889959
126000000.0	-0.892872936067
128000000.0	0.457622523405
130000000.0	1.37712281614
132000000.0	1.28252631927
134000000.0	0.446371818343
136000000.0	-0.505189368842
138000000.0	-1.31017178271
140000000.0	-1.03814673962
142000000.0	-0.346198220099
144000000.0	0.509830534497
146000000.0	0.83958138309
148000000.0	0.724840299916
150000000.0	0.0831734787302
152000000.0	-0.401888355343
154000000.0	-0.855050881254
156000000.0	-0.664793604042
158000000.0	-0.0699291113675
160000000.0	0.651647216305
162000000.0	0.726657375602
164000000.0	0.467683233583
166000000.0	-0.312477433032
168000000.0	-0.883641766199
170000000.0	-0.865018243717
172000000.0	-0.309355656737
174000000.0	0.3416514093
176000000.0	1.05057709756
178000000.0	0.830673578476
180000000.0	0.0236320343865
182000000.0	-0.551784486429
184000000.0	-1.02670176424
186000000.0	-0.612404963041
188000000.0	0.258352540951
190000000.0	0.785851964897
192000000.0	0.776657284967
194000000.0	0.240625147473
196000000.0	-0.40140786628
198000000.0	-0.949596123885
200000000.0	-1.0691831867
202000000.0	-0.0588199897731
204000000.0	0.893020766784
206000000.0	1.39268140069
208000000.0	0.88540181289
210000000.0	-0.3470958197
212000000.0	-1.4122547172
214000000.0	-1.40345554855
216000000.0	-0.801761914706
218000000.0	0.393357310836
220000000.0	1.32747495649
222000000.0	1.63029092228
224000000.0	0.791777240442
226000000.0	-0.579275187093
228000000.0	-1.80121169993
230000000.0	-1.95425599328
232000000.0	-0.667020238857
234000000.0	0.952404546211
236000000.0	2.03438232777
238000000.0	1.80529133816
240000000.0	0.234512427702
242000000.0	-1.4126195165
244000000.0	-2.19899600615
246000000.0	-1.54229794026
248000000.0	0.267851329888
250000000.0	1.89748250342
252000000.0	1.86389672144
254000000.0	1.04816147008
256000000.0	-0.374175664216
258000000.0	-1.80977249774
260000000.0	-2.30669959075
262000000.0	-1.31818442248
264000000.0	1.33485487308
266000000.0	3.25019006436
268000000.0	2.8342419375
270000000.0	-0.0870203347824
272000000.0	-3.5640773959
274000000.0	-4.59590435075
276000000.0	-1.60434587163
278000000.0	2.70905684688
280000000.0	5.20247202533
282000000.0	4.6595493965
284000000.0	1.67761300035
286000000.0	-3.22646010091
288000000.0	-8.42037680912
290000000.0	-12.054727065
292000000.0	-7.56622167865
294000000.0	11.6892012189
296000000.0	43.4558133674
298000000.0	75.0912397004
300000000.0	-210.003510519
302000000.0	67.7640180161
304000000.0	39.9722573367
306000000.0	14.1129874807
308000000.0	-1.63180452564
310000000.0	-8.89745665978
312000000.0	-10.443831054
314000000.0	-7.92436533749
316000000.0	-1.77197786377
318000000.0	5.18573231414
320000000.0	8.20927212453
322000000.0	5.64948680121
324000000.0	-0.502999722837
326000000.0	-4.71768415818
328000000.0	-5.21557398163
330000000.0	-2.22207849174
332000000.0	0.983123305015
334000000.0	2.89881317713
336000000.0	2.73869978023
338000000.0	1.28414753271
340000000.0	-0.546008155338
342000000.0	-1.7898325754
344000000.0	-1.99572060183
346000000.0	-0.83455902677
348000000.0	0.760859602909
350000000.0	1.70704656481
352000000.0	1.39689743863
354000000.0	0.0132827216976
356000000.0	-1.27180266596
358000000.0	-1.7228679888
360000000.0	-0.459544610954
362000000.0	0.819629069419
364000000.0	1.3208154567
366000000.0	1.04589026286
368000000.0	0.083535461491
370000000.0	-0.933678132006
372000000.0	-1.25396147625
374000000.0	-1.11476210654
376000000.0	0.0309742900505
378000000.0	1.03111653881
380000000.0	1.57184327443
382000000.0	1.17772624385
384000000.0	-0.210198473653
386000000.0	-1.41676883698
388000000.0	-1.56965475703
390000000.0	-0.958325299261
392000000.0	0.144323548708
394000000.0	1.25803658386
396000000.0	1.51829711821
398000000.0	0.877187042295
400000000.0	-0.378194518518
402000000.0	-1.11756910213
404000000.0	-1.38915103526
406000000.0	-0.765269461697
408000000.0	0.112553966338
410000000.0	0.967984384766
412000000.0	1.17825409179
414000000.0	0.71136817805
416000000.0	-0.1973758414
418000000.0	-0.966119591381
420000000.0	-0.93935936919
422000000.0	-0.491570325985
424000000.0	0.156844337976
426000000.0	0.782763758
428000000.0	0.774019984477
430000000.0	0.267687877688
432000000.0	-0.169602840198
434000000.0	-0.35066011325
436000000.0	-0.55469403928
438000000.0	-0.189042031553
440000000.0	0.195955844758
442000000.0	0.445056242913
444000000.0	0.35312674872
446000000.0	-0.070811463753
448000000.0	-0.433006958072
450000000.0	-0.444502783577
452000000.0	-0.0180762523213
454000000.0	0.284349074333
456000000.0	0.380887660999
458000000.0	0.28410624744
460000000.0	-0.14785917015
462000000.0	-0.578257347507
464000000.0	-0.505919006626
466000000.0	-0.257687279302
468000000.0	0.0727924624831
470000000.0	0.618978675252
472000000.0	0.534671928279
474000000.0	0.245518122609
476000000.0	-0.195401094762
478000000.0	-0.588894119696
480000000.0	-0.552220497344
482000000.0	-0.200806269466
484000000.0	0.238322759884
486000000.0	0.697944289232
488000000.0	0.692573426911
490000000.0	0.201402384525
492000000.0	-0.515038129774
494000000.0	-0.647031584708
496000000.0	-0.553764721389
498000000.0	-0.294874969238
500000000.0	0.204662374942
502000000.0	0.476934583178
504000000.0	0.424593506624
506000000.0	0.0774255028368
508000000.0	-0.347687531673
510000000.0	-0.335469424862
512000000.0	-0.384974920517
514000000.0	-0.148947407064
516000000.0	0.183202542712
518000000.0	0.356471043804
520000000.0	0.293403996229
522000000.0	-0.0541339298428
524000000.0	-0.29212888807
526000000.0	-0.278621646075
528000000.0	-0.155971538521
530000000.0	0.0840828621719
532000000.0	0.150275815184
534000000.0	0.12506506529
536000000.0	-0.0377636937796
538000000.0	-0.0679312801198
540000000.0	-0.0369836039168
542000000.0	-0.0018678042994
544000000.0	0.226471829976
546000000.0	0.095566012299
548000000.0	0.072729255907
550000000.0	-0.0347414430619
552000000.0	-0.296576636069
554000000.0	-0.261164549312
556000000.0	-0.0195191191505
558000000.0	0.0149847196295
560000000.0	0.159636818666
562000000.0	0.184898357817
564000000.0	0.208735942529
566000000.0	0.0300590939369
568000000.0	-0.350788986166
570000000.0	-0.297887838529
572000000.0	-0.330049272495
574000000.0	0.0890670071236
576000000.0	0.279867200397
578000000.0	0.279816237688
580000000.0	0.23485008872
582000000.0	-0.0567305511385
584000000.0	-0.398894163616
586000000.0	-0.192673658673
588000000.0	-0.114441343456
590000000.0	0.040104321647
592000000.0	0.344137862448
594000000.0	0.312142829536
596000000.0	-0.178596857244
598000000.0	-0.264985518318
600000000.0	0.56145943531
602000000.0	-0.459934054411
604000000.0	-0.381743788222
606000000.0	-0.0655335769929
608000000.0	0.212775541879
610000000.0	0.33153537918
612000000.0	0.244301108801
614000000.0	0.0878818768637
616000000.0	-0.130901868599
618000000.0	-0.0577263692613
620000000.0	-0.239437745446
622000000.0	0.152550136486
624000000.0	0.365370041913
626000000.0	-0.214171263667
628000000.0	0.146561088598
630000000.0	-0.0100906896997
632000000.0	-0.0877143233726
634000000.0	-0.0619151055446
636000000.0	0.0169362108302
638000000.0	0.00729237283539
640000000.0	-0.153440277614
642000000.0	0.037017592977
644000000.0	-0.240161341821
646000000.0	-0.0581454314818
648000000.0	0.0892402396174
650000000.0	0.136599265709
652000000.0	0.031931874758
654000000.0	-0.0731884620793
656000000.0	0.050194060297
658000000.0	-0.137052515885
660000000.0	-0.235059712378
662000000.0	-0.161374321041
664000000.0	0.00960557004402
666000000.0	0.110147937371
668000000.0	0.155197587062
670000000.0	0.170161748679
672000000.0	0.144045459317
674000000.0	0.0102523396822
676000000.0	-0.243664438744
678000000.0	-0.183232622084
680000000.0	-0.0425257314853
682000000.0	0.170253584837
684000000.0	0.1682444363
686000000.0	0.00390598466896
688000000.0	0.0305588010454
690000000.0	-0.0526858318087
692000000.0	-0.198201824973
694000000.0	-0.235480538862
696000000.0	-0.145067537544
698000000.0	-0.0568263287437
700000000.0	0.26969702251
702000000.0	-0.0911697280591
704000000.0	0.122051204552
706000000.0	-0.232273880583
708000000.0	0.0174306357561
710000000.0	0.0329477842864
712000000.0	-0.00487872411674
714000000.0	0.040356267364
716000000.0	-0.0925083801637
718000000.0	-0.138146458831
720000000.0	0.0575242422873
722000000.0	-0.0177747018029
724000000.0	0.21038429301
726000000.0	-0.00151965058661
728000000.0	0.0627171691125
730000000.0	-0.0449571715565
732000000.0	-0.209432120119
734000000.0	-0.0743969695164
736000000.0	-0.257350279047
738000000.0	0.0764438117031
740000000.0	0.182087868309
742000000.0	0.0556202543958
744000000.0	0.179180134064
746000000.0	0.132398342134
748000000.0	-0.0983973815958
750000000.0	-0.173475537941
752000000.0	-0.267993415459
754000000.0	-0.0204523385163
756000000.0	0.156127198891
758000000.0	0.317100997498
760000000.0	0.253445221058
762000000.0	-0.1015715919
764000000.0	-0.119498466426
766000000.0	-0.340202875827
768000000.0	-0.224207093067
770000000.0	0.0263272544716
772000000.0	0.216925611608
774000000.0	0.10760254842
776000000.0	0.0997612279209
778000000.0	-0.0762140848679
780000000.0	-0.238696260863
782000000.0	-0.152348066244
784000000.0	-0.193302418926
786000000.0	0.147835587894
788000000.0	0.182863007021
790000000.0	0.125968521864
792000000.0	-0.0400015526256
794000000.0	-0.0938202660193
796000000.0	-0.326977400028
798000000.0	-0.202269090468
800000000.0	0.393517181791
802000000.0	0.0340776630661
804000000.0	0.0626638647681
806000000.0	0.0195521849531
808000000.0	-0.25414209538
810000000.0	-0.189816992395
812000000.0	-0.261096179108
814000000.0	0.119329842529
816000000.0	0.160543437728
818000000.0	0.306255462847
820000000.0	0.0832600208869
822000000.0	-0.2645453362
824000000.0	-0.316015000224
826000000.0	-0.28327897646
828000000.0	0.0235259795291
830000000.0	0.444535486908
832000000.0	0.316282413106
834000000.0	0.184140680446
836000000.0	-0.00943328469858
838000000.0	-0.39985944957
840000000.0	-0.471250963622
842000000.0	-0.300390714598
844000000.0	0.0327036759029
846000000.0	0.469192633645
848000000.0	0.636107628716
850000000.0	0.442962956584
852000000.0	0.00895362937054
854000000.0	-0.55521454249
856000000.0	-0.710655218993
858000000.0	-0.349470833309
860000000.0	0.317797192326
862000000.0	0.716506146692
864000000.0	0.753308903981
866000000.0	0.382913610966
868000000.0	-0.0926073049665
870000000.0	-0.689668236569
872000000.0	-0.782967389793
874000000.0	-0.409116260281
876000000.0	-0.129513251154
878000000.0	1.20738533789
880000000.0	1.68857285224
882000000.0	0.615032340129
884000000.0	-1.08334096592
886000000.0	-2.08532336804
888000000.0	-1.45397356177
890000000.0	0.342204187856
892000000.0	1.70467612382
894000000.0	1.57865677966
896000000.0	1.49459108586
898000000.0	2.61974205901
900000000.0	-14.6007389774
902000000.0	6.86731116578
904000000.0	4.22764549706
906000000.0	0.156765626772
908000000.0	-2.2687962634
910000000.0	-1.96242732108
912000000.0	-0.0495882055969
914000000.0	1.28176715678
916000000.0	1.16890351568
918000000.0	0.0562556471476
920000000.0	-0.625414351414
922000000.0	-0.730367799463
924000000.0	-0.499876974671
926000000.0	0.0828803364689
928000000.0	0.331312390219
930000000.0	0.493905904053
932000000.0	0.498669916481
934000000.0	0.150439703358
936000000.0	-0.374314435507
938000000.0	-0.871329599815
940000000.0	-0.598553039889
942000000.0	0.00814530887641
944000000.0	0.637188743267
946000000.0	0.697600420198
948000000.0	0.276018086243
950000000.0	-0.195421400311
952000000.0	-0.362409120468
954000000.0	-0.439429585437
956000000.0	-0.258961388102
958000000.0	0.133288728999
960000000.0	0.29847227138
962000000.0	0.344845418262
964000000.0	0.368030626169
966000000.0	-0.175092221508
968000000.0	-0.314817652934
970000000.0	-0.541039419314
972000000.0	-0.157708999359
974000000.0	0.00731073274668
976000000.0	0.264048613604
978000000.0	0.311398002541
980000000.0	0.0854265350847
982000000.0	-0.110550478445
984000000.0	-0.160845462517
986000000.0	-0.266311414337
988000000.0	-0.161837310242
990000000.0	0.141755979002
992000000.0	0.101710838943
994000000.0	0.0493833903613
996000000.0	-0.119256355005
998000000.0	-0.202863798607
1000000000.0	-0.878125
1002000000.0	-0.170059393703
1004000000.0	0.0920804434817
1006000000.0	0.0767409728422
1008000000.0	0.0786180798551
1010000000.0	-0.228210280575
1012000000.0	-0.11845824737
1014000000.0	-0.159783441639
1016000000.0	-0.0643629278361
1018000000.0	0.113382499169
1020000000.0	0.135407775078
1022000000.0	0.137499268325
1024000000.0	0.32017934956
1026000000.0	-0.200831032466
1028000000.0	-0.246299615766
1030000000.0	-0.26740770811
1032000000.0	-0.0015305955466
1034000000.0	0.126706469874
1036000000.0	0.231116187968
1038000000.0	0.15931543802
1040000000.0	0.0308980854553
1042000000.0	0.0150056489863
1044000000.0	-0.0857920830268
1046000000.0	-0.12496549509
1048000000.0	-0.0362212491151
1050000000.0	0.188603023418
1052000000.0	0.272864048909
1054000000.0	0.364160796618
1056000000.0	-0.0747706532181
1058000000.0	-0.178412990416
1060000000.0	-0.234716187721
1062000000.0	-0.0731408468417
1064000000.0	-0.112961979362
1066000000.0	0.21687817489
1068000000.0	0.157400889733
1070000000.0	0.168435439791
1072000000.0	0.145423447516
1074000000.0	-0.056093781258
1076000000.0	-0.00565651849954
1078000000.0	-0.11408495221
1080000000.0	0.0880900169267
1082000000.0	0.0669691187868
1084000000.0	0.0043321724206
1086000000.0	0.0177208698255
1088000000.0	-0.0851961026855
1090000000.0	-0.0811970975796
1092000000.0	0.139027766578
1094000000.0	-0.183291711549
1096000000.0	0.0797669310809
1098000000.0	0.254936382428
1100000000.0	-0.380663054755
1102000000.0	-0.03950678994
1104000000.0	-0.092702510938
1106000000.0	0.0266062918256
1108000000.0	0.0874214738311
1110000000.0	0.0792024712937
1112000000.0	-0.0281318926414
1114000000.0	-0.0137519516493
1116000000.0	-0.0166539509764
1118000000.0	-0.0987342951749
1120000000.0	-0.19319162032
1122000000.0	-0.140206456218
1124000000.0	-0.068743826913
1126000000.0	0.118085620952
1128000000.0	-0.0323838484975
1130000000.0	0.109306134974
1132000000.0	0.0214588301343
1134000000.0	-0.171962726063
1136000000.0	-0.0794838288135
1138000000.0	-0.0799660347826
1140000000.0	0.00286270597162
1142000000.0	0.189637558238
1144000000.0	0.0854012879687
1146000000.0	0.122601591601
1148000000.0	0.00848152157272
1150000000.0	-0.148313266223
1152000000.0	-0.052537802302
1154000000.0	-0.16917346332
1156000000.0	-0.111516170602
1158000000.0	0.213366287922
1160000000.0	0.0766205748387
1162000000.0	0.0517144559565
1164000000.0	0.102161820404
1166000000.0	-0.0887027818123
1168000000.0	-0.0241543093335
1170000000.0	-0.080346921746
1172000000.0	0.0106502564663
1174000000.0	-0.0537565659097
1176000000.0	0.0684259571253
1178000000.0	0.157576623472
1180000000.0	-0.113193077368
1182000000.0	0.0014189881487
1184000000.0	-0.00490992301458
1186000000.0	-0.110110662204
1188000000.0	0.00232069088487
1190000000.0	0.0502103755586
1192000000.0	-0.098940100442
1194000000.0	-0.189233386618
1196000000.0	-0.0862227646309
1198000000.0	-0.0783855594737
1200000000.0	0.289132018518
1202000000.0	-0.124931407833
1204000000.0	0.00660944501371
1206000000.0	-0.0770312012121
1208000000.0	-0.157897430781
1210000000.0	-0.057276411446
1212000000.0	-0.0998399458399
1214000000.0	-0.0210011428628
1216000000.0	-0.028590474848
1218000000.0	0.116221794454
1220000000.0	0.00397158096514
1222000000.0	-0.0784198310081
1224000000.0	-0.162173154841
1226000000.0	-0.187123149173
1228000000.0	-0.107308800401
1230000000.0	0.00856424610417
1232000000.0	0.0851981010166
1234000000.0	0.0978393242577
1236000000.0	0.0161049608255
1238000000.0	0.0605185930563
1240000000.0	0.0375999241077
1242000000.0	-0.134361770763
1244000000.0	0.0574367776809
1246000000.0	-0.21342541113
1248000000.0	0.0746985430497
1250000000.0	-0.419529285169
1252000000.0	0.0896974637606
1254000000.0	-0.0131417566401
1256000000.0	0.10367166446
1258000000.0	0.0148292642448
1260000000.0	-0.0428123435221
1262000000.0	-0.082076542523
1264000000.0	-0.229963879589
1266000000.0	0.00676628141309
1268000000.0	0.00535282514278
1270000000.0	0.0352696495436
1272000000.0	-0.22590398831
1274000000.0	0.0728979834684
1276000000.0	-0.0071106329606
1278000000.0	0.13241230936
1280000000.0	-0.0099719974104
1282000000.0	0.0035654209599
1284000000.0	-0.0618205432506
1286000000.0	0.041869390384
1288000000.0	0.00677323657936
1290000000.0	0.0343549560089
1292000000.0	-0.0927085700424
1294000000.0	0.0837607207914
1296000000.0	0.255276508109
1298000000.0	0.561933254088
1300000000.0	-2.12107031856
1302000000.0	0.710498101313
1304000000.0	0.527188578117
1306000000.0	0.226313113302
1308000000.0	-0.170553359092
1310000000.0	-0.148189806389
1312000000.0	-0.00904151601011
1314000000.0	-0.137230017527
1316000000.0	-0.12954710473
1318000000.0	0.0616146325228
1320000000.0	0.18006333062
1322000000.0	0.235646226289
1324000000.0	0.0633170525906
1326000000.0	0.0126398840369
1328000000.0	-0.152833187356
1330000000.0	0.00655214334847
1332000000.0	0.0561796549541
1334000000.0	-0.00978424899477
1336000000.0	0.172450613845
1338000000.0	0.113948586409
1340000000.0	0.0415299670588
1342000000.0	-0.0943439888437
1344000000.0	0.0823681681792
1346000000.0	0.129511886821
1348000000.0	-0.0215833160651
1350000000.0	-0.000254950423332
1352000000.0	-0.0311218455389
1354000000.0	0.0358781373868
1356000000.0	0.0317018030023
1358000000.0	-0.0613118155063
1360000000.0	-0.040615136471
1362000000.0	-0.0671450925283
1364000000.0	-0.10287458726
1366000000.0	0.203866481758
1368000000.0	0.0819318378905
1370000000.0	0.0836332356284
1372000000.0	-0.0587693715685
1374000000.0	0.381599546113
1376000000.0	-0.474462007695
1378000000.0	-0.140394923687
1380000000.0	0.133833568546
1382000000.0	0.0981994469874
1384000000.0	0.217611425837
1386000000.0	-0.0219080146181
1388000000.0	-0.229879474312
1390000000.0	-0.351208718629
1392000000.0	0.112832130387
1394000000.0	0.0384308085071
1396000000.0	0.150796825352
1398000000.0	0.00999422634087
1400000000.0	0.295913981983
1402000000.0	-0.0199606703115
1404000000.0	-0.235460268248
1406000000.0	-0.273693356857
1408000000.0	0.0171359907981
1410000000.0	0.0617934289681
1412000000.0	0.133313714576
1414000000.0	0.13431911399
1416000000.0	-0.0178767135005
1418000000.0	-0.0550316824555
1420000000.0	-0.244246541281
1422000000.0	-0.195380622145
1424000000.0	0.0424380006821
1426000000.0	0.106367458287
1428000000.0	0.18259512651
1430000000.0	-0.000685957600807
1432000000.0	-0.118421531637
1434000000.0	-0.244632387178
1436000000.0	-0.171924127431
1438000000.0	-0.0629307834419
1440000000.0	-0.0644920649139
1442000000.0	0.0348324896855
1444000000.0	0.135174745287
1446000000.0	0.031374855084
1448000000.0	-0.136859272802
1450000000.0	-0.0563958445166
1452000000.0	-0.0388286431296
1454000000.0	0.0910285420898
1456000000.0	0.201014644549
1458000000.0	0.12479901779
1460000000.0	0.184866985243
1462000000.0	0.00632350846785
1464000000.0	-0.296410187983
1466000000.0	-0.512788167351
1468000000.0	-0.235941800022
1470000000.0	0.167769594075
1472000000.0	0.666301933192
1474000000.0	0.594540438327
1476000000.0	0.205133002691
1478000000.0	-0.497191654528
1480000000.0	-0.753069696226
1482000000.0	-0.454090453098
1484000000.0	0.0852353014902
1486000000.0	0.512614823385
1488000000.0	0.890424064958
1490000000.0	1.18046844692
1492000000.0	0.708055787154
1494000000.0	-1.10866768243
1496000000.0	-4.59116485424
1498000000.0	-8.61243409836
1500000000.0	22.8453376251
1502000000.0	-7.70931191303
1504000000.0	-4.65132851679
1506000000.0	-1.37937308034
1508000000.0	0.620681410313
1510000000.0	1.07048942994
1512000000.0	0.905212496594
1514000000.0	0.699683575025
1516000000.0	0.0840400632496
1518000000.0	-0.491602931593
1520000000.0	-0.730908936296
1522000000.0	-0.522513336087
1524000000.0	0.171944701683
1526000000.0	0.44924818555
1528000000.0	0.636596226947
1530000000.0	0.198536407336
1532000000.0	-0.195430493971
1534000000.0	-0.365352872216
1536000000.0	-0.214293579656
1538000000.0	-0.0586971820952
1540000000.0	0.0755637232003
1542000000.0	0.11649593996
1544000000.0	0.0995087832279
1546000000.0	-0.0274833156689
1548000000.0	-0.134766702684
1550000000.0	-0.21863689138
1552000000.0	-0.173257415987
1554000000.0	-0.0103245787579
1556000000.0	0.251217735265
1558000000.0	0.135445040256
1560000000.0	0.00269819003553
1562000000.0	-0.129728909942
1564000000.0	-0.0993105396549
1566000000.0	-0.0460262489975
1568000000.0	0.0727437023861
1570000000.0	-0.0245742676618
1572000000.0	0.17421859112
1574000000.0	0.0395394017865
1576000000.0	0.0566697191486
1578000000.0	-0.0750458592893
1580000000.0	-0.227569385191
1582000000.0	-0.105689426619
1584000000.0	0.0403913680012
1586000000.0	0.142018645382
1588000000.0	0.261845167062
1590000000.0	0.0160700294351
1592000000.0	-0.0155775490939
1594000000.0	-0.226173158022
1596000000.0	-0.0866319871801
1598000000.0	0.0156120044695
1600000000.0	-0.120079681791
1602000000.0	0.179885301463
1604000000.0	0.126062645646
1606000000.0	0.0903668662067
1608000000.0	-0.104228983377
1610000000.0	-0.144298564053
1612000000.0	-0.0674983823631
1614000000.0	-0.0852782606342
1616000000.0	-0.122270806019
1618000000.0	0.248751080642
1620000000.0	0.132009480908
1622000000.0	-0.0475355657781
1624000000.0	-0.106323955376
1626000000.0	-0.174352829021
1628000000.0	0.0423279066867
1630000000.0	0.133540520615
1632000000.0	0.0049011690816
1634000000.0	0.104885337927
1636000000.0	-0.00917032016893
1638000000.0	-0.0682701222109
1640000000.0	-0.0133740090584
1642000000.0	0.0024964969688
1644000000.0	-0.0736554802335
1646000000.0	-0.0463627393148
1648000000.0	0.0564557664595
1650000000.0	-0.116091524542
1652000000.0	0.00808369122944
1654000000.0	-0.00264892690036
1656000000.0	0.113825709201
1658000000.0	0.0651089485696
1660000000.0	-0.0881619041031
1662000000.0	0.0536716637931
1664000000.0	-0.00259397875699
1666000000.0	0.0633258476399
1668000000.0	-0.0138937825192
1670000000.0	-0.00663590756332
1672000000.0	-0.0288333784328
1674000000.0	0.102751220741
1676000000.0	-0.131016053356
1678000000.0	0.0788870780374
1680000000.0	0.0290875097196
1682000000.0	0.0184026228808
1684000000.0	-0.0789432480173
1686000000.0	-0.0804372520158
1688000000.0	-0.0862366502747
1690000000.0	0.02398670714
1692000000.0	-0.0801673622755
1694000000.0	0.0610364156279
1696000000.0	-0.0663774110585
1698000000.0	-0.29819801766
1700000000.0	0.174471695574
1702000000.0	-0.13337242874
1704000000.0	-0.0905306848359
1706000000.0	-0.159392222327
1708000000.0	-0.00325197335682
1710000000.0	-0.0565627047747
1712000000.0	0.090512934036
1714000000.0	-0.0501236470181
1716000000.0	0.00842219278892
1718000000.0	-0.114599138381
1720000000.0	-0.0375086243961
1722000000.0	0.101227956296
1724000000.0	0.0539328680223
1726000000.0	0.0229354319982
1728000000.0	0.0241329486932
1730000000.0	0.0204148930458
1732000000.0	-0.0501598235486
1734000000.0	0.0613535159565
1736000000.0	-0.0114135595873
1738000000.0	0.0281301246232
1740000000.0	-0.081618752984
1742000000.0	-0.0469986924607
1744000000.0	0.0076950513115
1746000000.0	-0.0171578447041
1748000000.0	-0.11669753176
1750000000.0	0.470522319685
1752000000.0	-0.0434818863665
1754000000.0	0.160586515725
1756000000.0	0.0557682362281
1758000000.0	0.0551378670475
1760000000.0	-0.0122880492594
1762000000.0	0.0152394580798
1764000000.0	-0.186081274415
1766000000.0	0.0743291769027
1768000000.0	0.0365635951181
1770000000.0	0.0265301548682
1772000000.0	-0.0072084113328
1774000000.0	-0.00341991964228
1776000000.0	-0.136216479
1778000000.0	0.0317987911278
1780000000.0	0.12177183199
1782000000.0	0.0682761114262
1784000000.0	0.102855349245
1786000000.0	0.190429262498
1788000000.0	0.0364803953742
1790000000.0	-0.0245879269972
1792000000.0	-0.046669337386
1794000000.0	0.0862166737271
1796000000.0	0.16775947638
1798000000.0	0.244049371286
1800000000.0	-0.847565230595
1802000000.0	0.350808399376
1804000000.0	0.203363029524
1806000000.0	0.10521547403
1808000000.0	-0.0840663736857
1810000000.0	-0.0379481630395
1812000000.0	0.0389821327789
1814000000.0	-0.0152715735364
1816000000.0	0.0682324263947
1818000000.0	0.0717481018478
1820000000.0	0.120039590596
1822000000.0	-0.0407707632906
1824000000.0	-0.108195562121
1826000000.0	0.0372712373503
1828000000.0	-0.0274624198212
1830000000.0	0.111250529326
1832000000.0	-0.0401597112901
1834000000.0	-0.0123309399569
1836000000.0	-0.0771989765856
1838000000.0	0.0321100624717
1840000000.0	0.158524423319
1842000000.0	-0.109445976049
1844000000.0	-0.0352149068871
1846000000.0	0.0455867392515
1848000000.0	-0.0911710962109
1850000000.0	0.0518674788401
1852000000.0	0.118213139071
1854000000.0	-0.00125159075244
1856000000.0	-0.0804694859754
1858000000.0	-0.054689398191
1860000000.0	0.0983475240371
1862000000.0	0.0530661933378
1864000000.0	0.124520494104
1866000000.0	-0.0865102028179
1868000000.0	0.0599126228498
1870000000.0	-0.043870338907
1872000000.0	-0.0794455347203
1874000000.0	0.0922860474033
1876000000.0	-0.00593802831189
1878000000.0	0.17299756993
1880000000.0	0.207215470804
1882000000.0	-0.0413896707857
1884000000.0	-0.244125853438
1886000000.0	-0.434543703642
1888000000.0	-0.233620148009
1890000000.0	0.0373009790275
1892000000.0	0.26805513957
1894000000.0	0.321985766359
1896000000.0	0.449856362219
1898000000.0	0.363342818687
1900000000.0	-2.46144767025
1902000000.0	1.13711811743
1904000000.0	0.679910552803
1906000000.0	0.0877061530684
1908000000.0	-0.261796168853
1910000000.0	-0.331286823107
1912000000.0	-0.118626087573
1914000000.0	0.129988752785
1916000000.0	0.0341515221513
1918000000.0	-0.0759934796145
1920000000.0	-0.0956621053542
1922000000.0	-0.0190728829186
1924000000.0	-0.0167455280618
1926000000.0	-0.105773313786
1928000000.0	0.0254751866716
1930000000.0	0.158508629958
1932000000.0	0.0488849451816
1934000000.0	0.0225275297223
1936000000.0	0.00693123502764
1938000000.0	-0.235930148757
1940000000.0	-0.0443814643904
1942000000.0	0.123192116295
1944000000.0	0.1065583336
1946000000.0	0.0294403595433
1948000000.0	0.0320979412069
1950000000.0	-0.15237730915
1952000000.0	0.0933387869343
1954000000.0	-0.0646239053299
1956000000.0	-0.183990072284
1958000000.0	-0.0112301565725
1960000000.0	0.0527465803877
1962000000.0	0.159392894389
1964000000.0	0.0421726896498
1966000000.0	-0.0813971164259
1968000000.0	0.0569320573019
1970000000.0	-0.0539644429717
1972000000.0	-0.161935096429
1974000000.0	-0.040447768347
1976000000.0	0.121171163687
1978000000.0	0.0750467876665
1980000000.0	0.100967179715
1982000000.0	-0.0708752759292
1984000000.0	-0.0366803727271
1986000000.0	-0.144228247141
1988000000.0	-0.149321648492
1990000000.0	-0.0963824535903
1992000000.0	0.19589387744
1994000000.0	0.0978360466307
1996000000.0	0.158393590945
1998000000.0	0.148870971353
2000000000.0	-0.80625
