0.0	-3.053122
2000000.0	0.199056032081
4000000.0	0.382134932772
6000000.0	-0.264683958461
8000000.0	-0.00785669865661
10000000.0	0.201722382965
12000000.0	-0.0790831320884
14000000.0	0.0101370562639
16000000.0	-0.0430887748107
18000000.0	0.184213672051
20000000.0	0.186191071358
22000000.0	0.370174317775
24000000.0	0.119052873781
26000000.0	-0.302955921061
28000000.0	-0.679525818245
30000000.0	-0.800078863435
32000000.0	-0.420145837622
34000000.0	0.45346730385
36000000.0	1.057819493
38000000.0	0.927610339671
40000000.0	0.317100575332
42000000.0	-0.0638872995817
44000000.0	-0.614350189528
46000000.0	-0.784651297851
48000000.0	-0.640958272305
50000000.0	0.0626573168039
52000000.0	0.784881734447
54000000.0	1.00585429415
56000000.0	0.679174712575
58000000.0	0.0619094426333
60000000.0	-0.643583428566
62000000.0	-0.956098362138
64000000.0	-0.760404061305
66000000.0	-0.0775759739535
68000000.0	0.594425116791
70000000.0	1.06877065746
72000000.0	0.935153552583
74000000.0	0.254266750966
76000000.0	-0.412904955701
78000000.0	-0.895910416453
80000000.0	-0.784101168459
82000000.0	-0.288873094543
84000000.0	0.352806590896
86000000.0	0.820589489652
88000000.0	0.759914672378
90000000.0	0.334513661554
92000000.0	-0.280112975371
94000000.0	-0.605091753009
96000000.0	-0.631864954785
98000000.0	-0.255264888271
100000000.0	0.216303412248
102000000.0	0.49004057707
104000000.0	0.474732211241
106000000.0	0.167592755108
108000000.0	-0.0615122709168
110000000.0	-0.311038929981
112000000.0	-0.22092934893
114000000.0	-0.0507904939247
116000000.0	0.0893206186402
118000000.0	0.119430125788
120000000.0	0.0624654660055
122000000.0	-0.0804139598893
124000000.0	-0.0625090528142
126000000.0	-0.0743095898644
128000000.0	0.159088245604
130000000.0	0.285511089241
132000000.0	0.0954031826333
134000000.0	-0.0161376458638
136000000.0	-0.277005865554
138000000.0	-0.467421314623
140000000.0	-0.274637788199
142000000.0	-0.0169837840133
144000000.0	0.45294735257
146000000.0	0.529441856394
148000000.0	0.339516817114
150000000.0	-0.0288666537825
152000000.0	-0.47344417146
154000000.0	-0.543571246949
156000000.0	-0.386016907769
158000000.0	0.0238439877096
160000000.0	0.443178871003
162000000.0	0.587169853756
164000000.0	0.489600081368
166000000.0	-0.0665168658376
168000000.0	-0.384101954239
170000000.0	-0.566159177919
172000000.0	-0.395060132914
174000000.0	0.0587296794316
176000000.0	0.291787783278
178000000.0	0.492922955378
180000000.0	0.389815055875
182000000.0	0.0424266852639
184000000.0	-0.237364635596
186000000.0	-0.487704138968
188000000.0	-0.298561333537
190000000.0	-0.0156672991609
192000000.0	0.143506715539
194000000.0	0.258561176765
196000000.0	0.177123692686
198000000.0	0.0272585303302
200000000.0	-0.210764397024
202000000.0	-0.0324355936266
204000000.0	0.0243115126278
206000000.0	0.2110815297
208000000.0	0.153265612046
210000000.0	0.0406285774028
212000000.0	-0.265137440373
214000000.0	-0.306332725139
216000000.0	-0.318934470423
218000000.0	0.0212919917735
220000000.0	0.450048699246
222000000.0	0.610572720344
224000000.0	0.29842586053
226000000.0	-0.056991426703
228000000.0	-0.597315301974
230000000.0	-0.783857306646
232000000.0	-0.4108452604
234000000.0	0.128467310904
236000000.0	0.772447228257
238000000.0	1.01636673065
240000000.0	0.669223242021
242000000.0	-0.0503076095899
244000000.0	-0.749318645883
246000000.0	-1.07704419012
248000000.0	-0.723268386147
250000000.0	-0.102840410954
252000000.0	0.817496567357
254000000.0	1.27089156089
256000000.0	0.955104450514
258000000.0	0.10500069328
260000000.0	-0.769915076165
262000000.0	-1.16852895021
264000000.0	-0.917837798023
266000000.0	-0.275391916131
268000000.0	0.643106327302
270000000.0	1.03735752277
272000000.0	0.880063257544
274000000.0	0.262371761962
276000000.0	-0.434742896982
278000000.0	-0.723152642283
280000000.0	-0.508843754195
282000000.0	-0.0639532893569
284000000.0	0.175168857639
286000000.0	0.0293744522084
288000000.0	-0.436442554741
290000000.0	-0.741894033782
292000000.0	0.0722272127513
294000000.0	2.18202103786
296000000.0	5.53422180924
298000000.0	9.27513282982
300000000.0	-35.9027236753
302000000.0	11.489335753
304000000.0	9.57317444645
306000000.0	5.2331264581
308000000.0	0.625198986977
310000000.0	-2.89986480036
312000000.0	-4.18482684826
314000000.0	-3.19244554535
316000000.0	-0.853965282323
318000000.0	1.69580918619
320000000.0	2.88619042939
322000000.0	2.49436160316
324000000.0	0.834948595628
326000000.0	-0.955182722238
328000000.0	-2.10958767933
330000000.0	-1.98639103959
332000000.0	-0.92122049275
334000000.0	0.546860064293
336000000.0	1.59320346382
338000000.0	1.68028940834
340000000.0	0.907569370594
342000000.0	-0.197174128864
344000000.0	-1.02134196007
346000000.0	-1.2928803432
348000000.0	-0.831158756613
350000000.0	-0.0324579053325
352000000.0	0.719043078144
354000000.0	0.92964843061
356000000.0	0.665212526611
358000000.0	0.169724483308
360000000.0	-0.416915660951
362000000.0	-0.592984303552
364000000.0	-0.505479446095
366000000.0	-0.197233863709
368000000.0	0.0886413779804
370000000.0	0.295477216086
372000000.0	0.314377336566
374000000.0	0.291838277296
376000000.0	-0.126233159049
378000000.0	0.0227019865055
380000000.0	-0.0232525946771
382000000.0	-0.0443995210426
384000000.0	-0.183395233866
386000000.0	-0.146818892376
388000000.0	-0.231062475311
390000000.0	-0.00269728941384
392000000.0	0.119101352525
394000000.0	0.366064489726
396000000.0	0.329171834417
398000000.0	0.118884740536
400000000.0	-0.176242261644
402000000.0	-0.343868537347
404000000.0	-0.455936390024
406000000.0	-0.275199606007
408000000.0	0.0363677840817
410000000.0	0.35358511947
412000000.0	0.474350905148
414000000.0	0.378148227871
416000000.0	0.00580026444843
418000000.0	-0.34940388697
420000000.0	-0.559633669865
422000000.0	-0.384945718982
424000000.0	-0.138277629205
426000000.0	0.309499122428
428000000.0	0.590601395187
430000000.0	0.467905986043
432000000.0	0.140829826967
434000000.0	-0.142135089923
436000000.0	-0.371662912198
438000000.0	-0.361329302108
440000000.0	-0.18689593344
442000000.0	0.119140522584
444000000.0	0.317063858464
446000000.0	0.40930464454
448000000.0	0.184147412118
450000000.0	0.0208196737316
452000000.0	-0.164653453797
454000000.0	-0.203338352827
456000000.0	-0.180215315868
458000000.0	-0.0418413681377
460000000.0	0.169787765715
462000000.0	0.169386350017
464000000.0	0.0793969322859
466000000.0	0.172279576482
468000000.0	0.0338185594718
470000000.0	-0.119056897811
472000000.0	-0.105121719509
474000000.0	-0.104620748392
476000000.0	-0.0102460943661
478000000.0	-0.0787368432728
480000000.0	0.00313348030553
482000000.0	0.0623149439812
484000000.0	0.117040329412
486000000.0	0.225735401258
488000000.0	0.0920621159306
490000000.0	-0.0415736535078
492000000.0	-0.0997668515682
494000000.0	-0.221630583807
496000000.0	-0.116497016601
498000000.0	0.015067283283
500000000.0	0.109369584051
502000000.0	0.183845577948
504000000.0	0.126087272279
506000000.0	0.135166772679
508000000.0	-0.119456325782
510000000.0	-0.247601041143
512000000.0	-0.2977044041
514000000.0	-0.185741764835
516000000.0	-0.0111518197532
518000000.0	0.220978057401
520000000.0	0.272414054975
522000000.0	0.141166387548
524000000.0	0.0241393337752
526000000.0	-0.168667697808
528000000.0	-0.260961929161
530000000.0	-0.175542548645
532000000.0	-0.00238685308096
534000000.0	0.188703449806
536000000.0	0.169910037209
538000000.0	0.118682221351
540000000.0	0.0385949960174
542000000.0	-0.0145076199493
544000000.0	-0.151623382246
546000000.0	-0.154200545675
548000000.0	-0.0460467007068
550000000.0	0.0347508901253
552000000.0	0.107348205371
554000000.0	0.145292733573
556000000.0	0.0820855544191
558000000.0	0.0299623752212
560000000.0	0.0398057035839
562000000.0	-0.11873376913
564000000.0	-0.0404229998799
566000000.0	-0.0124879267997
568000000.0	-0.0433537445826
570000000.0	0.0349944339685
572000000.0	0.0250777363421
574000000.0	0.0929866663203
576000000.0	0.0384457939135
578000000.0	0.0402871174335
580000000.0	-0.00845575385865
582000000.0	0.0441584068075
584000000.0	-0.0787696081097
586000000.0	-0.11313817258
588000000.0	-0.0878251720298
590000000.0	-0.0189603928947
592000000.0	0.195055471868
594000000.0	0.179229834691
596000000.0	0.0323148936362
598000000.0	0.0810218261533
600000000.0	-0.479950261302
602000000.0	-0.0300130455107
604000000.0	-0.0698894934292
606000000.0	0.00917389216588
608000000.0	0.155085408952
610000000.0	0.163569273229
612000000.0	0.0771451144918
614000000.0	-0.0311076747415
616000000.0	-0.141850735113
618000000.0	-0.0943941227266
620000000.0	-0.159742392233
622000000.0	0.00821668638778
624000000.0	0.0653972052711
626000000.0	0.0696183439068
628000000.0	0.0947204201248
630000000.0	0.0345360343687
632000000.0	-0.0591925048755
634000000.0	-0.102500981102
636000000.0	-0.124772208982
638000000.0	-0.109726000061
640000000.0	0.0770278620452
642000000.0	0.0799389710088
644000000.0	0.139940710087
646000000.0	0.0787163266519
648000000.0	0.0371849632162
650000000.0	0.00120192660136
652000000.0	-0.0305796903599
654000000.0	-0.0433755834265
656000000.0	-0.0941389112319
658000000.0	-0.027589790456
660000000.0	0.0623192822256
662000000.0	0.0442375030492
664000000.0	-0.00690358251955
666000000.0	0.054222744179
668000000.0	0.00621139657408
670000000.0	-0.00916784821924
672000000.0	0.0219052010692
674000000.0	-0.106934094434
676000000.0	0.0162648075165
678000000.0	-0.0275996273806
680000000.0	-0.0162520816279
682000000.0	0.0878051139085
684000000.0	0.0455514670621
686000000.0	0.0604351220786
688000000.0	0.0210695930466
690000000.0	-0.0489778253096
692000000.0	-0.0790985133549
694000000.0	-0.127346692596
696000000.0	0.00131466375582
698000000.0	0.141032820623
700000000.0	0.143212785252
702000000.0	0.0189617395127
704000000.0	0.0149729669753
706000000.0	-0.0637203994043
708000000.0	-0.101089696122
710000000.0	-0.10663924084
712000000.0	-0.0226010156304
714000000.0	0.0541109152412
716000000.0	0.070998506652
718000000.0	0.00463128731324
720000000.0	0.000265929222599
722000000.0	-0.120680793999
724000000.0	-0.115237472869
726000000.0	-0.0943852257886
728000000.0	-0.079216926602
730000000.0	-0.0586145748006
732000000.0	0.0390106191231
734000000.0	-0.0358851581641
736000000.0	0.019361067443
738000000.0	0.0235321762461
740000000.0	-0.0475743658247
742000000.0	-0.0157083822629
744000000.0	-0.0775234972691
746000000.0	-0.0858542219938
748000000.0	0.0159600932881
750000000.0	0.0200370718154
752000000.0	0.0342237787685
754000000.0	-0.00336584870501
756000000.0	0.0623877788359
758000000.0	0.0810219052795
760000000.0	0.0542451138067
762000000.0	-0.0603426435281
764000000.0	0.000745254484237
766000000.0	-0.0506602480827
768000000.0	-0.0534750725805
770000000.0	0.00250902750167
772000000.0	-0.0246571456239
774000000.0	0.0925964126119
776000000.0	0.0355075759954
778000000.0	-0.0954681454336
780000000.0	-0.0148428846548
782000000.0	-0.0220098610198
784000000.0	-0.00432758862772
786000000.0	-0.0084644878484
788000000.0	0.0652477298281
790000000.0	0.160848999684
792000000.0	0.0875756427194
794000000.0	0.00323630077403
796000000.0	-0.0635931473986
798000000.0	-0.119048641698
800000000.0	-0.0981921909247
802000000.0	-0.00276226906554
804000000.0	0.0909713434365
806000000.0	0.0867973336796
808000000.0	0.103123911343
810000000.0	0.034496649789
812000000.0	-0.0227252450524
814000000.0	-0.133232791497
816000000.0	-0.109217336133
818000000.0	-0.0256155533525
820000000.0	0.0892065259682
822000000.0	0.156587997185
824000000.0	0.165185302562
826000000.0	0.0454642856618
828000000.0	-0.146815098693
830000000.0	-0.265787267698
832000000.0	-0.160987698649
834000000.0	-0.0116287559122
836000000.0	0.0447438618853
838000000.0	0.135497737661
840000000.0	0.171483955383
842000000.0	-0.0076296540151
844000000.0	-0.0325864832528
846000000.0	-0.162622982798
848000000.0	-0.192771103473
850000000.0	-0.027436733149
852000000.0	0.0344253400921
854000000.0	0.119366518121
856000000.0	0.19485896023
858000000.0	0.070468953849
860000000.0	-0.0568802367224
862000000.0	-0.112618442754
864000000.0	-0.125333943944
866000000.0	0.0428876223978
868000000.0	0.0636002363057
870000000.0	0.00715380686125
872000000.0	0.0395103526286
874000000.0	0.0395013176145
876000000.0	-0.0280189535378
878000000.0	0.164444466074
880000000.0	0.199095122121
882000000.0	0.268429711067
884000000.0	-0.00696665913495
886000000.0	-0.357261696106
888000000.0	-0.694882252921
890000000.0	-0.62671347655
892000000.0	0.055702674598
894000000.0	1.17858650126
896000000.0	2.77163046375
898000000.0	4.12012414465
900000000.0	-15.0523320211
902000000.0	4.36776700802
904000000.0	3.44178317746
906000000.0	1.87767711534
908000000.0	0.263635663441
910000000.0	-0.984817277807
912000000.0	-1.31705405206
914000000.0	-1.00500796699
916000000.0	-0.192937951648
918000000.0	0.461525917613
920000000.0	0.776474837209
922000000.0	0.59745414202
924000000.0	0.238638544961
926000000.0	-0.274329412404
928000000.0	-0.589116617071
930000000.0	-0.491160736908
932000000.0	-0.221299379588
934000000.0	0.142494959078
936000000.0	0.318930296417
938000000.0	0.398754053524
940000000.0	0.245993436105
942000000.0	-0.0787588504202
944000000.0	-0.209691591082
946000000.0	-0.277046956044
948000000.0	-0.130733576841
950000000.0	-0.0473988037088
952000000.0	0.139848689506
954000000.0	0.140373314902
956000000.0	0.186876686216
958000000.0	0.00782913959113
960000000.0	-0.0481392336786
962000000.0	-0.0706088082554
964000000.0	-0.0193241839008
966000000.0	-0.00540861434554
968000000.0	-0.0759991123698
970000000.0	0.0483797066363
972000000.0	0.0178825754769
974000000.0	0.0895953408156
976000000.0	0.00317684467082
978000000.0	0.063851827465
980000000.0	0.0746737252881
982000000.0	0.0370739377836
984000000.0	-0.135619888074
986000000.0	-0.0212140339608
988000000.0	0.0238808447547
990000000.0	-0.0399521274648
992000000.0	0.102177128652
994000000.0	0.09582728776
996000000.0	0.0820001859413
998000000.0	0.0529746190367
1000000000.0	-0.396875
1002000000.0	-0.165338098503
1004000000.0	-0.113542601485
1006000000.0	-0.0487395726406
1008000000.0	0.0214996845148
1010000000.0	0.165026740157
1012000000.0	0.144414280208
1014000000.0	0.161555189821
1016000000.0	-0.0105754437278
1018000000.0	-0.170009506612
1020000000.0	-0.105701062475
1022000000.0	-0.102032787171
1024000000.0	-0.0730162563686
1026000000.0	0.0583675739116
1028000000.0	0.129533118568
1030000000.0	0.0618772988939
1032000000.0	0.0212523318061
1034000000.0	-0.0869371446627
1036000000.0	-0.162819254827
1038000000.0	-0.0884695705387
1040000000.0	-0.0279456679862
1042000000.0	-0.0302534227959
1044000000.0	0.0914937810082
1046000000.0	0.0982549570032
1048000000.0	0.0868989962778
1050000000.0	0.0184976419816
1052000000.0	-0.121986438405
1054000000.0	0.0032220265063
1056000000.0	-0.0789558600723
1058000000.0	-0.0543489055887
1060000000.0	0.0101546679237
1062000000.0	0.0322958101923
1064000000.0	0.0410223200076
1066000000.0	0.0333439456647
1068000000.0	-0.0556357799223
1070000000.0	0.00792695064932
1072000000.0	-0.0401754394315
1074000000.0	-0.0509352064464
1076000000.0	-0.0555150321303
1078000000.0	0.00612665342753
1080000000.0	0.0254041861871
1082000000.0	0.0848844973144
1084000000.0	0.0663370734065
1086000000.0	0.0414435804055
1088000000.0	0.0573829003658
1090000000.0	-0.0603650331364
1092000000.0	-0.0263708220422
1094000000.0	-0.0263100866047
1096000000.0	0.014359647405
1098000000.0	-0.00390290858531
1100000000.0	0.0926359856948
1102000000.0	0.0715197693206
1104000000.0	-0.0120513923268
1106000000.0	-0.0241445875482
1108000000.0	-0.040665930445
1110000000.0	-0.0494248662819
1112000000.0	-0.0697905204496
1114000000.0	-0.0682887705838
1116000000.0	0.0253840064195
1118000000.0	0.100176493714
1120000000.0	0.184090650514
1122000000.0	0.0452446189383
1124000000.0	0.0322648114069
1126000000.0	-0.0279622326547
1128000000.0	-0.0174523505358
1130000000.0	-0.139450930446
1132000000.0	-0.0135630718442
1134000000.0	-0.0240020932946
1136000000.0	-0.0314163860673
1138000000.0	0.104307875278
1140000000.0	-0.0533680345237
1142000000.0	0.0175805874088
1144000000.0	-0.0116402705593
1146000000.0	-0.0984470993019
1148000000.0	-0.0731969138736
1150000000.0	-0.0471425710412
1152000000.0	0.105482828752
1154000000.0	0.0441690301675
1156000000.0	0.0641070659559
1158000000.0	0.0644830603825
1160000000.0	-0.0472925067389
1162000000.0	0.0678717126744
1164000000.0	-0.0459617186429
1166000000.0	0.0618802901404
1168000000.0	-0.0503810024453
1170000000.0	0.0656639376654
1172000000.0	0.0124799142765
1174000000.0	0.0787971844477
1176000000.0	0.0409639145151
1178000000.0	0.00295099934931
1180000000.0	-0.013623614461
1182000000.0	-0.0869803986446
1184000000.0	-0.0286647136808
1186000000.0	-0.0784516918746
1188000000.0	0.00549061445337
1190000000.0	0.0336847891283
1192000000.0	0.0870806703401
1194000000.0	0.06503061644
1196000000.0	0.10613939368
1198000000.0	-0.0669982340695
1200000000.0	-0.0417282383558
1202000000.0	-0.0756932125013
1204000000.0	-0.0916800455346
1206000000.0	0.0141744126178
1208000000.0	0.0187979412218
1210000000.0	0.115644609603
1212000000.0	0.0157780623638
1214000000.0	-0.0112749075624
1216000000.0	0.0449025530221
1218000000.0	-0.0839081978031
1220000000.0	-0.0499953790192
1222000000.0	-0.0498434439849
1224000000.0	0.090713513634
1226000000.0	-0.0111023268442
1228000000.0	0.105199839941
1230000000.0	-0.0230075528479
1232000000.0	0.0399969423071
1234000000.0	-0.0226129604466
1236000000.0	-0.0224925647557
1238000000.0	-0.0576507563368
1240000000.0	-0.00394640730205
1242000000.0	0.0522701049918
1244000000.0	0.00584628294481
1246000000.0	-0.0708306730782
1248000000.0	0.1544097922
1250000000.0	0.277895475424
1252000000.0	0.00215191244898
1254000000.0	-0.0844877086908
1256000000.0	-0.0230141330598
1258000000.0	-0.00711455874192
1260000000.0	0.000271619638772
1262000000.0	-0.0288317746235
1264000000.0	0.116430055345
1266000000.0	0.0243752655325
1268000000.0	0.0198951009466
1270000000.0	-0.0350715604695
1272000000.0	-0.0165224977617
1274000000.0	0.0129615258804
1276000000.0	0.0389354833663
1278000000.0	0.00596653829933
1280000000.0	0.0769537430718
1282000000.0	0.0628824881668
1284000000.0	-0.024031601445
1286000000.0	0.0114537200029
1288000000.0	-0.0590181706717
1290000000.0	-0.0989349562939
1292000000.0	-0.08930212547
1294000000.0	0.0307058474202
1296000000.0	0.0567245571881
1298000000.0	0.14311627757
1300000000.0	-0.293447756484
1302000000.0	0.180454051092
1304000000.0	0.135467575745
1306000000.0	0.017254412949
1308000000.0	0.0420857789193
1310000000.0	-0.0902461717006
1312000000.0	0.00723795484243
1314000000.0	-0.0601999536947
1316000000.0	0.0417162528887
1318000000.0	0.0454310379986
1320000000.0	0.0574416670655
1322000000.0	0.0734947378192
1324000000.0	0.0263844189856
1326000000.0	0.0167062181076
1328000000.0	-0.118690319359
1330000000.0	-0.0303797603457
1332000000.0	-0.0537843428337
1334000000.0	0.035700854954
1336000000.0	0.0136683137339
1338000000.0	-0.0412621056996
1340000000.0	0.0101021670991
1342000000.0	0.00624691090242
1344000000.0	-0.0241211869458
1346000000.0	-0.0505027223075
1348000000.0	0.0402837044551
1350000000.0	-0.0909493988891
1352000000.0	0.0714607574899
1354000000.0	-0.0481225058598
1356000000.0	-0.0136423441921
1358000000.0	0.0404035976945
1360000000.0	-0.0213585370087
1362000000.0	0.0341462129057
1364000000.0	0.0136976518933
1366000000.0	-0.119251618909
1368000000.0	0.0370138834881
1370000000.0	-0.00946126167249
1372000000.0	0.0398171786433
1374000000.0	0.221405179067
1376000000.0	-0.0911868049474
1378000000.0	-0.120215015354
1380000000.0	-0.0810853347713
1382000000.0	-0.0543198375306
1384000000.0	-0.019319287236
1386000000.0	0.0181675605515
1388000000.0	0.0117731690359
1390000000.0	0.0385235961414
1392000000.0	-0.0102773011511
1394000000.0	-0.00407209263043
1396000000.0	-0.149399131773
1398000000.0	-0.115281148707
1400000000.0	-0.0196233325894
1402000000.0	0.00745809881676
1404000000.0	0.0818575075683
1406000000.0	0.0455479765136
1408000000.0	0.0294005095611
1410000000.0	-0.0526971595376
1412000000.0	-0.0397600737534
1414000000.0	-0.0536553229951
1416000000.0	-0.0891179861689
1418000000.0	-0.000900020099051
1420000000.0	-0.0341776148473
1422000000.0	0.00547999667025
1424000000.0	0.0540466080226
1426000000.0	0.0358881786521
1428000000.0	0.0218487600408
1430000000.0	-0.0872469580136
1432000000.0	-0.0325833732701
1434000000.0	-0.031775945523
1436000000.0	-0.0848578080863
1438000000.0	0.0597908626875
1440000000.0	-0.0477364113187
1442000000.0	0.0403841033044
1444000000.0	-0.00494187849951
1446000000.0	0.0688275172945
1448000000.0	0.0493871260061
1450000000.0	0.0513067027658
1452000000.0	0.02282457693
1454000000.0	-0.0144136618545
1456000000.0	0.0209749948708
1458000000.0	-0.0213580478325
1460000000.0	0.0393439152541
1462000000.0	0.106999928987
1464000000.0	0.0275917768353
1466000000.0	-0.039219177366
1468000000.0	-0.0232652956043
1470000000.0	-0.0592068117076
1472000000.0	-0.139952608468
1474000000.0	-0.0562438789328
1476000000.0	0.0277833978143
1478000000.0	0.0879266188632
1480000000.0	0.185074530657
1482000000.0	0.103261349
1484000000.0	0.0131332055783
1486000000.0	-0.244514338983
1488000000.0	-0.383744911003
1490000000.0	-0.382816667795
1492000000.0	-0.00230846860597
1494000000.0	0.673189554728
1496000000.0	1.41183148331
1498000000.0	2.10444870919
1500000000.0	-7.10311958405
1502000000.0	1.88904736357
1504000000.0	1.53949589305
1506000000.0	0.717528415363
1508000000.0	0.0830435070545
1510000000.0	-0.326714450709
1512000000.0	-0.494860218553
1514000000.0	-0.35677357181
1516000000.0	-0.0549715196566
1518000000.0	0.227329665236
1520000000.0	0.253632177424
1522000000.0	0.259801490869
1524000000.0	-0.0163111097417
1526000000.0	-0.0902484576133
1528000000.0	-0.171652241579
1530000000.0	-0.175818911709
1532000000.0	-0.0717575072271
1534000000.0	0.0476271959854
1536000000.0	0.166597299673
1538000000.0	0.220319119881
1540000000.0	0.00590728733597
1542000000.0	-0.0369048475159
1544000000.0	-0.0941167033724
1546000000.0	-0.0726910053509
1548000000.0	0.0132015860595
1550000000.0	-0.0103489547153
1552000000.0	0.0611182588303
1554000000.0	0.0451717388302
1556000000.0	0.0632938707115
1558000000.0	-0.0551165193737
1560000000.0	0.00366255353399
1562000000.0	-0.0500454544603
1564000000.0	-0.00409499743932
1566000000.0	0.073497062966
1568000000.0	-0.0270218171692
1570000000.0	0.00726707449294
1572000000.0	0.00157786886819
1574000000.0	-0.0224614675344
1576000000.0	0.0678944380659
1578000000.0	0.0267635030915
1580000000.0	0.0547772749352
1582000000.0	0.0676871168237
1584000000.0	-0.0170467499963
1586000000.0	-0.0592772023484
1588000000.0	0.0210349093805
1590000000.0	-0.028592590585
1592000000.0	0.0755064578999
1594000000.0	-0.0454483590025
1596000000.0	0.0459774674116
1598000000.0	-0.039356986755
1600000000.0	-0.0510268090753
1602000000.0	-0.140734363194
1604000000.0	-0.109126682356
1606000000.0	-0.0527381766016
1608000000.0	0.026695079263
1610000000.0	-0.00270779518715
1612000000.0	0.0499727799868
1614000000.0	0.0330923131239
1616000000.0	-0.0213794361026
1618000000.0	-0.0492532109597
1620000000.0	-0.116310156226
1622000000.0	0.00750720642973
1624000000.0	0.0969040726387
1626000000.0	-0.112142594475
1628000000.0	-0.0198133415471
1630000000.0	-0.0184873422026
1632000000.0	0.0746554873341
1634000000.0	-0.0419026340254
1636000000.0	-0.0475930723657
1638000000.0	0.0183309230771
1640000000.0	-0.0447083009014
1642000000.0	-0.0436079661669
1644000000.0	-0.0255081125082
1646000000.0	0.0643145355136
1648000000.0	-0.00455282498397
1650000000.0	0.0700656752733
1652000000.0	-0.0578088629291
1654000000.0	-0.041693316198
1656000000.0	-0.0644569435505
1658000000.0	-0.0183164589282
1660000000.0	0.064077008754
1662000000.0	0.0489059617206
1664000000.0	-0.0130794051791
1666000000.0	-0.00404400766413
1668000000.0	0.119266252967
1670000000.0	0.0619511913355
1672000000.0	-0.030441928728
1674000000.0	0.0673643365596
1676000000.0	-0.0645561018528
1678000000.0	-0.0623439004033
1680000000.0	-0.0718792425345
1682000000.0	0.0465006315702
1684000000.0	0.0442794058544
1686000000.0	0.0378790811986
1688000000.0	0.0675736791047
1690000000.0	-0.0760796657761
1692000000.0	-0.0765879620436
1694000000.0	-0.0556653893645
1696000000.0	-0.0109113534612
1698000000.0	-0.0425616064751
1700000000.0	0.166057862754
1702000000.0	-0.0561302236743
1704000000.0	-0.0576460363596
1706000000.0	-0.0111570727727
1708000000.0	-0.0355912644491
1710000000.0	0.019008564949
1712000000.0	0.0841995202854
1714000000.0	-0.0178390448467
1716000000.0	-0.00111033026725
1718000000.0	0.0496350024961
1720000000.0	0.0673195067751
1722000000.0	0.032458726278
1724000000.0	-0.0303424619191
1726000000.0	-0.00181044686409
1728000000.0	-0.0189331267383
1730000000.0	-0.0388828826536
1732000000.0	-0.0555707813445
1734000000.0	-0.015629280398
1736000000.0	-0.0705309237694
1738000000.0	0.02669938726
1740000000.0	0.0803645259326
1742000000.0	0.0198727464866
1744000000.0	0.0142349139611
1746000000.0	-0.0464073974134
1748000000.0	-0.0722805746462
1750000000.0	-0.182590136285
1752000000.0	-0.0166983000958
1754000000.0	0.0353438654218
1756000000.0	0.0257600294101
1758000000.0	0.00221293112988
1760000000.0	-0.0891226672109
1762000000.0	-0.0404588193555
1764000000.0	-0.00947314554277
1766000000.0	-0.0289918340298
1768000000.0	-0.0660076858146
1770000000.0	-0.0825760682529
1772000000.0	0.0131275555823
1774000000.0	0.00526914139293
1776000000.0	0.0379445643456
1778000000.0	0.0128493467425
1780000000.0	0.0427973632489
1782000000.0	0.00379045632099
1784000000.0	0.0507255264113
1786000000.0	-0.0381373174944
1788000000.0	0.0510300430137
1790000000.0	0.0122947948778
1792000000.0	0.0554795160286
1794000000.0	-0.00938479841436
1796000000.0	0.00474384736511
1798000000.0	-0.0134197693085
1800000000.0	0.161900490916
1802000000.0	-0.016853402974
1804000000.0	-0.0152689045114
1806000000.0	0.00199314316663
1808000000.0	0.0361644467234
1810000000.0	0.0213023084458
1812000000.0	0.0533224355602
1814000000.0	-0.0974733629119
1816000000.0	-0.0303537132319
1818000000.0	-0.0834442492329
1820000000.0	-0.0528715140004
1822000000.0	-0.0291212990461
1824000000.0	0.029850765195
1826000000.0	-0.0349243800159
1828000000.0	0.0741812321046
1830000000.0	-0.0670532921576
1832000000.0	0.0330044967109
1834000000.0	-0.101010452174
1836000000.0	0.083310081883
1838000000.0	3.33076364367e-05
1840000000.0	-0.0145550583839
1842000000.0	-0.0381845258578
1844000000.0	0.0393192765493
1846000000.0	-0.0136410361793
1848000000.0	0.0103918963381
1850000000.0	-0.0249709746234
1852000000.0	0.0635462516842
1854000000.0	0.00778725344418
1856000000.0	0.0443083241985
1858000000.0	-0.0252266920709
1860000000.0	-0.00885819782597
1862000000.0	-0.0557292881135
1864000000.0	-0.00924673028728
1866000000.0	0.0241231608307
1868000000.0	-0.0588402438931
1870000000.0	-0.0488353669267
1872000000.0	-0.0823709413189
1874000000.0	-0.0759340817535
1876000000.0	0.0550952575542
1878000000.0	0.011479043256
1880000000.0	0.0865196434727
1882000000.0	0.000166616859348
1884000000.0	-0.0105573333544
1886000000.0	-0.106219309469
1888000000.0	-0.127975920222
1890000000.0	-0.0994728982878
1892000000.0	-0.00596638640564
1894000000.0	0.222744172016
1896000000.0	0.44830626899
1898000000.0	0.483039997682
1900000000.0	-1.76658159312
1902000000.0	0.598113211944
1904000000.0	0.397369702946
1906000000.0	0.181275242358
1908000000.0	-0.035134809261
1910000000.0	-0.0569088443809
1912000000.0	-0.0879609810157
1914000000.0	-0.0849243924929
1916000000.0	-0.011842473196
1918000000.0	0.094163807901
1920000000.0	0.0847407758787
1922000000.0	0.0429705694573
1924000000.0	0.0308146543954
1926000000.0	-0.00311777875349
1928000000.0	0.00848551652795
1930000000.0	-0.0383827409028
1932000000.0	0.0195782930287
1934000000.0	0.00316492186428
1936000000.0	-0.0310182603854
1938000000.0	0.000415761165928
1940000000.0	0.0626721798596
1942000000.0	0.0330361808521
1944000000.0	-0.0837960496063
1946000000.0	-0.0787011400496
1948000000.0	0.0263791505758
1950000000.0	-0.0872298320412
1952000000.0	0.0320712673763
1954000000.0	0.0357232702788
1956000000.0	0.00415577784405
1958000000.0	-0.0217332159618
1960000000.0	-0.0266264452463
1962000000.0	-0.0779030738778
1964000000.0	-0.0227229506184
1966000000.0	-0.0260650715556
1968000000.0	0.00762244308767
1970000000.0	0.00344250253323
1972000000.0	0.0906986138176
1974000000.0	-0.0058968176253
1976000000.0	0.126898442751
1978000000.0	-0.073460012188
1980000000.0	-0.0507838394591
1982000000.0	0.00268301135844
1984000000.0	-0.00910008508938
1986000000.0	0.0172120797605
1988000000.0	-0.00537686934647
1990000000.0	0.0229616859579
1992000000.0	0.0467576477069
1994000000.0	0.0413780503673
1996000000.0	0.029498862432
1998000000.0	0.0638291933584
2000000000.0	-0.165624
