0.0	-50.781275
2000000.0	1.88062494541
4000000.0	6.37850470986
6000000.0	3.70119483589
8000000.0	-4.53034982829
10000000.0	-7.66762794435
12000000.0	-7.78312625434
14000000.0	-2.48848422412
16000000.0	7.24896765627
18000000.0	16.3349316349
20000000.0	14.5497637162
22000000.0	2.96333821871
24000000.0	-15.0902588243
26000000.0	-23.5858266422
28000000.0	-17.7521130418
30000000.0	-0.832347425016
32000000.0	14.6466274604
34000000.0	15.8530731485
36000000.0	5.55371660419
38000000.0	-4.38033871109
40000000.0	-9.68713411173
42000000.0	-9.74402126463
44000000.0	-3.63145439813
46000000.0	1.07699031963
48000000.0	4.07087773762
50000000.0	1.48839550618
52000000.0	-1.09810487568
54000000.0	-1.5297533329
56000000.0	1.01377247706
58000000.0	3.88705497096
60000000.0	2.74542319711
62000000.0	0.737722918869
64000000.0	-3.82778488925
66000000.0	-3.28351175465
68000000.0	-0.112349252559
70000000.0	3.55879425713
72000000.0	5.83583563587
74000000.0	4.46884393542
76000000.0	-0.52446152957
78000000.0	-4.90916526778
80000000.0	-4.9261528829
82000000.0	-1.37428925492
84000000.0	3.09135518598
86000000.0	3.52889419817
88000000.0	1.3625001497
90000000.0	-2.51646231434
92000000.0	-2.47178684126
94000000.0	-1.88019826168
96000000.0	1.89459506935
98000000.0	3.54036077473
100000000.0	1.66218056746
102000000.0	-2.34717843586
104000000.0	-5.06118948037
106000000.0	-2.58201152553
108000000.0	0.360277123191
110000000.0	4.05660059826
112000000.0	4.52398832712
114000000.0	3.05330151327
116000000.0	-2.09201968251
118000000.0	-3.93155456578
120000000.0	-3.03744591826
122000000.0	-0.685647568724
124000000.0	-0.258091762948
126000000.0	4.7268690492
128000000.0	1.38644203235
130000000.0	0.958754349663
132000000.0	1.13831085343
134000000.0	0.584023511224
136000000.0	0.937402952058
138000000.0	0.455441893974
140000000.0	-1.22294203173
142000000.0	-2.2327377984
144000000.0	-1.19485723634
146000000.0	0.876274339499
148000000.0	2.65985379141
150000000.0	1.11266749163
152000000.0	0.206091664268
154000000.0	-1.55161990091
156000000.0	-2.43503467649
158000000.0	-0.620437049705
160000000.0	0.857482117837
162000000.0	1.44166821893
164000000.0	0.436969545498
166000000.0	0.41078644974
168000000.0	-1.80327250856
170000000.0	-0.72010084063
172000000.0	-0.799438811553
174000000.0	-0.358254073668
176000000.0	0.387553867479
178000000.0	-0.327248761735
180000000.0	-0.199074208876
182000000.0	1.48324341102
184000000.0	1.64447600394
186000000.0	0.453955948679
188000000.0	-1.46344824606
190000000.0	-1.95157835415
192000000.0	-2.57195119659
194000000.0	-1.14959330195
196000000.0	1.59388307278
198000000.0	1.19311328817
200000000.0	2.09331154064
202000000.0	0.133856534947
204000000.0	-0.648256047113
206000000.0	-1.27300815989
208000000.0	-0.114436233471
210000000.0	0.588039033256
212000000.0	0.33075332841
214000000.0	-1.0240417905
216000000.0	-1.7171539505
218000000.0	-0.128281457939
220000000.0	2.501023517
222000000.0	3.09493190026
224000000.0	2.42052543884
226000000.0	0.241350592868
228000000.0	-3.79869831209
230000000.0	-3.45476223479
232000000.0	-1.38865347396
234000000.0	1.86001861132
236000000.0	4.05621740795
238000000.0	3.00467195269
240000000.0	-0.278429996971
242000000.0	-4.0661901323
244000000.0	-4.12195252025
246000000.0	-0.201511716793
248000000.0	3.60367412874
250000000.0	6.10530811463
252000000.0	-0.968023167299
254000000.0	-4.39182257512
256000000.0	-4.66324490019
258000000.0	0.967230563959
260000000.0	6.14231756954
262000000.0	5.94262294939
264000000.0	-1.37315988964
266000000.0	-9.88726800653
268000000.0	-10.7904456449
270000000.0	-0.938299902813
272000000.0	12.842626738
274000000.0	19.3791307044
276000000.0	7.95808710436
278000000.0	-11.4936803872
280000000.0	-25.5444533261
282000000.0	-17.1061757131
284000000.0	6.03703580021
286000000.0	24.7540442398
288000000.0	22.206944911
290000000.0	-2.24191684141
292000000.0	-24.3458003494
294000000.0	-15.2056182937
296000000.0	26.9695568787
298000000.0	75.581024174
300000000.0	-187.509990301
302000000.0	65.3100763296
304000000.0	45.3996451227
306000000.0	25.227767288
308000000.0	2.95390079353
310000000.0	-17.5843193809
312000000.0	-26.8651432565
314000000.0	-18.3440760862
316000000.0	2.4969956096
318000000.0	18.7922916998
320000000.0	20.4817106218
322000000.0	7.13886720323
324000000.0	-9.95637989704
326000000.0	-14.9926667014
328000000.0	-9.09325162319
330000000.0	3.81679829755
332000000.0	10.9022134278
334000000.0	5.84103758618
336000000.0	-2.29924814983
338000000.0	-7.25362612579
340000000.0	-5.34246673612
342000000.0	3.22821789689
344000000.0	7.57505346908
346000000.0	3.66097274289
348000000.0	-2.26353130557
350000000.0	-7.00960822857
352000000.0	-4.62598879407
354000000.0	1.22136946665
356000000.0	7.28509365339
358000000.0	5.66330330133
360000000.0	-0.0124787634504
362000000.0	-5.07075580829
364000000.0	-5.83206882981
366000000.0	-2.15145119289
368000000.0	3.19496006488
370000000.0	4.91958964639
372000000.0	3.36302078996
374000000.0	0.613362450908
376000000.0	-4.06748095435
378000000.0	-3.50901897975
380000000.0	-0.822326122179
382000000.0	2.47439395652
384000000.0	2.05610099703
386000000.0	-0.730455606769
388000000.0	-2.55455716341
390000000.0	-1.52569976328
392000000.0	-0.67919313957
394000000.0	2.68933117513
396000000.0	2.70429894137
398000000.0	1.52077236507
400000000.0	-2.56795029039
402000000.0	-3.54640725138
404000000.0	-2.45352315751
406000000.0	0.158658035813
408000000.0	2.39416162633
410000000.0	3.23219852404
412000000.0	0.857433084285
414000000.0	-1.41410955876
416000000.0	-2.31775372404
418000000.0	-0.481850416518
420000000.0	1.44579378096
422000000.0	1.24011934961
424000000.0	0.434518202106
426000000.0	-1.41180924167
428000000.0	-2.13711093279
430000000.0	-0.538844264503
432000000.0	1.50652340061
434000000.0	1.9366882563
436000000.0	0.903442073831
438000000.0	-0.699031774303
440000000.0	-2.2734431492
442000000.0	-1.503174134
444000000.0	-0.163713478573
446000000.0	2.3966157151
448000000.0	1.34882942493
450000000.0	-0.269375351667
452000000.0	-1.68376995807
454000000.0	-1.54300318743
456000000.0	-1.18874282888
458000000.0	0.396749317889
460000000.0	2.28225520436
462000000.0	1.4466560619
464000000.0	-0.654592458188
466000000.0	-1.01458930675
468000000.0	-0.0787338224281
470000000.0	0.576906924348
472000000.0	1.25354774368
474000000.0	0.46164270666
476000000.0	-0.133533176345
478000000.0	0.14305961057
480000000.0	-2.11974423055
482000000.0	0.191457511397
484000000.0	0.476941922131
486000000.0	1.2002556148
488000000.0	0.611550119821
490000000.0	-1.18711760506
492000000.0	-1.75463631854
494000000.0	-0.673009495628
496000000.0	0.195656892851
498000000.0	0.258340963791
500000000.0	1.41215199616
502000000.0	-0.624324449308
504000000.0	-0.529935016835
506000000.0	0.10737953204
508000000.0	0.452235620786
510000000.0	0.201156228679
512000000.0	0.314509975691
514000000.0	-0.315740765419
516000000.0	-0.901423271737
518000000.0	-0.268685218639
520000000.0	0.00745406867001
522000000.0	1.73090528927
524000000.0	0.980270358842
526000000.0	1.19684754156
528000000.0	-0.156275652326
530000000.0	-0.935780119086
532000000.0	-0.340334083766
534000000.0	0.401760393574
536000000.0	0.541507572176
538000000.0	0.880074280744
540000000.0	0.454174316466
542000000.0	-0.937551277726
544000000.0	-0.600221865487
546000000.0	-0.12541403151
548000000.0	0.63810396484
550000000.0	0.301547640073
552000000.0	0.645109135566
554000000.0	0.0565008034427
556000000.0	0.301708127396
558000000.0	-0.117983806745
560000000.0	0.211768203607
562000000.0	0.625116347246
564000000.0	-0.631206023922
566000000.0	-0.664626520133
568000000.0	-0.248907057466
570000000.0	0.265125722156
572000000.0	0.720561618878
574000000.0	0.567981377277
576000000.0	0.388167386998
578000000.0	0.63213953387
580000000.0	-0.859764251167
582000000.0	-0.85846469831
584000000.0	-0.554281925173
586000000.0	-0.280874356865
588000000.0	0.517960347694
590000000.0	-0.583343923997
592000000.0	0.221449828967
594000000.0	-0.00279953928135
596000000.0	0.262205405401
598000000.0	1.60797862699
600000000.0	-0.962028029878
602000000.0	0.632973475731
604000000.0	-0.501664305099
606000000.0	-0.738407715963
608000000.0	-0.086126282328
610000000.0	-0.484522602425
612000000.0	0.886144596086
614000000.0	0.649832876068
616000000.0	0.0228212253756
618000000.0	-1.00934479548
620000000.0	-1.04654439996
622000000.0	0.153333226398
624000000.0	0.526650885252
626000000.0	0.78069155517
628000000.0	-0.219419814873
630000000.0	0.109108249439
632000000.0	0.164978190089
634000000.0	-0.00627619872396
636000000.0	0.355274435926
638000000.0	1.13999488024
640000000.0	0.964924943731
642000000.0	-0.00104583251653
644000000.0	0.0488964225204
646000000.0	-0.759466408444
648000000.0	0.538377630502
650000000.0	-0.3283973214
652000000.0	-0.451510828335
654000000.0	0.133996838934
656000000.0	-0.546191155501
658000000.0	-0.182054009097
660000000.0	-1.04900523028
662000000.0	-0.0204654792216
664000000.0	0.738445699956
666000000.0	0.604517094564
668000000.0	-0.58936119957
670000000.0	0.0689049481669
672000000.0	-0.0950293526133
674000000.0	-0.716356329154
676000000.0	0.41089421119
678000000.0	-0.159749009262
680000000.0	0.55180621271
682000000.0	-0.0388319722501
684000000.0	-0.825232486039
686000000.0	0.873860480836
688000000.0	0.605284227166
690000000.0	0.434197970435
692000000.0	0.675659778463
694000000.0	-0.807407975953
696000000.0	0.00768103798726
698000000.0	0.221617737713
700000000.0	-2.20330315406
702000000.0	0.412934338792
704000000.0	0.820486984194
706000000.0	-0.42113449469
708000000.0	-0.353050418477
710000000.0	0.102537892796
712000000.0	-0.265437743353
714000000.0	-0.290152183386
716000000.0	0.00576492645041
718000000.0	-0.000116433773929
720000000.0	-0.795501214686
722000000.0	-0.193338841778
724000000.0	0.0513094784793
726000000.0	-0.256641128235
728000000.0	0.595464106197
730000000.0	0.0442255654391
732000000.0	0.865852788382
734000000.0	-0.613590976873
736000000.0	0.00497502499873
738000000.0	-0.00407155918276
740000000.0	-0.0154836527197
742000000.0	0.0808554024073
744000000.0	-0.350728169061
746000000.0	0.43578089327
748000000.0	-0.0516303474538
750000000.0	-0.134294575923
752000000.0	-0.022437917
754000000.0	0.141859112922
756000000.0	0.547924612502
758000000.0	0.996609981046
760000000.0	0.175936251867
762000000.0	0.00892412310767
764000000.0	0.34167840705
766000000.0	-0.60295034726
768000000.0	-0.153262602076
770000000.0	0.980591220142
772000000.0	0.194460061337
774000000.0	-0.425920725019
776000000.0	-0.608204984472
778000000.0	0.283596517525
780000000.0	0.280220420833
782000000.0	0.396206176203
784000000.0	0.377815418555
786000000.0	0.113810794857
788000000.0	0.350286504423
790000000.0	-0.454481429778
792000000.0	0.244111712671
794000000.0	0.902775928671
796000000.0	0.815951437967
798000000.0	-0.841548849221
800000000.0	1.13137160655
802000000.0	-0.38612278911
804000000.0	0.00931482383737
806000000.0	-0.901882036247
808000000.0	0.160718551321
810000000.0	0.23548835796
812000000.0	-0.862063577489
814000000.0	-0.690592264904
816000000.0	-0.211034524295
818000000.0	-0.256458330593
820000000.0	0.710759893346
822000000.0	1.60369420273
824000000.0	0.0721164490456
826000000.0	-0.565510253621
828000000.0	-1.11405211587
830000000.0	-1.01652152844
832000000.0	-0.195929525098
834000000.0	0.3997148579
836000000.0	1.35121517622
838000000.0	0.0512769742084
840000000.0	-0.451783230165
842000000.0	-1.26405674827
844000000.0	-0.865771746438
846000000.0	0.320958830074
848000000.0	1.21893295328
850000000.0	-0.0141116368522
852000000.0	-0.134079193765
854000000.0	-1.04861420914
856000000.0	-0.809927944006
858000000.0	0.406450531293
860000000.0	1.78870256635
862000000.0	1.36951568848
864000000.0	-0.276648891525
866000000.0	-3.15672182413
868000000.0	-2.20661491366
870000000.0	-0.586333514845
872000000.0	4.41975976625
874000000.0	5.6237904746
876000000.0	1.77612706226
878000000.0	-3.96416289179
880000000.0	-7.07889424389
882000000.0	-4.43731751782
884000000.0	2.22307437938
886000000.0	6.19850984331
888000000.0	5.27702665565
890000000.0	-0.760271146115
892000000.0	-7.02240360199
894000000.0	-4.1329802973
896000000.0	9.18165542065
898000000.0	23.1563366433
900000000.0	-55.4975001099
902000000.0	18.53751006
904000000.0	12.9194964022
906000000.0	7.49810725943
908000000.0	0.610253625103
910000000.0	-5.43316865646
912000000.0	-6.72480897047
914000000.0	-5.91120812353
916000000.0	0.442542738519
918000000.0	4.8560510736
920000000.0	5.80408821719
922000000.0	2.48332561031
924000000.0	-3.20807536869
926000000.0	-3.4325229521
928000000.0	-2.67276033441
930000000.0	1.80981706443
932000000.0	2.65652403308
934000000.0	1.60504930753
936000000.0	0.543000713084
938000000.0	-2.45794679335
940000000.0	-1.79367570409
942000000.0	1.38692608327
944000000.0	3.00692471457
946000000.0	1.4151725847
948000000.0	-0.961014081792
950000000.0	-1.98677854263
952000000.0	-1.79109206048
954000000.0	0.316817973031
956000000.0	1.96143705944
958000000.0	1.67141034474
960000000.0	-0.113858138261
962000000.0	-0.971528619122
964000000.0	-1.6170845818
966000000.0	-0.277765046659
968000000.0	0.349109239341
970000000.0	2.04834074214
972000000.0	1.33184098663
974000000.0	0.118198302801
976000000.0	-1.33348743453
978000000.0	-1.09430804623
980000000.0	-0.806991200893
982000000.0	1.2796123753
984000000.0	1.03651482345
986000000.0	0.196413422373
988000000.0	-1.03946577508
990000000.0	-0.515691065457
992000000.0	-0.388242108087
994000000.0	0.8300303103
996000000.0	1.41868379793
998000000.0	0.622244717838
1000000000.0	2.3125
1002000000.0	-1.3647601722
1004000000.0	-1.15503770115
1006000000.0	-0.339486543844
1008000000.0	1.18512311318
1010000000.0	1.24393078854
1012000000.0	-0.447319207391
1014000000.0	-1.19778120703
1016000000.0	-0.991483466071
1018000000.0	0.41043977499
1020000000.0	-0.357095495695
1022000000.0	0.521085853146
1024000000.0	0.811101273676
1026000000.0	-0.286129355263
1028000000.0	0.258395881653
1030000000.0	-0.233696146114
1032000000.0	0.770526751973
1034000000.0	0.724952528701
1036000000.0	0.308427098578
1038000000.0	-0.0984977525383
1040000000.0	-1.01180460812
1042000000.0	-0.320736795104
1044000000.0	0.17986006073
1046000000.0	0.260829951447
1048000000.0	-0.192295542285
1050000000.0	0.808178599927
1052000000.0	-0.311527411044
1054000000.0	-1.14975087386
1056000000.0	-1.0169658282
1058000000.0	0.200695525249
1060000000.0	-0.098169317173
1062000000.0	0.865914495622
1064000000.0	0.546673570418
1066000000.0	-0.561689823305
1068000000.0	-0.96271599759
1070000000.0	-0.192025959856
1072000000.0	0.550448533956
1074000000.0	0.241322306609
1076000000.0	-0.289630432189
1078000000.0	-0.103826644811
1080000000.0	-0.648299925801
1082000000.0	-0.0606332941392
1084000000.0	0.297039870729
1086000000.0	0.237644053604
1088000000.0	0.167425763141
1090000000.0	0.475678562107
1092000000.0	-1.50907554219
1094000000.0	-0.397865031776
1096000000.0	-1.06409855753
1098000000.0	-0.0955985372947
1100000000.0	1.08851905974
1102000000.0	0.83093367484
1104000000.0	-0.45679590191
1106000000.0	-0.525388049492
1108000000.0	-0.0450680482819
1110000000.0	0.561988373274
1112000000.0	-0.3766602604
1114000000.0	0.412792486936
1116000000.0	-0.681644700011
1118000000.0	-0.639763261208
1120000000.0	-0.508557187344
1122000000.0	-0.436203148349
1124000000.0	0.0418508292274
1126000000.0	1.84413242089
1128000000.0	0.742858033006
1130000000.0	-0.591877134017
1132000000.0	0.598618476386
1134000000.0	0.583517821669
1136000000.0	0.458639733492
1138000000.0	0.952216518476
1140000000.0	0.614982112951
1142000000.0	-0.0429896667568
1144000000.0	-0.456847485813
1146000000.0	-0.307676371767
1148000000.0	-0.0160673092983
1150000000.0	0.736381238239
1152000000.0	0.42973092216
1154000000.0	0.165736982128
1156000000.0	0.38010979345
1158000000.0	-0.108825736798
1160000000.0	-0.249406946615
1162000000.0	-0.0738039333457
1164000000.0	0.0913585893207
1166000000.0	-0.0771825940391
1168000000.0	-0.0669565252413
1170000000.0	-0.495739680737
1172000000.0	1.06175031286
1174000000.0	-0.216035290612
1176000000.0	0.489658426326
1178000000.0	0.597262925526
1180000000.0	-0.39660892471
1182000000.0	-0.4334182456
1184000000.0	-0.497502008733
1186000000.0	0.0533383038646
1188000000.0	-0.78133097512
1190000000.0	0.0562441255523
1192000000.0	0.139439851186
1194000000.0	-0.35348994472
1196000000.0	-0.440423511878
1198000000.0	1.19004626726
1200000000.0	-3.05706220961
1202000000.0	1.83677171284
1204000000.0	0.405135266668
1206000000.0	-0.0573675950794
1208000000.0	-0.645084578693
1210000000.0	-0.985113716385
1212000000.0	1.42173583103
1214000000.0	0.957300899136
1216000000.0	0.970794707756
1218000000.0	-0.835328963722
1220000000.0	0.153212452592
1222000000.0	-0.621323122896
1224000000.0	-0.0119796159688
1226000000.0	0.0224894612629
1228000000.0	1.68285360092
1230000000.0	0.541955776591
1232000000.0	-0.882220107023
1234000000.0	-0.726012709873
1236000000.0	0.395073334953
1238000000.0	0.0960490614314
1240000000.0	-0.064427441911
1242000000.0	0.0335300803929
1244000000.0	-0.269116562463
1246000000.0	-0.610499999435
1248000000.0	-0.500401406901
1250000000.0	1.2764572794
1252000000.0	-0.274967274264
1254000000.0	-0.167190249244
1256000000.0	-0.120927023323
1258000000.0	-0.341506817686
1260000000.0	-0.189057757322
1262000000.0	0.198461420833
1264000000.0	-0.264558226995
1266000000.0	0.0968444076791
1268000000.0	-0.287441713333
1270000000.0	0.383362301434
1272000000.0	-0.206157196337
1274000000.0	-1.22282938357
1276000000.0	0.10170783451
1278000000.0	0.663231669817
1280000000.0	1.16079559695
1282000000.0	0.535794172133
1284000000.0	0.460291600846
1286000000.0	-0.643163648545
1288000000.0	0.0956088407834
1290000000.0	-0.365514122373
1292000000.0	0.331401073602
1294000000.0	1.48755709774
1296000000.0	0.625014240737
1298000000.0	0.157752342177
1300000000.0	-2.04143752814
1302000000.0	0.328537060254
1304000000.0	1.03002446278
1306000000.0	0.842665198785
1308000000.0	-0.149716262149
1310000000.0	-0.36337093868
1312000000.0	0.783123646829
1314000000.0	-0.0486004839746
1316000000.0	0.694748928525
1318000000.0	0.0123886807185
1320000000.0	-0.0326529898401
1322000000.0	-0.366298918155
1324000000.0	-0.114907067194
1326000000.0	-0.574362063424
1328000000.0	0.00983823589747
1330000000.0	1.03089082418
1332000000.0	0.192046767187
1334000000.0	-0.923204403228
1336000000.0	-0.805524486774
1338000000.0	0.266151112974
1340000000.0	0.134210728699
1342000000.0	0.274088442826
1344000000.0	0.360857656263
1346000000.0	0.970457403639
1348000000.0	-0.80583126376
1350000000.0	-0.369905097355
1352000000.0	-0.475378232239
1354000000.0	-0.250039108688
1356000000.0	0.594073230921
1358000000.0	-0.011716031474
1360000000.0	-0.264729370923
1362000000.0	-0.227726892622
1364000000.0	-0.534276393153
1366000000.0	-0.324752364657
1368000000.0	0.170004077657
1370000000.0	0.594475481391
1372000000.0	0.553406377191
1374000000.0	-1.74117239838
1376000000.0	0.158521077021
1378000000.0	0.489480463319
1380000000.0	0.450274440208
1382000000.0	0.845247977667
1384000000.0	0.543240868973
1386000000.0	0.512315650926
1388000000.0	0.0345264356182
1390000000.0	-0.202779797274
1392000000.0	-0.699735526791
1394000000.0	0.177354136138
1396000000.0	0.303248966572
1398000000.0	0.117478394973
1400000000.0	0.908979254429
1402000000.0	-1.00502326862
1404000000.0	0.0253631532982
1406000000.0	0.0789929865946
1408000000.0	0.231378319755
1410000000.0	1.09299075685
1412000000.0	-0.315351339419
1414000000.0	-0.632416039981
1416000000.0	-0.372793977838
1418000000.0	0.0590937062492
1420000000.0	0.138425392691
1422000000.0	0.177303657874
1424000000.0	-0.175700882521
1426000000.0	-0.178893437096
1428000000.0	-1.13597745164
1430000000.0	-0.230667243133
1432000000.0	-0.0600377384165
1434000000.0	0.455971419988
1436000000.0	0.885621518172
1438000000.0	0.245270223589
1440000000.0	0.0824831939344
1442000000.0	-0.823304498605
1444000000.0	-0.127961795267
1446000000.0	0.463584926087
1448000000.0	0.876165165256
1450000000.0	0.26004453184
1452000000.0	-0.792601575302
1454000000.0	-0.436365261112
1456000000.0	-0.145850772622
1458000000.0	0.71649802525
1460000000.0	0.795733631556
1462000000.0	1.04510750266
1464000000.0	-0.726857239016
1466000000.0	-1.76683299488
1468000000.0	-0.478192107669
1470000000.0	-0.0773459371632
1472000000.0	1.44906980972
1474000000.0	2.15194974692
1476000000.0	1.04817291284
1478000000.0	-1.64983988635
1480000000.0	-3.09811425371
1482000000.0	-2.01086761574
1484000000.0	1.13965423258
1486000000.0	2.86593844293
1488000000.0	1.2717119816
1490000000.0	-0.423008759238
1492000000.0	-1.76741147673
1494000000.0	-1.29430492648
1496000000.0	4.18572757505
1498000000.0	8.54387446692
1500000000.0	-20.2871519962
1502000000.0	6.46615926563
1504000000.0	4.18007258351
1506000000.0	3.26125232394
1508000000.0	0.722613381208
1510000000.0	-1.25906762565
1512000000.0	-1.80574785654
1514000000.0	-1.97254928312
1516000000.0	-0.22999406349
1518000000.0	1.67121182027
1520000000.0	2.57481287993
1522000000.0	0.918488161634
1524000000.0	-1.32586515981
1526000000.0	-1.91828852773
1528000000.0	-0.782021156846
1530000000.0	1.1871978874
1532000000.0	0.892788290137
1534000000.0	1.67461408245
1536000000.0	0.371251228098
1538000000.0	-0.632057267731
1540000000.0	-0.148060577977
1542000000.0	0.782848924963
1544000000.0	0.426164083366
1546000000.0	0.41738362813
1548000000.0	-0.336258396042
1550000000.0	-1.09527094223
1552000000.0	-1.67664599243
1554000000.0	-0.360617255232
1556000000.0	0.533430216158
1558000000.0	0.746426086673
1560000000.0	-0.43199783471
1562000000.0	-0.203846251882
1564000000.0	0.149593764408
1566000000.0	-0.136359707857
1568000000.0	-0.844247097229
1570000000.0	0.769034120251
1572000000.0	0.689834450653
1574000000.0	-0.00457592052438
1576000000.0	0.313021680624
1578000000.0	-1.00740014677
1580000000.0	-0.288129963356
1582000000.0	-0.000533653593664
1584000000.0	0.772788675212
1586000000.0	0.242298919242
1588000000.0	-0.965192869442
1590000000.0	-0.576721890376
1592000000.0	-0.0597248777912
1594000000.0	-0.0929643364092
1596000000.0	0.108081606843
1598000000.0	1.14901580669
1600000000.0	-1.20948410655
1602000000.0	0.558554728583
1604000000.0	0.214244307607
1606000000.0	0.385132803309
1608000000.0	-0.841188279266
1610000000.0	0.812458845805
1612000000.0	-0.296345008855
1614000000.0	-0.331804572544
1616000000.0	-0.0951246205285
1618000000.0	-0.0616361412824
1620000000.0	0.216147076235
1622000000.0	0.528817609218
1624000000.0	1.98743963531
1626000000.0	-0.803286072873
1628000000.0	-0.673589626446
1630000000.0	-0.767195107833
1632000000.0	-0.620102420834
1634000000.0	0.466046172497
1636000000.0	0.543293415936
1638000000.0	0.411966659626
1640000000.0	-0.172976043821
1642000000.0	-0.971706107217
1644000000.0	-0.270835678625
1646000000.0	0.660472140776
1648000000.0	0.642394259757
1650000000.0	0.378856969002
1652000000.0	-0.397146884081
1654000000.0	0.0670438032563
1656000000.0	-0.0424652909005
1658000000.0	0.0809531176967
1660000000.0	0.107456017041
1662000000.0	-0.202260616778
1664000000.0	0.437327478965
1666000000.0	0.337705504568
1668000000.0	-0.650403415603
1670000000.0	-0.482017225114
1672000000.0	-0.358567906997
1674000000.0	-0.247619737763
1676000000.0	-0.246616565119
1678000000.0	0.0839019637564
1680000000.0	-0.0712087865439
1682000000.0	0.569211155693
1684000000.0	0.223972109351
1686000000.0	0.0598934858038
1688000000.0	0.0817273143094
1690000000.0	0.763088276177
1692000000.0	-0.290888597798
1694000000.0	-0.00704938089599
1696000000.0	-0.477639030461
1698000000.0	0.0813267851113
1700000000.0	1.21280620341
1702000000.0	0.338630908654
1704000000.0	-0.387646309353
1706000000.0	-0.527392006305
1708000000.0	0.0568278291416
1710000000.0	-0.283692441391
1712000000.0	-0.0812493331487
1714000000.0	0.418147946445
1716000000.0	0.166498247731
1718000000.0	0.162698245892
1720000000.0	-0.216521785677
1722000000.0	-0.9414515367
1724000000.0	0.28932127069
1726000000.0	0.574099077291
1728000000.0	0.184104283231
1730000000.0	-0.298450475235
1732000000.0	0.220174724036
1734000000.0	-0.12297677426
1736000000.0	0.364952080144
1738000000.0	-0.505722465746
1740000000.0	0.520775590113
1742000000.0	-0.208522734581
1744000000.0	0.0453278551291
1746000000.0	0.630756728658
1748000000.0	0.813185358424
1750000000.0	2.81502918189
1752000000.0	0.572483908619
1754000000.0	0.532417743488
1756000000.0	0.0749496763427
1758000000.0	-0.0733402983246
1760000000.0	0.160354919821
1762000000.0	-0.155578165614
1764000000.0	0.13237705578
1766000000.0	0.743119496271
1768000000.0	-0.123756538596
1770000000.0	-0.0656422614731
1772000000.0	-1.252473269
1774000000.0	-0.800478111536
1776000000.0	-0.511727255072
1778000000.0	0.454915880884
1780000000.0	0.428293856635
1782000000.0	0.644530962167
1784000000.0	-0.827941365951
1786000000.0	0.291774031251
1788000000.0	-0.0399714029088
1790000000.0	-0.369475044931
1792000000.0	-0.138827512146
1794000000.0	0.684493494871
1796000000.0	0.122223969825
1798000000.0	0.501192933582
1800000000.0	-0.993387765187
1802000000.0	0.6920605568
1804000000.0	0.169632742563
1806000000.0	-0.380839112117
1808000000.0	-0.0569316492393
1810000000.0	-0.102109462146
1812000000.0	0.138441348153
1814000000.0	0.0356663910084
1816000000.0	0.785863920656
1818000000.0	0.309246875351
1820000000.0	-0.0201468721853
1822000000.0	-0.199273449776
1824000000.0	0.989045166324
1826000000.0	-0.167458196679
1828000000.0	0.08795922196
1830000000.0	0.323583594556
1832000000.0	-0.19744977091
1834000000.0	-0.66965175803
1836000000.0	-1.08512907006
1838000000.0	0.0705091801483
1840000000.0	0.741702520504
1842000000.0	0.43932835419
1844000000.0	-0.34540923642
1846000000.0	-0.167992376991
1848000000.0	-0.202362946705
1850000000.0	-0.0952311323512
1852000000.0	-0.117248118501
1854000000.0	-0.205748629576
1856000000.0	0.372319013661
1858000000.0	-0.629032869514
1860000000.0	0.531030688537
1862000000.0	-1.00512230537
1864000000.0	-0.360875201962
1866000000.0	-0.211976536097
1868000000.0	0.198467965955
1870000000.0	0.635846917494
1872000000.0	-0.505597237868
1874000000.0	-1.1800063081
1876000000.0	-0.610175603568
1878000000.0	0.31394850538
1880000000.0	0.646766324841
1882000000.0	0.550762244208
1884000000.0	0.19911061351
1886000000.0	-0.100119767661
1888000000.0	-0.357108500293
1890000000.0	-1.12022108638
1892000000.0	-0.343299986195
1894000000.0	0.556098954338
1896000000.0	2.0665372356
1898000000.0	2.58593926955
1900000000.0	-7.05502473761
1902000000.0	2.49588065211
1904000000.0	1.41286670919
1906000000.0	-0.109914341887
1908000000.0	-0.268652161116
1910000000.0	-0.022105249238
1912000000.0	0.155848864041
1914000000.0	0.608777972108
1916000000.0	0.0252523313407
1918000000.0	0.168388898547
1920000000.0	-0.379654337882
1922000000.0	-0.013505733641
1924000000.0	0.315409554381
1926000000.0	0.942752291815
1928000000.0	0.0595890852905
1930000000.0	0.295056780764
1932000000.0	-0.0368067181645
1934000000.0	-0.0317145674933
1936000000.0	-0.0529774497561
1938000000.0	0.251192409232
1940000000.0	0.196968494653
1942000000.0	-0.109097304441
1944000000.0	-0.0227006619307
1946000000.0	-0.192398043064
1948000000.0	-0.294130052403
1950000000.0	1.33260627617
1952000000.0	0.0508908839917
1954000000.0	-0.025751752403
1956000000.0	-0.0229348887844
1958000000.0	-0.232805234958
1960000000.0	-0.17116535429
1962000000.0	0.384259514089
1964000000.0	0.00399676566488
1966000000.0	0.559557431923
1968000000.0	0.650867539635
1970000000.0	0.0475085906619
1972000000.0	-0.269341491869
1974000000.0	0.181170850669
1976000000.0	0.216289289081
1978000000.0	0.418164169053
1980000000.0	-0.188652217651
1982000000.0	-0.393368021379
1984000000.0	0.303051830025
1986000000.0	-0.453080995481
1988000000.0	0.00494480557191
1990000000.0	0.114560567091
1992000000.0	-0.000161459230781
1994000000.0	0.288198119468
1996000000.0	0.644613960755
1998000000.0	-0.293478663146
2000000000.0	-1.718725
