0.0	-3.0546885
2000000.0	0.582998412807
4000000.0	0.854108310314
6000000.0	-0.0844944516472
8000000.0	0.0688029473444
10000000.0	0.158753176096
12000000.0	0.346553669898
14000000.0	0.515996468942
16000000.0	1.66984646209
18000000.0	2.98701995351
20000000.0	3.02620523705
22000000.0	1.96715950958
24000000.0	0.0273868657573
26000000.0	-1.42276398822
28000000.0	-2.62928202527
30000000.0	-3.0440989858
32000000.0	-2.32108697827
34000000.0	-0.19260916754
36000000.0	2.35157160376
38000000.0	3.12941035567
40000000.0	2.48969002015
42000000.0	1.41773781546
44000000.0	0.110739457202
46000000.0	-1.14827950133
48000000.0	-1.75084311415
50000000.0	-1.40187546969
52000000.0	-0.609113338838
54000000.0	0.607972839609
56000000.0	1.18027951827
58000000.0	0.871645554008
60000000.0	0.0577534495688
62000000.0	-0.700320707565
64000000.0	-0.936876645457
66000000.0	-0.534932177397
68000000.0	-0.0893447885051
70000000.0	0.351170650177
72000000.0	0.349409344426
74000000.0	0.215961832534
76000000.0	-0.415175526383
78000000.0	-0.503343422857
80000000.0	-0.572317572638
82000000.0	-0.0724684045576
84000000.0	0.160759688251
86000000.0	0.325643009952
88000000.0	-0.00145937454041
90000000.0	-0.195924889707
92000000.0	-0.52545113061
94000000.0	-0.3637888782
96000000.0	-0.135947048767
98000000.0	0.253407509074
100000000.0	0.362687279204
102000000.0	0.334153893161
104000000.0	-0.0963118173065
106000000.0	-0.419837174993
108000000.0	-0.654492050124
110000000.0	-0.484629095441
112000000.0	-0.148074737444
114000000.0	0.20305090172
116000000.0	0.384781486272
118000000.0	0.245094165143
120000000.0	0.0685334197487
122000000.0	-0.141168010946
124000000.0	-0.334377961617
126000000.0	-0.105683174621
128000000.0	-0.0792436433309
130000000.0	-0.0824471589241
132000000.0	-0.0934141548168
134000000.0	-0.122584336414
136000000.0	-0.105278294204
138000000.0	-0.0512788845314
140000000.0	0.127678034773
142000000.0	0.363102866763
144000000.0	0.421324214269
146000000.0	0.235582836508
148000000.0	-0.0404243699815
150000000.0	-0.481620204221
152000000.0	-0.610004224598
154000000.0	-0.47589666483
156000000.0	-0.11247173145
158000000.0	0.293130614666
160000000.0	0.591835924236
162000000.0	0.687705440547
164000000.0	0.380532672538
166000000.0	-0.0869482982339
168000000.0	-0.516008682414
170000000.0	-0.551031386558
172000000.0	-0.534443446539
174000000.0	-0.188500646978
176000000.0	0.192045314802
178000000.0	0.440077822371
180000000.0	0.616138495956
182000000.0	0.330169980494
184000000.0	0.062223267848
186000000.0	-0.271332476805
188000000.0	-0.496053826957
190000000.0	-0.461775802761
192000000.0	-0.324429587024
194000000.0	0.000317536797115
196000000.0	0.277624592306
198000000.0	0.498205177673
200000000.0	0.298914155027
202000000.0	0.272220462679
204000000.0	-0.112626008061
206000000.0	-0.234750045317
208000000.0	-0.333370377252
210000000.0	-0.354120877906
212000000.0	-0.255596813
214000000.0	0.0423591509231
216000000.0	0.193123245403
218000000.0	0.363264287053
220000000.0	0.336120932091
222000000.0	0.222067603657
224000000.0	-0.00990072479379
226000000.0	-0.393488305244
228000000.0	-0.558220021015
230000000.0	-0.459533850556
232000000.0	-0.296246403159
234000000.0	0.247003885859
236000000.0	0.660632796412
238000000.0	0.890567096836
240000000.0	0.522496110211
242000000.0	-0.0961687885569
244000000.0	-0.835528080662
246000000.0	-1.10573554521
248000000.0	-0.99527505006
250000000.0	-0.230859917809
252000000.0	0.642685470981
254000000.0	1.46635374542
256000000.0	1.35454233399
258000000.0	0.63461085282
260000000.0	-0.727430225619
262000000.0	-1.7184975878
264000000.0	-1.67371079777
266000000.0	-0.595459571198
268000000.0	0.797320182804
270000000.0	1.64216704372
272000000.0	1.53815117681
274000000.0	0.864254952369
276000000.0	-0.381744504307
278000000.0	-1.37981517958
280000000.0	-1.79917012041
282000000.0	-1.18075798097
284000000.0	0.430741251946
286000000.0	1.83034223683
288000000.0	1.54581622888
290000000.0	-0.397697314186
292000000.0	-1.67552721826
294000000.0	-0.114607611725
296000000.0	4.10327159642
298000000.0	8.3819770346
300000000.0	-25.7783250214
302000000.0	7.1982342382
304000000.0	6.09129745438
306000000.0	4.64766338704
308000000.0	2.02561816547
310000000.0	-1.58641253057
312000000.0	-4.29260554989
314000000.0	-4.10759074627
316000000.0	-1.35210993077
318000000.0	1.8978452765
320000000.0	3.52616056214
322000000.0	2.84501842291
324000000.0	0.613668563587
326000000.0	-1.30039799626
328000000.0	-2.53322535521
330000000.0	-2.31349408399
332000000.0	-0.895811973547
334000000.0	0.916438644277
336000000.0	2.08093900178
338000000.0	1.99829045918
340000000.0	0.752418821327
342000000.0	-0.836844226741
344000000.0	-1.71305481638
346000000.0	-1.39266026028
348000000.0	-0.363871340914
350000000.0	0.672249774487
352000000.0	1.07520885938
354000000.0	0.850510109835
356000000.0	0.149872333135
358000000.0	-0.460024030205
360000000.0	-0.813995212091
362000000.0	-0.489823991627
364000000.0	0.0967956140428
366000000.0	0.566631518339
368000000.0	0.482463766044
370000000.0	-0.00307067713994
372000000.0	-0.338696600987
374000000.0	-0.561187037933
376000000.0	-0.102134812958
378000000.0	0.321597409503
380000000.0	0.500891834327
382000000.0	0.415197078244
384000000.0	0.0922613156669
386000000.0	-0.440520433571
388000000.0	-0.712451458158
390000000.0	-0.519534901438
392000000.0	0.10658353799
394000000.0	0.530997869731
396000000.0	0.757736201738
398000000.0	0.42990472049
400000000.0	-0.263347997045
402000000.0	-0.68479566974
404000000.0	-0.764542599661
406000000.0	-0.398634029357
408000000.0	0.299017330363
410000000.0	0.670983532239
412000000.0	0.712507814522
414000000.0	0.3601214301
416000000.0	-0.232614030373
418000000.0	-0.660239524768
420000000.0	-0.670857294913
422000000.0	-0.273761870696
424000000.0	0.236862856344
426000000.0	0.574206272091
428000000.0	0.563289861459
430000000.0	0.229118726879
432000000.0	-0.310375854559
434000000.0	-0.436814621218
436000000.0	-0.447476359992
438000000.0	-0.010870896423
440000000.0	0.24897676268
442000000.0	0.376940285064
444000000.0	0.158544133068
446000000.0	-0.115473978683
448000000.0	-0.265711497097
450000000.0	-0.161449816849
452000000.0	-0.0447216273052
454000000.0	0.206283014583
456000000.0	0.344243817593
458000000.0	0.082508916532
460000000.0	-0.181640785454
462000000.0	-0.332515999376
464000000.0	-0.326951334505
466000000.0	-0.0980255332084
468000000.0	0.250159479637
470000000.0	0.379689392096
472000000.0	0.208006736354
474000000.0	-0.0606296098552
476000000.0	-0.416922551586
478000000.0	-0.381301783177
480000000.0	-0.34866025233
482000000.0	0.100957909673
484000000.0	0.398369898948
486000000.0	0.409662931181
488000000.0	0.207351319524
490000000.0	-0.130157517755
492000000.0	-0.334435875548
494000000.0	-0.466083277171
496000000.0	-0.218715700454
498000000.0	0.0468933085442
500000000.0	0.296390144694
502000000.0	0.320022293647
504000000.0	0.102728147773
506000000.0	-0.142057431274
508000000.0	-0.275965773422
510000000.0	-0.207549770578
512000000.0	-0.0926522879138
514000000.0	0.112410820804
516000000.0	0.0831544916283
518000000.0	0.174869941192
520000000.0	-0.0189873673004
522000000.0	-0.137896316406
524000000.0	-0.230011248421
526000000.0	0.0515242499547
528000000.0	0.0759492632681
530000000.0	0.165882697469
532000000.0	0.031218520425
534000000.0	-0.196002080562
536000000.0	-0.225275461038
538000000.0	-0.143975122517
540000000.0	-0.0370575188766
542000000.0	0.171852746155
544000000.0	0.240712208445
546000000.0	0.0255441176016
548000000.0	-0.0530259654115
550000000.0	-0.111103621769
552000000.0	-0.239078829888
554000000.0	-0.217677619894
556000000.0	-0.00291045835442
558000000.0	0.258741152582
560000000.0	0.235835274259
562000000.0	0.180738035082
564000000.0	-0.033113159534
566000000.0	-0.14127941626
568000000.0	-0.161054976327
570000000.0	-0.204215491129
572000000.0	0.0312435774853
574000000.0	0.21728677604
576000000.0	0.225934061858
578000000.0	0.125254779048
580000000.0	-0.0779119781582
582000000.0	-0.192934112728
584000000.0	-0.187802602487
586000000.0	-0.0210597777
588000000.0	0.176102967063
590000000.0	0.0816631124463
592000000.0	0.0117091092173
594000000.0	-0.00940632818555
596000000.0	0.0329878002677
598000000.0	0.0394333539599
600000000.0	-0.394158923905
602000000.0	0.200431558637
604000000.0	0.279088988433
606000000.0	0.116258841308
608000000.0	-0.0864220275905
610000000.0	-0.225736692999
612000000.0	0.00758961152603
614000000.0	-0.0309819206504
616000000.0	0.157575044477
618000000.0	0.189859874836
620000000.0	0.151058637099
622000000.0	0.102023919811
624000000.0	-0.0814786725117
626000000.0	-0.34412261324
628000000.0	-0.251014498966
630000000.0	0.00790309641086
632000000.0	0.27232023148
634000000.0	0.212887433134
636000000.0	0.0782316685774
638000000.0	-0.136678180576
640000000.0	-0.164431465129
642000000.0	-0.256274681818
644000000.0	-0.118241564905
646000000.0	0.0707250317126
648000000.0	0.100530292614
650000000.0	0.119744806255
652000000.0	0.00636265568652
654000000.0	-0.142066336789
656000000.0	-0.133391070293
658000000.0	0.062849604027
660000000.0	0.0122220132001
662000000.0	0.156853550404
664000000.0	0.0904720278016
666000000.0	0.0233151917419
668000000.0	-0.090242161244
670000000.0	-0.12581753027
672000000.0	-0.0316092410034
674000000.0	0.130633358193
676000000.0	-0.0353569428682
678000000.0	0.0897432081811
680000000.0	-0.00403597521013
682000000.0	-0.111519206173
684000000.0	-0.198482459646
686000000.0	-0.183202961508
688000000.0	-0.0201056926291
690000000.0	0.202409809746
692000000.0	0.216919059225
694000000.0	0.150331395038
696000000.0	-0.0765117046705
698000000.0	-0.14007400905
700000000.0	-0.441119291764
702000000.0	-0.107411034568
704000000.0	0.131555806651
706000000.0	0.240398373348
708000000.0	0.181126341237
710000000.0	0.0102741823982
712000000.0	-0.064183710062
714000000.0	-0.326481295435
716000000.0	-0.174536832945
718000000.0	-0.106666647058
720000000.0	0.166454538688
722000000.0	0.224133739312
724000000.0	0.122391623415
726000000.0	0.0814242455659
728000000.0	-0.0433576131069
730000000.0	-0.203524665742
732000000.0	-0.159172497667
734000000.0	0.0127072380822
736000000.0	0.082183816387
738000000.0	0.0702669702872
740000000.0	0.000673692956079
742000000.0	-0.134972584294
744000000.0	-0.151042294812
746000000.0	-0.0505843187221
748000000.0	-0.0054912236066
750000000.0	0.043468093051
752000000.0	0.159595171719
754000000.0	0.0738315695917
756000000.0	-0.115837927215
758000000.0	-0.204866141823
760000000.0	-0.0883734816591
762000000.0	-0.0423576213361
764000000.0	0.112662441038
766000000.0	0.212779298975
768000000.0	0.0703106946827
770000000.0	-0.0572976784416
772000000.0	-0.26734675662
774000000.0	-0.24579257805
776000000.0	-0.13442276904
778000000.0	0.134416234489
780000000.0	0.261103046345
782000000.0	0.258039994011
784000000.0	0.0713942338161
786000000.0	-0.0547269532112
788000000.0	-0.34020907911
790000000.0	-0.261453584843
792000000.0	-0.0630948957031
794000000.0	0.152634753346
796000000.0	0.260656905605
798000000.0	0.200760238676
800000000.0	-0.075899600835
802000000.0	-0.089092062301
804000000.0	-0.210652835848
806000000.0	-0.147840455181
808000000.0	-0.0449800799781
810000000.0	0.0895508568405
812000000.0	0.158971138756
814000000.0	0.169163452255
816000000.0	0.0150408625301
818000000.0	-0.0642217546397
820000000.0	-0.135556165482
822000000.0	-0.0649577266488
824000000.0	0.126570412845
826000000.0	0.192664678871
828000000.0	0.0946229502967
830000000.0	-0.0474579092508
832000000.0	-0.239346919754
834000000.0	-0.121497656294
836000000.0	0.0206375091275
838000000.0	0.207303124461
840000000.0	0.206954344553
842000000.0	0.112257484372
844000000.0	-0.0359202694686
846000000.0	-0.370074254791
848000000.0	-0.39374765495
850000000.0	-0.170861743647
852000000.0	0.169944425799
854000000.0	0.441310769704
856000000.0	0.450509828922
858000000.0	0.271257234284
860000000.0	-0.104813955434
862000000.0	-0.572857075544
864000000.0	-0.65726344647
866000000.0	-0.208837188944
868000000.0	0.310813883413
870000000.0	0.568016185574
872000000.0	0.553443889165
874000000.0	0.395524554673
876000000.0	-0.245404714332
878000000.0	-0.669360706649
880000000.0	-0.737064960265
882000000.0	-0.35215386316
884000000.0	0.284731557349
886000000.0	0.833320117589
888000000.0	0.774464595106
890000000.0	0.0459024123851
892000000.0	-0.552812105215
894000000.0	-0.521535791942
896000000.0	0.178176498013
898000000.0	1.08217566465
900000000.0	-2.81234949659
902000000.0	0.803319064373
904000000.0	0.819493271582
906000000.0	0.90092274608
908000000.0	0.473032068258
910000000.0	-0.296394428838
912000000.0	-0.908298249376
914000000.0	-0.961611442736
916000000.0	-0.233754310873
918000000.0	0.477617238601
920000000.0	0.796481370383
922000000.0	0.617216574672
924000000.0	0.0440027784904
926000000.0	-0.307585384756
928000000.0	-0.593868671117
930000000.0	-0.452032467793
932000000.0	-0.233626103165
934000000.0	0.219475089905
936000000.0	0.472617379329
938000000.0	0.410896581028
940000000.0	0.162537954046
942000000.0	-0.100796996549
944000000.0	-0.392019456993
946000000.0	-0.338224279905
948000000.0	-0.0935054893648
950000000.0	0.116999906695
952000000.0	0.152163133603
954000000.0	0.208677606391
956000000.0	0.0791830987981
958000000.0	-0.0170000174063
960000000.0	-0.0828262733412
962000000.0	-0.0918083204903
964000000.0	0.00974867808262
966000000.0	0.0598331869647
968000000.0	0.027588524983
970000000.0	-0.027757823906
972000000.0	-0.0627350937282
974000000.0	0.0433326946698
976000000.0	0.170319591473
978000000.0	0.095617978554
980000000.0	-0.0142193029018
982000000.0	0.0065317644001
984000000.0	-0.150971540375
986000000.0	-0.125030720445
988000000.0	-0.0516845948648
990000000.0	0.0484422862157
992000000.0	0.0576588339186
994000000.0	0.154406792064
996000000.0	0.141967507005
998000000.0	0.0224797680726
1000000000.0	0.262476
1002000000.0	-0.0789584725593
1004000000.0	-0.108996818112
1006000000.0	-0.0578077709491
1008000000.0	0.0961940602191
1010000000.0	0.153803070634
1012000000.0	0.0424091833183
1014000000.0	0.0303997200941
1016000000.0	-0.0199341479068
1018000000.0	-0.0808586078831
1020000000.0	-0.11669271525
1022000000.0	-0.056340053189
1024000000.0	0.0434793906915
1026000000.0	0.0731321322349
1028000000.0	0.0681245986025
1030000000.0	0.054333634718
1032000000.0	-0.0129503416026
1034000000.0	-0.0289367360261
1036000000.0	-0.0769294992604
1038000000.0	-0.00220148426714
1040000000.0	-0.067449997919
1042000000.0	-0.0314137334643
1044000000.0	0.0280097307771
1046000000.0	-0.00959567127769
1048000000.0	0.0216931589773
1050000000.0	-0.0524530960179
1052000000.0	0.0156887681588
1054000000.0	-0.106842481203
1056000000.0	-0.00534264566402
1058000000.0	-0.0291741874293
1060000000.0	-0.00944106216656
1062000000.0	0.0172663702642
1064000000.0	0.0074685042217
1066000000.0	0.0431240971376
1068000000.0	0.0425029969286
1070000000.0	0.0594418995832
1072000000.0	-0.0229111539832
1074000000.0	-0.110807398164
1076000000.0	-0.00911673871776
1078000000.0	-0.101111737481
1080000000.0	-0.0705665069567
1082000000.0	-0.0207022540878
1084000000.0	0.0650384777868
1086000000.0	0.0706716456697
1088000000.0	0.0186270813608
1090000000.0	0.0117059972894
1092000000.0	-0.0382223732677
1094000000.0	-0.0984471883832
1096000000.0	-0.0831998549938
1098000000.0	-0.101435618952
1100000000.0	0.0776225387762
1102000000.0	-0.0140179652153
1104000000.0	0.0438109947524
1106000000.0	0.0720029333105
1108000000.0	0.0243091963797
1110000000.0	0.0207216391946
1112000000.0	-0.0744277544583
1114000000.0	-0.089675889701
1116000000.0	-0.0401293103314
1118000000.0	0.0755961430501
1120000000.0	0.125908336162
1122000000.0	-0.0679877580082
1124000000.0	0.00814410677182
1126000000.0	0.0462447484106
1128000000.0	-0.0704806442611
1130000000.0	-0.0284805248694
1132000000.0	-0.141659208567
1134000000.0	-0.0325845754322
1136000000.0	0.0284781068023
1138000000.0	-0.00126748940341
1140000000.0	-0.0160153195204
1142000000.0	0.0546832364782
1144000000.0	-0.042942564919
1146000000.0	-0.0926153399781
1148000000.0	-0.104734562008
1150000000.0	0.0409941376276
1152000000.0	-0.0792998654097
1154000000.0	-0.00477302397812
1156000000.0	0.0810433688086
1158000000.0	-0.0140087769915
1160000000.0	0.035000505992
1162000000.0	0.0603704721633
1164000000.0	-0.0367797605283
1166000000.0	-0.0335397057613
1168000000.0	0.0365428468613
1170000000.0	-0.0141846060551
1172000000.0	-0.00696303371162
1174000000.0	-0.00754614072291
1176000000.0	0.0549477085722
1178000000.0	-0.0198756604244
1180000000.0	0.0784423543929
1182000000.0	-0.0274213885394
1184000000.0	-0.0385945184304
1186000000.0	-0.0641679459858
1188000000.0	-0.0482435670698
1190000000.0	-0.0393400184055
1192000000.0	-0.0343841865087
1194000000.0	-0.00313592050372
1196000000.0	0.090326224828
1198000000.0	0.231876663873
1200000000.0	-0.432783252955
1202000000.0	0.0907905456328
1204000000.0	0.00024699668772
1206000000.0	-0.0577516431067
1208000000.0	-0.00397070227177
1210000000.0	0.000589083203159
1212000000.0	0.0718666499716
1214000000.0	0.000462859216842
1216000000.0	0.0672980934739
1218000000.0	0.0211424684454
1220000000.0	-0.0565647724133
1222000000.0	0.0947972896724
1224000000.0	-0.108129233042
1226000000.0	-0.0510244037581
1228000000.0	0.0667476679427
1230000000.0	-0.0053538479858
1232000000.0	0.0864416469315
1234000000.0	0.0202326459392
1236000000.0	-0.0701147007605
1238000000.0	0.0112523536585
1240000000.0	-0.0249659690518
1242000000.0	-0.0516595445728
1244000000.0	0.0662646382107
1246000000.0	-0.00846840950988
1248000000.0	0.0422860986262
1250000000.0	0.305931881295
1252000000.0	0.0559114216739
1254000000.0	-0.022385221605
1256000000.0	-0.0160035801771
1258000000.0	0.0313606162581
1260000000.0	-0.00524123711548
1262000000.0	0.0117097862205
1264000000.0	-0.0578273753776
1266000000.0	0.0145415138416
1268000000.0	-0.0240529416041
1270000000.0	-0.0153979665452
1272000000.0	0.0375248876238
1274000000.0	0.129125459555
1276000000.0	-0.0284805410207
1278000000.0	0.0662177946726
1280000000.0	-0.0363842386683
1282000000.0	0.0355546206268
1284000000.0	-0.0616058585562
1286000000.0	-0.0942277344584
1288000000.0	-0.00347581595578
1290000000.0	0.0774778232808
1292000000.0	0.111897202766
1294000000.0	0.0381852421732
1296000000.0	0.0165688051808
1298000000.0	0.0116777945999
1300000000.0	-0.253541240255
1302000000.0	0.101063163636
1304000000.0	0.0869134447051
1306000000.0	0.048979112878
1308000000.0	0.0191387318655
1310000000.0	-0.119366976532
1312000000.0	-0.0348169619835
1314000000.0	-0.0853168273484
1316000000.0	-0.119196321298
1318000000.0	0.0368967773767
1320000000.0	0.0210291981134
1322000000.0	0.00101381834026
1324000000.0	-0.047756363009
1326000000.0	0.0138025222643
1328000000.0	-0.0409984867304
1330000000.0	-0.0187521269743
1332000000.0	-0.0121113857399
1334000000.0	-0.0340936275733
1336000000.0	-0.00640314647214
1338000000.0	-0.0176302759556
1340000000.0	-0.059929837345
1342000000.0	-0.00771473743455
1344000000.0	0.02422307116
1346000000.0	0.0997691465742
1348000000.0	0.144746561176
1350000000.0	-0.0457195148016
1352000000.0	-0.0314296875643
1354000000.0	0.00176802140466
1356000000.0	-0.0944315050294
1358000000.0	-0.0197790493557
1360000000.0	-0.0413504069597
1362000000.0	0.120671968356
1364000000.0	0.0805858469142
1366000000.0	0.0141372701347
1368000000.0	-0.0260544395799
1370000000.0	-0.0750669884918
1372000000.0	-0.0315763079149
1374000000.0	0.133184964332
1376000000.0	-0.209491306812
1378000000.0	-0.016316720478
1380000000.0	0.0701847303914
1382000000.0	-0.0279990582326
1384000000.0	0.0100250135253
1386000000.0	-0.020140679312
1388000000.0	-0.119348318301
1390000000.0	-0.229351269173
1392000000.0	-0.0738558463442
1394000000.0	0.0691928490643
1396000000.0	0.0799995466077
1398000000.0	0.0484062305561
1400000000.0	-0.157840318039
1402000000.0	0.106424549804
1404000000.0	0.0355885909573
1406000000.0	-0.18126804797
1408000000.0	0.0404840232123
1410000000.0	0.101194123771
1412000000.0	-0.0167718776094
1414000000.0	0.0289672885281
1416000000.0	-0.062456592275
1418000000.0	-0.0651770142435
1420000000.0	-0.0122860747059
1422000000.0	-0.0320153019504
1424000000.0	0.0477636113117
1426000000.0	-0.0524724276228
1428000000.0	-0.00244965585599
1430000000.0	-0.0835969048328
1432000000.0	-0.0857679138841
1434000000.0	0.0174120272825
1436000000.0	-0.00420964357997
1438000000.0	0.0811274587769
1440000000.0	0.0846800757668
1442000000.0	-0.00327467926815
1444000000.0	-0.137025990135
1446000000.0	-0.0271556383916
1448000000.0	-0.0755583681185
1450000000.0	-0.121222336983
1452000000.0	0.0944051410293
1454000000.0	0.195593138639
1456000000.0	0.105157683624
1458000000.0	0.109491239128
1460000000.0	-0.0650097786826
1462000000.0	-0.204374507251
1464000000.0	-0.266287462653
1466000000.0	-0.0752676637873
1468000000.0	0.0740917720264
1470000000.0	0.282343366465
1472000000.0	0.190788225738
1474000000.0	0.0553579573975
1476000000.0	-0.146784288492
1478000000.0	-0.231627521223
1480000000.0	-0.277355404738
1482000000.0	-0.28593169888
1484000000.0	0.0555773272266
1486000000.0	0.343081410468
1488000000.0	0.295677798418
1490000000.0	0.0434944863353
1492000000.0	-0.126906179131
1494000000.0	-0.20114276993
1496000000.0	-0.0596346104175
1498000000.0	0.0803365205127
1500000000.0	-0.0682471446942
1502000000.0	0.0197899817109
1504000000.0	0.0105264578076
1506000000.0	0.261726900183
1508000000.0	0.272946539726
1510000000.0	-0.0682359419325
1512000000.0	-0.267404005515
1514000000.0	-0.282694027447
1516000000.0	-0.197970477497
1518000000.0	0.0941947270542
1520000000.0	0.17115902205
1522000000.0	0.304473699113
1524000000.0	0.056474168275
1526000000.0	0.00844887455939
1528000000.0	-0.250782722013
1530000000.0	-0.19805821318
1532000000.0	-0.0139676574351
1534000000.0	0.0296888126377
1536000000.0	0.133477952842
1538000000.0	0.126047739719
1540000000.0	0.0645944510095
1542000000.0	-0.0199844920363
1544000000.0	-0.200641810192
1546000000.0	-0.125830983327
1548000000.0	-0.113000666341
1550000000.0	0.108957133432
1552000000.0	0.144016372564
1554000000.0	0.132218030349
1556000000.0	0.0758286218543
1558000000.0	-0.0413473567456
1560000000.0	-0.0717711355348
1562000000.0	-0.117117836607
1564000000.0	0.0742287575216
1566000000.0	-0.0226048679324
1568000000.0	0.00907366092652
1570000000.0	0.0716059492871
1572000000.0	-0.0780775675658
1574000000.0	-0.101510670215
1576000000.0	-0.00330994791744
1578000000.0	0.0564777159614
1580000000.0	-0.0162688950777
1582000000.0	0.0290243318765
1584000000.0	0.0334361259246
1586000000.0	-0.0240860346906
1588000000.0	-0.0585896534586
1590000000.0	-0.0402685051631
1592000000.0	0.0628078226771
1594000000.0	0.0591484622061
1596000000.0	0.0351651557754
1598000000.0	0.00395354987231
1600000000.0	-0.021733649165
1602000000.0	0.0450809167224
1604000000.0	-0.015271960175
1606000000.0	0.0378015504134
1608000000.0	0.0394290097026
1610000000.0	0.0930984147308
1612000000.0	0.0689206415661
1614000000.0	0.0261564286103
1616000000.0	-0.0247250343615
1618000000.0	0.0078149945514
1620000000.0	-0.0344060409771
1622000000.0	-0.0895345154888
1624000000.0	-0.0937301619072
1626000000.0	0.187766428092
1628000000.0	0.0764244249711
1630000000.0	-0.0200511207992
1632000000.0	-0.00642982786373
1634000000.0	-0.0538986551855
1636000000.0	-0.0519316371672
1638000000.0	0.0153335149239
1640000000.0	0.0456011908122
1642000000.0	-0.0204642292099
1644000000.0	-0.00101655147175
1646000000.0	0.0317938157405
1648000000.0	-0.0464782888656
1650000000.0	-0.014961314865
1652000000.0	-0.0647338370605
1654000000.0	0.0611539183308
1656000000.0	0.0713715365113
1658000000.0	0.0661488481404
1660000000.0	-0.0560541412392
1662000000.0	-0.0525729131192
1664000000.0	0.0131303605126
1666000000.0	0.0162071642572
1668000000.0	-0.0435150773672
1670000000.0	-0.0198779230626
1672000000.0	-0.00460417223286
1674000000.0	-0.0238205899958
1676000000.0	-0.0419683366828
1678000000.0	-0.000849726381889
1680000000.0	-0.0446177588331
1682000000.0	0.0430912654409
1684000000.0	0.073179607961
1686000000.0	-0.0123361531894
1688000000.0	-0.0204636866743
1690000000.0	0.0927661771594
1692000000.0	-0.00454991559644
1694000000.0	-0.0731936217736
1696000000.0	-0.0824664014993
1698000000.0	-0.0919877125695
1700000000.0	0.208647315773
1702000000.0	-0.139545963841
1704000000.0	-0.0744560678788
1706000000.0	0.00844337119595
1708000000.0	-0.0899900088867
1710000000.0	0.064547433745
1712000000.0	-0.0194232872072
1714000000.0	0.00981597823302
1716000000.0	-0.00715187844431
1718000000.0	-0.0396227366104
1720000000.0	0.0203147835618
1722000000.0	0.00289572160866
1724000000.0	-0.0195450113101
1726000000.0	-0.0677354191721
1728000000.0	0.0136089899746
1730000000.0	-0.0691847667815
1732000000.0	-0.00461426611947
1734000000.0	-0.0169411022788
1736000000.0	0.0131232853277
1738000000.0	0.00752044687715
1740000000.0	-0.0144782039594
1742000000.0	0.0202262264518
1744000000.0	0.0314657712016
1746000000.0	-0.0320690175777
1748000000.0	-0.0938541771892
1750000000.0	0.0189599434625
1752000000.0	-0.0157085106894
1754000000.0	-0.0172994956614
1756000000.0	0.0130474742625
1758000000.0	-0.05655962596
1760000000.0	0.10357781996
1762000000.0	0.0367275693043
1764000000.0	0.00999730422961
1766000000.0	-0.000572664545745
1768000000.0	-0.0214591873562
1770000000.0	-0.0159670291043
1772000000.0	-0.00664151781511
1774000000.0	0.0347642630369
1776000000.0	0.052368229038
1778000000.0	0.107372594365
1780000000.0	-0.0257863387206
1782000000.0	-0.0151198731143
1784000000.0	-0.0812271705467
1786000000.0	-0.0154343333799
1788000000.0	-0.0157364630947
1790000000.0	0.0863222902983
1792000000.0	-0.00204609199646
1794000000.0	0.0834232791558
1796000000.0	0.117922086276
1798000000.0	0.0117309147985
1800000000.0	-0.368753413084
1802000000.0	0.0544825127435
1804000000.0	0.0844145123373
1806000000.0	-0.0300699249744
1808000000.0	0.0337609913793
1810000000.0	-0.0406732589521
1812000000.0	0.007229063927
1814000000.0	-0.0764488834874
1816000000.0	-0.0225405760547
1818000000.0	0.00586016007507
1820000000.0	0.0264033219768
1822000000.0	0.0288662787317
1824000000.0	-0.0580077989979
1826000000.0	-0.0405991676333
1828000000.0	-0.0412454885388
1830000000.0	0.0366098066154
1832000000.0	-0.0510561614011
1834000000.0	0.0125043528967
1836000000.0	0.00786169793408
1838000000.0	0.00785995782107
1840000000.0	-0.0237717485926
1842000000.0	-0.0738640445164
1844000000.0	-0.0312987959765
1846000000.0	0.0216740294325
1848000000.0	-0.00114244080189
1850000000.0	-0.00425699012983
1852000000.0	0.0187831624891
1854000000.0	0.00177790028911
1856000000.0	-0.078633046893
1858000000.0	-0.0448579029211
1860000000.0	-0.0336952284921
1862000000.0	0.0504892169633
1864000000.0	-0.0367779391141
1866000000.0	-0.0444773286137
1868000000.0	-0.0494702226278
1870000000.0	-0.0455405704122
1872000000.0	-0.0968571237657
1874000000.0	-0.0643636516658
1876000000.0	0.00313693502271
1878000000.0	0.166900012384
1880000000.0	0.0598632697751
1882000000.0	0.0983064762319
1884000000.0	-0.0115958740278
1886000000.0	0.00112244870479
1888000000.0	-0.0473634745705
1890000000.0	0.0851244482709
1892000000.0	0.0813088918161
1894000000.0	0.097415032645
1896000000.0	0.0256644479221
1898000000.0	0.0180933496056
1900000000.0	-0.0292650837723
1902000000.0	0.0467745479018
1904000000.0	-0.00223189768604
1906000000.0	-0.0106609157998
1908000000.0	-0.0335972836512
1910000000.0	-0.00206533849975
1912000000.0	0.104561535222
1914000000.0	0.0839659785519
1916000000.0	0.0447323538943
1918000000.0	-0.0421324521109
1920000000.0	-0.0264329887925
1922000000.0	-0.0625327177714
1924000000.0	-0.111713840976
1926000000.0	0.0921789258466
1928000000.0	0.0858124331041
1930000000.0	0.0113109713066
1932000000.0	0.0326167900087
1934000000.0	-0.0455185204897
1936000000.0	-0.0491870178611
1938000000.0	-0.018465242295
1940000000.0	-0.0401009465111
1942000000.0	0.0386265289037
1944000000.0	0.0682606740656
1946000000.0	0.0229339075689
1948000000.0	-0.00178510171938
1950000000.0	-0.0371716495241
1952000000.0	-0.00291252476933
1954000000.0	0.0216005196508
1956000000.0	-0.00474678031712
1958000000.0	-0.075640246762
1960000000.0	-0.0341486928178
1962000000.0	0.0595321884311
1964000000.0	-0.0189119185485
1966000000.0	0.0595702154046
1968000000.0	-0.103384989102
1970000000.0	-0.0470003053425
1972000000.0	0.0110017839735
1974000000.0	-0.0224577969734
1976000000.0	-0.0230944753858
1978000000.0	-0.0235232485019
1980000000.0	-0.0610941874975
1982000000.0	0.012205826616
1984000000.0	0.0144693996593
1986000000.0	0.0316698665938
1988000000.0	0.00981122593744
1990000000.0	-0.0781864569697
1992000000.0	0.0211266132416
1994000000.0	-0.00829957119362
1996000000.0	0.0967686558862
1998000000.0	0.106395979387
2000000000.0	-0.3265575
