0.0	-9.21875
2000000.0	1.98363745333
4000000.0	2.8166300061
6000000.0	0.823703995138
8000000.0	-0.0591472155709
10000000.0	-0.538640402617
12000000.0	-1.82070687288
14000000.0	-1.50818494133
16000000.0	0.247414344691
18000000.0	4.14836938666
20000000.0	5.60465816363
22000000.0	4.43860048473
24000000.0	0.93449140467
26000000.0	-1.6769868321
28000000.0	-3.84044911645
30000000.0	-4.66683842869
32000000.0	-3.85617422054
34000000.0	-0.835664226126
36000000.0	4.06716038156
38000000.0	5.62846374223
40000000.0	3.74881193595
42000000.0	1.40276152561
44000000.0	-1.14557259699
46000000.0	-2.55602556484
48000000.0	-2.21627617979
50000000.0	-1.26929133999
52000000.0	0.278137842609
54000000.0	1.17983595403
56000000.0	1.253685392
58000000.0	-0.0730110137633
60000000.0	-1.13940838964
62000000.0	-1.33268481798
64000000.0	-0.962632145404
66000000.0	0.21332365674
68000000.0	0.92118954079
70000000.0	0.714807282847
72000000.0	0.183015068319
74000000.0	-0.81771533939
76000000.0	-1.24827736348
78000000.0	-1.04085655942
80000000.0	-0.451026145275
82000000.0	0.528984563269
84000000.0	0.494597293895
86000000.0	-0.141576507132
88000000.0	-0.272635720223
90000000.0	-0.874189450327
92000000.0	-0.184855802942
94000000.0	0.334474483993
96000000.0	0.679755402651
98000000.0	0.61246042756
100000000.0	0.0499010945344
102000000.0	-0.564910640852
104000000.0	-1.06154319493
106000000.0	-1.04638032139
108000000.0	-0.178617582225
110000000.0	0.893548194915
112000000.0	1.1448281027
114000000.0	1.09964858069
116000000.0	-0.198554627656
118000000.0	-0.558219629388
120000000.0	-1.07835897388
122000000.0	-0.653023688456
124000000.0	0.123126008802
126000000.0	0.39349439012
128000000.0	0.437756377332
130000000.0	0.245662342672
132000000.0	-0.227070577737
134000000.0	-0.425095195992
136000000.0	-0.516837521711
138000000.0	-0.0679063452659
140000000.0	0.337898374426
142000000.0	0.739383666573
144000000.0	-0.146188841909
146000000.0	-0.169404318572
148000000.0	-0.521299498439
150000000.0	-0.0934433707817
152000000.0	-0.0583628472499
154000000.0	0.368744929766
156000000.0	0.505368291801
158000000.0	0.216436226994
160000000.0	0.191066680407
162000000.0	-0.338846337637
164000000.0	-0.403851663243
166000000.0	-0.00496879621416
168000000.0	0.0850235974883
170000000.0	-0.203403436414
172000000.0	-0.123269617089
174000000.0	-0.0931576806309
176000000.0	-0.659373502299
178000000.0	0.0234904404106
180000000.0	0.492079919576
182000000.0	0.390849106183
184000000.0	0.364948039768
186000000.0	0.0360338098157
188000000.0	-0.669331699325
190000000.0	-0.846912820848
192000000.0	-0.795652159577
194000000.0	0.115770292711
196000000.0	0.710904837452
198000000.0	0.962694999563
200000000.0	0.810258344489
202000000.0	0.175435392932
204000000.0	-0.530146561856
206000000.0	-0.571639806361
208000000.0	-0.579694534706
210000000.0	-0.558401064766
212000000.0	0.0142859974463
214000000.0	0.337119980657
216000000.0	0.32818286545
218000000.0	-0.170551782542
220000000.0	-0.0974049639877
222000000.0	0.0866342304757
224000000.0	0.47944231578
226000000.0	0.411879994491
228000000.0	-0.166129663975
230000000.0	-0.694932592263
232000000.0	-0.888472462324
234000000.0	-0.315134479784
236000000.0	0.45566725245
238000000.0	1.07993671755
240000000.0	1.07651803534
242000000.0	0.496684698951
244000000.0	-0.574646337943
246000000.0	-1.23658430106
248000000.0	-1.34707275723
250000000.0	-1.80972160864
252000000.0	0.768057504796
254000000.0	2.14718953066
256000000.0	2.07441707708
258000000.0	0.88742204118
260000000.0	-1.52445220141
262000000.0	-2.91872792344
264000000.0	-1.55576543931
266000000.0	0.426417030599
268000000.0	2.04868242566
270000000.0	1.49845691446
272000000.0	0.102213540601
274000000.0	-0.687602196965
276000000.0	-0.843818462203
278000000.0	-0.881277040486
280000000.0	-0.766884339376
282000000.0	0.837340915743
284000000.0	3.49767414293
286000000.0	3.49474405908
288000000.0	-2.48517925141
290000000.0	-10.4191413246
292000000.0	-11.334484137
294000000.0	4.96743790311
296000000.0	35.1160150342
298000000.0	62.5073846018
300000000.0	-158.23267549
302000000.0	47.8241494931
304000000.0	27.6082056422
306000000.0	12.162914717
308000000.0	2.90293109188
310000000.0	-4.91395681007
312000000.0	-10.2255188674
314000000.0	-10.3200350059
316000000.0	-3.41546736918
318000000.0	5.74482933713
320000000.0	9.97721969394
322000000.0	6.20687942096
324000000.0	-0.647339152376
326000000.0	-6.25288902675
328000000.0	-5.93143193129
330000000.0	-2.6593913956
332000000.0	1.68671972524
334000000.0	3.59114418825
336000000.0	3.5295508986
338000000.0	1.6381641772
340000000.0	-0.95825276794
342000000.0	-2.83485929197
344000000.0	-3.16571294762
346000000.0	-1.11334012838
348000000.0	1.55708137883
350000000.0	2.7047661382
352000000.0	1.88161168951
354000000.0	-0.288039532794
356000000.0	-2.12206395905
358000000.0	-2.36873598407
360000000.0	-0.952680107601
362000000.0	1.23863404162
364000000.0	1.94505323009
366000000.0	1.73129191523
368000000.0	-0.348457718918
370000000.0	-1.47933078767
372000000.0	-1.9571792947
374000000.0	-1.21243249023
376000000.0	-0.156308286508
378000000.0	1.6715966692
380000000.0	2.18123981753
382000000.0	0.831132263604
384000000.0	-0.74641140495
386000000.0	-1.93942562455
388000000.0	-1.4585062193
390000000.0	-0.102749425021
392000000.0	1.44278295976
394000000.0	1.8191986476
396000000.0	1.30816631775
398000000.0	0.127817058389
400000000.0	-1.3928090221
402000000.0	-1.43949885258
404000000.0	-1.04672532644
406000000.0	0.376756505747
408000000.0	0.948768444655
410000000.0	1.45777598694
412000000.0	0.588431702642
414000000.0	-0.123720832575
416000000.0	-0.969874039635
418000000.0	-1.04250901112
420000000.0	-0.439822974734
422000000.0	0.695718244361
424000000.0	1.146398228
426000000.0	0.404603574263
428000000.0	-0.0836539280422
430000000.0	-0.584313284879
432000000.0	-0.641147664625
434000000.0	-0.147821012554
436000000.0	0.224726089511
438000000.0	0.642112467407
440000000.0	0.80712159714
442000000.0	-0.140715925093
444000000.0	-0.396711334042
446000000.0	-0.61640153355
448000000.0	-0.448829007449
450000000.0	0.44996830513
452000000.0	0.627216681925
454000000.0	0.712211205575
456000000.0	0.347063591137
458000000.0	-0.452941982206
460000000.0	-0.80990062936
462000000.0	-0.458844692525
464000000.0	0.124820372409
466000000.0	0.60032323668
468000000.0	0.631489147716
470000000.0	0.501296289296
472000000.0	0.206917205999
474000000.0	-0.73179305981
476000000.0	-0.543617090225
478000000.0	-0.139239153238
480000000.0	0.112865718208
482000000.0	0.366134041955
484000000.0	0.276633371764
486000000.0	0.189123549461
488000000.0	-0.453725503453
490000000.0	-0.324677104347
492000000.0	-0.322501345096
494000000.0	-0.0493621451458
496000000.0	0.170926687055
498000000.0	0.237195333668
500000000.0	0.234606989579
502000000.0	-0.139429598879
504000000.0	-0.628469972932
506000000.0	-0.2222674195
508000000.0	0.0983423773661
510000000.0	0.469925980844
512000000.0	0.381167978469
514000000.0	0.114735089307
516000000.0	-0.234453151222
518000000.0	-0.485816789032
520000000.0	-0.625368767829
522000000.0	0.0597827507258
524000000.0	0.37925279636
526000000.0	0.199465979012
528000000.0	0.152935048085
530000000.0	-0.219864514973
532000000.0	-0.398415878291
534000000.0	-0.156861044126
536000000.0	-0.0958625204508
538000000.0	0.361437669389
540000000.0	0.366464870682
542000000.0	0.300492060674
544000000.0	-0.054725163586
546000000.0	-0.0906168989159
548000000.0	-0.700788867405
550000000.0	-0.179261250283
552000000.0	-0.202033902709
554000000.0	0.508245158847
556000000.0	-0.0951608304906
558000000.0	0.143164191289
560000000.0	-0.149785807356
562000000.0	-0.224721089949
564000000.0	0.029513532761
566000000.0	0.072811777463
568000000.0	0.164395633647
570000000.0	0.287962596173
572000000.0	0.0449103975897
574000000.0	-0.286782323552
576000000.0	-0.133950724424
578000000.0	-0.338615040548
580000000.0	-0.346986448796
582000000.0	0.136195761318
584000000.0	0.200556132802
586000000.0	0.297572325081
588000000.0	-0.0923879006757
590000000.0	-0.185295091644
592000000.0	-0.321572195462
594000000.0	-0.191059489042
596000000.0	0.254190198532
598000000.0	0.226712084967
600000000.0	0.23563479354
602000000.0	-0.0133924325762
604000000.0	-0.167627140921
606000000.0	-0.677910881906
608000000.0	-0.631730281277
610000000.0	-0.434908604224
612000000.0	0.330970207377
614000000.0	0.0782435078738
616000000.0	-0.115627491094
618000000.0	0.195840010893
620000000.0	-0.3073686332
622000000.0	-0.899867648657
624000000.0	-0.867793549742
626000000.0	0.675002051822
628000000.0	0.588354765778
630000000.0	0.282783688383
632000000.0	0.023777928329
634000000.0	0.0314972321091
636000000.0	-0.29841155948
638000000.0	-0.191493904471
640000000.0	-0.00798481643668
642000000.0	0.542268503772
644000000.0	0.175587143909
646000000.0	0.0648553941186
648000000.0	-0.13784411096
650000000.0	-0.29581935401
652000000.0	-0.165619421593
654000000.0	-0.133234903604
656000000.0	-0.0607590819585
658000000.0	0.284825264481
660000000.0	0.260710135341
662000000.0	0.0480525784514
664000000.0	-0.504835098631
666000000.0	-0.197419828283
668000000.0	0.0695075907112
670000000.0	0.0416725083553
672000000.0	0.599227977314
674000000.0	0.228898057837
676000000.0	0.169742421386
678000000.0	-0.375387003025
680000000.0	-0.381365670211
682000000.0	-0.23608504721
684000000.0	0.130201035295
686000000.0	0.0306244720446
688000000.0	0.689201352107
690000000.0	0.0380886135342
692000000.0	-0.0565770623526
694000000.0	-0.51500659866
696000000.0	-0.360078890113
698000000.0	-0.122539180965
700000000.0	1.04180692309
702000000.0	-0.236436045363
704000000.0	0.0409119490933
706000000.0	0.0599089839523
708000000.0	-0.0126009507464
710000000.0	-0.317759717538
712000000.0	-0.03983309319
714000000.0	-0.0726001684201
716000000.0	-0.0649892456499
718000000.0	0.0876324501923
720000000.0	0.0104737270028
722000000.0	-0.243303801188
724000000.0	-0.261011885798
726000000.0	0.203522463224
728000000.0	-0.0811153424797
730000000.0	0.277818197292
732000000.0	0.456348732472
734000000.0	-0.0673605435826
736000000.0	-0.272412675958
738000000.0	-0.345502356942
740000000.0	-0.442005665314
742000000.0	-0.168380908826
744000000.0	-0.257768339537
746000000.0	0.213883864661
748000000.0	0.241172744834
750000000.0	0.0899346435328
752000000.0	-0.0458491251543
754000000.0	-0.192706323135
756000000.0	0.0138095985634
758000000.0	-0.169317606482
760000000.0	0.0729854132919
762000000.0	0.2611568771
764000000.0	0.352407519147
766000000.0	0.295478773924
768000000.0	-0.190871355077
770000000.0	-0.225786397605
772000000.0	0.0212441217896
774000000.0	0.0611410792091
776000000.0	-0.0740586691121
778000000.0	0.0298721904279
780000000.0	0.0551004219761
782000000.0	0.191237586222
784000000.0	0.111949766987
786000000.0	-0.183586389768
788000000.0	0.128083544672
790000000.0	0.170622696774
792000000.0	0.284362743169
794000000.0	0.0539935028397
796000000.0	-0.0160531652451
798000000.0	-0.225342918967
800000000.0	0.342100424859
802000000.0	-0.108069585386
804000000.0	0.0717668939084
806000000.0	0.286034346211
808000000.0	0.473274998967
810000000.0	-0.297916185539
812000000.0	-0.0564353879453
814000000.0	-0.125724656873
816000000.0	-0.0555832325664
818000000.0	0.12299258678
820000000.0	0.105793915408
822000000.0	0.355340462468
824000000.0	0.263490059338
826000000.0	-0.268660864701
828000000.0	-0.321014405744
830000000.0	-0.554776611832
832000000.0	-0.314057881075
834000000.0	0.18559967371
836000000.0	0.717761560587
838000000.0	0.587468762404
840000000.0	0.0145358634799
842000000.0	-0.459270970633
844000000.0	-0.582935313762
846000000.0	-0.245257699395
848000000.0	-0.020299982036
850000000.0	0.469698360281
852000000.0	0.581152918238
854000000.0	0.326215044259
856000000.0	0.0694321136865
858000000.0	-0.585170236911
860000000.0	-0.584229201717
862000000.0	-0.254622929834
864000000.0	0.123902441979
866000000.0	0.717391576308
868000000.0	0.786990166344
870000000.0	0.00512202316989
872000000.0	-1.08850770511
874000000.0	-1.3634665762
876000000.0	-0.349490271203
878000000.0	1.15801738546
880000000.0	1.79950559686
882000000.0	1.31502166106
884000000.0	0.0956038439784
886000000.0	-1.12199693539
888000000.0	-2.76043309255
890000000.0	-3.94434365427
892000000.0	-2.58464425422
894000000.0	3.2725748454
896000000.0	14.783587322
898000000.0	27.2790336922
900000000.0	-73.7089631361
902000000.0	24.2824254388
904000000.0	14.1404885566
906000000.0	4.3695376023
908000000.0	-1.29258987119
910000000.0	-3.40002079364
912000000.0	-3.04553955801
914000000.0	-2.06595803082
916000000.0	-0.619438122584
918000000.0	2.02130630752
920000000.0	2.52923705357
922000000.0	1.41345847297
924000000.0	-0.361287946001
926000000.0	-1.85159937904
928000000.0	-1.85194174473
930000000.0	-0.327246678188
932000000.0	0.889194141567
934000000.0	1.19389708607
936000000.0	0.892582345973
938000000.0	-0.056580428053
940000000.0	-0.840972169956
942000000.0	-1.06080908609
944000000.0	-0.539150952606
946000000.0	-0.00195923216778
948000000.0	0.818236493414
950000000.0	0.561050204652
952000000.0	0.349667565276
954000000.0	-0.399302160759
956000000.0	-0.573770476322
958000000.0	-0.733271914165
960000000.0	-0.165793520242
962000000.0	0.637233232663
964000000.0	0.642931767379
966000000.0	0.38989100365
968000000.0	-0.203347958659
970000000.0	-0.344508046364
972000000.0	-0.45770477193
974000000.0	-0.212307282597
976000000.0	0.2707237566
978000000.0	0.451507032142
980000000.0	0.545255147001
982000000.0	0.157359110308
984000000.0	-0.301333505773
986000000.0	-0.690651928502
988000000.0	-0.435665643196
990000000.0	-0.0597914675744
992000000.0	0.28083984856
994000000.0	0.441477374433
996000000.0	0.610789439049
998000000.0	-3.39285051004e-05
1000000000.0	1.0125
1002000000.0	-0.205287915161
1004000000.0	-0.0574005894205
1006000000.0	0.35659048524
1008000000.0	0.168245887165
1010000000.0	0.282928983449
1012000000.0	-0.127570016254
1014000000.0	-0.0127185824761
1016000000.0	-0.323117837141
1018000000.0	-0.203749767177
1020000000.0	0.255938190114
1022000000.0	0.259608155806
1024000000.0	0.385530881085
1026000000.0	0.19327343958
1028000000.0	-0.286620943551
1030000000.0	-0.337954209241
1032000000.0	-0.17802804602
1034000000.0	-0.0405693282301
1036000000.0	0.288593229702
1038000000.0	0.355166898283
1040000000.0	0.112058358986
1042000000.0	0.00192511959648
1044000000.0	-0.326301406352
1046000000.0	-0.368089009241
1048000000.0	-0.0528439587463
1050000000.0	0.126209261549
1052000000.0	0.665247324654
1054000000.0	0.371166186033
1056000000.0	-0.0879655508357
1058000000.0	0.00826044124547
1060000000.0	-0.407341798992
1062000000.0	-0.387637702729
1064000000.0	0.240268458524
1066000000.0	0.198436205967
1068000000.0	0.155695923839
1070000000.0	0.195054852365
1072000000.0	0.22520867063
1074000000.0	-0.311538538486
1076000000.0	-0.163467388888
1078000000.0	-0.0531141307988
1080000000.0	0.11888856032
1082000000.0	0.0738792161324
1084000000.0	0.216301810984
1086000000.0	-0.0467622363201
1088000000.0	-0.207152616471
1090000000.0	-0.105949963225
1092000000.0	-0.106262616193
1094000000.0	0.0278693896707
1096000000.0	0.162942091689
1098000000.0	0.179695604646
1100000000.0	0.273252520276
1102000000.0	-0.225229516518
1104000000.0	-0.145398897451
1106000000.0	-0.180539580999
1108000000.0	0.291204311803
1110000000.0	0.11819099382
1112000000.0	0.0908435637556
1114000000.0	0.307925501564
1116000000.0	-0.0887698746209
1118000000.0	-0.250618553034
1120000000.0	-0.458357686371
1122000000.0	-0.210515009873
1124000000.0	-0.0369836600788
1126000000.0	0.269918202499
1128000000.0	0.202008170594
1130000000.0	0.287571043982
1132000000.0	-0.321400519762
1134000000.0	-0.25764047094
1136000000.0	-0.108053402852
1138000000.0	0.121298783199
1140000000.0	0.270223676435
1142000000.0	0.192346400208
1144000000.0	0.214790800032
1146000000.0	0.0579106666347
1148000000.0	-0.1181497731
1150000000.0	-0.14487165881
1152000000.0	-0.179291180655
1154000000.0	0.150962110605
1156000000.0	-0.0705867711435
1158000000.0	-0.0233667116992
1160000000.0	-0.0470925518842
1162000000.0	-0.027287817822
1164000000.0	-0.178763070989
1166000000.0	-0.369733564336
1168000000.0	-0.0911832067777
1170000000.0	0.203502585789
1172000000.0	0.19674959676
1174000000.0	-0.115838583773
1176000000.0	0.23208215905
1178000000.0	-0.114128163111
1180000000.0	-0.201431224556
1182000000.0	0.125176672654
1184000000.0	-0.0265225151087
1186000000.0	0.0193571458295
1188000000.0	0.0117673876594
1190000000.0	0.0252523096685
1192000000.0	0.011112270092
1194000000.0	-0.460143719565
1196000000.0	-0.285219793898
1198000000.0	-0.430714000801
1200000000.0	1.6678090221
1202000000.0	-0.273600050871
1204000000.0	-0.0656847205001
1206000000.0	-0.406622978178
1208000000.0	-0.125462916867
1210000000.0	-0.159686092453
1212000000.0	0.175262473201
1214000000.0	-0.138016661236
1216000000.0	0.0385071915681
1218000000.0	-0.198435746167
1220000000.0	-0.0217292064324
1222000000.0	-0.154251050622
1224000000.0	0.104305281959
1226000000.0	0.0464071204356
1228000000.0	0.25662283832
1230000000.0	0.345405184158
1232000000.0	-0.0260847972884
1234000000.0	0.153631854274
1236000000.0	-0.124834373946
1238000000.0	-0.601218193717
1240000000.0	0.130294682405
1242000000.0	0.0721850545184
1244000000.0	0.0456643663629
1246000000.0	0.0873236477515
1248000000.0	-0.243582641517
1250000000.0	-0.785968645577
1252000000.0	-0.0941917653584
1254000000.0	-0.243276701513
1256000000.0	0.120210643388
1258000000.0	0.300774080835
1260000000.0	0.361343910476
1262000000.0	-0.0472697235028
1264000000.0	-0.415252040854
1266000000.0	-0.454733884077
1268000000.0	-0.0240260217628
1270000000.0	-0.0916460495542
1272000000.0	0.0634507621035
1274000000.0	0.21616416364
1276000000.0	0.304827004728
1278000000.0	-0.0469530986429
1280000000.0	-0.356111575922
1282000000.0	-0.271817511281
1284000000.0	0.102866758225
1286000000.0	0.192183190307
1288000000.0	0.598699792886
1290000000.0	0.279063733692
1292000000.0	-0.475583391119
1294000000.0	-0.429885834072
1296000000.0	-0.509511745582
1298000000.0	-0.525275630627
1300000000.0	2.36549128992
1302000000.0	-1.03437659625
1304000000.0	-0.42239662987
1306000000.0	-0.204761186685
1308000000.0	0.140108335749
1310000000.0	0.107409755422
1312000000.0	-0.305910842338
1314000000.0	-0.17583101104
1316000000.0	-0.0740238553541
1318000000.0	0.267490893922
1320000000.0	0.105809908722
1322000000.0	-0.175088787657
1324000000.0	-0.244592368573
1326000000.0	-0.077683844707
1328000000.0	-0.169913699516
1330000000.0	0.0881296064333
1332000000.0	0.141908739914
1334000000.0	0.293808764395
1336000000.0	-0.0516118532376
1338000000.0	-0.116850164704
1340000000.0	-0.104196661641
1342000000.0	0.0603568165718
1344000000.0	0.110192642038
1346000000.0	0.19060090413
1348000000.0	0.0171371866114
1350000000.0	0.102144923494
1352000000.0	-0.13828228744
1354000000.0	-0.437070624264
1356000000.0	-0.074120504122
1358000000.0	-0.0791556123321
1360000000.0	0.0926491276535
1362000000.0	-0.0885199958593
1364000000.0	0.183153294047
1366000000.0	0.295704270129
1368000000.0	-0.356628947561
1370000000.0	-0.567608582765
1372000000.0	-0.136750414924
1374000000.0	-0.575988928717
1376000000.0	0.589105216481
1378000000.0	0.442683039437
1380000000.0	0.14000780009
1382000000.0	-0.235621920911
1384000000.0	0.0128586561526
1386000000.0	-0.344971111224
1388000000.0	0.333545703337
1390000000.0	0.223765807907
1392000000.0	0.38656328222
1394000000.0	-0.24970783851
1396000000.0	0.267281490984
1398000000.0	-0.381351033767
1400000000.0	0.0976736035927
1402000000.0	-0.205778687554
1404000000.0	0.0917884440491
1406000000.0	0.371506891009
1408000000.0	0.0936909356814
1410000000.0	-0.146587321196
1412000000.0	-0.0744594381681
1414000000.0	-0.0422054060357
1416000000.0	-0.187280979756
1418000000.0	0.0231512229153
1420000000.0	0.193658974301
1422000000.0	0.326033712786
1424000000.0	0.124816685449
1426000000.0	-0.310249543551
1428000000.0	-0.140129011018
1430000000.0	-0.324710553473
1432000000.0	0.152358645439
1434000000.0	0.160469315329
1436000000.0	0.27988328406
1438000000.0	0.240186599997
1440000000.0	-0.0145373191813
1442000000.0	-0.0945452396208
1444000000.0	-0.57994376412
1446000000.0	-0.289326749723
1448000000.0	0.334720589101
1450000000.0	0.451845475205
1452000000.0	0.38248453606
1454000000.0	-0.125963134841
1456000000.0	-0.194325304161
1458000000.0	-0.410825497895
1460000000.0	-0.220838142059
1462000000.0	0.163832879836
1464000000.0	0.197643478768
1466000000.0	0.495590976359
1468000000.0	0.510689576442
1470000000.0	0.0339778091958
1472000000.0	-0.797076421781
1474000000.0	-0.730057349664
1476000000.0	-0.026053349881
1478000000.0	0.732268762059
1480000000.0	1.25079042231
1482000000.0	0.875809597462
1484000000.0	-0.105910703211
1486000000.0	-1.15371276423
1488000000.0	-1.23999695531
1490000000.0	-1.30174049933
1492000000.0	-0.526160395496
1494000000.0	1.43239613864
1496000000.0	5.09250937202
1498000000.0	9.51662405672
1500000000.0	-27.4221069896
1502000000.0	9.12948653991
1504000000.0	5.46147320549
1506000000.0	1.30071580002
1508000000.0	-1.38447641593
1510000000.0	-1.55316865646
1512000000.0	-0.716572418432
1514000000.0	0.0962377595933
1516000000.0	0.26327952591
1518000000.0	0.424725107646
1520000000.0	0.58909245794
1522000000.0	0.299718933393
1524000000.0	-0.400762770113
1526000000.0	-0.363457396105
1528000000.0	-0.338770328682
1530000000.0	-0.0669277690435
1532000000.0	0.429795287657
1534000000.0	0.347327282616
1536000000.0	-0.13066424609
1538000000.0	-0.258803274962
1540000000.0	-0.474703646408
1542000000.0	-0.0352336929816
1544000000.0	-0.0777534175965
1546000000.0	0.051542966706
1548000000.0	0.190155957622
1550000000.0	0.126519660634
1552000000.0	-0.166107967604
1554000000.0	-0.0473666331102
1556000000.0	-0.0865733222333
1558000000.0	-0.126478490044
1560000000.0	0.0432880216147
1562000000.0	0.103483289901
1564000000.0	0.31838482989
1566000000.0	0.108663601762
1568000000.0	0.00927441161879
1570000000.0	-0.164835705598
1572000000.0	-0.218786426752
1574000000.0	-0.240046056103
1576000000.0	0.283706449338
1578000000.0	0.39520489484
1580000000.0	0.0278868271063
1582000000.0	-0.0438168939159
1584000000.0	-0.319331470832
1586000000.0	-0.0575332930877
1588000000.0	-0.0689642811823
1590000000.0	0.131279667249
1592000000.0	0.289721321413
1594000000.0	0.0519235862011
1596000000.0	-0.0918282044742
1598000000.0	0.0536405889083
1600000000.0	0.314149575141
1602000000.0	-0.0736100922161
1604000000.0	-0.120669120962
1606000000.0	-0.0837250936004
1608000000.0	0.0484927657019
1610000000.0	-0.173540157199
1612000000.0	0.0354407675436
1614000000.0	-0.0923205878835
1616000000.0	0.000177322478271
1618000000.0	-0.0498085603247
1620000000.0	0.196067137229
1622000000.0	0.152615222708
1624000000.0	-0.111283038391
1626000000.0	-0.288855369348
1628000000.0	-0.11495433097
1630000000.0	0.301403208368
1632000000.0	0.0198071232954
1634000000.0	-0.064578006949
1636000000.0	0.363416086105
1638000000.0	0.057016395169
1640000000.0	0.0963326383223
1642000000.0	-0.0831696035507
1644000000.0	-0.134518801498
1646000000.0	-0.159205459279
1648000000.0	-0.0860426318603
1650000000.0	-0.207585931908
1652000000.0	-0.135980321735
1654000000.0	-0.148386427586
1656000000.0	0.0271179117103
1658000000.0	-0.367660091218
1660000000.0	-0.336615122965
1662000000.0	0.0149714764126
1664000000.0	0.0400908368692
1666000000.0	-0.0206099297878
1668000000.0	-0.0722599076754
1670000000.0	0.128891648666
1672000000.0	-0.073435929344
1674000000.0	-0.0868920995417
1676000000.0	0.280036256374
1678000000.0	-0.0501767254898
1680000000.0	0.355003138925
1682000000.0	0.334280535227
1684000000.0	-0.133176770729
1686000000.0	-0.0375747531019
1688000000.0	-0.279202010953
1690000000.0	-0.167006505798
1692000000.0	0.0843059005634
1694000000.0	-0.0605950559967
1696000000.0	0.082419580386
1698000000.0	-0.10923632483
1700000000.0	0.261133355502
1702000000.0	-0.049464177329
1704000000.0	-0.00838479872946
1706000000.0	0.119274959862
1708000000.0	0.0911785414802
1710000000.0	0.0571245746899
1712000000.0	0.366388363281
1714000000.0	0.0181785720138
1716000000.0	0.0077065612447
1718000000.0	0.0740133544868
1720000000.0	-0.179583390591
1722000000.0	0.120598831162
1724000000.0	-0.0119097908803
1726000000.0	0.10655187179
1728000000.0	0.0505051319173
1730000000.0	-0.0834112449
1732000000.0	-0.169049950938
1734000000.0	0.0537411959507
1736000000.0	-0.11207628123
1738000000.0	-0.00417391072552
1740000000.0	-0.030483361176
1742000000.0	0.0332710534478
1744000000.0	-0.173756492037
1746000000.0	-0.0437688840777
1748000000.0	-0.449639478239
1750000000.0	-0.919244389318
1752000000.0	0.0388283358087
1754000000.0	0.0970630116833
1756000000.0	0.00252201252898
1758000000.0	0.108261245161
1760000000.0	-0.122556506402
1762000000.0	-0.125562388144
1764000000.0	0.0705739935472
1766000000.0	0.220275227276
1768000000.0	0.163908266745
1770000000.0	0.0859136905191
1772000000.0	0.0138013877286
1774000000.0	-0.0426837378328
1776000000.0	0.072775591066
1778000000.0	-0.0406686537182
1780000000.0	-0.0430316800982
1782000000.0	-0.20435348794
1784000000.0	0.0561304677027
1786000000.0	0.0335266879423
1788000000.0	0.281042022514
1790000000.0	0.0440374325938
1792000000.0	0.102927138213
1794000000.0	0.22987185134
1796000000.0	-0.017980691055
1798000000.0	-0.524997011
1800000000.0	1.43768325838
1802000000.0	-0.517527455503
1804000000.0	-0.166878618708
1806000000.0	-0.175323267914
1808000000.0	0.0880517692396
1810000000.0	0.131173842986
1812000000.0	-0.175609254001
1814000000.0	-0.113829013103
1816000000.0	0.00597605828011
1818000000.0	-0.160468821133
1820000000.0	0.111141275921
1822000000.0	-0.0261958939026
1824000000.0	0.19386642339
1826000000.0	0.143681688782
1828000000.0	0.19041779988
1830000000.0	0.0456527616398
1832000000.0	0.0194564013678
1834000000.0	0.000921000267078
1836000000.0	-0.0838211577418
1838000000.0	0.0619503941123
1840000000.0	0.0186365099244
1842000000.0	0.156179926962
1844000000.0	0.262791271953
1846000000.0	-0.181806001119
1848000000.0	-0.188867385222
1850000000.0	-0.34410936631
1852000000.0	0.119089479999
1854000000.0	0.0582346911073
1856000000.0	0.322866016735
1858000000.0	0.441258476887
1860000000.0	0.0509205701545
1862000000.0	-0.36647202215
1864000000.0	-0.0418250399015
1866000000.0	-0.262248919535
1868000000.0	-0.231298412076
1870000000.0	-0.0486443641629
1872000000.0	0.0015190024455
1874000000.0	-0.00531033744079
1876000000.0	0.0627780858739
1878000000.0	-0.193080603458
1880000000.0	-0.123525099714
1882000000.0	0.152437106142
1884000000.0	0.366949509335
1886000000.0	0.42359664352
1888000000.0	0.205846846601
1890000000.0	-0.0810767716251
1892000000.0	-0.606571284016
1894000000.0	-0.227329931297
1896000000.0	0.349293722016
1898000000.0	1.01573785779
1900000000.0	-0.987446557181
1902000000.0	0.161966717782
1904000000.0	-0.0372928480227
1906000000.0	0.184700328517
1908000000.0	0.311528853867
1910000000.0	0.233380002984
1912000000.0	-0.247481077187
1914000000.0	-0.21643496635
1916000000.0	-0.122055928111
1918000000.0	0.0749015659284
1920000000.0	0.422314331998
1922000000.0	0.113175906851
1924000000.0	-0.283859951031
1926000000.0	-0.0898978224266
1928000000.0	-0.137875397702
1930000000.0	0.273337710968
1932000000.0	0.116701945391
1934000000.0	-0.0261218752987
1936000000.0	-0.0872048734153
1938000000.0	0.0050308925601
1940000000.0	0.146117294182
1942000000.0	0.0239706769367
1944000000.0	0.0709329274873
1946000000.0	-0.00883992899664
1948000000.0	0.0840719014322
1950000000.0	-0.0328200570577
1952000000.0	0.174337421557
1954000000.0	0.0924481820754
1956000000.0	-0.185327086744
1958000000.0	-0.332119695241
1960000000.0	0.0805128039557
1962000000.0	0.155086572072
1964000000.0	-0.167280784677
1966000000.0	-0.0302946814018
1968000000.0	0.0743763673336
1970000000.0	0.0254891156734
1972000000.0	-0.0593532170699
1974000000.0	-0.0852668326418
1976000000.0	0.331684146206
1978000000.0	-0.1389520191
1980000000.0	0.00366846879929
1982000000.0	0.224849849856
1984000000.0	-0.0442033128221
1986000000.0	-0.0409991411109
1988000000.0	0.0839430419356
1990000000.0	0.0201108996966
1992000000.0	0.16499154957
1994000000.0	-0.0238114648294
1996000000.0	0.282276650692
1998000000.0	0.139552844555
2000000000.0	-0.58125
