0.0	-2.4937495
2000000.0	0.19929477958
4000000.0	0.977160406201
6000000.0	-0.107991866444
8000000.0	-0.163944548886
10000000.0	0.0879096362105
12000000.0	0.176367029996
14000000.0	0.663571748592
16000000.0	1.66030001925
18000000.0	2.93494770305
20000000.0	3.07026388727
22000000.0	1.89552084924
24000000.0	0.0803720889331
26000000.0	-1.51488158966
28000000.0	-2.55962454833
30000000.0	-3.06733695765
32000000.0	-2.36576472144
34000000.0	-0.188779207973
36000000.0	2.26232367019
38000000.0	3.24178490308
40000000.0	2.42742345842
42000000.0	1.41061055148
44000000.0	-0.00372538999214
46000000.0	-1.25856351081
48000000.0	-1.77053013498
50000000.0	-1.50582919509
52000000.0	-0.638129717376
54000000.0	0.723793937766
56000000.0	1.20280031415
58000000.0	0.89714587788
60000000.0	0.060901729035
62000000.0	-0.627856977671
64000000.0	-0.843910510466
66000000.0	-0.635758773682
68000000.0	-0.0995433009854
70000000.0	0.256993847244
72000000.0	0.347723831521
74000000.0	0.157257387442
76000000.0	-0.307423569777
78000000.0	-0.590978186888
80000000.0	-0.566865620596
82000000.0	-0.142799867797
84000000.0	-0.0255564814518
86000000.0	0.178324226329
88000000.0	-0.09216552916
90000000.0	-0.249775469051
92000000.0	-0.43792748535
94000000.0	-0.362693214919
96000000.0	-0.096524120719
98000000.0	0.225226913027
100000000.0	0.318047860302
102000000.0	0.212144145076
104000000.0	-0.0938252391297
106000000.0	-0.418837077361
108000000.0	-0.575767481208
110000000.0	-0.390778340393
112000000.0	-0.0922461774607
114000000.0	0.315628877332
116000000.0	0.415503042237
118000000.0	0.388159705805
120000000.0	-0.016627529243
122000000.0	-0.278782830574
124000000.0	-0.373168510289
126000000.0	-0.0259579767605
128000000.0	0.0172780050571
130000000.0	0.0632150057551
132000000.0	0.0251657348562
134000000.0	-0.118340700895
136000000.0	-0.0726260777715
138000000.0	-0.10026030842
140000000.0	0.134291589736
142000000.0	0.375205934605
144000000.0	0.442433726029
146000000.0	0.283268703148
148000000.0	-0.0765296825664
150000000.0	-0.325889880659
152000000.0	-0.597936679642
154000000.0	-0.455804608128
156000000.0	-0.0944108075105
158000000.0	0.294057686448
160000000.0	0.617834624001
162000000.0	0.522613711206
164000000.0	0.39298015113
166000000.0	-0.001153164753
168000000.0	-0.474411470417
170000000.0	-0.590138479662
172000000.0	-0.550671193406
174000000.0	-0.257060226708
176000000.0	0.16092392932
178000000.0	0.500643784345
180000000.0	0.466124297818
182000000.0	0.43251030347
184000000.0	0.0356907130413
186000000.0	-0.250449578667
188000000.0	-0.439524497474
190000000.0	-0.442010191928
192000000.0	-0.31881795752
194000000.0	-0.0841290038111
196000000.0	0.23360054233
198000000.0	0.315422389355
200000000.0	0.279734055361
202000000.0	0.30993026471
204000000.0	0.11801960295
206000000.0	-0.171268730374
208000000.0	-0.327314379018
210000000.0	-0.400994624873
212000000.0	-0.24552538004
214000000.0	-0.112813833645
216000000.0	0.179515581015
218000000.0	0.458784607621
220000000.0	0.579283359922
222000000.0	0.338832264617
224000000.0	0.0401325530697
226000000.0	-0.410552048352
228000000.0	-0.685639893334
230000000.0	-0.64415378351
232000000.0	-0.347084750312
234000000.0	0.282237504364
236000000.0	0.663692032787
238000000.0	0.998701787241
240000000.0	0.590671949593
242000000.0	-0.154049999776
244000000.0	-0.864527872292
246000000.0	-1.20876429397
248000000.0	-0.879625566438
250000000.0	0.0778033304115
252000000.0	0.743855247545
254000000.0	1.25906100915
256000000.0	1.22649377197
258000000.0	0.425384592257
260000000.0	-0.749809122179
262000000.0	-1.51203663183
264000000.0	-1.44836253875
266000000.0	-0.409093241637
268000000.0	0.86847882427
270000000.0	1.4149677126
272000000.0	1.19280013389
274000000.0	0.397950270229
276000000.0	-0.294792310264
278000000.0	-0.965846462531
280000000.0	-1.09324913594
282000000.0	-0.627368126541
284000000.0	0.300685637961
286000000.0	0.899207583242
288000000.0	0.173152036996
290000000.0	-1.38215367301
292000000.0	-1.56516605512
294000000.0	1.78898172717
296000000.0	8.31966143851
298000000.0	14.8175237195
300000000.0	-46.3427257108
302000000.0	13.6425167932
304000000.0	10.123285505
306000000.0	6.31926821435
308000000.0	1.86061703431
310000000.0	-2.533989021
312000000.0	-5.23786318201
314000000.0	-4.6870750498
316000000.0	-1.26455283606
318000000.0	2.28567674307
320000000.0	4.05979000779
322000000.0	3.02973008886
324000000.0	0.634803747106
326000000.0	-1.669203954
328000000.0	-2.73102699386
330000000.0	-2.32875601982
332000000.0	-0.674624209479
334000000.0	1.03312268656
336000000.0	2.12762725787
338000000.0	1.73206680322
340000000.0	0.539397782574
342000000.0	-0.972987262115
344000000.0	-1.59738271631
346000000.0	-1.1521570684
348000000.0	-0.163385865048
350000000.0	0.688959607446
352000000.0	1.01417598428
354000000.0	0.635966541427
356000000.0	-0.16335583206
358000000.0	-0.564739821137
360000000.0	-0.637727037458
362000000.0	-0.203401400236
364000000.0	0.293638539556
366000000.0	0.501183220826
368000000.0	0.368613866805
370000000.0	-0.18475289931
372000000.0	-0.661049387017
374000000.0	-0.550403203367
376000000.0	-0.10358025135
378000000.0	0.536861991634
380000000.0	0.771793175449
382000000.0	0.552522785638
384000000.0	-0.12736900642
386000000.0	-0.694543672017
388000000.0	-0.740253266884
390000000.0	-0.512404032265
392000000.0	0.199196748895
394000000.0	0.717210585525
396000000.0	0.815155003488
398000000.0	0.443199819241
400000000.0	-0.344250901984
402000000.0	-0.708293097849
404000000.0	-0.836623337268
406000000.0	-0.273975590011
408000000.0	0.348654314834
410000000.0	0.649307445461
412000000.0	0.724012983669
414000000.0	0.193591164392
416000000.0	-0.262689499736
418000000.0	-0.597762958977
420000000.0	-0.564687352999
422000000.0	-0.199623173768
424000000.0	0.273556360498
426000000.0	0.498402605104
428000000.0	0.413674605709
430000000.0	0.00757449587581
432000000.0	-0.224630346069
434000000.0	-0.372583206032
436000000.0	-0.178344067819
438000000.0	-0.00126410378524
440000000.0	0.27648394838
442000000.0	0.268732304132
444000000.0	-0.0460093859065
446000000.0	-0.104516369111
448000000.0	-0.205209354711
450000000.0	-0.144019691749
452000000.0	0.123161395591
454000000.0	0.31912626267
456000000.0	0.290177573023
458000000.0	-0.00104569126921
460000000.0	-0.188575449413
462000000.0	-0.494337366244
464000000.0	-0.30322481256
466000000.0	-0.00655070273307
468000000.0	0.233694989351
470000000.0	0.431993749362
472000000.0	0.263644303198
474000000.0	-0.0203368863314
476000000.0	-0.36859718141
478000000.0	-0.422925804034
480000000.0	-0.262013520327
482000000.0	0.0419036304929
484000000.0	0.354531669799
486000000.0	0.347480528988
488000000.0	0.136858771813
490000000.0	-0.152849489235
492000000.0	-0.344084678017
494000000.0	-0.290391837292
496000000.0	-0.129221177222
498000000.0	0.0892937649726
500000000.0	0.306162359238
502000000.0	0.152122715452
504000000.0	0.0297490131875
506000000.0	-0.158282288338
508000000.0	-0.233981832902
510000000.0	-0.0856973149334
512000000.0	-0.0143032273018
514000000.0	0.125924469166
516000000.0	0.0609594553427
518000000.0	-0.00603286153497
520000000.0	-0.134348087601
522000000.0	-0.0840734737406
524000000.0	-0.0791548219837
526000000.0	0.170977329493
528000000.0	0.0948336849553
530000000.0	0.175621903531
532000000.0	0.0734681480374
534000000.0	-0.153895414848
536000000.0	-0.234660355838
538000000.0	-0.259673316056
540000000.0	0.0622344330011
542000000.0	0.202936724817
544000000.0	0.266360304225
546000000.0	0.17893821889
548000000.0	-0.0764346464214
550000000.0	-0.270540946463
552000000.0	-0.328009076249
554000000.0	-0.174420732383
556000000.0	0.063957112609
558000000.0	0.246554935866
560000000.0	0.203409487203
562000000.0	0.140375141187
564000000.0	-0.0133662238953
566000000.0	-0.191045730743
568000000.0	-0.255668948563
570000000.0	-0.0785970711429
572000000.0	0.09357072293
574000000.0	0.077102125875
576000000.0	0.143437865364
578000000.0	0.0218290090015
580000000.0	-0.0857929517212
582000000.0	-0.0546832385485
584000000.0	-0.129455618811
586000000.0	0.00556313531464
588000000.0	0.108372535604
590000000.0	0.0722121746813
592000000.0	-0.0381746711428
594000000.0	-0.000266967506368
596000000.0	-0.0170248488994
598000000.0	0.0959450383857
600000000.0	-0.341149330977
602000000.0	0.308906720613
604000000.0	0.255721986398
606000000.0	-0.0289311123527
608000000.0	-0.246654290649
610000000.0	-0.165227344263
612000000.0	-0.145600408061
614000000.0	0.0898801959707
616000000.0	0.149335888904
618000000.0	0.157795075656
620000000.0	0.025203974172
622000000.0	-0.0721924965212
624000000.0	-0.312252718381
626000000.0	-0.0550451443041
628000000.0	0.00636585466059
630000000.0	0.0670687618678
632000000.0	0.203443018938
634000000.0	0.337929914278
636000000.0	0.00469954877295
638000000.0	-0.128872463504
640000000.0	-0.136740768225
642000000.0	-0.175879785303
644000000.0	0.0017870127664
646000000.0	0.0615676370166
648000000.0	0.0869785624198
650000000.0	0.12422598587
652000000.0	-0.070361014134
654000000.0	-0.115186338925
656000000.0	-0.0781077719455
658000000.0	-0.0063754641511
660000000.0	0.0779677052539
662000000.0	-0.0117269495334
664000000.0	0.126850418107
666000000.0	-0.0716536690266
668000000.0	-0.144805245994
670000000.0	-0.149678179454
672000000.0	-0.0476236489062
674000000.0	0.175209320786
676000000.0	0.124380020828
678000000.0	0.13774611043
680000000.0	-0.0587290260699
682000000.0	-0.0722399913496
684000000.0	-0.307956742719
686000000.0	-0.0955851427307
688000000.0	-0.0366841034696
690000000.0	0.219818756355
692000000.0	0.119347652688
694000000.0	0.144110507844
696000000.0	-0.112168884936
698000000.0	-0.17769744566
700000000.0	-0.161494901813
702000000.0	0.0520075746694
704000000.0	0.0900889977818
706000000.0	0.267722948342
708000000.0	0.105257592698
710000000.0	0.0778547935755
712000000.0	-0.207263509729
714000000.0	-0.124254725648
716000000.0	-0.194864007765
718000000.0	-0.0096217818934
720000000.0	0.189058387164
722000000.0	0.239926515681
724000000.0	0.190171526448
726000000.0	-0.107510130186
728000000.0	-0.0911534073103
730000000.0	-0.0859841085575
732000000.0	0.00176343236367
734000000.0	0.0765122498587
736000000.0	0.0279854898995
738000000.0	0.122176132365
740000000.0	-0.0440770396862
742000000.0	-0.168439578156
744000000.0	-0.0728058076599
746000000.0	0.0652214185356
748000000.0	0.105399552626
750000000.0	0.190113399061
752000000.0	-0.00154769150198
754000000.0	0.0608117563304
756000000.0	-0.172551622641
758000000.0	-0.190441138861
760000000.0	-0.048322808923
762000000.0	0.0102803683611
764000000.0	0.278522326426
766000000.0	0.200672777943
768000000.0	0.0795376903714
770000000.0	-0.0906632283847
772000000.0	-0.219669458121
774000000.0	-0.212397118837
776000000.0	0.0284694092456
778000000.0	0.170279974918
780000000.0	0.25514129608
782000000.0	0.20632507789
784000000.0	0.128483842669
786000000.0	-0.0461532936465
788000000.0	-0.135276698524
790000000.0	-0.263882619821
792000000.0	-0.0216442370998
794000000.0	0.0955548129104
796000000.0	0.167813115905
798000000.0	0.0942143747045
800000000.0	-0.0429503562338
802000000.0	-0.17616700627
804000000.0	-0.149965872589
806000000.0	-0.0920220621867
808000000.0	-0.0145428692874
810000000.0	0.15532401813
812000000.0	0.00142961197082
814000000.0	-0.0358952146269
816000000.0	-0.102051777403
818000000.0	-0.0509436528954
820000000.0	0.0363948937554
822000000.0	0.149802444832
824000000.0	0.203264639481
826000000.0	0.0287424065339
828000000.0	-0.0898536802779
830000000.0	-0.294820677987
832000000.0	-0.360686413694
834000000.0	-0.129247453878
836000000.0	0.0859156827184
838000000.0	0.354068390696
840000000.0	0.296846316413
842000000.0	0.0828235561146
844000000.0	-0.196210307381
846000000.0	-0.426142313604
848000000.0	-0.316582211629
850000000.0	-0.133752299131
852000000.0	0.184082318374
854000000.0	0.40887398451
856000000.0	0.424236403338
858000000.0	0.0809956203252
860000000.0	-0.213768113213
862000000.0	-0.534126260735
864000000.0	-0.369717888083
866000000.0	-0.0962831430163
868000000.0	0.299659298822
870000000.0	0.469917506498
872000000.0	0.161794781
874000000.0	-0.153427143531
876000000.0	-0.117522021054
878000000.0	-0.155467818776
880000000.0	-0.0409312696226
882000000.0	0.100331793135
884000000.0	0.240629862886
886000000.0	-0.01566649023
888000000.0	-0.375145165623
890000000.0	-0.811874219854
892000000.0	-0.49988310954
894000000.0	0.996903394495
896000000.0	3.55583407021
898000000.0	6.37309536813
900000000.0	-18.9345403828
902000000.0	5.62731140989
904000000.0	4.01239739309
906000000.0	2.14355608927
908000000.0	0.298159792169
910000000.0	-1.079638572
912000000.0	-1.63960486981
914000000.0	-1.30664713112
916000000.0	-0.242058080821
918000000.0	0.70272288763
920000000.0	1.19576370006
922000000.0	0.739972059464
924000000.0	0.0818975258304
926000000.0	-0.538760109155
928000000.0	-0.601127916518
930000000.0	-0.381809206929
932000000.0	-0.0371543418749
934000000.0	0.235995426204
936000000.0	0.44924400862
938000000.0	0.30242772805
940000000.0	0.019710123208
942000000.0	-0.100782430112
944000000.0	-0.230307956811
946000000.0	-0.201472163436
948000000.0	0.0702452911189
950000000.0	0.0629873904724
952000000.0	0.188095069871
954000000.0	0.0380933819187
956000000.0	-0.108808035218
958000000.0	-0.135792434331
960000000.0	-0.0139480349229
962000000.0	0.0877603855575
964000000.0	0.110997096483
966000000.0	0.0743240457313
968000000.0	-0.0965935145049
970000000.0	-0.12708644255
972000000.0	-0.122113709638
974000000.0	-0.018888511661
976000000.0	0.0703329071609
978000000.0	0.173297382388
980000000.0	0.136048794948
982000000.0	0.0506922276049
984000000.0	-0.0952333818324
986000000.0	-0.240856136698
988000000.0	-0.231466330333
990000000.0	-0.0577803895022
992000000.0	0.120459799726
994000000.0	0.0532134287212
996000000.0	0.18444373301
998000000.0	0.0417321726166
1000000000.0	-0.45001
1002000000.0	-0.111124232465
1004000000.0	-0.103165390355
1006000000.0	-0.0893431706158
1008000000.0	0.0574103896106
1010000000.0	0.12773809823
1012000000.0	0.119371820815
1014000000.0	0.0322113130203
1016000000.0	0.0398532506943
1018000000.0	-0.0379899418087
1020000000.0	-0.0124902882033
1022000000.0	-0.0541778199803
1024000000.0	-0.0630536078788
1026000000.0	0.0414820393437
1028000000.0	-0.0102402003131
1030000000.0	0.0531678401003
1032000000.0	-0.0571979517256
1034000000.0	0.00858021771866
1036000000.0	0.0347963330096
1038000000.0	0.00650403508815
1040000000.0	-0.039266621725
1042000000.0	-0.0301370882979
1044000000.0	-0.036369766601
1046000000.0	-0.0576145010514
1048000000.0	0.00260093122633
1050000000.0	0.018958600979
1052000000.0	0.0674173784086
1054000000.0	0.0187076565032
1056000000.0	-0.0110967245855
1058000000.0	0.016885889305
1060000000.0	-0.0673565146883
1062000000.0	-0.0312602807546
1064000000.0	-0.0524459096304
1066000000.0	-0.025812557147
1068000000.0	0.0654650018017
1070000000.0	0.182666607146
1072000000.0	0.0284701627679
1074000000.0	-0.0400787510885
1076000000.0	-0.107948245118
1078000000.0	-0.0287354415582
1080000000.0	-0.0696732079354
1082000000.0	-0.00402454194271
1084000000.0	0.0306624557486
1086000000.0	0.0229578496297
1088000000.0	0.116089599671
1090000000.0	0.0383351796886
1092000000.0	-0.0346241870873
1094000000.0	-0.139400886405
1096000000.0	-0.0737317426665
1098000000.0	-0.113173592026
1100000000.0	-0.00263005789376
1102000000.0	-0.00925483511297
1104000000.0	-0.0219852792915
1106000000.0	0.0562188391138
1108000000.0	-0.00296170416418
1110000000.0	0.0458826431316
1112000000.0	-0.0115189984493
1114000000.0	0.00796446390057
1116000000.0	-0.117198912547
1118000000.0	-0.053749511561
1120000000.0	0.0638348168722
1122000000.0	0.0159615693021
1124000000.0	0.216923544752
1126000000.0	-0.0583483470946
1128000000.0	-0.0594038256621
1130000000.0	-0.0477352231463
1132000000.0	-0.0579815413958
1134000000.0	-0.0498966541427
1136000000.0	-0.0548868558543
1138000000.0	-0.00839393735386
1140000000.0	0.0244696157496
1142000000.0	0.0178355230678
1144000000.0	-0.0132475520155
1146000000.0	0.0656677827121
1148000000.0	-0.0627182857379
1150000000.0	-0.098312893458
1152000000.0	0.00528560288037
1154000000.0	0.0324521193426
1156000000.0	0.0487368556198
1158000000.0	0.0539326638739
1160000000.0	0.0162555739169
1162000000.0	-0.0391584201884
1164000000.0	0.0121755701545
1166000000.0	0.0952142315923
1168000000.0	-0.0817656689648
1170000000.0	0.021723990066
1172000000.0	-0.00604747329955
1174000000.0	0.0681443716017
1176000000.0	-0.0160480654185
1178000000.0	0.0343517411754
1180000000.0	0.0236214445866
1182000000.0	-0.018086454548
1184000000.0	-0.0204500632649
1186000000.0	-0.0176981926336
1188000000.0	-0.0191988462616
1190000000.0	-0.0636431584127
1192000000.0	-0.00154188740522
1194000000.0	-0.0150433356525
1196000000.0	0.0956682705608
1198000000.0	0.225253598028
1200000000.0	-0.104946348015
1202000000.0	0.0439375640844
1204000000.0	0.0869095559945
1206000000.0	0.0257230288049
1208000000.0	-0.164282554939
1210000000.0	-0.010655953867
1212000000.0	-0.0194880010776
1214000000.0	0.0844572922364
1216000000.0	0.0476611982188
1218000000.0	-0.00607852687989
1220000000.0	-0.0629732723316
1222000000.0	-0.020595553332
1224000000.0	-0.034579485482
1226000000.0	-0.0560186993227
1228000000.0	0.0514111615155
1230000000.0	0.0205302826136
1232000000.0	-0.0615374060296
1234000000.0	-0.0102579235386
1236000000.0	-0.104928598748
1238000000.0	0.070369250438
1240000000.0	0.0944186687174
1242000000.0	0.0578699517145
1244000000.0	-0.00989706715592
1246000000.0	-0.102097327264
1248000000.0	-0.0636454447573
1250000000.0	-0.240970317767
1252000000.0	0.0595484872071
1254000000.0	0.0047650173917
1256000000.0	0.0012920729059
1258000000.0	0.0709830540185
1260000000.0	0.0183590900312
1262000000.0	-0.0653458526343
1264000000.0	0.00543913966667
1266000000.0	-0.037533426627
1268000000.0	-0.0130013937718
1270000000.0	-0.0108691781619
1272000000.0	0.0650841178577
1274000000.0	0.0478715481755
1276000000.0	0.0318816242535
1278000000.0	-0.0334987632022
1280000000.0	-0.052930174964
1282000000.0	-0.0364092749267
1284000000.0	-0.0297478360905
1286000000.0	-0.0137981084886
1288000000.0	0.0356955842776
1290000000.0	0.125267124147
1292000000.0	-0.083639397231
1294000000.0	0.00757904858263
1296000000.0	0.134706381053
1298000000.0	0.206119352114
1300000000.0	-0.67556915678
1302000000.0	0.313364172876
1304000000.0	0.130553554485
1306000000.0	0.0298359073906
1308000000.0	0.0163061808027
1310000000.0	-0.0596867271261
1312000000.0	-0.0158428107795
1314000000.0	-0.00262005385645
1316000000.0	0.0246738526156
1318000000.0	-5.91333040041e-05
1320000000.0	0.0397674606052
1322000000.0	-0.0100706040269
1324000000.0	-0.0139284188157
1326000000.0	-0.0290157042513
1328000000.0	-0.0281882855488
1330000000.0	0.067751554294
1332000000.0	0.049166722832
1334000000.0	-0.0199572743914
1336000000.0	-0.0977647267233
1338000000.0	-0.0644676391755
1340000000.0	-0.0727351594502
1342000000.0	-0.0685556338046
1344000000.0	0.0141801348077
1346000000.0	-0.00813049020468
1348000000.0	0.00332974735155
1350000000.0	0.074187280337
1352000000.0	-0.185200824172
1354000000.0	-0.0739838797261
1356000000.0	-0.0872293599038
1358000000.0	-0.050994909724
1360000000.0	-0.0107868005706
1362000000.0	0.0339631556625
1364000000.0	0.146672704125
1366000000.0	0.0391374457922
1368000000.0	-0.0995686920823
1370000000.0	-0.0561951842471
1372000000.0	-0.182927941449
1374000000.0	-0.228408281902
1376000000.0	0.249450503595
1378000000.0	0.116994311998
1380000000.0	0.0570994542482
1382000000.0	0.0401626517152
1384000000.0	-0.0498140944127
1386000000.0	-0.0224673411191
1388000000.0	0.0511345125141
1390000000.0	0.0343983951101
1392000000.0	0.0498827298938
1394000000.0	-0.00641052566041
1396000000.0	0.0597485462995
1398000000.0	-0.0339172084548
1400000000.0	-0.0869594598479
1402000000.0	-0.0137791378366
1404000000.0	0.0160700159964
1406000000.0	0.0440462279244
1408000000.0	0.085816098929
1410000000.0	-0.067444547658
1412000000.0	-0.00625810228685
1414000000.0	-0.0472142683325
1416000000.0	-0.0394555143942
1418000000.0	0.0492747262664
1420000000.0	-0.00157428547721
1422000000.0	0.155209169055
1424000000.0	0.133100295902
1426000000.0	-0.031928717707
1428000000.0	0.0457667423672
1430000000.0	-0.151985705601
1432000000.0	-0.0442564632065
1434000000.0	-0.00415598381514
1436000000.0	0.123377066959
1438000000.0	0.161494404298
1440000000.0	0.153155778685
1442000000.0	-0.0905825976088
1444000000.0	-0.119441209999
1446000000.0	-0.100852128034
1448000000.0	-0.030528332237
1450000000.0	-0.113739623754
1452000000.0	0.140905146973
1454000000.0	0.0713224426546
1456000000.0	0.0636362285074
1458000000.0	0.0378032571453
1460000000.0	-0.0673871819297
1462000000.0	-0.121883687934
1464000000.0	-0.0288465200837
1466000000.0	-0.038476789646
1468000000.0	0.0501323018038
1470000000.0	0.0747496111417
1472000000.0	-0.0229715691997
1474000000.0	-0.0141575064234
1476000000.0	-0.0355080994899
1478000000.0	0.0287507299993
1480000000.0	0.0410663049994
1482000000.0	0.0528772407975
1484000000.0	-0.0234009130754
1486000000.0	-0.106285754032
1488000000.0	-0.328783205523
1490000000.0	-0.437984369624
1492000000.0	-0.158571433728
1494000000.0	0.646434857905
1496000000.0	1.75257873426
1498000000.0	3.02633053638
1500000000.0	-9.25305935924
1502000000.0	2.65191107784
1504000000.0	1.814810088
1506000000.0	0.934296915882
1508000000.0	0.107887749097
1510000000.0	-0.412721829011
1512000000.0	-0.633352537256
1514000000.0	-0.513659527619
1516000000.0	-0.0879344847361
1518000000.0	0.336318538464
1520000000.0	0.42899011526
1522000000.0	0.348313377536
1524000000.0	0.0188505454945
1526000000.0	-0.232868699355
1528000000.0	-0.331417567719
1530000000.0	-0.13901413012
1532000000.0	-0.0424356757884
1534000000.0	0.112042950978
1536000000.0	0.20227909481
1538000000.0	0.0340443889724
1540000000.0	0.0127081102259
1542000000.0	-0.0958886856831
1544000000.0	-0.133852601417
1546000000.0	-0.0921629284173
1548000000.0	0.111380580718
1550000000.0	-0.0337481726389
1552000000.0	0.00662353335259
1554000000.0	-0.0136429155527
1556000000.0	-0.00227527283171
1558000000.0	-0.0278980272428
1560000000.0	-0.0824571620115
1562000000.0	-0.0302747265568
1564000000.0	0.0808167678291
1566000000.0	0.029320052078
1568000000.0	-0.0136656405577
1570000000.0	-0.0571219115658
1572000000.0	-0.0633170617479
1574000000.0	-0.133640060111
1576000000.0	0.0698698886317
1578000000.0	0.051691189454
1580000000.0	0.0372522705635
1582000000.0	0.0643726859697
1584000000.0	0.0951774412603
1586000000.0	-0.054467740637
1588000000.0	-0.0866533229776
1590000000.0	-0.0992120305325
1592000000.0	-0.0511340214417
1594000000.0	-0.00850000734522
1596000000.0	-0.0263183350405
1598000000.0	0.0533752243864
1600000000.0	-0.0656648937662
1602000000.0	-0.0383101067672
1604000000.0	-0.0575480462415
1606000000.0	0.0482007629364
1608000000.0	0.0651356265151
1610000000.0	0.117012558075
1612000000.0	0.051162812983
1614000000.0	-0.00934010272368
1616000000.0	0.0292228320298
1618000000.0	-0.0807163812077
1620000000.0	-0.00417107332244
1622000000.0	-0.00767368186633
1624000000.0	-0.0152879347834
1626000000.0	-0.077866116889
1628000000.0	0.0145458350718
1630000000.0	-0.053669781872
1632000000.0	-0.0349870983687
1634000000.0	-0.0574646321898
1636000000.0	2.93464946084e-05
1638000000.0	0.0187760581475
1640000000.0	0.0573017049469
1642000000.0	0.00578519087237
1644000000.0	-0.0104158479323
1646000000.0	-0.0258148850141
1648000000.0	-0.011439195377
1650000000.0	-0.0831738352124
1652000000.0	0.0453325752778
1654000000.0	-0.052942740294
1656000000.0	-0.00827053051464
1658000000.0	-0.00280411890162
1660000000.0	-0.0189458593307
1662000000.0	-0.0235261447388
1664000000.0	-0.030615563801
1666000000.0	-0.00375541378652
1668000000.0	0.0355874816904
1670000000.0	-0.0160672071109
1672000000.0	0.0643697866708
1674000000.0	-0.0358882819693
1676000000.0	-0.0151301573982
1678000000.0	-0.0333318279022
1680000000.0	-0.083588258367
1682000000.0	-0.0625419921692
1684000000.0	0.00295716902115
1686000000.0	0.0554077788346
1688000000.0	0.026849028253
1690000000.0	-0.0392507237465
1692000000.0	-0.0605588314737
1694000000.0	-0.00678411904569
1696000000.0	-0.0931103126781
1698000000.0	-0.0337515383231
1700000000.0	0.210152958065
1702000000.0	-0.0201875688554
1704000000.0	-0.0537339117287
1706000000.0	-0.028945864229
1708000000.0	-0.0231986073131
1710000000.0	-0.0350485686091
1712000000.0	-0.0143912365648
1714000000.0	0.0264561949959
1716000000.0	-0.0313877714028
1718000000.0	-0.0200398663684
1720000000.0	0.0477066523179
1722000000.0	-0.0372918690561
1724000000.0	0.0166175106402
1726000000.0	0.0144133841476
1728000000.0	0.0477535134706
1730000000.0	0.0885784603586
1732000000.0	0.0408002507997
1734000000.0	-0.0547785794553
1736000000.0	-0.016145442077
1738000000.0	0.0226028911059
1740000000.0	0.00399961997927
1742000000.0	0.0638196695779
1744000000.0	0.0356944622557
1746000000.0	0.0244700316641
1748000000.0	0.0275772578893
1750000000.0	0.229295588295
1752000000.0	-0.0163508899451
1754000000.0	0.0137845549796
1756000000.0	-0.0179872603438
1758000000.0	-0.0234300262637
1760000000.0	0.0454166499816
1762000000.0	0.0366575541063
1764000000.0	-0.0440309096046
1766000000.0	-0.00248435195903
1768000000.0	-0.114189530476
1770000000.0	-0.0161287257837
1772000000.0	-0.0101606212299
1774000000.0	0.0122036326495
1776000000.0	0.038090103473
1778000000.0	-0.00291627348914
1780000000.0	0.0534448282113
1782000000.0	-0.0238677793799
1784000000.0	-0.0743145880891
1786000000.0	-0.0133293197983
1788000000.0	0.023248062854
1790000000.0	-0.0219334661652
1792000000.0	0.02017875016
1794000000.0	0.0372243815637
1796000000.0	-0.0488750010124
1798000000.0	-0.040089908875
1800000000.0	0.106212235464
1802000000.0	-0.0156345245038
1804000000.0	0.0174287775706
1806000000.0	0.0542835559262
1808000000.0	-0.031953166264
1810000000.0	0.016609044995
1812000000.0	-0.0425583697336
1814000000.0	-0.0106381304377
1816000000.0	0.087492292022
1818000000.0	-0.0255048932767
1820000000.0	0.116196780919
1822000000.0	-0.0123578576388
1824000000.0	0.000717397153832
1826000000.0	0.039439250113
1828000000.0	0.00199628760968
1830000000.0	-0.0136230561922
1832000000.0	-0.0616161991794
1834000000.0	0.0671627648341
1836000000.0	0.0247956671105
1838000000.0	0.0362661375468
1840000000.0	-0.0574313683386
1842000000.0	-0.0530916599625
1844000000.0	-0.0215436076916
1846000000.0	-0.0495080681098
1848000000.0	0.0548966399668
1850000000.0	0.0512130620685
1852000000.0	0.0354849911724
1854000000.0	-0.0190678007172
1856000000.0	0.054534223203
1858000000.0	-0.0529327178163
1860000000.0	-0.088665885535
1862000000.0	-0.0162693923809
1864000000.0	-0.0337375358921
1866000000.0	-0.0076365654066
1868000000.0	0.0391153895416
1870000000.0	-0.082836409934
1872000000.0	-0.0505985304667
1874000000.0	-0.130390910924
1876000000.0	0.100491919535
1878000000.0	0.104967785252
1880000000.0	0.109257517542
1882000000.0	0.0668792131314
1884000000.0	-0.0136177155448
1886000000.0	-0.158630405279
1888000000.0	-0.173038740139
1890000000.0	-0.118325424354
1892000000.0	0.085096810828
1894000000.0	0.253579851925
1896000000.0	0.544756518542
1898000000.0	0.757014208418
1900000000.0	-2.76134360828
1902000000.0	0.959928867332
1904000000.0	0.537342690436
1906000000.0	0.222088948182
1908000000.0	-0.0569186219627
1910000000.0	-0.0992451616485
1912000000.0	-0.0968266144589
1914000000.0	-0.0936411694352
1916000000.0	-0.00671940561
1918000000.0	0.0883456507745
1920000000.0	0.0451781211069
1922000000.0	-0.0463304304144
1924000000.0	0.0449167376613
1926000000.0	-0.0566306293018
1928000000.0	-0.0272518444212
1930000000.0	0.00310734859247
1932000000.0	-0.0206404312525
1934000000.0	0.0553808128516
1936000000.0	-0.0268713627649
1938000000.0	-0.0235564036848
1940000000.0	0.0136087306375
1942000000.0	-0.00379678412272
1944000000.0	0.037982432779
1946000000.0	0.0251674188157
1948000000.0	0.0482889030525
1950000000.0	-0.036527389021
1952000000.0	-0.00305661110557
1954000000.0	-0.0587322158544
1956000000.0	0.00501549862122
1958000000.0	-0.0273924032163
1960000000.0	-0.0158848111353
1962000000.0	0.0553958043411
1964000000.0	0.0865155010512
1966000000.0	0.0241325300662
1968000000.0	-0.0781440210734
1970000000.0	-0.0637190602679
1972000000.0	0.000132369502876
1974000000.0	-0.049830845056
1976000000.0	0.0147757225954
1978000000.0	-0.0326986122362
1980000000.0	-0.0244074378904
1982000000.0	0.00863061090553
1984000000.0	-0.0195037805742
1986000000.0	-0.0219235466121
1988000000.0	0.0135340445652
1990000000.0	0.028461347003
1992000000.0	0.0139358842668
1994000000.0	0.0854601335045
1996000000.0	0.0214168234152
1998000000.0	-0.0178666491302
2000000000.0	-0.2500005
