0.0	-1.528125
2000000.0	0.980478732686
4000000.0	1.35920623788
6000000.0	0.522926900751
8000000.0	0.206287642801
10000000.0	0.371945876918
12000000.0	-0.739264066336
14000000.0	-0.762904115838
16000000.0	0.451272702835
18000000.0	2.48649437933
20000000.0	3.73242091474
22000000.0	3.26121546588
24000000.0	1.92809045736
26000000.0	-0.0138162520547
28000000.0	-1.79982950139
30000000.0	-3.65900964509
32000000.0	-4.04060305578
34000000.0	-2.04961022689
36000000.0	1.92616067138
38000000.0	3.67193250993
40000000.0	3.37747322592
42000000.0	2.88517350491
44000000.0	0.518105778138
46000000.0	-1.37900474619
48000000.0	-2.19044262258
50000000.0	-1.67636030175
52000000.0	-0.0674926380102
54000000.0	1.33469660366
56000000.0	2.01449663503
58000000.0	1.20434789158
60000000.0	-0.540180301208
62000000.0	-1.85666914496
64000000.0	-2.0509398199
66000000.0	-0.810764508001
68000000.0	0.929352757535
70000000.0	2.38513906435
72000000.0	2.22899938022
74000000.0	0.72383779457
76000000.0	-1.13382755736
78000000.0	-2.16996188041
80000000.0	-2.1942954752
82000000.0	-1.06779035873
84000000.0	0.514847333046
86000000.0	1.39772678756
88000000.0	1.77728423635
90000000.0	0.964737238936
92000000.0	-0.352655797428
94000000.0	-1.2488644866
96000000.0	-1.3591710612
98000000.0	-0.653848127047
100000000.0	0.182327882499
102000000.0	0.786099448747
104000000.0	0.307137531512
106000000.0	0.0707037787956
108000000.0	-0.368499064485
110000000.0	-0.428627102053
112000000.0	-2.19611530103e-05
114000000.0	0.442106132349
116000000.0	0.744895316969
118000000.0	0.443341091807
120000000.0	-0.168129472034
122000000.0	-0.982177838947
124000000.0	-0.989907435859
126000000.0	-1.04557209255
128000000.0	0.155971622412
130000000.0	1.03148349812
132000000.0	1.25186860621
134000000.0	0.780502684476
136000000.0	-0.483876482761
138000000.0	-1.31018600937
140000000.0	-1.50967956914
142000000.0	-0.920284865553
144000000.0	0.126213046209
146000000.0	1.09626308866
148000000.0	1.23206087765
150000000.0	0.828849236509
152000000.0	-0.342629105592
154000000.0	-1.1911899598
156000000.0	-1.3106330553
158000000.0	-0.558292414688
160000000.0	0.493259265083
162000000.0	1.31200781998
164000000.0	1.20820069125
166000000.0	0.38199932238
168000000.0	-0.729635685291
170000000.0	-1.39081608623
172000000.0	-1.13949052953
174000000.0	-0.236111937123
176000000.0	0.490778739354
178000000.0	1.37986684851
180000000.0	1.28557495442
182000000.0	0.368444197851
184000000.0	-0.796707285548
186000000.0	-1.17326297173
188000000.0	-1.20424704487
190000000.0	-0.209163697642
192000000.0	0.773219554462
194000000.0	1.19930872661
196000000.0	0.795205807384
198000000.0	-0.120448304183
200000000.0	-0.912470577449
202000000.0	-0.819111404736
204000000.0	-0.244917335752
206000000.0	0.420116227736
208000000.0	0.951971021333
210000000.0	0.727216925022
212000000.0	-0.10996792622
214000000.0	-0.750373122764
216000000.0	-1.14767580914
218000000.0	-0.512858617771
220000000.0	0.268279359839
222000000.0	1.1818937721
224000000.0	1.35555582598
226000000.0	0.44448489717
228000000.0	-0.918543244974
230000000.0	-1.61653341699
232000000.0	-1.48082923146
234000000.0	-0.195553310553
236000000.0	1.14606350072
238000000.0	1.87020435047
240000000.0	1.41529984935
242000000.0	0.148361175413
244000000.0	-1.36971008069
246000000.0	-2.15445149493
248000000.0	-1.87088546302
250000000.0	-0.461806451073
252000000.0	1.65988957986
254000000.0	2.7427830471
256000000.0	2.46482438547
258000000.0	0.149408840307
260000000.0	-2.48071077192
262000000.0	-3.39743871104
264000000.0	-1.94980717638
266000000.0	0.300892943617
268000000.0	2.35608661918
270000000.0	2.60715227784
272000000.0	1.78552157679
274000000.0	0.42624716942
276000000.0	-1.74575387049
278000000.0	-3.2337561093
280000000.0	-3.21609519264
282000000.0	-0.53755921899
284000000.0	3.92134566324
286000000.0	5.88961626162
288000000.0	1.94240546402
290000000.0	-5.21961597483
292000000.0	-7.96253559964
294000000.0	-1.6743051453
296000000.0	10.3707271541
298000000.0	17.8284525601
300000000.0	-28.9303484737
302000000.0	2.70477687478
304000000.0	0.830891960942
306000000.0	4.26901076978
308000000.0	6.29963485954
310000000.0	2.47791931852
312000000.0	-3.92545491564
314000000.0	-6.84240835915
316000000.0	-3.91811378832
318000000.0	1.51328251165
320000000.0	4.984773636
322000000.0	4.02450042598
324000000.0	0.729058828161
326000000.0	-1.31252425378
328000000.0	-2.78360032172
330000000.0	-2.53475616178
332000000.0	-1.49724933557
334000000.0	0.245809165935
336000000.0	2.1470924188
338000000.0	2.73806730712
340000000.0	1.70201822326
342000000.0	-0.589714022764
344000000.0	-2.32138937675
346000000.0	-2.63430846939
348000000.0	-1.10886916981
350000000.0	0.920308648805
352000000.0	1.67409283458
354000000.0	1.40248475566
356000000.0	0.536504872991
358000000.0	-0.398379889002
360000000.0	-1.07893027193
362000000.0	-1.14112088182
364000000.0	-0.486617957971
366000000.0	0.368297869767
368000000.0	0.987425402638
370000000.0	0.914412913409
372000000.0	0.173051027232
374000000.0	-0.304450209286
376000000.0	-1.09034453202
378000000.0	-0.329733457618
380000000.0	0.295934051575
382000000.0	0.72332135221
384000000.0	0.490853403209
386000000.0	0.0949755613291
388000000.0	-0.47091253218
390000000.0	-0.683989426332
392000000.0	-0.441270644326
394000000.0	0.129673699236
396000000.0	0.633184354869
398000000.0	0.631915277496
400000000.0	0.239222092687
402000000.0	-0.229614972741
404000000.0	-0.612484066723
406000000.0	-0.815327196786
408000000.0	-0.382711221368
410000000.0	0.239481800152
412000000.0	0.821462089888
414000000.0	0.902134092029
416000000.0	0.0967793745901
418000000.0	-0.596652297066
420000000.0	-0.830599161621
422000000.0	-0.719951792917
424000000.0	-0.322992220761
426000000.0	0.42054565017
428000000.0	0.709048562711
430000000.0	0.668312914909
432000000.0	0.152529699784
434000000.0	-0.536783300491
436000000.0	-0.773821011175
438000000.0	-0.685755115945
440000000.0	-0.0954736275304
442000000.0	0.411623489735
444000000.0	0.657008295898
446000000.0	0.396194404287
448000000.0	-0.0780579863055
450000000.0	-0.368171974319
452000000.0	-0.552048928393
454000000.0	-0.230789331372
456000000.0	0.0708452809104
458000000.0	0.247777149013
460000000.0	0.49073511558
462000000.0	0.21783225771
464000000.0	-0.305161970595
466000000.0	-0.310308014047
468000000.0	-0.346022611412
470000000.0	-0.101065210478
472000000.0	0.312217775359
474000000.0	0.262960369538
476000000.0	0.175663003122
478000000.0	-0.166513950202
480000000.0	-0.281434259162
482000000.0	-0.354714980053
484000000.0	-0.13084212892
486000000.0	0.0529531449848
488000000.0	0.381223535452
490000000.0	0.422354437497
492000000.0	0.0538613424044
494000000.0	-0.159113795594
496000000.0	-0.499950478902
498000000.0	-0.0666285402158
500000000.0	-0.24803582076
502000000.0	0.146243217654
504000000.0	0.392334332176
506000000.0	0.23457159098
508000000.0	0.000821230467182
510000000.0	-0.298114029366
512000000.0	-0.271507223398
514000000.0	-0.405140868759
516000000.0	-0.05546598985
518000000.0	0.240576995361
520000000.0	0.26592292838
522000000.0	0.243101682618
524000000.0	-0.165988109186
526000000.0	-0.289401859058
528000000.0	-0.317749936666
530000000.0	-0.110385883587
532000000.0	0.0126132227135
534000000.0	0.348399376951
536000000.0	0.309674714016
538000000.0	0.146232775363
540000000.0	0.011973389771
542000000.0	-0.312199657068
544000000.0	-0.145228203179
546000000.0	-0.118188246488
548000000.0	0.0683994031447
550000000.0	0.168014534272
552000000.0	0.257155969679
554000000.0	0.180779982664
556000000.0	-0.189218158436
558000000.0	-0.204365828787
560000000.0	-0.182415154541
562000000.0	-0.00512545050162
564000000.0	0.205095923346
566000000.0	0.223002029278
568000000.0	0.0323224357446
570000000.0	-0.136352485457
572000000.0	-0.240626043117
574000000.0	-0.112441184558
576000000.0	-0.131548490681
578000000.0	0.014989957178
580000000.0	0.448186515897
582000000.0	0.287913540261
584000000.0	-0.0955018025437
586000000.0	-0.331524500859
588000000.0	-0.39447581017
590000000.0	-0.21566821949
592000000.0	0.0616753774259
594000000.0	0.461657050198
596000000.0	0.577157002906
598000000.0	0.551349874245
600000000.0	-1.33985303185
602000000.0	0.184019973029
604000000.0	-0.141676310029
606000000.0	-0.100605877249
608000000.0	0.0949870408081
610000000.0	0.146464705148
612000000.0	0.25054402311
614000000.0	0.163103873327
616000000.0	-0.162319163518
618000000.0	-0.201781269007
620000000.0	-0.222600152293
622000000.0	-0.176577715296
624000000.0	0.379602495685
626000000.0	0.0535418873095
628000000.0	0.0363615410701
630000000.0	-0.14415782219
632000000.0	-0.195072929713
634000000.0	-0.316102914688
636000000.0	-0.14613745069
638000000.0	-0.155536196696
640000000.0	0.0688325549074
642000000.0	0.174607034069
644000000.0	0.127459165072
646000000.0	0.113355855695
648000000.0	-0.214536559693
650000000.0	-0.172264780466
652000000.0	-0.107823689736
654000000.0	-0.0304160890253
656000000.0	0.181860520405
658000000.0	0.0955976196219
660000000.0	0.0639129853769
662000000.0	-0.0660634358873
664000000.0	-0.35240063876
666000000.0	-0.158314265887
668000000.0	0.0378232873994
670000000.0	0.252132735292
672000000.0	0.313299481013
674000000.0	0.117071773864
676000000.0	0.0699003748047
678000000.0	-0.325631779567
680000000.0	-0.379123300434
682000000.0	-0.237729705096
684000000.0	-0.120678405317
686000000.0	0.212339195221
688000000.0	0.376189671972
690000000.0	0.0239948948639
692000000.0	-0.0747466130527
694000000.0	-0.288833865722
696000000.0	-0.466917964728
698000000.0	-0.404980281859
700000000.0	0.565143107147
702000000.0	0.0808013705688
704000000.0	-0.0037201122319
706000000.0	0.0303696323896
708000000.0	-0.0879876469687
710000000.0	-0.331882291617
712000000.0	-0.124332133177
714000000.0	-0.110998138485
716000000.0	0.132995591604
718000000.0	0.206919977727
720000000.0	0.0391293587969
722000000.0	-0.0479029522061
724000000.0	-0.222418083257
726000000.0	-0.136941460654
728000000.0	-0.137688644755
730000000.0	0.0672201576013
732000000.0	0.0646018126755
734000000.0	0.055924394171
736000000.0	0.14682887104
738000000.0	-0.172012731922
740000000.0	-0.139150651349
742000000.0	-0.185530701071
744000000.0	-0.0498650348801
746000000.0	0.284773165579
748000000.0	0.126220751101
750000000.0	0.294008687058
752000000.0	-0.000889691750981
754000000.0	-0.300228663965
756000000.0	-0.337857687136
758000000.0	-0.21525852922
760000000.0	0.0605019939142
762000000.0	0.321218592806
764000000.0	0.351200309569
766000000.0	0.161797039497
768000000.0	-0.224400230311
770000000.0	-0.276744172974
772000000.0	-0.40853023824
774000000.0	-0.196205933556
776000000.0	-0.0344054148853
778000000.0	0.343301779923
780000000.0	0.3009996931
782000000.0	0.211848202028
784000000.0	-0.131393988505
786000000.0	-0.266876421378
788000000.0	-0.338504713199
790000000.0	-0.202505611309
792000000.0	0.0952422071785
794000000.0	0.430248880454
796000000.0	0.326615457061
798000000.0	0.113779911052
800000000.0	-0.48586612798
802000000.0	-0.0783706464736
804000000.0	-0.081805182851
806000000.0	0.106362106125
808000000.0	0.235611865474
810000000.0	0.270400612647
812000000.0	0.0220960839695
814000000.0	-0.0479426094441
816000000.0	-0.283134339564
818000000.0	-0.0992104845626
820000000.0	-0.110803360136
822000000.0	0.233563077629
824000000.0	0.199746905504
826000000.0	0.233566456787
828000000.0	0.0322235413957
830000000.0	-0.286365753934
832000000.0	-0.308072129888
834000000.0	-0.0276769510194
836000000.0	0.0339537433285
838000000.0	0.343778511305
840000000.0	0.413918459171
842000000.0	0.193771989353
844000000.0	-0.079792310794
846000000.0	-0.44323446723
848000000.0	-0.740312850023
850000000.0	-0.363573795008
852000000.0	0.133019663924
854000000.0	0.618321225036
856000000.0	0.823599873694
858000000.0	0.266788711104
860000000.0	-0.477887802208
862000000.0	-0.825056788428
864000000.0	-0.741106382584
866000000.0	-0.271281251393
868000000.0	0.214718683075
870000000.0	0.735123137083
872000000.0	0.840672105182
874000000.0	0.411319054671
876000000.0	0.00379557287477
878000000.0	-1.25700783815
880000000.0	-1.38879728221
882000000.0	-0.63288012716
884000000.0	1.04862022233
886000000.0	2.12234017581
888000000.0	1.46887898955
890000000.0	-0.711001954254
892000000.0	-1.78167534298
894000000.0	-1.58397144226
896000000.0	-0.810275966087
898000000.0	-1.68094967691
900000000.0	11.1998029769
902000000.0	-5.89108770971
904000000.0	-3.91767773473
906000000.0	-0.137448433815
908000000.0	2.34297836753
910000000.0	1.70091038268
912000000.0	-0.175723696324
914000000.0	-1.48745472396
916000000.0	-1.23568464599
918000000.0	-0.0498776644979
920000000.0	0.717262578563
922000000.0	0.799062483226
924000000.0	0.187190887136
926000000.0	0.119783703603
928000000.0	-0.239674824452
930000000.0	-0.643449018321
932000000.0	-0.536993768062
934000000.0	-0.194246996511
936000000.0	0.353522207785
938000000.0	0.749941825194
940000000.0	0.673216931406
942000000.0	0.00905135087687
944000000.0	-0.554041071576
946000000.0	-0.89648868444
948000000.0	-0.433330688165
950000000.0	0.0833986326922
952000000.0	0.457541054069
954000000.0	0.456962501208
956000000.0	0.34336983615
958000000.0	0.0381736869844
960000000.0	-0.420337437134
962000000.0	-0.439725715382
964000000.0	-0.343026567178
966000000.0	-0.0624321718189
968000000.0	0.326635337852
970000000.0	0.335834589169
972000000.0	0.170215170252
974000000.0	-0.158787827872
976000000.0	-0.357486528126
978000000.0	-0.209228386015
980000000.0	-0.00986367627295
982000000.0	0.246958715523
984000000.0	0.212402313513
986000000.0	0.0761542660686
988000000.0	-0.0870885132463
990000000.0	-0.112704516111
992000000.0	-0.164501815679
994000000.0	0.0862568721289
996000000.0	0.0995368068927
998000000.0	0.126511161044
1000000000.0	-0.46875
1002000000.0	0.218445689815
1004000000.0	-0.0957240020535
1006000000.0	-0.141474972921
1008000000.0	-0.0927925998629
1010000000.0	-0.0499426758002
1012000000.0	0.244872697264
1014000000.0	0.226567360394
1016000000.0	-0.00940463682385
1018000000.0	0.037286496884
1020000000.0	-0.262512026698
1022000000.0	-0.268677506691
1024000000.0	-0.234742406252
1026000000.0	0.140714508222
1028000000.0	0.373585034905
1030000000.0	0.246821272308
1032000000.0	-0.0374911107716
1034000000.0	0.0375901098396
1036000000.0	-0.273035107695
1038000000.0	-0.233472168901
1040000000.0	0.00356357464893
1042000000.0	0.149487398485
1044000000.0	0.2972462645
1046000000.0	0.0427079004838
1048000000.0	0.000494784670407
1050000000.0	-0.0687107276142
1052000000.0	-0.21708510011
1054000000.0	-0.128820195527
1056000000.0	-0.01755235115
1058000000.0	0.0408683621782
1060000000.0	0.186544766674
1062000000.0	-0.0276406516476
1064000000.0	-0.0652998204792
1066000000.0	-0.0761791771939
1068000000.0	-0.233539637872
1070000000.0	-0.159255163575
1072000000.0	0.0656651040745
1074000000.0	0.185060666571
1076000000.0	0.0894407250794
1078000000.0	-0.0161515027651
1080000000.0	-0.198119410032
1082000000.0	-0.0757533089977
1084000000.0	-0.110984319847
1086000000.0	0.0503886778514
1088000000.0	0.103279087722
1090000000.0	0.157138716342
1092000000.0	0.0229497758072
1094000000.0	-0.0107319562617
1096000000.0	-0.180047335994
1098000000.0	0.104762512069
1100000000.0	-0.057048394129
1102000000.0	0.0561609605897
1104000000.0	0.14501719402
1106000000.0	0.0947663467569
1108000000.0	0.071187227975
1110000000.0	0.018551754898
1112000000.0	-0.126072331638
1114000000.0	-0.209026928721
1116000000.0	0.0511447593507
1118000000.0	0.071378808329
1120000000.0	0.187395248886
1122000000.0	-0.0199495063897
1124000000.0	-0.131077525393
1126000000.0	-0.0104335959165
1128000000.0	-0.0257204557801
1130000000.0	-0.0817309544375
1132000000.0	-0.010050276452
1134000000.0	0.127686866457
1136000000.0	0.0876909102879
1138000000.0	0.0180663124984
1140000000.0	0.0128141624842
1142000000.0	-0.0965488275592
1144000000.0	-0.146647107841
1146000000.0	-0.0624864822371
1148000000.0	-0.0382361846999
1150000000.0	-0.0158768993704
1152000000.0	0.0402437774021
1154000000.0	0.123735113155
1156000000.0	-0.135363358547
1158000000.0	0.000530325813343
1160000000.0	-0.0171484315201
1162000000.0	-0.0385581844731
1164000000.0	0.144146999349
1166000000.0	0.119071900829
1168000000.0	-0.12002512759
1170000000.0	-0.0735093968141
1172000000.0	-0.204958293551
1174000000.0	-0.0398602490427
1176000000.0	-0.13371424003
1178000000.0	-0.0654855696923
1180000000.0	0.283288084588
1182000000.0	0.0421734627779
1184000000.0	-0.0109668805036
1186000000.0	-0.0645891900007
1188000000.0	0.00300377873963
1190000000.0	-0.148876832237
1192000000.0	-0.00103698496154
1194000000.0	0.202624607408
1196000000.0	0.266511102123
1198000000.0	0.324592118167
1200000000.0	-1.21422209269
1202000000.0	0.387860454391
1204000000.0	0.14604760919
1206000000.0	0.0276564585979
1208000000.0	0.0174655279959
1210000000.0	-0.0502587546386
1212000000.0	0.0052915085037
1214000000.0	0.0546784304683
1216000000.0	-0.0269054160689
1218000000.0	0.0266140064158
1220000000.0	-0.176216297029
1222000000.0	-0.122413393539
1224000000.0	-0.059690414399
1226000000.0	-0.0202951693295
1228000000.0	0.222515906823
1230000000.0	-0.0339839339945
1232000000.0	-0.0854375494843
1234000000.0	0.0135795435013
1236000000.0	-0.0388125325002
1238000000.0	-0.0202559127709
1240000000.0	0.0507111810381
1242000000.0	0.126181228941
1244000000.0	-0.106625193483
1246000000.0	0.0501435846933
1248000000.0	-0.0277293707953
1250000000.0	-0.158393156996
1252000000.0	-0.0451264874804
1254000000.0	0.0262308886312
1256000000.0	0.146652320499
1258000000.0	0.021492763812
1260000000.0	0.0502788937468
1262000000.0	0.104322959488
1264000000.0	-0.211398424984
1266000000.0	-0.106454357397
1268000000.0	-0.12221835852
1270000000.0	0.111526985202
1272000000.0	0.245761379211
1274000000.0	0.125562728667
1276000000.0	-0.0685259364171
1278000000.0	-0.00386147625218
1280000000.0	-0.188931105184
1282000000.0	-0.185087005519
1284000000.0	0.207240887647
1286000000.0	0.0960420342512
1288000000.0	0.037362229643
1290000000.0	0.176524743677
1292000000.0	0.055559829088
1294000000.0	-0.108491106314
1296000000.0	-0.512645487414
1298000000.0	-0.720995759473
1300000000.0	1.77534480825
1302000000.0	-0.536893855225
1304000000.0	-0.371458576154
1306000000.0	0.0997069979763
1308000000.0	0.087702055573
1310000000.0	-0.0779601833034
1312000000.0	-0.0918353913355
1314000000.0	0.00792176775494
1316000000.0	0.0114634863522
1318000000.0	-0.0428549925695
1320000000.0	-0.0822799823446
1322000000.0	-0.152414089087
1324000000.0	0.0219254863755
1326000000.0	-0.0875864867077
1328000000.0	0.0909619789067
1330000000.0	0.00238300145727
1332000000.0	-0.0533700240771
1334000000.0	-0.132568286826
1336000000.0	0.00650767905779
1338000000.0	-0.165067010213
1340000000.0	-0.142296379046
1342000000.0	-0.00926486907715
1344000000.0	-0.0510782619675
1346000000.0	0.0360464403877
1348000000.0	0.0427507001774
1350000000.0	0.092080631242
1352000000.0	-0.0321109680579
1354000000.0	-0.16934591276
1356000000.0	-0.111353976042
1358000000.0	-0.117040649143
1360000000.0	-0.0715208411238
1362000000.0	0.0714809362305
1364000000.0	0.10511129841
1366000000.0	0.0828212486939
1368000000.0	-0.0839930913557
1370000000.0	-0.186009346663
1372000000.0	-0.197209158734
1374000000.0	-0.46927853122
1376000000.0	0.34908265766
1378000000.0	0.234482427609
1380000000.0	0.0896070404203
1382000000.0	0.324894383337
1384000000.0	-0.0183508325949
1386000000.0	0.0198416632524
1388000000.0	-0.193289581666
1390000000.0	-0.137309313771
1392000000.0	0.0472067247905
1394000000.0	0.163694688052
1396000000.0	0.267759765599
1398000000.0	0.342953982665
1400000000.0	-0.591197409681
1402000000.0	0.040475407824
1404000000.0	0.0212255609069
1406000000.0	-0.133284668187
1408000000.0	-0.0286708898472
1410000000.0	0.0671307541838
1412000000.0	0.068620975135
1414000000.0	-0.0499269791757
1416000000.0	-0.173530042786
1418000000.0	-0.118008360722
1420000000.0	-0.107215634294
1422000000.0	0.0188984257384
1424000000.0	0.0959122667071
1426000000.0	0.175863315365
1428000000.0	0.0525088796267
1430000000.0	-0.0687769124393
1432000000.0	-0.00849784288209
1434000000.0	-0.0405512372079
1436000000.0	-0.000726345692071
1438000000.0	0.0855865003779
1440000000.0	0.0528566013633
1442000000.0	0.332298588231
1444000000.0	0.052003386358
1446000000.0	-0.180090613221
1448000000.0	-0.191229838115
1450000000.0	-0.251562876702
1452000000.0	-0.0392212762183
1454000000.0	0.274577221912
1456000000.0	0.276983746646
1458000000.0	0.244438000158
1460000000.0	-0.14716408725
1462000000.0	-0.274800083642
1464000000.0	-0.179004817283
1466000000.0	-0.338404678622
1468000000.0	0.0683245887098
1470000000.0	0.301578774204
1472000000.0	0.463699587442
1474000000.0	0.598022961125
1476000000.0	0.0120156505504
1478000000.0	-0.627499156519
1480000000.0	-0.696332926113
1482000000.0	-0.399322142964
1484000000.0	0.327023744712
1486000000.0	0.989047909978
1488000000.0	0.74143929587
1490000000.0	-0.0500675824702
1492000000.0	-0.479773929811
1494000000.0	-0.745210810316
1496000000.0	-1.291332039
1498000000.0	-2.47573297736
1500000000.0	9.37303582076
1502000000.0	-3.93450700928
1504000000.0	-2.36128417511
1506000000.0	-0.226001601983
1508000000.0	0.985442598762
1510000000.0	1.04605768225
1512000000.0	0.0974893558906
1514000000.0	-0.471655533462
1516000000.0	-0.455614261248
1518000000.0	-0.139592001289
1520000000.0	0.134729156745
1522000000.0	0.132023299138
1524000000.0	-0.0353609782292
1526000000.0	0.335925453868
1528000000.0	0.0697838283578
1530000000.0	-0.247215480283
1532000000.0	-0.39800145443
1534000000.0	-0.212273908996
1536000000.0	0.238298701227
1538000000.0	0.326156855588
1540000000.0	0.310711180277
1542000000.0	0.0605743328352
1544000000.0	-0.133576432549
1546000000.0	-0.302560526827
1548000000.0	-0.067312140836
1550000000.0	0.0138636158819
1552000000.0	-0.0588799678773
1554000000.0	0.315355031616
1556000000.0	0.0636692502537
1558000000.0	0.023554549302
1560000000.0	-0.133793218657
1562000000.0	-0.0413376322796
1564000000.0	-0.190573018049
1566000000.0	0.0650783345377
1568000000.0	0.11178009273
1570000000.0	0.190404233691
1572000000.0	0.0336855033728
1574000000.0	0.0293082372724
1576000000.0	-0.111300013657
1578000000.0	-0.010908212367
1580000000.0	-0.0605044172734
1582000000.0	-0.0307637748746
1584000000.0	0.135414149352
1586000000.0	-0.018256316752
1588000000.0	0.056257698448
1590000000.0	-0.0633863280922
1592000000.0	-0.0978477614895
1594000000.0	-0.0346130547348
1596000000.0	0.166043978356
1598000000.0	0.163177387268
1600000000.0	0.16399112798
1602000000.0	0.12488332715
1604000000.0	0.043235968182
1606000000.0	-0.130553304491
1608000000.0	-0.00885191302098
1610000000.0	-0.226592218812
1612000000.0	-0.0324579518383
1614000000.0	0.0721450502356
1616000000.0	-0.028706131536
1618000000.0	0.0438757417484
1620000000.0	-0.119128987432
1622000000.0	-0.173178290479
1624000000.0	-0.226535851854
1626000000.0	0.282118845862
1628000000.0	0.0856812781893
1630000000.0	0.0125836264365
1632000000.0	0.072349545873
1634000000.0	-0.0146854632743
1636000000.0	6.0660352639e-05
1638000000.0	-0.207008093028
1640000000.0	0.0618389741843
1642000000.0	0.142816637007
1644000000.0	0.115339301502
1646000000.0	0.0466924850813
1648000000.0	-0.0245730757719
1650000000.0	-0.044092689776
1652000000.0	-0.0785777797995
1654000000.0	0.0874094052019
1656000000.0	0.00642604989832
1658000000.0	-0.0368979938752
1660000000.0	0.0211656048483
1662000000.0	0.0772966511395
1664000000.0	0.044936165374
1666000000.0	-0.127293367036
1668000000.0	-0.0862910487604
1670000000.0	-0.101173421203
1672000000.0	0.00260883601317
1674000000.0	0.121490632404
1676000000.0	0.177827738527
1678000000.0	0.0390123225593
1680000000.0	-0.0641928450953
1682000000.0	-0.0567529181386
1684000000.0	-0.0184381164467
1686000000.0	-0.00894618519928
1688000000.0	0.0475351602968
1690000000.0	-0.142962466907
1692000000.0	-0.0631976049965
1694000000.0	0.116776492824
1696000000.0	-0.00961921003233
1698000000.0	0.202731007923
1700000000.0	-0.302918266876
1702000000.0	0.143518058512
1704000000.0	0.00579909148693
1706000000.0	0.0239273166553
1708000000.0	0.0397935273275
1710000000.0	0.113775283651
1712000000.0	0.0539102392249
1714000000.0	-0.100315121024
1716000000.0	-0.0471168725795
1718000000.0	-0.0670836059952
1720000000.0	-0.0213107198171
1722000000.0	0.00150538341652
1724000000.0	0.0738790274195
1726000000.0	-0.0692509913615
1728000000.0	-0.0407401202927
1730000000.0	-0.00320779274812
1732000000.0	0.0596806200345
1734000000.0	0.0353214966608
1736000000.0	0.0384695957798
1738000000.0	0.0547509497596
1740000000.0	-0.0760125865941
1742000000.0	-0.0193396144066
1744000000.0	0.0334520601987
1746000000.0	0.00534245173287
1748000000.0	-0.0517313695701
1750000000.0	0.226190921012
1752000000.0	0.0534557990296
1754000000.0	0.0511542240889
1756000000.0	0.0194455341854
1758000000.0	-0.0778427448049
1760000000.0	-0.0471620090335
1762000000.0	-0.164258323173
1764000000.0	0.0994962133506
1766000000.0	-0.00757160480339
1768000000.0	-0.0894337909412
1770000000.0	0.0226682391074
1772000000.0	0.0685895924984
1774000000.0	0.0310847108428
1776000000.0	-0.0973828277324
1778000000.0	0.0320743491168
1780000000.0	0.124974096177
1782000000.0	0.0432288375549
1784000000.0	-0.0154582785118
1786000000.0	0.0222968498743
1788000000.0	-0.214297430734
1790000000.0	-0.122367363574
1792000000.0	-0.00481802678985
1794000000.0	-0.0393655742965
1796000000.0	0.00695659662313
1798000000.0	0.195767629798
1800000000.0	-0.578353981016
1802000000.0	0.136276584646
1804000000.0	0.013621616679
1806000000.0	-0.02737248542
1808000000.0	-0.0557495542858
1810000000.0	-0.0634553748081
1812000000.0	0.0475768455179
1814000000.0	0.0975431490417
1816000000.0	0.0906145296784
1818000000.0	0.068106232221
1820000000.0	-0.0804262160107
1822000000.0	-0.122567427292
1824000000.0	-0.176510048814
1826000000.0	0.0121133789144
1828000000.0	-0.047181288912
1830000000.0	0.0861762113535
1832000000.0	0.00921850921956
1834000000.0	-0.0171416653352
1836000000.0	-0.0355026364807
1838000000.0	-0.0593147159121
1840000000.0	-0.183687841373
1842000000.0	0.0141318300397
1844000000.0	0.0116523889834
1846000000.0	0.0772051742499
1848000000.0	0.0352880407919
1850000000.0	-0.0915556433879
1852000000.0	-0.0231217810106
1854000000.0	-0.107934108437
1856000000.0	-0.00591644970021
1858000000.0	-0.0705330174169
1860000000.0	0.155789592975
1862000000.0	0.162954777884
1864000000.0	-0.0513991699049
1866000000.0	-0.182077264884
1868000000.0	-0.178314763364
1870000000.0	0.0249491749579
1872000000.0	0.0882218161768
1874000000.0	0.171192615377
1876000000.0	-0.130894159454
1878000000.0	0.0295725850278
1880000000.0	0.0482327788117
1882000000.0	-0.128601941726
1884000000.0	0.0158862589997
1886000000.0	0.0243056571735
1888000000.0	0.239371396317
1890000000.0	0.151530193205
1892000000.0	0.342071381617
1894000000.0	-0.174659225219
1896000000.0	-0.875123773232
1898000000.0	-1.60324044446
1900000000.0	3.97394635992
1902000000.0	-1.26356754308
1904000000.0	-0.722437764785
1906000000.0	-0.263748443758
1908000000.0	-0.10039634155
1910000000.0	-0.0184884405508
1912000000.0	0.128602821009
1914000000.0	0.165709465243
1916000000.0	0.111470145799
1918000000.0	-0.120322466417
1920000000.0	-0.169564995721
1922000000.0	-0.247533355403
1924000000.0	-0.121950181686
1926000000.0	0.197333879786
1928000000.0	0.104783148651
1930000000.0	0.0404788570017
1932000000.0	0.0210673995657
1934000000.0	-0.0333144089365
1936000000.0	-0.0527387450351
1938000000.0	-0.0940952978492
1940000000.0	-0.00824422607933
1942000000.0	0.200613754655
1944000000.0	0.148915834693
1946000000.0	0.0910127931276
1948000000.0	0.0304357895778
1950000000.0	-0.0168456110053
1952000000.0	-0.069427265164
1954000000.0	0.0064783967702
1956000000.0	-0.0950915206041
1958000000.0	0.000368737828274
1960000000.0	0.0596244330672
1962000000.0	-0.0679121013888
1964000000.0	0.112177579227
1966000000.0	-0.019225673446
1968000000.0	-0.0017612282988
1970000000.0	0.0715994013229
1972000000.0	0.0355841972122
1974000000.0	0.104658479341
1976000000.0	-0.0191786626861
1978000000.0	0.00807763499005
1980000000.0	0.0865207467087
1982000000.0	0.132097001508
1984000000.0	-0.0624428038263
1986000000.0	0.0307904756686
1988000000.0	0.0249359913684
1990000000.0	-0.139677968249
1992000000.0	0.0161061655363
1994000000.0	0.0228017724777
1996000000.0	0.146478834978
1998000000.0	-0.0689281291416
2000000000.0	0.215625
