0.0	-49.375
2000000.0	2.57900342807
4000000.0	7.685118693
6000000.0	6.41014172742
8000000.0	-7.93833387561
10000000.0	-15.5830547326
12000000.0	-14.5126409772
14000000.0	0.493614979349
16000000.0	15.4325634748
18000000.0	22.3319595921
20000000.0	16.5133593038
22000000.0	-3.00067785765
24000000.0	-23.735257473
26000000.0	-30.0654949508
28000000.0	-14.116568873
30000000.0	10.6393836935
32000000.0	26.2315902982
34000000.0	21.1206433039
36000000.0	-3.62089366142
38000000.0	-17.8086720703
40000000.0	-17.2069339087
42000000.0	-7.11002619313
44000000.0	8.38026130543
46000000.0	12.2028693121
48000000.0	7.59735951938
50000000.0	-6.03654971054
52000000.0	-10.1854899229
54000000.0	-1.90598530106
56000000.0	9.48762911659
58000000.0	13.5837872326
60000000.0	6.69064894501
62000000.0	-8.52506266669
64000000.0	-14.776967439
66000000.0	-10.8838152107
68000000.0	2.29348074305
70000000.0	12.3387955142
72000000.0	12.1620760607
74000000.0	3.04592808171
76000000.0	-7.38335609348
78000000.0	-9.45945661415
80000000.0	-4.11674393197
82000000.0	3.44861563568
84000000.0	6.4110318418
86000000.0	2.32399867635
88000000.0	-4.81985385637
90000000.0	-6.18701629001
92000000.0	-1.83223325522
94000000.0	6.09720733635
96000000.0	9.01520872055
98000000.0	4.27679932529
100000000.0	-3.74202524529
102000000.0	-11.623803252
104000000.0	-7.96139950784
106000000.0	1.0331977692
108000000.0	8.55396154631
110000000.0	6.76407094779
112000000.0	0.364943352325
114000000.0	-5.99961176387
116000000.0	-8.20633716962
118000000.0	-3.55054734434
120000000.0	4.53591361286
122000000.0	6.47738142082
124000000.0	0.23382582559
126000000.0	0.576841434193
128000000.0	-5.53144557121
130000000.0	-3.6193652385
132000000.0	1.75531305995
134000000.0	7.91331103351
136000000.0	4.93241926002
138000000.0	0.549767285525
140000000.0	-5.17127324702
142000000.0	-5.44124150601
144000000.0	-0.0427073624749
146000000.0	6.02682341016
148000000.0	6.54862010834
150000000.0	0.174319534814
152000000.0	-4.6022527798
154000000.0	-5.2422690435
156000000.0	-2.23009193765
158000000.0	4.09479064551
160000000.0	5.34084920424
162000000.0	1.90137424266
164000000.0	-2.88635957073
166000000.0	-5.73707618207
168000000.0	-5.10620990304
170000000.0	2.13421332281
172000000.0	7.90047166984
174000000.0	5.07122139425
176000000.0	1.63842135466
178000000.0	-6.32814088904
180000000.0	-6.96538236023
182000000.0	-2.24311588576
184000000.0	4.62232547603
186000000.0	5.31359818004
188000000.0	2.62802565053
190000000.0	-2.70743181362
192000000.0	-4.42993617454
194000000.0	-2.92009267243
196000000.0	4.93018069128
198000000.0	6.53027749394
200000000.0	4.78498879899
202000000.0	-3.24705318258
204000000.0	-9.40915802383
206000000.0	-6.17610745063
208000000.0	0.757247033331
210000000.0	7.83143360017
212000000.0	8.74376538517
214000000.0	2.28645701445
216000000.0	-5.31402808593
218000000.0	-7.05761720265
220000000.0	-2.07596012981
222000000.0	5.19936505651
224000000.0	7.35400012627
226000000.0	2.65667870936
228000000.0	-5.77694461055
230000000.0	-10.1795219555
232000000.0	-3.58366991861
234000000.0	5.34754783447
236000000.0	12.6786376895
238000000.0	8.95771115041
240000000.0	-4.52416053949
242000000.0	-13.0116273368
244000000.0	-11.649443475
246000000.0	-0.807600536387
248000000.0	11.9589713211
250000000.0	20.5662990112
252000000.0	3.51398271707
254000000.0	-10.5627778744
256000000.0	-15.5002236025
258000000.0	-3.01908086522
260000000.0	11.8206604966
262000000.0	14.4714592277
264000000.0	2.31473828747
266000000.0	-15.439001114
268000000.0	-17.7385201953
270000000.0	-3.8661222383
272000000.0	20.320409055
274000000.0	31.3816793152
276000000.0	13.2969053213
278000000.0	-20.0668029733
280000000.0	-43.8407901916
282000000.0	-32.1711529514
284000000.0	11.6242205547
286000000.0	48.0732574113
288000000.0	41.9636076018
290000000.0	0.694782399118
292000000.0	-43.7623134335
294000000.0	-36.6216869878
296000000.0	34.0814691562
298000000.0	114.984300343
300000000.0	-262.218191979
302000000.0	93.3235986524
304000000.0	66.941295658
306000000.0	39.720466635
308000000.0	4.59488645382
310000000.0	-30.6980823791
312000000.0	-45.133679057
314000000.0	-28.6079628847
316000000.0	4.99035283135
318000000.0	30.5326789065
320000000.0	30.6213563791
322000000.0	8.34861716942
324000000.0	-16.067065658
326000000.0	-21.6762247198
328000000.0	-9.96289675448
330000000.0	7.23002270236
332000000.0	14.8552975548
334000000.0	5.2254476912
336000000.0	-6.12841101415
338000000.0	-12.6905430831
340000000.0	-5.52765370887
342000000.0	10.0051050893
344000000.0	14.7409185772
346000000.0	6.63718041613
348000000.0	-7.85060706601
350000000.0	-16.2653778791
352000000.0	-8.75336946678
354000000.0	6.80329559412
356000000.0	15.8256726166
358000000.0	11.4048384295
360000000.0	-0.489541937912
362000000.0	-10.8268504555
364000000.0	-9.07428859949
366000000.0	-0.136743519168
368000000.0	7.61270474715
370000000.0	7.42148245925
372000000.0	0.349473063985
374000000.0	-5.2471209266
376000000.0	-7.69430577495
378000000.0	1.47655424902
380000000.0	6.96150328897
382000000.0	7.84402682732
384000000.0	0.676444240622
386000000.0	-7.88979570219
388000000.0	-8.4842286565
390000000.0	-2.85984465566
392000000.0	5.05894375647
394000000.0	8.46398201997
396000000.0	4.50601166631
398000000.0	-2.08818611912
400000000.0	-5.26480277391
402000000.0	-4.00198652533
404000000.0	0.984425016183
406000000.0	5.01785316055
408000000.0	2.86301325314
410000000.0	-1.97327230122
412000000.0	-5.89394324811
414000000.0	-2.20546079231
416000000.0	2.78833961033
418000000.0	6.14286898906
420000000.0	4.01734475353
422000000.0	-0.724326253068
424000000.0	-4.7052058437
426000000.0	-4.23147801123
428000000.0	-1.05975060913
430000000.0	4.26873156512
432000000.0	5.33995047227
434000000.0	1.6032404504
436000000.0	-2.30561320678
438000000.0	-3.99745891116
440000000.0	-2.36567515884
442000000.0	2.03672068656
444000000.0	2.79882102201
446000000.0	1.48366032332
448000000.0	-1.84479471364
450000000.0	-3.20228389434
452000000.0	-0.420246683116
454000000.0	1.7905404315
456000000.0	4.54007484856
458000000.0	2.21093719073
460000000.0	-0.929709696858
462000000.0	-3.90351237596
464000000.0	-3.31516663825
466000000.0	-1.45238914682
468000000.0	4.45276010487
470000000.0	3.38976396718
472000000.0	0.882777623102
474000000.0	-2.70011404388
476000000.0	-1.92470021245
478000000.0	0.438486380787
480000000.0	2.27358648049
482000000.0	1.80359635278
484000000.0	0.876192104358
486000000.0	-3.1534568736
488000000.0	-3.20331912656
490000000.0	-0.656369652386
492000000.0	1.49330661253
494000000.0	3.55781970127
496000000.0	1.4713348203
498000000.0	-0.157736093933
500000000.0	-1.50715525256
502000000.0	-1.06812684706
504000000.0	1.25625387483
506000000.0	1.85144855745
508000000.0	2.20080924444
510000000.0	-0.361865772143
512000000.0	-2.61827053027
514000000.0	-0.785299251994
516000000.0	0.736578932659
518000000.0	2.82187486753
520000000.0	0.721871018212
522000000.0	-1.22277750401
524000000.0	-0.168521400616
526000000.0	-3.06595208981
528000000.0	0.599781567431
530000000.0	1.63750926473
532000000.0	3.25076391436
534000000.0	1.37858058464
536000000.0	-1.91339245281
538000000.0	-3.95037611468
540000000.0	0.541521463392
542000000.0	1.32415915912
544000000.0	1.58416438615
546000000.0	1.52518508005
548000000.0	-0.313812319067
550000000.0	-2.03876288803
552000000.0	-2.25231392473
554000000.0	1.09325002974
556000000.0	1.8722846201
558000000.0	1.43392294387
560000000.0	-1.9110318627
562000000.0	-3.8447587025
564000000.0	-0.701306930733
566000000.0	1.6162923086
568000000.0	2.26039470419
570000000.0	2.51610982865
572000000.0	0.832104005547
574000000.0	-2.65204927981
576000000.0	-1.87078719695
578000000.0	-0.254589363651
580000000.0	2.2119097207
582000000.0	2.77413298282
584000000.0	-0.16772041358
586000000.0	-2.64035682629
588000000.0	-0.89116033681
590000000.0	1.17559833775
592000000.0	1.18905059903
594000000.0	2.70481628294
596000000.0	-0.326028906094
598000000.0	-1.71867780014
600000000.0	1.86784126326
602000000.0	-1.81744295051
604000000.0	0.193218373447
606000000.0	2.15195332953
608000000.0	1.13817709133
610000000.0	0.0166613873623
612000000.0	-2.20754730169
614000000.0	-2.05936669457
616000000.0	1.99577793728
618000000.0	1.71306346864
620000000.0	1.04387426085
622000000.0	0.978438051685
624000000.0	0.0101141669192
626000000.0	-2.5854753493
628000000.0	-0.586843836752
630000000.0	0.190997859957
632000000.0	1.09232896246
634000000.0	-0.00610931354672
636000000.0	-1.78125010166
638000000.0	-1.38801733762
640000000.0	-0.978297014785
642000000.0	-0.452176424562
644000000.0	1.82451455308
646000000.0	0.184082502741
648000000.0	-1.7351854587
650000000.0	-1.59240196823
652000000.0	-0.576676067718
654000000.0	0.0428876212953
656000000.0	0.115024798701
658000000.0	0.940497934869
660000000.0	-0.150437752522
662000000.0	-1.1745950398
664000000.0	0.419877544404
666000000.0	0.045514992374
668000000.0	1.06018082954
670000000.0	0.418265906342
672000000.0	0.0975169783434
674000000.0	-2.91997724718
676000000.0	-0.194878755038
678000000.0	0.134201632752
680000000.0	0.269521981719
682000000.0	0.210150691477
684000000.0	0.590321006767
686000000.0	-0.302394177893
688000000.0	-0.695435264995
690000000.0	1.35909906592
692000000.0	0.230672633067
694000000.0	1.16056697281
696000000.0	-0.538885206149
698000000.0	-1.40992696841
700000000.0	3.66276942875
702000000.0	-2.38286601536
704000000.0	-0.563892471192
706000000.0	-0.0326087823772
708000000.0	-0.00695049290854
710000000.0	1.56503514147
712000000.0	-0.138606647893
714000000.0	0.709340700754
716000000.0	-0.0706780771417
718000000.0	-1.1468194066
720000000.0	-0.432428068122
722000000.0	-0.0234401933324
724000000.0	1.45887096765
726000000.0	-0.819683816833
728000000.0	0.395218737737
730000000.0	-0.613177708445
732000000.0	-0.037093558052
734000000.0	0.69015099496
736000000.0	-0.00708961812833
738000000.0	1.95456445862
740000000.0	1.20538813061
742000000.0	0.318741206441
744000000.0	-0.905550584705
746000000.0	-0.462058809636
748000000.0	-0.449140162403
750000000.0	-0.351240453563
752000000.0	0.323239909404
754000000.0	0.928248447626
756000000.0	0.0135328611821
758000000.0	0.295484635634
760000000.0	-0.579283194594
762000000.0	-1.1091713802
764000000.0	0.161560004256
766000000.0	0.10561689322
768000000.0	-1.35074002123
770000000.0	-0.0673093306457
772000000.0	0.0317377834843
774000000.0	0.0791709584885
776000000.0	0.565159076918
778000000.0	0.150545084454
780000000.0	-0.0620371539774
782000000.0	-1.54979894394
784000000.0	-0.666018839227
786000000.0	0.131550812563
788000000.0	1.23280914715
790000000.0	1.69401954473
792000000.0	1.26027072986
794000000.0	-0.452925820523
796000000.0	-0.685527653653
798000000.0	-0.433841735981
800000000.0	3.07264640973
802000000.0	-0.526066908912
804000000.0	-1.24165712079
806000000.0	-0.777916239952
808000000.0	-1.1028428135
810000000.0	0.897006038145
812000000.0	1.90419899951
814000000.0	0.53278431989
816000000.0	1.03588474359
818000000.0	-0.17875807638
820000000.0	-3.3581401496
822000000.0	-0.285188452753
824000000.0	0.832158555751
826000000.0	1.30049043731
828000000.0	0.209500984818
830000000.0	-2.36337711361
832000000.0	-0.912599368342
834000000.0	1.17274112237
836000000.0	2.43699755164
838000000.0	2.24775907452
840000000.0	1.09297457321
842000000.0	-1.16686960784
844000000.0	-3.69978459769
846000000.0	-0.905898093967
848000000.0	2.73670447526
850000000.0	1.89873488892
852000000.0	2.68134664768
854000000.0	-2.37493091372
856000000.0	-3.59798818305
858000000.0	-2.10564063046
860000000.0	2.54471372819
862000000.0	3.40346068723
864000000.0	2.56519683203
866000000.0	-1.54175808915
868000000.0	-5.59511086815
870000000.0	-1.78216037515
872000000.0	4.8058742991
874000000.0	8.41317268026
876000000.0	1.02139146063
878000000.0	-3.37269347069
880000000.0	-10.9843690655
882000000.0	-9.29466526186
884000000.0	1.98660378251
886000000.0	11.4029068655
888000000.0	11.1672347607
890000000.0	2.94386147259
892000000.0	-9.4739451208
894000000.0	-10.4604788774
896000000.0	1.84351729124
898000000.0	12.4698560403
900000000.0	-20.3372395246
902000000.0	4.99254069534
904000000.0	7.4296332443
906000000.0	9.9004656265
908000000.0	5.17170807962
910000000.0	-3.95793823021
912000000.0	-12.168716967
914000000.0	-9.47103432428
916000000.0	-0.559871082051
918000000.0	8.18089824847
920000000.0	9.42363082335
922000000.0	3.866632172
924000000.0	-5.82598381295
926000000.0	-5.31321155073
928000000.0	-2.36943527844
930000000.0	3.3480577506
932000000.0	4.84020955472
934000000.0	1.54513630629
936000000.0	-1.71910077837
938000000.0	-3.98383469159
940000000.0	-1.19599738371
942000000.0	2.46104712809
944000000.0	4.55754155951
946000000.0	1.64957577957
948000000.0	-2.28754314902
950000000.0	-4.88719886532
952000000.0	-2.77450559033
954000000.0	2.60804340466
956000000.0	4.3722114699
958000000.0	2.27456359632
960000000.0	0.129689844261
962000000.0	-2.63896180804
964000000.0	-3.2342671948
966000000.0	1.22676952275
968000000.0	3.25296721432
970000000.0	0.788656256356
972000000.0	-0.0597770439866
974000000.0	-2.30677853863
976000000.0	-1.21662942349
978000000.0	1.29787368596
980000000.0	1.24276210062
982000000.0	2.27706783315
984000000.0	1.02433360061
986000000.0	-2.03726266086
988000000.0	-2.52754182495
990000000.0	0.540459972576
992000000.0	2.23044761082
994000000.0	2.89671616763
996000000.0	1.38125168853
998000000.0	-0.62244910528
1000000000.0	-6.28125
1002000000.0	0.779017792514
1004000000.0	1.17785967334
1006000000.0	0.838419766479
1008000000.0	0.41276950849
1010000000.0	-0.864017754244
1012000000.0	-1.63474343185
1014000000.0	-0.449558074431
1016000000.0	0.717019382674
1018000000.0	2.16848943711
1020000000.0	1.1521568789
1022000000.0	-1.19060828543
1024000000.0	-1.39374762597
1026000000.0	-0.443719972568
1028000000.0	0.780381035595
1030000000.0	1.79663669639
1032000000.0	1.22359124358
1034000000.0	0.431706557866
1036000000.0	-1.03333013429
1038000000.0	-1.1036494717
1040000000.0	-0.671240699579
1042000000.0	1.86836681992
1044000000.0	1.5129640963
1046000000.0	0.181794393768
1048000000.0	-0.402196038084
1050000000.0	-2.45217449655
1052000000.0	-0.00324545609825
1054000000.0	0.448614494689
1056000000.0	0.888448131311
1058000000.0	1.28661054235
1060000000.0	-1.22995864879
1062000000.0	-0.19037411375
1064000000.0	-0.309412543199
1066000000.0	0.781267947982
1068000000.0	0.210062802581
1070000000.0	-0.458102236226
1072000000.0	0.451991632321
1074000000.0	0.0887540723955
1076000000.0	-0.763908238549
1078000000.0	0.38758434407
1080000000.0	0.451043401393
1082000000.0	0.0169488225079
1084000000.0	-0.431904477229
1086000000.0	0.308775573724
1088000000.0	-1.30084870156
1090000000.0	0.107870583531
1092000000.0	1.60486310288
1094000000.0	1.0997768635
1096000000.0	0.312113962271
1098000000.0	-0.646256239249
1100000000.0	-0.778288733768
1102000000.0	-0.0368071474381
1104000000.0	-0.983296492498
1106000000.0	-0.983538388904
1108000000.0	0.389000199642
1110000000.0	-0.886673423547
1112000000.0	-1.42970945752
1114000000.0	0.574483667766
1116000000.0	1.14547443838
1118000000.0	0.562991061366
1120000000.0	0.445224646532
1122000000.0	0.707671598935
1124000000.0	0.727641788653
1126000000.0	-1.79499745801
1128000000.0	0.47628657347
1130000000.0	0.62817708438
1132000000.0	1.88037730364
1134000000.0	-0.43096380422
1136000000.0	0.207668560012
1138000000.0	0.159978931722
1140000000.0	1.17580260594
1142000000.0	0.422792798727
1144000000.0	1.13350695875
1146000000.0	0.326205037601
1148000000.0	0.129448586409
1150000000.0	0.108967878415
1152000000.0	0.590307179221
1154000000.0	0.403195339471
1156000000.0	-0.445596832167
1158000000.0	0.434384679892
1160000000.0	0.026475485128
1162000000.0	-1.93556258326
1164000000.0	-0.769681225052
1166000000.0	0.468601552946
1168000000.0	1.35658953542
1170000000.0	0.744252790293
1172000000.0	-0.717538714804
1174000000.0	-0.232433509704
1176000000.0	-0.635244632342
1178000000.0	-0.0227636653173
1180000000.0	1.01643665385
1182000000.0	1.39700478921
1184000000.0	0.429395990974
1186000000.0	-0.904209118201
1188000000.0	1.45327910256
1190000000.0	0.304508728761
1192000000.0	-0.4372606189
1194000000.0	0.400805961836
1196000000.0	0.899104725652
1198000000.0	1.64422175458
1200000000.0	-10.0164472261
1202000000.0	2.78788880458
1204000000.0	1.04663651923
1206000000.0	0.121964037066
1208000000.0	-0.171326908575
1210000000.0	-0.718100283356
1212000000.0	0.246474823237
1214000000.0	1.07879969686
1216000000.0	0.90114865769
1218000000.0	0.186343856543
1220000000.0	-0.154826373993
1222000000.0	-0.824312858397
1224000000.0	0.0602102039195
1226000000.0	-0.114198876255
1228000000.0	0.771610522996
1230000000.0	1.04659723677
1232000000.0	-0.220890169655
1234000000.0	0.258795015728
1236000000.0	0.0207879926196
1238000000.0	0.680181294339
1240000000.0	0.482700273078
1242000000.0	0.591268540179
1244000000.0	-0.536526814933
1246000000.0	-0.22200422236
1248000000.0	-0.836473758213
1250000000.0	-5.59244865687
1252000000.0	-0.911915218302
1254000000.0	0.87400281117
1256000000.0	0.882185660303
1258000000.0	-0.261908871134
1260000000.0	-0.488436301758
1262000000.0	0.462141042757
1264000000.0	-0.380068142856
1266000000.0	0.530424897024
1268000000.0	0.599346652692
1270000000.0	-0.935966724583
1272000000.0	0.876192185379
1274000000.0	-1.288627542
1276000000.0	1.23075203836
1278000000.0	0.0676883399055
1280000000.0	-0.125607104811
1282000000.0	-0.0351677460276
1284000000.0	-1.02890566796
1286000000.0	-0.933366590214
1288000000.0	0.263475852296
1290000000.0	0.186690237689
1292000000.0	0.229578955558
1294000000.0	-0.0824820808325
1296000000.0	-1.55083503845
1298000000.0	-1.75639343799
1300000000.0	2.18198379992
1302000000.0	-0.772894992221
1304000000.0	0.679097027435
1306000000.0	0.532298763454
1308000000.0	-1.12783574055
1310000000.0	-0.542586615057
1312000000.0	0.0548053999441
1314000000.0	-0.0158201415703
1316000000.0	0.0931350901506
1318000000.0	0.411316351548
1320000000.0	-0.258238798257
1322000000.0	-0.187164486138
1324000000.0	0.348987198045
1326000000.0	0.337812492801
1328000000.0	0.760449671046
1330000000.0	-0.323196369167
1332000000.0	-0.773758988365
1334000000.0	0.948338984374
1336000000.0	-0.175946513959
1338000000.0	1.46866051079
1340000000.0	0.355737602429
1342000000.0	-0.022858184285
1344000000.0	-1.58005952906
1346000000.0	-1.13971729502
1348000000.0	0.0253801246613
1350000000.0	-0.628919705897
1352000000.0	1.0956333352
1354000000.0	0.0990055585879
1356000000.0	-0.32387823497
1358000000.0	-1.37791377092
1360000000.0	-0.508372914716
1362000000.0	0.460057286966
1364000000.0	-0.880342542705
1366000000.0	0.991811530978
1368000000.0	-0.339422624375
1370000000.0	0.128991382662
1372000000.0	-0.350124886758
1374000000.0	-2.00462797134
1376000000.0	2.47519963091
1378000000.0	-0.369404266423
1380000000.0	0.259354398949
1382000000.0	-0.950878872059
1384000000.0	-0.626726767799
1386000000.0	-1.18515502331
1388000000.0	2.22710070085
1390000000.0	0.665649824517
1392000000.0	-0.388096416045
1394000000.0	-0.456571285863
1396000000.0	-0.270026484784
1398000000.0	-1.57345514633
1400000000.0	1.19225203905
1402000000.0	-0.501497510628
1404000000.0	-1.41634016531
1406000000.0	-0.637832149239
1408000000.0	-2.02810236817
1410000000.0	0.106910337566
1412000000.0	0.378447266442
1414000000.0	0.614355630434
1416000000.0	0.566963949767
1418000000.0	-0.557896412789
1420000000.0	-0.0693226710131
1422000000.0	-0.0312425986597
1424000000.0	1.14016716224
1426000000.0	0.917269765441
1428000000.0	-0.307677231666
1430000000.0	-0.747261009533
1432000000.0	-1.56425098775
1434000000.0	0.170324195266
1436000000.0	1.67014297892
1438000000.0	0.99223620366
1440000000.0	2.38910642289
1442000000.0	-1.32596098361
1444000000.0	-1.58901183993
1446000000.0	-1.38977660806
1448000000.0	1.23548518446
1450000000.0	1.95433015773
1452000000.0	1.50537879077
1454000000.0	-0.0509242053791
1456000000.0	-1.13586497788
1458000000.0	-1.70452433578
1460000000.0	-0.0630258357709
1462000000.0	0.407344961936
1464000000.0	-0.639817257699
1466000000.0	-1.67234827771
1468000000.0	-1.70061744603
1470000000.0	-0.961454986875
1472000000.0	0.361567678997
1474000000.0	2.77207166318
1476000000.0	0.335094670053
1478000000.0	-0.318110722619
1480000000.0	-3.700239453
1482000000.0	-3.07169867952
1484000000.0	0.57192948082
1486000000.0	4.13923384383
1488000000.0	2.85174938617
1490000000.0	2.304361749
1492000000.0	-1.96900824465
1494000000.0	-4.09208828974
1496000000.0	-2.45905367755
1498000000.0	-2.75147147963
1500000000.0	6.75715525256
1502000000.0	-7.94016475532
1504000000.0	-1.78416076125
1506000000.0	5.33435828481
1508000000.0	3.11556560292
1510000000.0	0.881008901387
1512000000.0	-5.50046313897
1514000000.0	-4.48344511277
1516000000.0	-0.917031992796
1518000000.0	4.30250738296
1520000000.0	4.53657753597
1522000000.0	0.621457321994
1524000000.0	-3.55822408274
1526000000.0	-2.37247790031
1528000000.0	-1.6991923739
1530000000.0	-0.278627581675
1532000000.0	2.90517535389
1534000000.0	1.70155630552
1536000000.0	-0.647241999493
1538000000.0	-0.596980845136
1540000000.0	-2.35087013836
1542000000.0	-0.160162815939
1544000000.0	2.53214036318
1546000000.0	1.14569649981
1548000000.0	0.0195909503112
1550000000.0	-2.3399987058
1552000000.0	0.345852949687
1554000000.0	0.507441613883
1556000000.0	1.04153849439
1558000000.0	1.40226590495
1560000000.0	-0.178432924552
1562000000.0	-2.18700279799
1564000000.0	-0.583371003399
1566000000.0	0.117278727929
1568000000.0	-0.218015819353
1570000000.0	1.71659341187
1572000000.0	0.30365757676
1574000000.0	-0.0782124234427
1576000000.0	-0.250981275152
1578000000.0	-0.447155579308
1580000000.0	1.6933151955
1582000000.0	-0.159192723642
1584000000.0	0.607545082822
1586000000.0	-2.03546663707
1588000000.0	-0.638238809015
1590000000.0	0.5863913849
1592000000.0	0.69951021607
1594000000.0	1.1544996088
1596000000.0	0.135911990278
1598000000.0	-0.0146687311859
1600000000.0	-2.44764640973
1602000000.0	0.740243509441
1604000000.0	-0.0258133768549
1606000000.0	0.15484904799
1608000000.0	0.150380940149
1610000000.0	-0.957563471031
1612000000.0	-0.781099698298
1614000000.0	0.191923849497
1616000000.0	-0.174136248911
1618000000.0	2.18619299549
1620000000.0	0.596605656848
1622000000.0	0.00588089780763
1624000000.0	-1.73210815462
1626000000.0	-0.0204011616177
1628000000.0	1.00173207041
1630000000.0	1.15524593088
1632000000.0	0.523646823802
1634000000.0	-0.992740775291
1636000000.0	-1.67655448424
1638000000.0	0.419865707155
1640000000.0	-1.09555795519
1642000000.0	0.407946685216
1644000000.0	0.951530649982
1646000000.0	1.15312963567
1648000000.0	0.028902222099
1650000000.0	-2.1447199938
1652000000.0	0.0585668085002
1654000000.0	-0.0816723927519
1656000000.0	-0.512322803088
1658000000.0	0.166240284133
1660000000.0	-0.662130281217
1662000000.0	0.532661099495
1664000000.0	-0.535588296706
1666000000.0	0.85947383042
1668000000.0	1.03509854726
1670000000.0	0.491738927223
1672000000.0	-1.06581448148
1674000000.0	-0.168276191379
1676000000.0	-0.594032157144
1678000000.0	0.261581699281
1680000000.0	0.164738854408
1682000000.0	-0.830334565009
1684000000.0	-1.27307265095
1686000000.0	0.797511673828
1688000000.0	-0.571278404676
1690000000.0	-0.136896993151
1692000000.0	-0.0448816849314
1694000000.0	0.127583806259
1696000000.0	1.14690950061
1698000000.0	-0.216419172384
1700000000.0	-0.253223203741
1702000000.0	-0.200930088366
1704000000.0	0.240548339867
1706000000.0	0.151851983803
1708000000.0	-1.15497584784
1710000000.0	-0.261243033265
1712000000.0	-1.46991455948
1714000000.0	1.18897767499
1716000000.0	-0.156942615031
1718000000.0	0.590535360041
1720000000.0	-0.385613876028
1722000000.0	-2.12007149117
1724000000.0	0.513550935672
1726000000.0	-1.0560054789
1728000000.0	0.999061575318
1730000000.0	0.817496346861
1732000000.0	-0.473420526213
1734000000.0	0.134121491514
1736000000.0	0.286081243636
1738000000.0	-0.404272110145
1740000000.0	-0.27076541636
1742000000.0	1.40352605174
1744000000.0	0.19198675454
1746000000.0	0.107415426368
1748000000.0	0.216609064641
1750000000.0	-6.62260990073
1752000000.0	-0.771426921945
1754000000.0	0.272939780739
1756000000.0	0.424337565189
1758000000.0	-0.401270050569
1760000000.0	1.64860822367
1762000000.0	-0.488823776707
1764000000.0	0.403746565745
1766000000.0	0.132898406304
1768000000.0	1.59774166707
1770000000.0	0.329601843028
1772000000.0	0.561280083061
1774000000.0	0.767524954822
1776000000.0	0.462873141467
1778000000.0	-1.13538401554
1780000000.0	1.34453032342
1782000000.0	1.73176103359
1784000000.0	-0.456621586293
1786000000.0	-1.13824572465
1788000000.0	-0.516573990735
1790000000.0	0.653884555676
1792000000.0	0.224238671566
1794000000.0	0.260660769931
1796000000.0	0.434902209592
1798000000.0	2.38626701473
1800000000.0	-3.75133210129
1802000000.0	2.02395905424
1804000000.0	1.31248974008
1806000000.0	0.180387216704
1808000000.0	-0.6116247065
1810000000.0	-1.2402636495
1812000000.0	-0.568465143525
1814000000.0	-0.533040519777
1816000000.0	0.750266640772
1818000000.0	-0.283744039859
1820000000.0	-0.120117131507
1822000000.0	0.42835044451
1824000000.0	-0.447669577553
1826000000.0	-1.09363308812
1828000000.0	-0.163550608607
1830000000.0	0.595852388056
1832000000.0	0.644807091672
1834000000.0	-0.205737133739
1836000000.0	0.248337201641
1838000000.0	0.527800057768
1840000000.0	-0.771719308323
1842000000.0	-0.600257294248
1844000000.0	1.2490685787
1846000000.0	0.783967378636
1848000000.0	-0.848589198234
1850000000.0	-0.377857003685
1852000000.0	-0.552813153382
1854000000.0	1.32786551785
1856000000.0	0.372409225027
1858000000.0	0.730635159031
1860000000.0	0.203256612394
1862000000.0	-0.0421618505362
1864000000.0	-0.526380049363
1866000000.0	0.39847197459
1868000000.0	1.9877992902
1870000000.0	0.258104216327
1872000000.0	-0.365989120313
1874000000.0	0.168534249974
1876000000.0	-0.67968760626
1878000000.0	0.0637362085545
1880000000.0	-0.187904083893
1882000000.0	-0.378688087206
1884000000.0	-1.18171837646
1886000000.0	-2.07965232507
1888000000.0	-1.52278366055
1890000000.0	0.162835250641
1892000000.0	2.58520496336
1894000000.0	1.65875257325
1896000000.0	0.840497963473
1898000000.0	-1.13392667551
1900000000.0	0.921715457978
1902000000.0	-1.59499863732
1904000000.0	-1.05776765348
1906000000.0	-0.0328615158915
1908000000.0	-0.958247551094
1910000000.0	0.192716721677
1912000000.0	-0.15512133938
1914000000.0	1.48332735655
1916000000.0	-0.425455797748
1918000000.0	-0.99183896983
1920000000.0	-1.27576708163
1922000000.0	-1.03917778106
1924000000.0	-0.410850920372
1926000000.0	1.17319390254
1928000000.0	1.37856423422
1930000000.0	-0.693866382354
1932000000.0	-0.11266181077
1934000000.0	-0.0165993127674
1936000000.0	-0.0405962105354
1938000000.0	0.441817071392
1940000000.0	-0.149632953357
1942000000.0	0.680975224945
1944000000.0	-1.33752918014
1946000000.0	0.255686879189
1948000000.0	0.280587175933
1950000000.0	0.454892651452
1952000000.0	0.0728779732244
1954000000.0	0.345790761114
1956000000.0	0.795411707905
1958000000.0	-0.317372898983
1960000000.0	-0.778419686417
1962000000.0	0.390985431494
1964000000.0	0.21707865906
1966000000.0	0.247188769302
1968000000.0	-0.187451667115
1970000000.0	0.614420510869
1972000000.0	-0.179244178902
1974000000.0	-0.207080572664
1976000000.0	-1.42110935858
1978000000.0	-1.06188449803
1980000000.0	-0.0327047857339
1982000000.0	-0.366020493733
1984000000.0	0.671016323911
1986000000.0	0.670721556205
1988000000.0	0.767721874823
1990000000.0	0.451175260829
1992000000.0	-1.46182989437
1994000000.0	-1.59763317845
1996000000.0	-1.37157632854
1998000000.0	0.344892019392
2000000000.0	4.9375
