0.0	-12.575
2000000.0	-0.645714532511
4000000.0	0.40586213187
6000000.0	-1.87092875066
8000000.0	-2.37942368865
10000000.0	-2.48721490389
12000000.0	-3.01896847087
14000000.0	-2.94109518455
16000000.0	1.11716524249
18000000.0	5.89085464915
20000000.0	8.2176574427
22000000.0	5.73903404046
24000000.0	0.616886402595
26000000.0	-4.70600109343
28000000.0	-8.06791137867
30000000.0	-9.51935812378
32000000.0	-7.31953807053
34000000.0	-1.78573804126
36000000.0	5.88809411994
38000000.0	9.07076283283
40000000.0	6.36962584871
42000000.0	2.46322667287
44000000.0	-0.900154424592
46000000.0	-3.55060590962
48000000.0	-3.33840145454
50000000.0	-1.20686538418
52000000.0	1.1516935088
54000000.0	2.35556286538
56000000.0	1.91999313579
58000000.0	0.526899096353
60000000.0	-0.715277020755
62000000.0	-0.830482433611
64000000.0	0.296569057697
66000000.0	1.57874767321
68000000.0	2.55186629581
70000000.0	1.90139555649
72000000.0	0.463288185908
74000000.0	-1.02062091105
76000000.0	-1.06224020924
78000000.0	-0.491175949052
80000000.0	1.09263995194
82000000.0	1.53195463996
84000000.0	1.23571604984
86000000.0	0.258934860283
88000000.0	-0.90016141434
90000000.0	-0.567098903689
92000000.0	0.493637721389
94000000.0	1.12412487138
96000000.0	1.81884788199
98000000.0	1.11536115128
100000000.0	-0.0347417531401
102000000.0	-2.12225602559
104000000.0	-2.31455244817
106000000.0	-0.926447441994
108000000.0	1.2003419448
110000000.0	2.55304300642
112000000.0	1.96287788466
114000000.0	0.895774172702
116000000.0	-1.01421286415
118000000.0	-2.31881842347
120000000.0	-2.33874525326
122000000.0	-0.940159928476
124000000.0	-0.103927576592
126000000.0	2.56718612576
128000000.0	2.04266971195
130000000.0	0.625527249127
132000000.0	-1.06892185359
134000000.0	-1.63022459853
136000000.0	-0.623227837947
138000000.0	0.423734466554
140000000.0	1.32574302067
142000000.0	1.01802828806
144000000.0	0.243266302134
146000000.0	-0.905348386408
148000000.0	-0.969539726298
150000000.0	-0.697816318028
152000000.0	0.498916363802
154000000.0	0.996772991539
156000000.0	0.859651403192
158000000.0	0.176870503952
160000000.0	-1.09363435638
162000000.0	-0.805280385019
164000000.0	-0.513501300889
166000000.0	0.336968986439
168000000.0	1.23420980858
170000000.0	1.14424714446
172000000.0	-0.297032519525
174000000.0	-1.23526681394
176000000.0	-1.27554602178
178000000.0	-0.782328771313
180000000.0	0.230814539013
182000000.0	1.35337700894
184000000.0	1.40057330959
186000000.0	0.651524763959
188000000.0	-0.720209976295
190000000.0	-1.8164008949
192000000.0	-1.27770034772
194000000.0	-0.328628743277
196000000.0	1.23304942336
198000000.0	1.80151749828
200000000.0	1.42458188524
202000000.0	0.128983093838
204000000.0	-1.20984075321
206000000.0	-1.55018216117
208000000.0	-0.721507189394
210000000.0	0.506857955528
212000000.0	1.28935689157
214000000.0	0.998908680174
216000000.0	0.423206798114
218000000.0	-1.19152036086
220000000.0	-1.05113471727
222000000.0	-0.287905615916
224000000.0	1.00305757319
226000000.0	1.30243501891
228000000.0	0.570145514014
230000000.0	-0.35903298377
232000000.0	-1.61675823941
234000000.0	-1.67088717222
236000000.0	0.0596212093333
238000000.0	1.52266909278
240000000.0	2.14997374181
242000000.0	1.57619754607
244000000.0	0.0258237093099
246000000.0	-1.75361013115
248000000.0	-2.81324850979
250000000.0	-0.946528093487
252000000.0	0.696362496392
254000000.0	2.71755268144
256000000.0	3.51710418635
258000000.0	1.37583889229
260000000.0	-2.45698506831
262000000.0	-3.92172285385
264000000.0	-2.31701910301
266000000.0	0.688808992636
268000000.0	3.03032280227
270000000.0	2.94961158747
272000000.0	0.329432973678
274000000.0	-1.27951678085
276000000.0	-2.41799726464
278000000.0	-1.99012229762
280000000.0	-0.96811295398
282000000.0	1.7882603555
284000000.0	5.59800111287
286000000.0	5.66572213437
288000000.0	-2.35291297568
290000000.0	-15.6564761849
292000000.0	-17.8941370271
294000000.0	4.44372909224
296000000.0	49.0592125486
298000000.0	91.7974850903
300000000.0	-219.331226163
302000000.0	66.6710722468
304000000.0	35.5167057434
306000000.0	14.9940582998
308000000.0	3.84505848015
310000000.0	-5.95715377251
312000000.0	-13.4313923295
314000000.0	-13.6624013074
316000000.0	-3.64893273253
318000000.0	7.90169790617
320000000.0	13.1722165928
322000000.0	7.68801613936
324000000.0	-2.25230987122
326000000.0	-7.89299458698
328000000.0	-7.45200853876
330000000.0	-2.58873488467
332000000.0	2.78496744021
334000000.0	5.17557758592
336000000.0	4.24671781079
338000000.0	1.28615957723
340000000.0	-1.98733550729
342000000.0	-3.79057958211
344000000.0	-3.17704461121
346000000.0	-0.396193979009
348000000.0	2.75528712195
350000000.0	3.72271935103
352000000.0	1.93160853443
354000000.0	-1.02295920223
356000000.0	-2.96698698335
358000000.0	-2.86009911368
360000000.0	-0.457689227884
362000000.0	1.61242258786
364000000.0	2.79594662489
366000000.0	1.64277001637
368000000.0	-0.346008049319
370000000.0	-1.5954745587
372000000.0	-2.28131183184
374000000.0	-1.14353041621
376000000.0	0.341854310143
378000000.0	1.8877091049
380000000.0	1.98629880061
382000000.0	0.761578036142
384000000.0	-1.13489580822
386000000.0	-2.14940058006
388000000.0	-1.66142055265
390000000.0	-0.285699806159
392000000.0	1.40561122098
394000000.0	2.05505164051
396000000.0	1.26692431472
398000000.0	-0.296340524926
400000000.0	-0.983490836527
402000000.0	-1.78490047075
404000000.0	-0.77436585278
406000000.0	0.39075594584
408000000.0	1.40738571151
410000000.0	1.11086672456
412000000.0	0.430829992358
414000000.0	-0.529426905773
416000000.0	-0.675847370369
418000000.0	-0.639436104077
420000000.0	-0.125494656111
422000000.0	0.570968701606
424000000.0	0.731318146674
426000000.0	0.354313274483
428000000.0	-0.108952011239
430000000.0	-0.672769891282
432000000.0	-0.65029134475
434000000.0	0.054468770051
436000000.0	0.656381319463
438000000.0	1.09166721207
440000000.0	0.369536139818
442000000.0	-0.565341073623
444000000.0	-0.594596419176
446000000.0	-0.584592744546
448000000.0	-0.158519849487
450000000.0	0.540467253641
452000000.0	0.74557616592
454000000.0	0.199475584148
456000000.0	-0.26667310754
458000000.0	-0.746757861106
460000000.0	-0.756485696774
462000000.0	-0.223891946436
464000000.0	0.253498166754
466000000.0	0.421992841645
468000000.0	0.605563644038
470000000.0	0.383611405444
472000000.0	-0.06689007231
474000000.0	-0.161764063237
476000000.0	-0.596347651614
478000000.0	-0.19578288355
480000000.0	-0.00308491653112
482000000.0	0.470708186393
484000000.0	0.164395515813
486000000.0	0.187515149574
488000000.0	-0.451027003579
490000000.0	-0.191421689705
492000000.0	0.345254072689
494000000.0	0.390066269762
496000000.0	0.344033258432
498000000.0	0.411728157154
500000000.0	0.111333627209
502000000.0	-0.270215057677
504000000.0	-0.387398674219
506000000.0	-0.252206639798
508000000.0	0.388075301405
510000000.0	0.33743362903
512000000.0	0.140296489886
514000000.0	-0.403484277128
516000000.0	-0.12146206013
518000000.0	-0.747481015138
520000000.0	-0.273598643451
522000000.0	0.0329495396351
524000000.0	0.562125507821
526000000.0	0.260130104266
528000000.0	0.056532404012
530000000.0	-0.167438705464
532000000.0	-0.508298465102
534000000.0	-0.0881865612335
536000000.0	-0.264408991191
538000000.0	0.249925456101
540000000.0	0.414524378887
542000000.0	0.400248567413
544000000.0	0.175285659721
546000000.0	-0.0550600098224
548000000.0	-0.0172340127056
550000000.0	-0.669253446806
552000000.0	0.493722376598
554000000.0	0.218973068352
556000000.0	0.373061533729
558000000.0	0.0537516212967
560000000.0	0.0450324981091
562000000.0	-0.216994329558
564000000.0	0.100710068839
566000000.0	-0.0906672567816
568000000.0	-0.206247758904
570000000.0	0.0760147661916
572000000.0	-0.0250571018984
574000000.0	0.0930314459984
576000000.0	-0.33871617339
578000000.0	0.180501906589
580000000.0	0.343429680644
582000000.0	0.42342387334
584000000.0	-0.174225184043
586000000.0	-0.0673357848438
588000000.0	-0.122077677498
590000000.0	-0.296290056607
592000000.0	-0.0137621222112
594000000.0	0.12992840968
596000000.0	-0.0873578916849
598000000.0	-0.170243163731
600000000.0	0.964863288294
602000000.0	-0.0662938204595
604000000.0	-0.0334131597868
606000000.0	0.0389657098279
608000000.0	0.00267777750544
610000000.0	0.274658944341
612000000.0	0.0118935233452
614000000.0	0.0669590237771
616000000.0	0.222289320458
618000000.0	-0.00907780846486
620000000.0	0.108049774672
622000000.0	-0.0997848844244
624000000.0	0.883361235087
626000000.0	-0.977964995521
628000000.0	-0.3464265116
630000000.0	0.0939505213956
632000000.0	-0.384970137117
634000000.0	0.360863242438
636000000.0	-0.135489376404
638000000.0	-0.116368847955
640000000.0	-0.128189290957
642000000.0	0.0853289540512
644000000.0	-0.02523309112
646000000.0	-0.12703114588
648000000.0	-0.111326366126
650000000.0	-0.00841585867834
652000000.0	0.0411480482214
654000000.0	-0.126363582339
656000000.0	0.0165879395168
658000000.0	-0.109610528668
660000000.0	-0.196071022514
662000000.0	0.115061214247
664000000.0	-0.256337018979
666000000.0	0.24462865067
668000000.0	0.0352933854985
670000000.0	-0.0990871633996
672000000.0	-0.0396508743379
674000000.0	-0.0685075151486
676000000.0	-0.27101321921
678000000.0	-0.075450501424
680000000.0	-0.0784367394513
682000000.0	-0.019186741939
684000000.0	-0.146676501194
686000000.0	0.472086846237
688000000.0	0.0444769292273
690000000.0	0.335748215387
692000000.0	-0.186658167799
694000000.0	0.162567385658
696000000.0	-0.125442704631
698000000.0	-0.74892120246
700000000.0	1.98590446891
702000000.0	-0.811345503476
704000000.0	-0.627613402893
706000000.0	-0.184424756204
708000000.0	0.335082467664
710000000.0	0.322907425057
712000000.0	0.259703527392
714000000.0	-0.354085368141
716000000.0	-0.108873364442
718000000.0	-0.132651435785
720000000.0	0.0565010975193
722000000.0	-0.143082160479
724000000.0	0.0640593613476
726000000.0	0.390091157222
728000000.0	0.0552069687343
730000000.0	-0.0936662311733
732000000.0	-0.120094645931
734000000.0	-0.187852089962
736000000.0	0.307729140651
738000000.0	0.105400543193
740000000.0	-0.0263442765348
742000000.0	-0.0362747875408
744000000.0	-0.258509186391
746000000.0	-0.0778183913859
748000000.0	0.0329072938883
750000000.0	-0.425368570395
752000000.0	0.387117154423
754000000.0	0.065774919598
756000000.0	-0.021793129322
758000000.0	-0.444357692642
760000000.0	-0.371799828223
762000000.0	-0.0776941398253
764000000.0	0.176974243494
766000000.0	0.296720380074
768000000.0	0.407416113353
770000000.0	-0.324717743455
772000000.0	0.0230069452788
774000000.0	-0.704541873934
776000000.0	-0.223608109011
778000000.0	0.194752975545
780000000.0	0.390674428543
782000000.0	0.612113193055
784000000.0	-0.134714586984
786000000.0	-0.0324181120436
788000000.0	-0.314894230271
790000000.0	-0.612252970059
792000000.0	-0.195618046226
794000000.0	-0.0388030510419
796000000.0	0.290321061094
798000000.0	0.388432984526
800000000.0	-0.0167267161133
802000000.0	-0.170503555485
804000000.0	-0.0921559690029
806000000.0	0.00342521963489
808000000.0	0.0240347582295
810000000.0	0.0813403951399
812000000.0	-0.05262165223
814000000.0	-0.272905851053
816000000.0	-0.150080470565
818000000.0	-0.335249510091
820000000.0	-0.114598305913
822000000.0	0.46043872434
824000000.0	0.227870940905
826000000.0	0.32962994318
828000000.0	-0.40126564586
830000000.0	-0.629752171403
832000000.0	-0.529632466193
834000000.0	-0.151006904439
836000000.0	0.364215443315
838000000.0	0.688095955668
840000000.0	0.164494226037
842000000.0	0.217042477688
844000000.0	-0.827548154485
846000000.0	-0.921362652479
848000000.0	-0.596308517607
850000000.0	0.295068529224
852000000.0	0.372622560407
854000000.0	0.454393241346
856000000.0	0.305542033988
858000000.0	-0.292982710518
860000000.0	-0.977120894762
862000000.0	-0.734554951531
864000000.0	-0.0392540870598
866000000.0	1.01255430474
868000000.0	1.39835109679
870000000.0	0.270917528622
872000000.0	-1.30297821516
874000000.0	-2.32950192089
876000000.0	-0.817191475889
878000000.0	1.06485103048
880000000.0	2.50269445197
882000000.0	2.15816063034
884000000.0	0.86582910228
886000000.0	-1.23443744595
888000000.0	-3.4612938662
890000000.0	-5.26043710477
892000000.0	-4.3056643052
894000000.0	3.46519432463
896000000.0	20.4335854563
898000000.0	39.0330218924
900000000.0	-102.968844875
902000000.0	35.6150001904
904000000.0	19.7201545695
906000000.0	5.1755761299
908000000.0	-2.93267933196
910000000.0	-4.8624347887
912000000.0	-3.95718233765
914000000.0	-2.27109868411
916000000.0	0.305393846134
918000000.0	2.59155275549
920000000.0	3.20899615749
922000000.0	1.7354405287
924000000.0	-1.50187496074
926000000.0	-2.31970094475
928000000.0	-1.98298415472
930000000.0	-0.0865173073358
932000000.0	1.46901901989
934000000.0	1.49730104767
936000000.0	0.506679846767
938000000.0	-0.55865339371
940000000.0	-1.22058648001
942000000.0	-1.08308569547
944000000.0	-0.161632666084
946000000.0	0.494895052621
948000000.0	1.15991163122
950000000.0	0.55418418784
952000000.0	-0.0986603938684
954000000.0	-0.848647176668
956000000.0	-1.04812595059
958000000.0	-0.435827295958
960000000.0	0.451232136422
962000000.0	1.08021442269
964000000.0	0.709345294507
966000000.0	0.00846923989595
968000000.0	-0.53607735853
970000000.0	-1.08640282152
972000000.0	-0.696832150466
974000000.0	0.433379946269
976000000.0	0.704009100313
978000000.0	0.669815129454
980000000.0	0.289274987313
982000000.0	-0.0432017708066
984000000.0	-0.409661500058
986000000.0	-0.454228112324
988000000.0	-0.0500478079187
990000000.0	0.306880204563
992000000.0	0.438547015416
994000000.0	0.29139497444
996000000.0	0.0205005005438
998000000.0	-0.292389308393
1000000000.0	-2.13125
1002000000.0	-0.083829724417
1004000000.0	0.424096340221
1006000000.0	0.175327666443
1008000000.0	0.512485554447
1010000000.0	-0.152755562149
1012000000.0	-0.293790295059
1014000000.0	-0.510868168912
1016000000.0	-0.098054065091
1018000000.0	0.227560279355
1020000000.0	0.461628721532
1022000000.0	0.315885884695
1024000000.0	0.155180678345
1026000000.0	-0.137851023675
1028000000.0	-0.376118182506
1030000000.0	-0.334117080851
1032000000.0	-0.150978565072
1034000000.0	0.301571041808
1036000000.0	0.556048866721
1038000000.0	0.581848643165
1040000000.0	-0.0340747871876
1042000000.0	-0.497612093284
1044000000.0	-0.373962460555
1046000000.0	-0.110464849218
1048000000.0	0.443350199161
1050000000.0	0.420100141699
1052000000.0	0.23514076149
1054000000.0	0.142464881232
1056000000.0	-0.338269515197
1058000000.0	-0.378022064126
1060000000.0	-0.172063141627
1062000000.0	0.215725345323
1064000000.0	0.459877064329
1066000000.0	0.246487378301
1068000000.0	-0.0390046822853
1070000000.0	-0.112546998833
1072000000.0	-0.46998645789
1074000000.0	-0.131716119428
1076000000.0	0.283255538552
1078000000.0	0.173009653239
1080000000.0	0.222460603418
1082000000.0	0.111031295518
1084000000.0	-0.417239695154
1086000000.0	-0.031720757008
1088000000.0	0.00227910329701
1090000000.0	-0.0946016861636
1092000000.0	0.414200220621
1094000000.0	0.431225716338
1096000000.0	0.193962371122
1098000000.0	-0.142566699277
1100000000.0	-0.637242329467
1102000000.0	-0.466654011981
1104000000.0	0.0593287454413
1106000000.0	0.0500881629939
1108000000.0	0.280191922115
1110000000.0	0.031264650722
1112000000.0	0.088198316975
1114000000.0	-0.193167035256
1116000000.0	0.0314182943129
1118000000.0	-0.157456792283
1120000000.0	-0.295459765878
1122000000.0	0.235535085612
1124000000.0	-0.0962393585229
1126000000.0	0.238681300861
1128000000.0	-0.0205139890068
1130000000.0	-0.274029901164
1132000000.0	-0.273226699391
1134000000.0	-0.117970885414
1136000000.0	0.0617410748033
1138000000.0	0.134269890442
1140000000.0	0.145508108148
1142000000.0	0.0545467383283
1144000000.0	-0.164514882345
1146000000.0	-0.120462799232
1148000000.0	-0.0377482586862
1150000000.0	-0.117658706104
1152000000.0	0.190881200024
1154000000.0	0.0551517769161
1156000000.0	0.113177218075
1158000000.0	-0.0642418018977
1160000000.0	-0.237455940397
1162000000.0	-0.332165816082
1164000000.0	0.14536646619
1166000000.0	0.283394142374
1168000000.0	0.270429308207
1170000000.0	0.0460931298288
1172000000.0	0.034000216611
1174000000.0	0.0569514122855
1176000000.0	-0.136577060546
1178000000.0	-0.137259052778
1180000000.0	-0.022238202692
1182000000.0	-0.0155787307736
1184000000.0	0.0392300795996
1186000000.0	0.03718609926
1188000000.0	-0.127559133297
1190000000.0	-0.179684195571
1192000000.0	0.347759950743
1194000000.0	-0.0719322813362
1196000000.0	-0.704078701763
1198000000.0	-0.756176075602
1200000000.0	2.93661583653
1202000000.0	-0.994477403887
1204000000.0	-0.669439414251
1206000000.0	-0.083968177279
1208000000.0	0.0198789305292
1210000000.0	0.371586165317
1212000000.0	0.124170372138
1214000000.0	0.192011497869
1216000000.0	-0.102593175582
1218000000.0	-0.227583220167
1220000000.0	-0.408246529464
1222000000.0	-0.567857300407
1224000000.0	-0.00555785403601
1226000000.0	0.370388686263
1228000000.0	0.077283877746
1230000000.0	-0.072358326901
1232000000.0	0.147939552401
1234000000.0	-0.0638167405994
1236000000.0	-0.206218573842
1238000000.0	0.205489115669
1240000000.0	0.110694689312
1242000000.0	0.56647554451
1244000000.0	0.0977548901478
1246000000.0	0.0627789734054
1248000000.0	-0.246598081907
1250000000.0	-0.0861353073144
1252000000.0	-0.273999583762
1254000000.0	0.18610373883
1256000000.0	0.344050835273
1258000000.0	0.0659394447508
1260000000.0	0.0381570456602
1262000000.0	-0.0879113159171
1264000000.0	-0.0366222063441
1266000000.0	-0.0288261065202
1268000000.0	-0.0305670584793
1270000000.0	0.465036961287
1272000000.0	0.275120396166
1274000000.0	-0.0823031142122
1276000000.0	0.0626489508077
1278000000.0	-0.248057316417
1280000000.0	-0.0664965676704
1282000000.0	-0.148271661848
1284000000.0	0.0440420405782
1286000000.0	0.49118679529
1288000000.0	0.261693182074
1290000000.0	-0.0901032251383
1292000000.0	-0.165887326381
1294000000.0	-0.252810413932
1296000000.0	-0.611362490954
1298000000.0	-0.843743360061
1300000000.0	3.41679271459
1302000000.0	-1.44499133319
1304000000.0	-0.982927477099
1306000000.0	-0.153155521113
1308000000.0	0.325176284077
1310000000.0	0.379983008461
1312000000.0	-0.0218001318673
1314000000.0	-0.135831044895
1316000000.0	-0.0228278258723
1318000000.0	0.0434539904667
1320000000.0	-0.0440717334421
1322000000.0	0.124161346636
1324000000.0	0.120325611865
1326000000.0	0.133765458345
1328000000.0	-0.0767301770044
1330000000.0	-0.0292689768402
1332000000.0	0.0325732597379
1334000000.0	0.133686354668
1336000000.0	0.042227003774
1338000000.0	-0.0160192030193
1340000000.0	0.23089729057
1342000000.0	0.00162324216679
1344000000.0	0.0397164022479
1346000000.0	0.277338961467
1348000000.0	-0.0395466481959
1350000000.0	-0.238397986611
1352000000.0	0.280211161742
1354000000.0	-0.382825294709
1356000000.0	-0.241480869584
1358000000.0	0.166166433275
1360000000.0	0.0333454898806
1362000000.0	-0.0476655426705
1364000000.0	0.0333366286923
1366000000.0	0.0533609918351
1368000000.0	0.0158379606129
1370000000.0	0.239451789623
1372000000.0	0.105823947991
1374000000.0	0.999244518673
1376000000.0	-0.845500937772
1378000000.0	-0.135544216689
1380000000.0	-0.247248083941
1382000000.0	0.082078117697
1384000000.0	0.0446690212004
1386000000.0	-0.0266538971696
1388000000.0	0.0162991467485
1390000000.0	0.0653954379806
1392000000.0	0.197522934533
1394000000.0	0.0308807934641
1396000000.0	-0.0878069127184
1398000000.0	0.179582444808
1400000000.0	-0.654895610958
1402000000.0	0.198026869325
1404000000.0	0.10805577694
1406000000.0	0.340040407834
1408000000.0	0.149467616372
1410000000.0	-0.0831732829913
1412000000.0	-0.335040034058
1414000000.0	-0.213236753449
1416000000.0	-0.0708970632792
1418000000.0	0.136363029061
1420000000.0	0.234208198687
1422000000.0	0.258666215217
1424000000.0	0.0512196698634
1426000000.0	-0.238405147422
1428000000.0	-0.484556187695
1430000000.0	-0.357017304514
1432000000.0	0.0328638876798
1434000000.0	0.23371099952
1436000000.0	0.467486600491
1438000000.0	-0.0581702892939
1440000000.0	-0.0103862742659
1442000000.0	0.0250913568313
1444000000.0	-0.373046134698
1446000000.0	-0.28545469126
1448000000.0	0.034584695993
1450000000.0	0.603548375956
1452000000.0	0.263970398259
1454000000.0	0.21074358314
1456000000.0	-0.158596022622
1458000000.0	-0.472523316841
1460000000.0	-0.277256162201
1462000000.0	-0.0639485896308
1464000000.0	0.189826049556
1466000000.0	0.736015543284
1468000000.0	0.507682409423
1470000000.0	-0.194198071178
1472000000.0	-0.896367156903
1474000000.0	-1.37837088962
1476000000.0	-0.156924598899
1478000000.0	0.651394585914
1480000000.0	1.49601897871
1482000000.0	1.13085222005
1484000000.0	-0.644778730656
1486000000.0	-1.12633797098
1488000000.0	-1.75499506466
1490000000.0	-1.04450643383
1492000000.0	-0.472832226529
1494000000.0	1.5973034725
1496000000.0	5.77509128244
1498000000.0	11.9114098201
1500000000.0	-33.3613336272
1502000000.0	13.2116834038
1504000000.0	7.47786201611
1506000000.0	1.04744354899
1508000000.0	-2.32882929076
1510000000.0	-2.31193458657
1512000000.0	-0.741932473543
1514000000.0	0.230057947042
1516000000.0	0.803050656149
1518000000.0	0.549642916994
1520000000.0	0.368538947734
1522000000.0	0.0528343155807
1524000000.0	-0.35500767459
1526000000.0	-0.474247883333
1528000000.0	-0.314845646979
1530000000.0	0.322198479804
1532000000.0	0.883243990471
1534000000.0	0.424424338073
1536000000.0	-0.333784302717
1538000000.0	-0.875389915482
1540000000.0	-0.650533883153
1542000000.0	0.0164042139644
1544000000.0	0.189184847359
1546000000.0	0.505345801892
1548000000.0	0.227578391534
1550000000.0	0.0963618840475
1552000000.0	-0.265639737721
1554000000.0	-0.551200853975
1556000000.0	-0.313405658769
1558000000.0	-0.0740122901154
1560000000.0	0.484587141632
1562000000.0	0.188716429533
1564000000.0	0.342986767056
1566000000.0	0.0247931475565
1568000000.0	-0.250000473799
1570000000.0	-0.428769501011
1572000000.0	-0.282436456192
1574000000.0	0.120872776952
1576000000.0	0.264205533461
1578000000.0	0.439210714363
1580000000.0	0.106265854874
1582000000.0	-0.0705221873561
1584000000.0	-0.368909874829
1586000000.0	-0.0743561054566
1588000000.0	-0.0497399137465
1590000000.0	0.244845165658
1592000000.0	0.185699189708
1594000000.0	0.133233499342
1596000000.0	-0.181014976411
1598000000.0	-0.427287718361
1600000000.0	0.507351716113
1602000000.0	-0.123577585965
1604000000.0	0.290250511662
1606000000.0	-0.000547615206668
1608000000.0	-0.113227808445
1610000000.0	-0.0507826374098
1612000000.0	-0.343834004151
1614000000.0	-0.32811789829
1616000000.0	0.143202623781
1618000000.0	-0.121945893475
1620000000.0	0.263638828668
1622000000.0	0.0188090086749
1624000000.0	0.292577507075
1626000000.0	-0.507735298868
1628000000.0	-0.103946643382
1630000000.0	-0.141879749379
1632000000.0	0.263652360988
1634000000.0	0.406778113791
1636000000.0	0.0884136071277
1638000000.0	0.0327500282064
1640000000.0	-0.140860254384
1642000000.0	0.104998685399
1644000000.0	0.0791987142479
1646000000.0	-0.119506031369
1648000000.0	-0.0688730520326
1650000000.0	0.403569227331
1652000000.0	-0.196766046001
1654000000.0	-0.0636115621106
1656000000.0	-0.475756961366
1658000000.0	-0.271695623909
1660000000.0	-0.192821550039
1662000000.0	-0.0199555005649
1664000000.0	-0.13064577866
1666000000.0	-0.112068851339
1668000000.0	-0.0734948742091
1670000000.0	-0.201506982236
1672000000.0	-0.180097493555
1674000000.0	0.0146206699986
1676000000.0	-0.0625146677918
1678000000.0	-0.00423728792373
1680000000.0	0.132059947771
1682000000.0	0.091155300591
1684000000.0	-0.306841793642
1686000000.0	-0.258111563352
1688000000.0	-0.101645332544
1690000000.0	0.199852209032
1692000000.0	0.0384759315459
1694000000.0	0.286851407485
1696000000.0	0.0222658245101
1698000000.0	-0.0792530650419
1700000000.0	0.124473660742
1702000000.0	-0.318646427829
1704000000.0	-0.0175498862838
1706000000.0	-0.196640093719
1708000000.0	0.327985302737
1710000000.0	-0.079303284549
1712000000.0	0.0568741343902
1714000000.0	-0.203775311743
1716000000.0	-0.0580404415962
1718000000.0	-0.0924030327921
1720000000.0	-0.00750082680768
1722000000.0	0.15945005481
1724000000.0	-0.022981622911
1726000000.0	-0.0136458081888
1728000000.0	-0.0279574971287
1730000000.0	0.0295145299059
1732000000.0	-0.373721114966
1734000000.0	0.0215027638693
1736000000.0	0.0744125901308
1738000000.0	0.263882504194
1740000000.0	0.0206846296046
1742000000.0	0.180497222762
1744000000.0	-0.0597183769849
1746000000.0	0.0124083580342
1748000000.0	0.0480226448363
1750000000.0	0.983031971196
1752000000.0	0.288980501392
1754000000.0	0.0821083521477
1756000000.0	-0.038103543728
1758000000.0	0.0348430451708
1760000000.0	-0.278891425584
1762000000.0	0.115755908946
1764000000.0	0.209889920091
1766000000.0	-0.0390646469139
1768000000.0	0.289524543173
1770000000.0	-0.127255572681
1772000000.0	-0.145452602652
1774000000.0	0.108406844865
1776000000.0	-0.188669806122
1778000000.0	-0.00170782360265
1780000000.0	-0.0684739458177
1782000000.0	-0.0253853226719
1784000000.0	0.0951193834374
1786000000.0	-0.0828265813062
1788000000.0	-0.0697485780679
1790000000.0	-0.142067854586
1792000000.0	0.00226567378598
1794000000.0	0.137986085228
1796000000.0	-0.289613597047
1798000000.0	-0.490083080631
1800000000.0	1.83420043742
1802000000.0	-0.789756641887
1804000000.0	-0.747916890323
1806000000.0	-0.262222917404
1808000000.0	-0.147073371199
1810000000.0	0.380828075027
1812000000.0	0.225895512435
1814000000.0	0.0597461858244
1816000000.0	-0.0441767084535
1818000000.0	-0.0606069053725
1820000000.0	-0.283940606672
1822000000.0	-0.151995169462
1824000000.0	-0.0616689953354
1826000000.0	0.470317827324
1828000000.0	0.330083312407
1830000000.0	-0.161176204335
1832000000.0	0.0902949786999
1834000000.0	-0.217105171369
1836000000.0	0.10277551607
1838000000.0	0.0549985687963
1840000000.0	0.106413660451
1842000000.0	0.238036078336
1844000000.0	0.154239397988
1846000000.0	-0.273800552714
1848000000.0	-0.10415940311
1850000000.0	0.0884742477758
1852000000.0	-0.201234992599
1854000000.0	-0.0640263866225
1856000000.0	0.0824557202553
1858000000.0	0.309240640562
1860000000.0	-0.246796446211
1862000000.0	-0.257738966912
1864000000.0	-0.0619573609955
1866000000.0	-0.138660621885
1868000000.0	0.0823092434875
1870000000.0	0.0525632768233
1872000000.0	0.0882377246396
1874000000.0	0.0195900300204
1876000000.0	0.0311592893228
1878000000.0	-0.20376967293
1880000000.0	-0.312658123239
1882000000.0	-0.0181045356615
1884000000.0	0.11651914897
1886000000.0	0.527675102594
1888000000.0	0.25600563349
1890000000.0	-0.164503495246
1892000000.0	-0.657600498296
1894000000.0	-0.0190179868716
1896000000.0	0.263377898315
1898000000.0	0.664934303073
1900000000.0	0.382384276476
1902000000.0	-0.762203580242
1904000000.0	-0.560056628333
1906000000.0	-0.170265978449
1908000000.0	0.449458652339
1910000000.0	0.196195175019
1912000000.0	-0.162855551465
1914000000.0	-0.171350327146
1916000000.0	-0.351353340056
1918000000.0	0.099022980042
1920000000.0	0.143318868082
1922000000.0	0.139323528051
1924000000.0	-0.0437964200789
1926000000.0	-0.329912460768
1928000000.0	-0.207121137691
1930000000.0	-0.160063832095
1932000000.0	-0.166160067967
1934000000.0	0.10638767113
1936000000.0	-0.0460698788167
1938000000.0	-0.0739579817191
1940000000.0	0.0922636423421
1942000000.0	0.060097565518
1944000000.0	0.0223523779063
1946000000.0	-0.00682820582991
1948000000.0	-0.224884092455
1950000000.0	0.313914501862
1952000000.0	-0.0140855748458
1954000000.0	-0.0650180530245
1956000000.0	0.12249597413
1958000000.0	0.136318734433
1960000000.0	0.273265739398
1962000000.0	0.00355099198363
1964000000.0	-0.110875051519
1966000000.0	0.255090197631
1968000000.0	0.026474438935
1970000000.0	-0.245890205213
1972000000.0	0.0597045251683
1974000000.0	0.0227551931555
1976000000.0	0.0292065396943
1978000000.0	-0.0230695367692
1980000000.0	0.109832824921
1982000000.0	0.166256600756
1984000000.0	-0.200119705196
1986000000.0	0.095356648662
1988000000.0	-0.0552961666812
1990000000.0	0.0245082995799
1992000000.0	-0.0152613487855
1994000000.0	0.132555755394
1996000000.0	0.0450685619026
1998000000.0	0.314513732301
2000000000.0	-1.8125
