0.0	-2.096875
2000000.0	0.916813959271
4000000.0	1.56122164008
6000000.0	0.651452971731
8000000.0	0.300641651099
10000000.0	-0.102962236357
12000000.0	-0.812226777116
14000000.0	-1.01313008656
16000000.0	0.65036927049
18000000.0	2.98359878712
20000000.0	4.19422878261
22000000.0	3.54750206117
24000000.0	1.27449057908
26000000.0	-1.52568695178
28000000.0	-3.24811300258
30000000.0	-3.95330723507
32000000.0	-3.23459946808
34000000.0	-0.719280308682
36000000.0	3.22263072407
38000000.0	4.61690914841
40000000.0	3.05279138858
42000000.0	1.41870776561
44000000.0	-0.952435319343
46000000.0	-2.24999609081
48000000.0	-2.1036719528
50000000.0	-0.494770675749
52000000.0	0.948294631575
54000000.0	1.83856026065
56000000.0	1.21122827102
58000000.0	-0.185613495676
60000000.0	-1.32611736795
62000000.0	-1.83835608439
64000000.0	-1.21781276182
66000000.0	0.207646855861
68000000.0	1.5374020383
70000000.0	1.81034230374
72000000.0	0.911793578872
74000000.0	-0.541734763714
76000000.0	-1.80064548483
78000000.0	-1.74302127567
80000000.0	-0.916654748612
82000000.0	0.112149317594
84000000.0	0.903461550464
86000000.0	1.06624961922
88000000.0	0.478255186112
90000000.0	-0.256539302631
92000000.0	-0.602624913583
94000000.0	-0.468425751171
96000000.0	-0.258827080728
98000000.0	-0.0762543209762
100000000.0	-0.413777202142
102000000.0	-0.247423986529
104000000.0	-0.316924256528
106000000.0	-0.220080130981
108000000.0	0.395570526492
110000000.0	0.784843143775
112000000.0	0.848195467586
114000000.0	0.415450340227
116000000.0	-0.644945806193
118000000.0	-1.34661769002
120000000.0	-1.51968170191
122000000.0	-0.767477404679
124000000.0	0.210492760516
126000000.0	1.24939945734
128000000.0	1.60711260332
130000000.0	0.988137391401
132000000.0	-0.0230351312088
134000000.0	-1.00487381639
136000000.0	-1.35566029339
138000000.0	-1.00509112444
140000000.0	-0.318724299005
142000000.0	0.585093284146
144000000.0	1.13510345262
146000000.0	0.901756860669
148000000.0	0.419658664558
150000000.0	-0.164566893897
152000000.0	-0.460641474833
154000000.0	-0.796904370777
156000000.0	-0.436737505026
158000000.0	0.0474518686854
160000000.0	0.21302856156
162000000.0	0.240357308121
164000000.0	0.492971381404
166000000.0	0.292325329138
168000000.0	-0.0237694723558
170000000.0	-0.288364813229
172000000.0	-0.347693056133
174000000.0	-0.433307322559
176000000.0	-0.154072696084
178000000.0	0.290130247121
180000000.0	0.362499553805
182000000.0	0.498279744012
184000000.0	0.354148157
186000000.0	-0.153959985499
188000000.0	-0.391294432534
190000000.0	-0.421514905286
192000000.0	-0.403109483366
194000000.0	-0.0564299866416
196000000.0	0.393458695984
198000000.0	0.380989811782
200000000.0	0.582042515882
202000000.0	0.018280490943
204000000.0	-0.258086809384
206000000.0	-0.440163297106
208000000.0	-0.284404365014
210000000.0	-0.0703242533425
212000000.0	0.183044962548
214000000.0	0.107293373711
216000000.0	-0.177852728247
218000000.0	0.0445401523674
220000000.0	-0.0274889937146
222000000.0	0.38980364978
224000000.0	0.385221932126
226000000.0	0.186441192023
228000000.0	-0.390867674278
230000000.0	-0.912120467479
232000000.0	-0.859809766022
234000000.0	-0.296342324527
236000000.0	0.496173223408
238000000.0	1.03522391315
240000000.0	0.993155745111
242000000.0	0.628130812586
244000000.0	-0.492858230556
246000000.0	-1.46854317768
248000000.0	-1.67385992338
250000000.0	-1.6021351495
252000000.0	0.838222800035
254000000.0	2.27421215861
256000000.0	2.39996071289
258000000.0	0.821162245332
260000000.0	-1.15678920461
262000000.0	-2.45158572586
264000000.0	-1.93290281559
266000000.0	-0.208566692545
268000000.0	1.28067649801
270000000.0	1.49356074874
272000000.0	1.46681336457
274000000.0	0.717605631312
276000000.0	-0.704006808096
278000000.0	-2.03713004336
280000000.0	-2.3306448869
282000000.0	-0.32787295487
284000000.0	3.07728743792
286000000.0	4.05209790247
288000000.0	-0.011594890533
290000000.0	-6.57762764841
292000000.0	-7.91214326508
294000000.0	1.90798494759
296000000.0	20.2295131208
298000000.0	36.0049831932
300000000.0	-87.8599170177
302000000.0	23.9115807488
304000000.0	14.5649543913
306000000.0	8.6820825509
308000000.0	4.17338307686
310000000.0	-1.79234911237
312000000.0	-7.30096870227
314000000.0	-8.53675310863
316000000.0	-3.43319763526
318000000.0	3.79451851968
320000000.0	7.64278965784
322000000.0	5.5994216857
324000000.0	0.0506055975348
326000000.0	-3.94172890833
328000000.0	-5.07726997641
330000000.0	-2.82833471505
332000000.0	0.415828351392
334000000.0	2.48081024223
336000000.0	3.17246951096
338000000.0	2.2761329268
340000000.0	0.019246929733
342000000.0	-2.00198961407
344000000.0	-2.99642038384
346000000.0	-1.74063761826
348000000.0	0.652043258803
350000000.0	2.24214692384
352000000.0	2.3192356221
354000000.0	0.671200063174
356000000.0	-1.1960769648
358000000.0	-1.75854969074
360000000.0	-1.27185541413
362000000.0	0.155964329573
364000000.0	1.27666598817
366000000.0	1.39085022056
368000000.0	0.676846763922
370000000.0	-0.581633646742
372000000.0	-1.35128846536
374000000.0	-1.11946624514
376000000.0	-0.386421217047
378000000.0	0.80618946864
380000000.0	1.57262254848
382000000.0	1.20481214544
384000000.0	-0.19612419353
386000000.0	-1.25838898524
388000000.0	-1.46077929897
390000000.0	-0.837031894106
392000000.0	0.457272202999
394000000.0	1.36535813937
396000000.0	1.59996998731
398000000.0	0.451261509545
400000000.0	-0.488908905371
402000000.0	-1.38051171664
404000000.0	-1.31889281855
406000000.0	-0.331632158339
408000000.0	0.730631358844
410000000.0	1.22650153267
412000000.0	1.09872361923
414000000.0	0.150334182915
416000000.0	-0.695234463558
418000000.0	-1.06729841732
420000000.0	-0.886632204603
422000000.0	0.044431994596
424000000.0	0.513747695542
426000000.0	1.00698048906
428000000.0	0.449011206556
430000000.0	-0.276380637548
432000000.0	-0.882248531036
434000000.0	-0.670550727843
436000000.0	-0.254414593669
438000000.0	0.168503282519
440000000.0	0.491720575356
442000000.0	0.488586903491
444000000.0	-0.123544515367
446000000.0	-0.571681396852
448000000.0	-0.51422517545
450000000.0	-0.178226416705
452000000.0	0.254110611807
454000000.0	0.462947143234
456000000.0	0.509123153032
458000000.0	0.00677026898023
460000000.0	-0.566439919622
462000000.0	-0.557278473137
464000000.0	-0.322345249659
466000000.0	0.299304661452
468000000.0	0.586761121323
470000000.0	0.5006688448
472000000.0	0.294141305239
474000000.0	-0.241513318982
476000000.0	-0.592779490842
478000000.0	-0.59587221459
480000000.0	-0.126267394045
482000000.0	0.246106276434
484000000.0	0.717742997313
486000000.0	0.359413500503
488000000.0	0.128882972213
490000000.0	-0.289792647921
492000000.0	-0.474150380342
494000000.0	-0.294061159429
496000000.0	-0.0829011919502
498000000.0	0.370767076473
500000000.0	0.267096397961
502000000.0	0.207839921809
504000000.0	-0.0697721424887
506000000.0	-0.175473969558
508000000.0	-0.269874753667
510000000.0	-0.0425789314589
512000000.0	0.0721726263583
514000000.0	0.280426956052
516000000.0	0.107236336846
518000000.0	-0.216404243689
520000000.0	-0.219251816266
522000000.0	-0.221583322443
524000000.0	0.0172383110354
526000000.0	0.376000811972
528000000.0	0.354571983915
530000000.0	0.152088578525
532000000.0	-0.151357909057
534000000.0	-0.455619690604
536000000.0	-0.317157162792
538000000.0	-0.173720896954
540000000.0	0.383356215112
542000000.0	0.517890805342
544000000.0	0.272199485336
546000000.0	0.167075802046
548000000.0	-0.338670757487
550000000.0	-0.510680603874
552000000.0	-0.388682756359
554000000.0	-0.0556571952768
556000000.0	0.331554341488
558000000.0	0.546375899499
560000000.0	0.31055557637
562000000.0	0.00502955221445
564000000.0	-0.303777772615
566000000.0	-0.382389695614
568000000.0	-0.111716782967
570000000.0	0.297692981244
572000000.0	0.360753956735
574000000.0	0.11566382117
576000000.0	0.0680211694572
578000000.0	-0.284985677298
580000000.0	-0.381859705855
582000000.0	-0.018289266495
584000000.0	0.117607611285
586000000.0	0.427828769034
588000000.0	0.231832356608
590000000.0	-0.0554601020103
592000000.0	-0.102254856639
594000000.0	-0.396889333563
596000000.0	-0.000982325107234
598000000.0	0.183284093133
600000000.0	-0.340182664895
602000000.0	0.581379386621
604000000.0	0.392159597207
606000000.0	-0.229164524663
608000000.0	-0.421298647758
610000000.0	-0.361116788028
612000000.0	-0.0576603919639
614000000.0	0.358337925487
616000000.0	0.477120250541
618000000.0	0.331260810404
620000000.0	-0.134274908739
622000000.0	-0.200146854273
624000000.0	-0.0695860650245
626000000.0	-0.485778978491
628000000.0	-0.0894900710157
630000000.0	0.158375449804
632000000.0	0.214715250787
634000000.0	-0.0625444445573
636000000.0	-0.160427578662
638000000.0	-0.394920588095
640000000.0	-0.355720071464
642000000.0	-0.0911619112244
644000000.0	0.246310223093
646000000.0	0.248828241299
648000000.0	0.0794809108711
650000000.0	-0.177936918096
652000000.0	-0.165395703115
654000000.0	-0.155205419458
656000000.0	-0.0649139511202
658000000.0	0.229477223284
660000000.0	0.200600221689
662000000.0	0.230907239041
664000000.0	-0.0657498842599
666000000.0	-0.251652342877
668000000.0	-0.359829703716
670000000.0	-0.0576143946506
672000000.0	0.137901361173
674000000.0	0.351066088889
676000000.0	0.234027183943
678000000.0	0.00245327728689
680000000.0	-0.226989124366
682000000.0	-0.355335421894
684000000.0	-0.142750242992
686000000.0	-0.0085087677548
688000000.0	0.166530367343
690000000.0	0.359620069609
692000000.0	0.220504692305
694000000.0	-0.00788391609615
696000000.0	-0.124214900326
698000000.0	-0.0827301832143
700000000.0	-1.15091122768
702000000.0	0.466807880084
704000000.0	0.511722505063
706000000.0	0.411475413971
708000000.0	-0.0905214128859
710000000.0	-0.231029097174
712000000.0	-0.58342805867
714000000.0	-0.246751057895
716000000.0	0.0889321074692
718000000.0	0.348287836919
720000000.0	0.309286103376
722000000.0	0.138658145105
724000000.0	-0.0863050198836
726000000.0	-0.325951538472
728000000.0	-0.195067416464
730000000.0	-0.0671439185949
732000000.0	0.162765161578
734000000.0	0.375256908909
736000000.0	0.079689334341
738000000.0	0.0830718943785
740000000.0	-0.282962886854
742000000.0	-0.302010637995
744000000.0	0.0126399552564
746000000.0	0.105028717141
748000000.0	0.289247365901
750000000.0	0.224938035662
752000000.0	0.0132211613537
754000000.0	-0.265215808572
756000000.0	-0.553366173909
758000000.0	-0.26138213534
760000000.0	0.030695178673
762000000.0	0.17462597449
764000000.0	0.475624694714
766000000.0	0.398971234389
768000000.0	-0.0494491312468
770000000.0	-0.413171664142
772000000.0	-0.515792849052
774000000.0	-0.263925187626
776000000.0	0.0767137840725
778000000.0	0.523224824682
780000000.0	0.43113549439
782000000.0	0.26596314277
784000000.0	-0.0399420116833
786000000.0	-0.442022514065
788000000.0	-0.363452223588
790000000.0	-0.289183239994
792000000.0	0.129113299856
794000000.0	0.358699559532
796000000.0	0.186238246277
798000000.0	-0.133674410607
800000000.0	0.219221634477
802000000.0	-0.437136830576
804000000.0	-0.333120855194
806000000.0	0.0851415546932
808000000.0	0.31320302066
810000000.0	0.217977876697
812000000.0	-0.104599854603
814000000.0	-0.224755385952
816000000.0	-0.413160208183
818000000.0	-0.20099532851
820000000.0	0.20710231646
822000000.0	0.357888439455
824000000.0	0.421552781773
826000000.0	0.0852869459586
828000000.0	-0.378613740141
830000000.0	-0.45224180697
832000000.0	-0.492363725146
834000000.0	-0.119674745009
836000000.0	0.376948717362
838000000.0	0.655842203791
840000000.0	0.340197610398
842000000.0	0.078210625144
844000000.0	-0.454392529776
846000000.0	-0.574771304132
848000000.0	-0.530827745881
850000000.0	-0.154339210712
852000000.0	0.562264601092
854000000.0	0.838865432359
856000000.0	0.68834427718
858000000.0	-0.105883803926
860000000.0	-0.710082069606
862000000.0	-0.767748847638
864000000.0	-0.361912744308
866000000.0	0.335241181778
868000000.0	0.566768992793
870000000.0	0.469449632011
872000000.0	-0.107979723302
874000000.0	-0.307723509264
876000000.0	-0.40816047744
878000000.0	-0.378195454732
880000000.0	-0.0952491651232
882000000.0	0.282175617186
884000000.0	0.883380689433
886000000.0	0.732313184736
888000000.0	-0.784756077337
890000000.0	-2.58092907575
892000000.0	-2.60496434505
894000000.0	1.15790241869
896000000.0	7.98657104268
898000000.0	14.3031390797
900000000.0	-35.6496522479
902000000.0	10.2682937089
904000000.0	6.10673872409
906000000.0	2.76074284083
908000000.0	0.8499803901
910000000.0	-0.885196750188
912000000.0	-2.11072859338
914000000.0	-2.32339492356
916000000.0	-1.02667454789
918000000.0	0.910286118362
920000000.0	2.15686064404
922000000.0	1.50760787933
924000000.0	0.190978337103
926000000.0	-0.976485074678
928000000.0	-1.36609785929
930000000.0	-0.745267923037
932000000.0	-0.0491609214071
934000000.0	0.516429995687
936000000.0	0.676330769916
938000000.0	0.538479425456
940000000.0	0.139337136126
942000000.0	-0.391563976696
944000000.0	-0.668055778908
946000000.0	-0.456123055439
948000000.0	0.142023379018
950000000.0	0.371543096895
952000000.0	0.614568994037
954000000.0	0.26104135566
956000000.0	-0.258664940303
958000000.0	-0.396353583825
960000000.0	-0.382561252877
962000000.0	0.0589775993129
964000000.0	0.37127388134
966000000.0	0.319005252893
968000000.0	0.177252706978
970000000.0	-0.133698970519
972000000.0	-0.293636469228
974000000.0	-0.224108675779
976000000.0	-0.265760343549
978000000.0	0.226726276646
980000000.0	0.325239791492
982000000.0	0.387596206458
984000000.0	0.0330820485673
986000000.0	-0.208389937746
988000000.0	-0.327046777275
990000000.0	-0.335117436016
992000000.0	-0.00362761091415
994000000.0	0.21896322082
996000000.0	0.4622578777
998000000.0	0.366032066392
1000000000.0	0.790625
1002000000.0	-0.295841278109
1004000000.0	-0.368507369498
1006000000.0	-0.342397639705
1008000000.0	0.145364543229
1010000000.0	0.204185048769
1012000000.0	0.253447089596
1014000000.0	0.222892843772
1016000000.0	-0.0151848105547
1018000000.0	-0.117134801283
1020000000.0	-0.338125542501
1022000000.0	-0.15169120621
1024000000.0	-0.00407802212186
1026000000.0	0.329408691103
1028000000.0	0.175990427837
1030000000.0	0.0733780307809
1032000000.0	-0.128895511093
1034000000.0	-0.389644236804
1036000000.0	-0.149021191909
1038000000.0	-0.134695587787
1040000000.0	0.133290673061
1042000000.0	0.263886161924
1044000000.0	0.00455362861044
1046000000.0	-0.29481513605
1048000000.0	-0.117867581068
1050000000.0	-0.204500364031
1052000000.0	-0.0789821417066
1054000000.0	0.107400755997
1056000000.0	0.124041196464
1058000000.0	0.123844481465
1060000000.0	-0.164267485161
1062000000.0	-0.196712773142
1064000000.0	-0.212320152191
1066000000.0	-0.122635729697
1068000000.0	0.0657438533958
1070000000.0	0.174350389308
1072000000.0	0.26655642268
1074000000.0	-0.00221664912937
1076000000.0	0.0595496959511
1078000000.0	-0.079114383595
1080000000.0	-0.0536591430833
1082000000.0	-0.144533744776
1084000000.0	0.222193083244
1086000000.0	0.0261156422997
1088000000.0	0.0302835785343
1090000000.0	0.0802943861954
1092000000.0	-0.148737754117
1094000000.0	-0.0737580292412
1096000000.0	-0.20013957254
1098000000.0	0.0111729431666
1100000000.0	0.130012082663
1102000000.0	0.137993450612
1104000000.0	0.155679285811
1106000000.0	-0.0587183269841
1108000000.0	-0.0747173304543
1110000000.0	-0.151640652409
1112000000.0	-0.0186580051664
1114000000.0	0.168349462408
1116000000.0	0.0346289812723
1118000000.0	0.0335106691254
1120000000.0	0.0993166420044
1122000000.0	-0.166423255674
1124000000.0	-0.0656660096189
1126000000.0	0.101884570499
1128000000.0	0.00928490518242
1130000000.0	0.145004618447
1132000000.0	0.0235673233448
1134000000.0	0.0134671946673
1136000000.0	0.069225313756
1138000000.0	-0.113638573353
1140000000.0	-0.1354220895
1142000000.0	-0.0227115252589
1144000000.0	0.00837990974995
1146000000.0	0.128295041121
1148000000.0	0.0162679962607
1150000000.0	0.0890423180553
1152000000.0	-0.119490330118
1154000000.0	-0.233139406387
1156000000.0	-0.0236836243722
1158000000.0	0.131195625829
1160000000.0	0.0122135430419
1162000000.0	0.0544661645436
1164000000.0	0.0278082436846
1166000000.0	-0.0230012939743
1168000000.0	-0.132402888661
1170000000.0	-0.171080054306
1172000000.0	-0.0854612638733
1174000000.0	0.158421108278
1176000000.0	-0.0805842211238
1178000000.0	0.114735055814
1180000000.0	0.118383150897
1182000000.0	0.156175206827
1184000000.0	-0.0527273584687
1186000000.0	-0.0708815064672
1188000000.0	-0.0215238764849
1190000000.0	0.111703242651
1192000000.0	0.0702521713017
1194000000.0	-0.0526926505397
1196000000.0	0.051272092211
1198000000.0	0.0153379223712
1200000000.0	-0.314216094629
1202000000.0	0.00385272306106
1204000000.0	0.168486483985
1206000000.0	-0.0167121758022
1208000000.0	0.103984062051
1210000000.0	-0.0205537695123
1212000000.0	-0.132141713295
1214000000.0	-0.0467787980612
1216000000.0	0.0352509408546
1218000000.0	0.158085337641
1220000000.0	-0.0369338812235
1222000000.0	0.0567210071978
1224000000.0	-0.19185109822
1226000000.0	-0.161578309302
1228000000.0	-0.130700198831
1230000000.0	-0.201818663732
1232000000.0	-0.0169126573628
1234000000.0	-0.0349882997521
1236000000.0	0.205460188228
1238000000.0	-0.0182084235428
1240000000.0	0.0570440423208
1242000000.0	-0.0949456142796
1244000000.0	-0.0407150093296
1246000000.0	-0.0178188917637
1248000000.0	0.28716075704
1250000000.0	-0.311374950794
1252000000.0	-0.056188860554
1254000000.0	0.0314694541452
1256000000.0	-0.212328196112
1258000000.0	-0.126231532798
1260000000.0	-0.139211900704
1262000000.0	0.0255268285421
1264000000.0	0.0191708063452
1266000000.0	0.137844627181
1268000000.0	-0.00805838407732
1270000000.0	-0.0344493347152
1272000000.0	-0.0149215356198
1274000000.0	-0.0422636683309
1276000000.0	0.0912615821334
1278000000.0	0.0661795214352
1280000000.0	-0.0473287861138
1282000000.0	-0.0507746118463
1284000000.0	-0.0629605484307
1286000000.0	-0.0710022325511
1288000000.0	-0.135281637212
1290000000.0	-0.0736284092391
1292000000.0	0.0902831176013
1294000000.0	0.253375453815
1296000000.0	0.446668063469
1298000000.0	0.61290632994
1300000000.0	-2.63131807307
1302000000.0	1.0071243417
1304000000.0	0.537699577761
1306000000.0	0.159123826223
1308000000.0	0.0759777956336
1310000000.0	-0.0387604789192
1312000000.0	-0.190586071476
1314000000.0	-0.074535638502
1316000000.0	-0.0227507421563
1318000000.0	-0.0742452368288
1320000000.0	0.0573283256765
1322000000.0	0.025130583675
1324000000.0	-0.0235997171855
1326000000.0	-0.0773809142957
1328000000.0	-0.0205347097893
1330000000.0	-0.0387024621345
1332000000.0	0.0190176956745
1334000000.0	0.028266000765
1336000000.0	0.0331258411957
1338000000.0	-0.0511284157377
1340000000.0	-0.0737940374564
1342000000.0	-0.0871729409322
1344000000.0	0.0377322389974
1346000000.0	0.0647106112975
1348000000.0	0.201244527655
1350000000.0	0.211977843348
1352000000.0	0.138994670851
1354000000.0	0.00816932192903
1356000000.0	-0.171244914159
1358000000.0	-0.06762496694
1360000000.0	-0.0554883355327
1362000000.0	0.0546443186484
1364000000.0	0.0655137079928
1366000000.0	0.304711791307
1368000000.0	0.0876151586473
1370000000.0	-0.0821537164461
1372000000.0	-0.111569290369
1374000000.0	0.288606824522
1376000000.0	-0.38886584544
1378000000.0	-0.0333815591847
1380000000.0	0.00716837663494
1382000000.0	0.199302531923
1384000000.0	-0.0587796899526
1386000000.0	-0.0813031443556
1388000000.0	-0.0857669663423
1390000000.0	-0.0355217817819
1392000000.0	0.0937426656466
1394000000.0	0.158685825502
1396000000.0	-0.0514414278345
1398000000.0	-0.149188960647
1400000000.0	0.337523301313
1402000000.0	-0.147998433507
1404000000.0	-0.235160126063
1406000000.0	0.0276347792174
1408000000.0	-0.0104032095631
1410000000.0	0.0992178303883
1412000000.0	0.124059232872
1414000000.0	-0.118868176826
1416000000.0	-0.159430995764
1418000000.0	-0.0982923400223
1420000000.0	0.0712189516716
1422000000.0	0.167193100998
1424000000.0	0.176599301191
1426000000.0	-0.00195118672027
1428000000.0	-0.118154518848
1430000000.0	-0.173568354498
1432000000.0	-0.221603945038
1434000000.0	0.0632623684286
1436000000.0	0.133591793798
1438000000.0	0.360393349254
1440000000.0	0.0978667771844
1442000000.0	0.0481855071599
1444000000.0	-0.0933569931662
1446000000.0	-0.314161647278
1448000000.0	-0.294897304798
1450000000.0	0.0287730328584
1452000000.0	0.143454845331
1454000000.0	0.195560888807
1456000000.0	0.212766971293
1458000000.0	-0.00167796514311
1460000000.0	-0.267627530677
1462000000.0	-0.314833350848
1464000000.0	-0.178557412571
1466000000.0	0.115279670019
1468000000.0	0.297473694718
1470000000.0	0.0931858635894
1472000000.0	-0.021274013626
1474000000.0	-0.368967220744
1476000000.0	-0.17389107815
1478000000.0	0.114294387501
1480000000.0	0.117660048099
1482000000.0	0.141781756572
1484000000.0	0.365938512553
1486000000.0	-0.0329761847705
1488000000.0	-0.552476993816
1490000000.0	-1.25658510345
1492000000.0	-1.08321145518
1494000000.0	0.79506484549
1496000000.0	3.99233614077
1498000000.0	7.25340512621
1500000000.0	-19.054596398
1502000000.0	5.6247120551
1504000000.0	3.43559971758
1506000000.0	1.30175858776
1508000000.0	0.120312794686
1510000000.0	-0.63978967548
1512000000.0	-1.07284800834
1514000000.0	-0.986528783587
1516000000.0	-0.322044500208
1518000000.0	0.369972026474
1520000000.0	0.955406397243
1522000000.0	0.634651243665
1524000000.0	-0.046094859424
1526000000.0	-0.55628223616
1528000000.0	-0.610776939192
1530000000.0	-0.268165683739
1532000000.0	0.0847085182148
1534000000.0	0.177988230157
1536000000.0	0.316799723096
1538000000.0	0.0761952629777
1540000000.0	0.070108599217
1542000000.0	-0.170682930597
1544000000.0	-0.306551895042
1546000000.0	-0.0737402360364
1548000000.0	0.188360206699
1550000000.0	0.210418739695
1552000000.0	0.158247308938
1554000000.0	0.0139731683093
1556000000.0	-0.212949461602
1558000000.0	-0.237801525918
1560000000.0	-0.0909285854421
1562000000.0	0.12539596511
1564000000.0	0.121725198007
1566000000.0	0.00754529769898
1568000000.0	-0.0871642070752
1570000000.0	-0.274141682577
1572000000.0	-0.0114008505305
1574000000.0	0.0998466878221
1576000000.0	-0.149314724967
1578000000.0	0.106315651055
1580000000.0	0.157601024499
1582000000.0	0.0208486426658
1584000000.0	-0.0916454364729
1586000000.0	-0.0894291837643
1588000000.0	-0.0436859067696
1590000000.0	-0.178524463662
1592000000.0	0.160274635958
1594000000.0	0.155929476666
1596000000.0	0.109969942237
1598000000.0	-0.008283136804
1600000000.0	-0.381721634477
1602000000.0	-0.131746419193
1604000000.0	-0.0713210163739
1606000000.0	0.0534664297034
1608000000.0	0.0631701675028
1610000000.0	-0.0452411006943
1612000000.0	0.00734461317054
1614000000.0	0.026511909947
1616000000.0	-0.105651754564
1618000000.0	-0.107694688198
1620000000.0	-0.0239906939097
1622000000.0	-0.0623095062074
1624000000.0	-0.0421332359046
1626000000.0	0.337261678532
1628000000.0	0.0485586704211
1630000000.0	-0.00201343803638
1632000000.0	0.0441355690946
1634000000.0	-0.10913284844
1636000000.0	-0.0835959791329
1638000000.0	0.128478776276
1640000000.0	0.151323382583
1642000000.0	-0.0421685128798
1644000000.0	-0.127225152045
1646000000.0	-0.0817802789449
1648000000.0	-0.00668807728712
1650000000.0	0.164411635655
1652000000.0	0.125127773497
1654000000.0	0.0314607597234
1656000000.0	-0.00834139889608
1658000000.0	0.0199784147324
1660000000.0	-0.0488217324922
1662000000.0	-0.13679834439
1664000000.0	-0.0741844672614
1666000000.0	-0.00190180598445
1668000000.0	0.0655207110096
1670000000.0	-0.0317285941111
1672000000.0	0.0223489903877
1674000000.0	-0.0525154354544
1676000000.0	-0.0281149002527
1678000000.0	-0.136795338404
1680000000.0	0.0788194187408
1682000000.0	-0.13716421736
1684000000.0	0.0798742875198
1686000000.0	0.0207141055468
1688000000.0	0.0397185248888
1690000000.0	-0.0780690605649
1692000000.0	-0.0373541805966
1694000000.0	-0.0606513140739
1696000000.0	-0.0235504571314
1698000000.0	-0.0857490098251
1700000000.0	0.244568925855
1702000000.0	-0.059278285186
1704000000.0	-0.0450368322169
1706000000.0	-0.0832679600121
1708000000.0	0.0256787367818
1710000000.0	-0.0862130733376
1712000000.0	0.0758160060277
1714000000.0	0.0224788063506
1716000000.0	0.00274067875182
1718000000.0	-0.0871202549356
1720000000.0	-0.0157938589347
1722000000.0	0.0738393222301
1724000000.0	-0.0917926596847
1726000000.0	0.0321717189118
1728000000.0	0.0242736786868
1730000000.0	-0.0448913351079
1732000000.0	-0.0289433170414
1734000000.0	-0.0296659939509
1736000000.0	-0.101932241619
1738000000.0	-0.172463166622
1740000000.0	0.0670574281109
1742000000.0	0.0620741809285
1744000000.0	0.150625358105
1746000000.0	-0.0468247634068
1748000000.0	-0.0315240362023
1750000000.0	-0.561427935365
1752000000.0	-0.0476378802582
1754000000.0	-0.254191411742
1756000000.0	-0.0562338956889
1758000000.0	0.00961636589716
1760000000.0	0.0114492142292
1762000000.0	0.14929885042
1764000000.0	-0.0381172200538
1766000000.0	-0.0318711843624
1768000000.0	0.127272971278
1770000000.0	0.0682520670195
1772000000.0	-0.0133102739395
1774000000.0	0.0808097089601
1776000000.0	-0.0884838684139
1778000000.0	-0.113163525469
1780000000.0	-0.0410914349641
1782000000.0	-0.0721599559832
1784000000.0	-0.0206616313482
1786000000.0	0.077948647142
1788000000.0	0.0313205976584
1790000000.0	0.0889372987807
1792000000.0	0.163473670352
1794000000.0	0.0174498885269
1796000000.0	-0.17201045338
1798000000.0	-0.239117986091
1800000000.0	0.4424918477
1802000000.0	-0.155658645782
1804000000.0	0.00651345173507
1806000000.0	0.0530904374861
1808000000.0	-0.099672904665
1810000000.0	0.0531045769933
1812000000.0	-0.0573710721739
1814000000.0	0.0309220700032
1816000000.0	-0.069258310424
1818000000.0	0.0553448544799
1820000000.0	0.0109089467434
1822000000.0	0.0810054723302
1824000000.0	0.0266086671508
1826000000.0	0.106048381667
1828000000.0	0.0256130383927
1830000000.0	0.0430412493443
1832000000.0	-0.0404510048002
1834000000.0	-0.0121971724173
1836000000.0	0.158573035758
1838000000.0	0.0862758599266
1840000000.0	0.068128335366
1842000000.0	-0.11144023726
1844000000.0	-0.0307668319502
1846000000.0	-0.112237142096
1848000000.0	0.0817079098493
1850000000.0	0.121786461193
1852000000.0	0.0194588049161
1854000000.0	-0.104927341717
1856000000.0	0.041936242438
1858000000.0	-0.0717165588314
1860000000.0	0.0621255110072
1862000000.0	0.230285475032
1864000000.0	0.199496106795
1866000000.0	0.225153576678
1868000000.0	0.135041731477
1870000000.0	-0.06453071435
1872000000.0	-0.105021580857
1874000000.0	-0.143479488579
1876000000.0	0.0941581620866
1878000000.0	0.121939093792
1880000000.0	0.150101411845
1882000000.0	0.0639894642584
1884000000.0	-0.171180408563
1886000000.0	-0.383251542206
1888000000.0	-0.331531596854
1890000000.0	-0.23274223846
1892000000.0	0.0212673494125
1894000000.0	0.593060849365
1896000000.0	1.22031913492
1898000000.0	1.868155706
1900000000.0	-6.78775524007
1902000000.0	2.60256869797
1904000000.0	1.4786151659
1906000000.0	0.396895703648
1908000000.0	-0.260069328555
1910000000.0	-0.585051039921
1912000000.0	-0.342225037237
1914000000.0	-0.114485905057
1916000000.0	0.0768285619649
1918000000.0	0.115603787982
1920000000.0	0.191176651686
1922000000.0	0.0205751486225
1924000000.0	-0.156025621821
1926000000.0	-0.0164339081015
1928000000.0	-0.0718084327107
1930000000.0	-0.0681529997914
1932000000.0	0.128497820832
1934000000.0	0.0137477156978
1936000000.0	-0.0192125900729
1938000000.0	-0.045252091309
1940000000.0	-0.0759109045862
1942000000.0	-0.0637220937859
1944000000.0	-0.00882209287309
1946000000.0	0.0852237358706
1948000000.0	0.0538901601254
1950000000.0	0.00742103152025
1952000000.0	0.0443545446058
1954000000.0	-0.093467609819
1956000000.0	-0.159302768414
1958000000.0	-0.0679637378448
1960000000.0	-0.0453816195869
1962000000.0	0.0500338557871
1964000000.0	0.0800502821213
1966000000.0	0.0496781526453
1968000000.0	-0.094263443578
1970000000.0	-0.0750793457009
1972000000.0	-0.168034114695
1974000000.0	-0.0857007358243
1976000000.0	0.104826654582
1978000000.0	0.0394063603435
1980000000.0	0.0803778150562
1982000000.0	-0.0777562982639
1984000000.0	-0.0385136048815
1986000000.0	-0.0434440709274
1988000000.0	0.0227800771819
1990000000.0	-0.0905823145366
1992000000.0	0.097611098295
1994000000.0	0.0657216669454
1996000000.0	-0.0579555498047
1998000000.0	-0.062893051239
2000000000.0	-0.159375
