0.0	-46.468815
2000000.0	2.77821148073
4000000.0	9.47311215114
6000000.0	5.01299233805
8000000.0	-4.84878536983
10000000.0	-12.4791945942
12000000.0	-13.4245827386
14000000.0	-6.220144132
16000000.0	5.40099283626
18000000.0	20.5088050508
20000000.0	22.1478395937
22000000.0	10.1746329955
24000000.0	-11.9770152182
26000000.0	-26.4084509114
28000000.0	-22.1906336626
30000000.0	-3.70344127213
32000000.0	16.6764659462
34000000.0	22.0599332229
36000000.0	12.0615954718
38000000.0	0.316751596898
40000000.0	-15.5098633075
42000000.0	-17.3438761517
44000000.0	-9.20522807703
46000000.0	5.27375177753
48000000.0	10.2983945093
50000000.0	5.07351991073
52000000.0	-1.98887204755
54000000.0	-8.00104193028
56000000.0	-5.47345925606
58000000.0	1.36389704387
60000000.0	7.71411766
62000000.0	7.11552758589
64000000.0	1.31061469252
66000000.0	-6.29512474837
68000000.0	-8.26998105658
70000000.0	-5.07398603227
72000000.0	5.94354500011
74000000.0	10.6195737321
76000000.0	6.6101745037
78000000.0	-2.46518795677
80000000.0	-9.15719784678
82000000.0	-8.60130982526
84000000.0	-1.97616172463
86000000.0	7.15990984609
88000000.0	10.0298007874
90000000.0	4.10993903585
92000000.0	-4.21877266236
94000000.0	-9.00931097502
96000000.0	-6.29037426542
98000000.0	1.31935055993
100000000.0	7.91942724416
102000000.0	7.18878654235
104000000.0	0.39287975469
106000000.0	-7.03721647985
108000000.0	-8.1053940234
110000000.0	-1.81487015001
112000000.0	5.01502655736
114000000.0	9.48402829511
116000000.0	6.02082651447
118000000.0	-2.06616317519
120000000.0	-8.90777995143
122000000.0	-6.563057525
124000000.0	0.690597785938
126000000.0	3.78889574362
128000000.0	6.39873648138
130000000.0	3.12728467412
132000000.0	-3.18952039648
134000000.0	-7.87822610141
136000000.0	-5.30946973652
138000000.0	1.87545150947
140000000.0	6.11887890645
142000000.0	5.56287694946
144000000.0	0.231870105908
146000000.0	-5.61288409957
148000000.0	-6.29118420635
150000000.0	-1.21697402311
152000000.0	4.28097789139
154000000.0	7.47462772165
156000000.0	3.95996412174
158000000.0	-3.00595288279
160000000.0	-6.77965487448
162000000.0	-5.17193206934
164000000.0	0.862763299304
166000000.0	6.19070091901
168000000.0	7.02302349921
170000000.0	2.25004109925
172000000.0	-5.22460962017
174000000.0	-6.38798135391
176000000.0	-4.08087441663
178000000.0	2.66228571415
180000000.0	7.92420183672
182000000.0	6.24933451674
184000000.0	-0.469666126978
186000000.0	-7.05493046045
188000000.0	-6.7014484819
190000000.0	-1.74916425032
192000000.0	5.38164740619
194000000.0	7.86643360845
196000000.0	4.10743113664
198000000.0	-3.76516756406
200000000.0	-6.36202964307
202000000.0	-4.37415328349
204000000.0	3.57300086385
206000000.0	7.87538262185
208000000.0	6.23616249222
210000000.0	-1.74477641839
212000000.0	-8.50655516816
214000000.0	-8.36363503324
216000000.0	-2.38456430217
218000000.0	6.98507737388
220000000.0	9.8757200319
222000000.0	6.15635192216
224000000.0	-3.36379024447
226000000.0	-9.59135818734
228000000.0	-7.50385943295
230000000.0	-1.20245497882
232000000.0	6.7031891738
234000000.0	8.16306761019
236000000.0	2.87097141635
238000000.0	-4.77130870397
240000000.0	-7.65220824382
242000000.0	-3.38370783233
244000000.0	3.76320319221
246000000.0	7.61551323773
248000000.0	6.6264357478
250000000.0	-0.437664243597
252000000.0	-9.01883386996
254000000.0	-9.71815903544
256000000.0	-1.55647584263
258000000.0	11.1902113456
260000000.0	15.7437933648
262000000.0	7.7987356152
264000000.0	-11.2208624749
266000000.0	-22.5611845496
268000000.0	-16.5300871064
270000000.0	5.94147702155
272000000.0	27.7385650962
274000000.0	28.9560110192
276000000.0	6.8079865793
278000000.0	-27.1585802445
280000000.0	-40.0697337075
282000000.0	-18.4276956611
284000000.0	22.0055250806
286000000.0	45.7804085575
288000000.0	24.1124942192
290000000.0	-26.9500598792
292000000.0	-56.3179209406
294000000.0	-18.0953459917
296000000.0	89.5731372983
298000000.0	199.355756563
300000000.0	-458.589484407
302000000.0	152.976289536
304000000.0	89.0110587382
306000000.0	37.6709054169
308000000.0	0.00347118453913
310000000.0	-27.2574924134
312000000.0	-36.960549145
314000000.0	-26.8156986701
316000000.0	-0.651606941663
318000000.0	24.2365159843
320000000.0	29.9086613832
322000000.0	14.651615783
324000000.0	-8.4194762121
326000000.0	-23.728951707
328000000.0	-16.8037122592
330000000.0	1.34675042813
332000000.0	15.8741767908
334000000.0	14.1486687586
336000000.0	1.15001544802
338000000.0	-10.96695318
340000000.0	-11.5238365125
342000000.0	-0.747093811934
344000000.0	8.69616553893
346000000.0	9.2642072938
348000000.0	0.0253614663012
350000000.0	-8.77280274264
352000000.0	-8.5116377208
354000000.0	-1.78227753474
356000000.0	6.99364249968
358000000.0	9.85543372365
360000000.0	3.45680670882
362000000.0	-4.33337293094
364000000.0	-8.65483201612
366000000.0	-7.96829463081
368000000.0	-0.343897638992
370000000.0	5.29643130992
372000000.0	8.21507160236
374000000.0	3.76529475951
376000000.0	-1.33167254255
378000000.0	-5.82638417372
380000000.0	-5.20764188321
382000000.0	-1.03655825285
384000000.0	3.25355028195
386000000.0	4.00075310349
388000000.0	1.50325732047
390000000.0	-1.22940303196
392000000.0	-2.82473389504
394000000.0	-1.32345903683
396000000.0	1.97872855371
398000000.0	2.20914524762
400000000.0	2.1315341848
402000000.0	-2.34184339104
404000000.0	-3.97188579247
406000000.0	-2.03506001702
408000000.0	0.653596775961
410000000.0	4.33039089039
412000000.0	3.78253656567
414000000.0	0.943678174796
416000000.0	-2.89948738292
418000000.0	-4.37571169666
420000000.0	-2.25282540543
422000000.0	1.56778299523
424000000.0	3.67911733334
426000000.0	2.75264252895
428000000.0	1.22852870979
430000000.0	-1.92665655089
432000000.0	-3.18188104544
434000000.0	-0.71826433732
436000000.0	0.375165449099
438000000.0	2.84697195245
440000000.0	1.23620408916
442000000.0	-1.34130898685
444000000.0	-1.3218082785
446000000.0	-1.69366751915
448000000.0	0.968506481949
450000000.0	1.95279021563
452000000.0	1.37906212115
454000000.0	-1.080255712
456000000.0	-2.86226993052
458000000.0	-1.80438494913
460000000.0	0.163917963808
462000000.0	2.05106749237
464000000.0	2.71664177611
466000000.0	0.66460773441
468000000.0	-0.700425561467
470000000.0	-2.5257471055
472000000.0	-1.56317652244
474000000.0	0.349394488594
476000000.0	2.25122326145
478000000.0	2.06352934261
480000000.0	0.544633868669
482000000.0	-1.1349486313
484000000.0	-1.39654308381
486000000.0	-1.59074677398
488000000.0	0.217458194197
490000000.0	1.9357966522
492000000.0	-0.0673515597177
494000000.0	-0.476927588322
496000000.0	-0.866525004126
498000000.0	-1.51869942132
500000000.0	2.14830059383
502000000.0	1.12822965704
504000000.0	1.29215858749
506000000.0	0.634659878591
508000000.0	-0.785669814261
510000000.0	-2.17477029404
512000000.0	-0.387458101244
514000000.0	0.754624503912
516000000.0	1.86498380696
518000000.0	2.04117827046
520000000.0	0.115913910712
522000000.0	-0.929434104778
524000000.0	-2.06735303093
526000000.0	0.749128797025
528000000.0	0.840232901058
530000000.0	0.834291055384
532000000.0	1.68402343492
534000000.0	-0.0279504208638
536000000.0	-0.692895666941
538000000.0	-1.3219580268
540000000.0	0.627876930087
542000000.0	0.958402739171
544000000.0	0.719538257767
546000000.0	0.483915797138
548000000.0	-0.856843653609
550000000.0	-1.156558114
552000000.0	-0.655378298658
554000000.0	0.17912285187
556000000.0	1.06953135864
558000000.0	1.34557027049
560000000.0	-0.972418314481
562000000.0	-0.505176946483
564000000.0	-0.726437277334
566000000.0	-1.62024250661
568000000.0	2.08473251775
570000000.0	2.32895630434
572000000.0	0.454672384441
574000000.0	-1.48287481425
576000000.0	-1.82784279731
578000000.0	-1.67892551507
580000000.0	0.949278098267
582000000.0	0.996890874193
584000000.0	0.522201939946
586000000.0	-0.560554096513
588000000.0	-1.14353200489
590000000.0	-0.576946905409
592000000.0	1.41887697642
594000000.0	1.12628540078
596000000.0	-0.82029634807
598000000.0	-1.43007941107
600000000.0	5.89278267529
602000000.0	-2.27179980589
604000000.0	-1.97226053795
606000000.0	-0.545948778002
608000000.0	1.18928049182
610000000.0	0.819573794873
612000000.0	-0.310027234626
614000000.0	-0.431122833369
616000000.0	-1.43740494058
618000000.0	-0.601878689012
620000000.0	-0.285045961338
622000000.0	0.186934883014
624000000.0	-2.71087140279
626000000.0	2.55608723137
628000000.0	-0.443803505524
630000000.0	-0.156416934904
632000000.0	0.641567294417
634000000.0	-0.0646222893253
636000000.0	1.83373203888
638000000.0	1.05329964051
640000000.0	0.365276969924
642000000.0	-0.923292665109
644000000.0	-0.530796713704
646000000.0	0.199159505223
648000000.0	1.48475391711
650000000.0	0.127447145587
652000000.0	0.270093402028
654000000.0	-0.373717885045
656000000.0	-1.61402447555
658000000.0	-0.62271669206
660000000.0	1.45281918563
662000000.0	0.920364249066
664000000.0	1.19079078073
666000000.0	-0.562484475746
668000000.0	-2.05331320218
670000000.0	-0.909966608716
672000000.0	0.460506757423
674000000.0	1.43942353843
676000000.0	0.431752771599
678000000.0	0.16455759585
680000000.0	-0.767775680682
682000000.0	-1.44934553688
684000000.0	-0.240923745408
686000000.0	1.33957169459
688000000.0	1.36826083002
690000000.0	1.06319101775
692000000.0	-0.237078583471
694000000.0	-0.449200763405
696000000.0	-1.4368307314
698000000.0	0.32498689696
700000000.0	0.173269859865
702000000.0	1.11347199497
704000000.0	-0.158180381418
706000000.0	-0.94381265564
708000000.0	-0.930487814877
710000000.0	0.690370389491
712000000.0	0.0299940635475
714000000.0	1.02182554257
716000000.0	0.856084619193
718000000.0	-0.455509815328
720000000.0	-1.63446187559
722000000.0	-1.43480868113
724000000.0	-0.752078149719
726000000.0	1.95276207725
728000000.0	1.44910466143
730000000.0	0.490512291789
732000000.0	-0.993371750666
734000000.0	-1.59695484888
736000000.0	-0.303140734082
738000000.0	0.817906919343
740000000.0	1.09820465975
742000000.0	0.734570018486
744000000.0	0.0405219859676
746000000.0	-0.258115362738
748000000.0	-0.337961660864
750000000.0	-0.353889886411
752000000.0	0.933052021402
754000000.0	1.565187037
756000000.0	-0.0658462372184
758000000.0	-0.947106099779
760000000.0	-0.568012619703
762000000.0	-1.08675549053
764000000.0	0.677890887862
766000000.0	1.5586989346
768000000.0	0.983170258078
770000000.0	-0.103971927892
772000000.0	-1.00420589941
774000000.0	-1.44456776124
776000000.0	-0.712964077592
778000000.0	-0.149441628782
780000000.0	1.31935634798
782000000.0	1.27072219668
784000000.0	-0.127121467246
786000000.0	-0.910027533117
788000000.0	-1.18833237953
790000000.0	-0.338271479846
792000000.0	1.84172667981
794000000.0	0.655417888165
796000000.0	0.212520417787
798000000.0	-0.145712663777
800000000.0	-1.64524609192
802000000.0	-0.808453193227
804000000.0	1.23422717124
806000000.0	1.97437679631
808000000.0	1.59220791181
810000000.0	-1.29767136764
812000000.0	-2.52815288444
814000000.0	-2.75784665641
816000000.0	0.099928869137
818000000.0	2.07085922597
820000000.0	2.365587332
822000000.0	1.61373133948
824000000.0	-1.70434097729
826000000.0	-2.3449057537
828000000.0	-1.19953335032
830000000.0	-0.288025194043
832000000.0	1.9472388962
834000000.0	2.02793121737
836000000.0	-0.0222111274482
838000000.0	-2.38036679366
840000000.0	-1.470240475
842000000.0	0.035273227448
844000000.0	1.24569490608
846000000.0	2.2290945167
848000000.0	1.11677505516
850000000.0	-1.74108912667
852000000.0	-2.87732292239
854000000.0	-2.17584276374
856000000.0	0.936568747582
858000000.0	2.60661035769
860000000.0	3.42632345926
862000000.0	1.22228881609
864000000.0	-3.32971348991
866000000.0	-4.56454191393
868000000.0	-2.40634270309
870000000.0	1.57192181896
872000000.0	6.4348243355
874000000.0	6.14016707769
876000000.0	0.465058936589
878000000.0	-7.55237531411
880000000.0	-9.99504215842
882000000.0	-3.3497036661
884000000.0	6.93719778608
886000000.0	11.2162051019
888000000.0	3.90311321544
890000000.0	-12.1680399591
892000000.0	-19.8829126308
894000000.0	-2.26184671335
896000000.0	39.1701338005
898000000.0	84.6733182859
900000000.0	-199.356653262
902000000.0	67.6564735385
904000000.0	37.8973255487
906000000.0	11.3065508098
908000000.0	-5.57589373921
910000000.0	-11.9106610263
912000000.0	-10.4098425064
914000000.0	-4.68815120013
916000000.0	1.47652824988
918000000.0	5.80360417023
920000000.0	5.53280583873
922000000.0	2.0694469678
924000000.0	-2.58297095659
926000000.0	-5.44502243105
928000000.0	-3.16162529759
930000000.0	0.784219929757
932000000.0	3.51587977233
934000000.0	3.06008621104
936000000.0	-0.513435043683
938000000.0	-3.56279350936
940000000.0	-2.58632815051
942000000.0	0.993186259141
944000000.0	3.41889043688
946000000.0	2.45425068006
948000000.0	-0.158756583466
950000000.0	-2.07929519391
952000000.0	-3.01806034657
954000000.0	-0.130224179611
956000000.0	2.14983543547
958000000.0	3.32104482224
960000000.0	0.649340475585
962000000.0	-1.58326946733
964000000.0	-2.65159265918
966000000.0	-2.16528019213
968000000.0	0.290964240797
970000000.0	1.74810046392
972000000.0	1.90026322475
974000000.0	0.0793313696178
976000000.0	-0.930826370552
978000000.0	-1.30822311265
980000000.0	-0.823591436238
982000000.0	0.288413296804
984000000.0	1.18079660708
986000000.0	0.486411742508
988000000.0	-0.664570688097
990000000.0	-0.277110518027
992000000.0	-1.25456964676
994000000.0	0.695640187408
996000000.0	0.777236184547
998000000.0	0.863501817517
1000000000.0	-2.96882
1002000000.0	-1.73365030061
1004000000.0	-1.11685851522
1006000000.0	-0.721656832166
1008000000.0	0.211033129702
1010000000.0	0.767069715919
1012000000.0	1.20841147676
1014000000.0	-0.229113796921
1016000000.0	-0.850067407117
1018000000.0	-1.30887247883
1020000000.0	-0.329223950587
1022000000.0	-0.0220448184164
1024000000.0	-0.109974729354
1026000000.0	0.954387161837
1028000000.0	-0.0705205281404
1030000000.0	-1.30902688475
1032000000.0	-0.425634641123
1034000000.0	1.09752041686
1036000000.0	0.156223942812
1038000000.0	0.421886362336
1040000000.0	0.105721920056
1042000000.0	-0.742795590484
1044000000.0	-1.02711862518
1046000000.0	-0.596530413312
1048000000.0	0.156299150079
1050000000.0	0.744179893389
1052000000.0	0.238822500388
1054000000.0	0.20445272877
1056000000.0	-2.14024781481
1058000000.0	-0.612081620023
1060000000.0	-0.244070894876
1062000000.0	0.347373196932
1064000000.0	0.766036117808
1066000000.0	-0.125631038965
1068000000.0	-0.283696505333
1070000000.0	-0.256524348119
1072000000.0	-0.475462925362
1074000000.0	0.370410242006
1076000000.0	-0.303401465087
1078000000.0	-0.0249073842136
1080000000.0	-0.0590728036297
1082000000.0	0.0202733225238
1084000000.0	-0.376792524577
1086000000.0	0.61514877145
1088000000.0	0.279937440852
1090000000.0	0.191775432877
1092000000.0	0.0441031035627
1094000000.0	0.836907205741
1096000000.0	-0.798690435736
1098000000.0	-0.182928424522
1100000000.0	0.813372630062
1102000000.0	0.425619013876
1104000000.0	1.12167097089
1106000000.0	0.425967687725
1108000000.0	-0.89949908404
1110000000.0	-0.808702328504
1112000000.0	-0.5555284537
1114000000.0	0.47980947347
1116000000.0	0.921374958911
1118000000.0	0.159072988504
1120000000.0	-0.570141256426
1122000000.0	-0.235429276002
1124000000.0	-0.232029091728
1126000000.0	0.874558651467
1128000000.0	1.74912843877
1130000000.0	0.667659290553
1132000000.0	-0.509599563416
1134000000.0	-0.579507220381
1136000000.0	-0.239507723239
1138000000.0	0.644166300707
1140000000.0	0.517103023667
1142000000.0	0.0881700630529
1144000000.0	-0.249636641487
1146000000.0	-0.162116145682
1148000000.0	0.0802160156558
1150000000.0	-0.0848749624158
1152000000.0	0.479122900215
1154000000.0	0.656062791783
1156000000.0	0.295835760518
1158000000.0	-0.425253582437
1160000000.0	-0.92222171043
1162000000.0	0.291355807154
1164000000.0	-0.13783580638
1166000000.0	0.178507634741
1168000000.0	-0.216122651785
1170000000.0	-0.109561959623
1172000000.0	-0.141993645639
1174000000.0	-1.19963406679
1176000000.0	-0.556739865978
1178000000.0	-0.228000708423
1180000000.0	0.81030855346
1182000000.0	0.438263198682
1184000000.0	0.131295364348
1186000000.0	-0.488251746192
1188000000.0	0.204908417005
1190000000.0	-0.387887617196
1192000000.0	1.30699716877
1194000000.0	0.27273203511
1196000000.0	-1.17429415843
1198000000.0	-0.157479699029
1200000000.0	2.3062158152
1202000000.0	-1.07629780833
1204000000.0	-0.476368430431
1206000000.0	-0.789132169984
1208000000.0	-0.181944713016
1210000000.0	0.268212183433
1212000000.0	-0.299718823206
1214000000.0	-0.283546426395
1216000000.0	-0.805944305127
1218000000.0	-0.100791189131
1220000000.0	-0.0404014408637
1222000000.0	-0.369723664945
1224000000.0	-0.666111413451
1226000000.0	-0.150516608216
1228000000.0	-0.0162801125557
1230000000.0	0.40214114648
1232000000.0	-0.0555894087552
1234000000.0	0.143760710108
1236000000.0	0.420173205737
1238000000.0	0.21080859547
1240000000.0	-0.013049965006
1242000000.0	-0.625475088505
1244000000.0	0.587379378025
1246000000.0	0.44583734193
1248000000.0	0.133719708562
1250000000.0	0.218384805109
1252000000.0	0.677272712944
1254000000.0	-0.54128762999
1256000000.0	-0.246023984318
1258000000.0	0.0677066447042
1260000000.0	1.09127313377
1262000000.0	0.725663392792
1264000000.0	0.142898130305
1266000000.0	-0.0796882005803
1268000000.0	-1.09494169739
1270000000.0	0.337875646409
1272000000.0	0.146884803857
1274000000.0	0.183961660299
1276000000.0	-0.412302698046
1278000000.0	-0.349713526857
1280000000.0	0.463522648652
1282000000.0	-0.373927979085
1284000000.0	-0.277912879448
1286000000.0	0.27103710974
1288000000.0	0.641602385599
1290000000.0	-0.703673170816
1292000000.0	0.535689168425
1294000000.0	-0.118183891589
1296000000.0	1.04832715985
1298000000.0	2.38069415974
1300000000.0	-6.18449299528
1302000000.0	3.45490749449
1304000000.0	0.996666422753
1306000000.0	0.255399203039
1308000000.0	-0.814608805036
1310000000.0	-0.57073305037
1312000000.0	0.0460994590738
1314000000.0	-0.218383379874
1316000000.0	0.361302955319
1318000000.0	-0.903447545415
1320000000.0	0.0716974961818
1322000000.0	-0.188008761472
1324000000.0	-0.168278237757
1326000000.0	0.496270704764
1328000000.0	1.0399473918
1330000000.0	-0.144241355125
1332000000.0	-0.342544702566
1334000000.0	-0.575256141128
1336000000.0	0.302743408465
1338000000.0	0.414100610275
1340000000.0	0.0204317856597
1342000000.0	-0.316144668184
1344000000.0	-0.0883877312919
1346000000.0	-0.669152384601
1348000000.0	-0.1615229235
1350000000.0	0.1935651541
1352000000.0	0.444977162144
1354000000.0	-0.76015863909
1356000000.0	0.22356368836
1358000000.0	-0.639117854449
1360000000.0	0.0677860938312
1362000000.0	-0.336287746753
1364000000.0	-0.216939818836
1366000000.0	0.456729047636
1368000000.0	1.08881671341
1370000000.0	-1.34441600101
1372000000.0	-1.21708823302
1374000000.0	-2.11858009911
1376000000.0	2.89231913261
1378000000.0	0.11177931677
1380000000.0	1.27934621636
1382000000.0	1.23888230621
1384000000.0	0.209526035357
1386000000.0	-0.0155037148425
1388000000.0	-0.0648511699952
1390000000.0	-0.0337227822095
1392000000.0	0.939492382046
1394000000.0	0.603660478275
1396000000.0	0.349288895372
1398000000.0	-0.434835594829
1400000000.0	-0.562385798628
1402000000.0	-0.22408614415
1404000000.0	1.70039460551
1406000000.0	0.440317108847
1408000000.0	0.325546349809
1410000000.0	-0.353349819051
1412000000.0	-0.684134200751
1414000000.0	-0.705617859874
1416000000.0	0.0991698709
1418000000.0	0.378362429375
1420000000.0	1.37510508748
1422000000.0	-0.431380386633
1424000000.0	0.27976751339
1426000000.0	-0.551455282514
1428000000.0	-0.412573122362
1430000000.0	0.827989434753
1432000000.0	0.388149513224
1434000000.0	0.460291229986
1436000000.0	-0.158239063915
1438000000.0	-1.54670322451
1440000000.0	-0.42562182729
1442000000.0	0.409559434988
1444000000.0	1.12884490778
1446000000.0	0.00661330101674
1448000000.0	-0.276350405175
1450000000.0	-0.787905025433
1452000000.0	-0.592262653528
1454000000.0	-0.473103757427
1456000000.0	1.10515702604
1458000000.0	1.03058986568
1460000000.0	1.3933248525
1462000000.0	-0.0200109584072
1464000000.0	-1.16047848516
1466000000.0	-2.60457968208
1468000000.0	-1.16622717258
1470000000.0	0.585590865498
1472000000.0	2.63804944945
1474000000.0	2.68939062232
1476000000.0	1.44813605589
1478000000.0	-2.61289441669
1480000000.0	-2.97851967483
1482000000.0	-0.413901354942
1484000000.0	2.80259589499
1486000000.0	3.90911042956
1488000000.0	1.18248899383
1490000000.0	-5.62567471704
1492000000.0	-7.15752232504
1494000000.0	0.4341876602
1496000000.0	17.686513935
1498000000.0	39.859272566
1500000000.0	-89.5545605938
1502000000.0	31.9645166976
1504000000.0	17.7409627804
1506000000.0	4.44602114092
1508000000.0	-3.56286394745
1510000000.0	-4.23256613758
1512000000.0	-4.17044951772
1514000000.0	-0.646028782624
1516000000.0	0.956318362605
1518000000.0	1.62853294735
1520000000.0	1.45514596905
1522000000.0	1.10956600611
1524000000.0	-1.28901659892
1526000000.0	-1.7737840526
1528000000.0	-0.818716869608
1530000000.0	-0.134742185024
1532000000.0	1.62003080787
1534000000.0	0.175798414491
1536000000.0	-0.675898298732
1538000000.0	-1.54004510096
1540000000.0	-0.406212223053
1542000000.0	0.244821439725
1544000000.0	1.24573256565
1546000000.0	1.21494389518
1548000000.0	-0.539448543528
1550000000.0	-0.775812047316
1552000000.0	-0.846277369173
1554000000.0	-1.09906648426
1556000000.0	1.24068932019
1558000000.0	1.56711765645
1560000000.0	0.43802045503
1562000000.0	-1.45571402535
1564000000.0	-0.936046284876
1566000000.0	-0.263533603464
1568000000.0	0.612820097066
1570000000.0	0.364905752231
1572000000.0	1.07986192339
1574000000.0	0.75416627891
1576000000.0	0.651985085327
1578000000.0	0.510776641743
1580000000.0	0.209466319687
1582000000.0	-0.090474932865
1584000000.0	0.344959271141
1586000000.0	0.329916862759
1588000000.0	0.454133943394
1590000000.0	-0.0337169865282
1592000000.0	-0.208179111694
1594000000.0	-0.289444087555
1596000000.0	0.848956884086
1598000000.0	0.468603464349
1600000000.0	0.660766091918
1602000000.0	-0.649476572043
1604000000.0	-0.180128695397
1606000000.0	-0.462003756767
1608000000.0	0.64403495983
1610000000.0	0.915514525424
1612000000.0	0.225877176252
1614000000.0	0.331824689129
1616000000.0	-0.0872035468451
1618000000.0	0.0780189397791
1620000000.0	-0.14434146313
1622000000.0	0.272986850926
1624000000.0	-0.431512300159
1626000000.0	0.955816861722
1628000000.0	0.406359101452
1630000000.0	0.00163579593688
1632000000.0	-0.118285890912
1634000000.0	-0.342670256388
1636000000.0	0.496782523176
1638000000.0	0.547113477006
1640000000.0	1.1600331296
1642000000.0	-0.143723364875
1644000000.0	-0.444129902174
1646000000.0	-0.238426283642
1648000000.0	0.633303377431
1650000000.0	-0.190834302471
1652000000.0	0.345361170357
1654000000.0	-0.380939997942
1656000000.0	0.443229928984
1658000000.0	0.24679110269
1660000000.0	0.00726661013987
1662000000.0	0.191445469714
1664000000.0	1.20032841641
1666000000.0	-0.181155583677
1668000000.0	-0.0239566476362
1670000000.0	-0.172822734484
1672000000.0	-0.438935120332
1674000000.0	-0.0337550395441
1676000000.0	0.523466449284
1678000000.0	0.509891341258
1680000000.0	0.418973413206
1682000000.0	-0.119460284362
1684000000.0	-0.659742571443
1686000000.0	-0.469685328739
1688000000.0	0.405673220805
1690000000.0	0.179810339971
1692000000.0	0.0609599783215
1694000000.0	-0.152767197674
1696000000.0	-0.58817343977
1698000000.0	-0.893103313502
1700000000.0	0.987458822382
1702000000.0	-0.296485197514
1704000000.0	-0.233218283751
1706000000.0	0.077032036248
1708000000.0	-0.781191230636
1710000000.0	0.349290450341
1712000000.0	-0.0874156535733
1714000000.0	0.213775878135
1716000000.0	0.21122573162
1718000000.0	-0.583540952052
1720000000.0	0.0392243958354
1722000000.0	-0.488595412682
1724000000.0	-0.13984987994
1726000000.0	0.640820791241
1728000000.0	0.347154090099
1730000000.0	0.226610524051
1732000000.0	-0.296244510835
1734000000.0	-0.434398788162
1736000000.0	-0.023375761253
1738000000.0	-0.926909436575
1740000000.0	0.53640620899
1742000000.0	-0.350265048802
1744000000.0	0.623468655634
1746000000.0	-0.0438843543926
1748000000.0	-0.054784079599
1750000000.0	1.7606093249
1752000000.0	0.0998481885191
1754000000.0	-0.128146031089
1756000000.0	0.105368538253
1758000000.0	0.630383113814
1760000000.0	-0.325134100764
1762000000.0	-0.659913077144
1764000000.0	0.162112302323
1766000000.0	-0.552342149001
1768000000.0	0.0878042785212
1770000000.0	-0.358438632228
1772000000.0	-0.0295560938526
1774000000.0	-0.689072835281
1776000000.0	0.590192958606
1778000000.0	0.278479168456
1780000000.0	0.764011593312
1782000000.0	0.080804798711
1784000000.0	-0.368759212286
1786000000.0	-0.480052998055
1788000000.0	-0.157856967173
1790000000.0	0.094934648462
1792000000.0	0.176687358161
1794000000.0	-0.118837862993
1796000000.0	-0.24163713371
1798000000.0	-0.903883588492
1800000000.0	1.73490276641
1802000000.0	-0.299947056147
1804000000.0	-0.467623472428
1806000000.0	-0.202387522278
1808000000.0	0.207029169371
1810000000.0	-0.271100631356
1812000000.0	-0.0913356730378
1814000000.0	0.104063084084
1816000000.0	0.0299553117153
1818000000.0	0.479940947476
1820000000.0	0.106693888805
1822000000.0	0.150833371982
1824000000.0	0.1453656212
1826000000.0	0.226537719937
1828000000.0	0.438884845851
1830000000.0	-0.102899139172
1832000000.0	-0.0540818055354
1834000000.0	-0.0475728050868
1836000000.0	0.247980999458
1838000000.0	-0.33478621707
1840000000.0	0.0201885429547
1842000000.0	0.683490476928
1844000000.0	0.745775457104
1846000000.0	0.29375745263
1848000000.0	-0.656811421898
1850000000.0	-0.188230257758
1852000000.0	0.201177069581
1854000000.0	0.596677761174
1856000000.0	0.399459469914
1858000000.0	0.0366082912415
1860000000.0	0.392297931516
1862000000.0	0.446467084354
1864000000.0	0.0910258230501
1866000000.0	-0.476980906552
1868000000.0	-0.602115486893
1870000000.0	0.639871574066
1872000000.0	0.678733742743
1874000000.0	0.0977644967361
1876000000.0	-0.769325167055
1878000000.0	-0.237467801319
1880000000.0	-0.476253344761
1882000000.0	-0.294720621668
1884000000.0	0.468090365971
1886000000.0	0.110500339746
1888000000.0	-0.743286714948
1890000000.0	-2.00767587103
1892000000.0	-1.41114534334
1894000000.0	0.34065306689
1896000000.0	5.15726749635
1898000000.0	9.01380818546
1900000000.0	-24.295837893
1902000000.0	10.5883214727
1904000000.0	5.34904125601
1906000000.0	0.606976656856
1908000000.0	-2.01943211674
1910000000.0	-1.81281555531
1912000000.0	-0.165620085038
1914000000.0	1.2115372846
1916000000.0	0.968165476463
1918000000.0	0.195439611492
1920000000.0	-0.00237078709367
1922000000.0	0.203514448683
1924000000.0	-0.391700865903
1926000000.0	-0.180508900449
1928000000.0	0.148949292983
1930000000.0	0.0144154370567
1932000000.0	-0.0325644120458
1934000000.0	-0.834003067495
1936000000.0	0.405477426141
1938000000.0	0.0587159486894
1940000000.0	0.786280788166
1942000000.0	0.211527995214
1944000000.0	0.193132354312
1946000000.0	-0.403616406352
1948000000.0	0.0415402965666
1950000000.0	0.528433476278
1952000000.0	-0.0996796037186
1954000000.0	-0.0877765077049
1956000000.0	0.0666087714473
1958000000.0	0.78537090754
1960000000.0	-0.543132783555
1962000000.0	-0.544779499394
1964000000.0	-0.0513217200702
1966000000.0	0.154950877074
1968000000.0	0.0564604018901
1970000000.0	0.578126085894
1972000000.0	-0.264618887167
1974000000.0	0.203847164081
1976000000.0	0.78084998596
1978000000.0	-0.477770707841
1980000000.0	-0.436762042129
1982000000.0	0.0538578656742
1984000000.0	-0.495577176217
1986000000.0	0.720706684891
1988000000.0	-0.145387933152
1990000000.0	-0.262286227653
1992000000.0	0.377933149332
1994000000.0	-0.0802936886768
1996000000.0	0.54933562873
1998000000.0	0.52600459591
2000000000.0	-3.406225
