0.0	-50.15625
2000000.0	2.98235147152
4000000.0	4.48959963387
6000000.0	2.16264283151
8000000.0	-3.55184252508
10000000.0	-3.41534185465
12000000.0	-4.20297487115
14000000.0	-3.54324903586
16000000.0	3.39240658524
18000000.0	9.86929631715
20000000.0	11.8982630847
22000000.0	4.32294312625
24000000.0	-7.54724526312
26000000.0	-14.8970815691
28000000.0	-12.7891547109
30000000.0	-1.61516923653
32000000.0	9.45187074186
34000000.0	13.3353597534
36000000.0	6.54769163403
38000000.0	0.60162788147
40000000.0	-6.21601418782
42000000.0	-8.6787055578
44000000.0	-5.35827028445
46000000.0	0.88622539698
48000000.0	4.53511929358
50000000.0	3.3225174951
52000000.0	0.859032303906
54000000.0	-2.72730664555
56000000.0	-4.04147965689
58000000.0	-1.2772014279
60000000.0	2.32660099416
62000000.0	3.86035127576
64000000.0	2.26330966999
66000000.0	-1.41602881181
68000000.0	-1.94613459119
70000000.0	-2.34804585974
72000000.0	1.56696129583
74000000.0	2.35456110641
76000000.0	2.36026466395
78000000.0	-0.496142101972
80000000.0	-3.35091975559
82000000.0	-2.10964955387
84000000.0	0.268930267069
86000000.0	4.40180710154
88000000.0	3.85596235664
90000000.0	-0.676413271659
92000000.0	-3.84029237233
94000000.0	-5.23394163655
96000000.0	-2.58447555768
98000000.0	1.51483384552
100000000.0	5.70197752059
102000000.0	5.00440836914
104000000.0	1.53668752208
106000000.0	-2.52812844888
108000000.0	-4.42197935956
110000000.0	-2.98875005683
112000000.0	0.666179938022
114000000.0	3.15430239228
116000000.0	2.90682100573
118000000.0	1.29501860875
120000000.0	-0.642356571582
122000000.0	-1.37170507606
124000000.0	-0.535017050013
126000000.0	0.0490052629378
128000000.0	1.95391832591
130000000.0	0.38864294746
132000000.0	-2.24167680924
134000000.0	-1.78375888742
136000000.0	-1.77515796726
138000000.0	2.11836520144
140000000.0	3.32431825179
142000000.0	2.12702415383
144000000.0	-0.693712199219
146000000.0	-3.62673750469
148000000.0	-3.0029593705
150000000.0	-1.4091300723
152000000.0	2.77603119752
154000000.0	2.91354753048
156000000.0	2.0720034527
158000000.0	-0.894435559721
160000000.0	-3.5179866093
162000000.0	-2.57195849029
164000000.0	0.137299749688
166000000.0	2.60322421709
168000000.0	1.70068645141
170000000.0	0.720173603038
172000000.0	-0.576330175278
174000000.0	-2.72491226855
176000000.0	-0.31077080284
178000000.0	1.45426900526
180000000.0	2.06783026989
182000000.0	0.5765227172
184000000.0	-0.945990215728
186000000.0	-2.46007442467
188000000.0	-1.03516505072
190000000.0	0.970487140962
192000000.0	2.32285318179
194000000.0	2.63203728351
196000000.0	0.249146585702
198000000.0	-3.04342365367
200000000.0	-3.57579446122
202000000.0	-1.49354170313
204000000.0	2.47106863693
206000000.0	4.08978845289
208000000.0	2.69076441713
210000000.0	-1.03203887207
212000000.0	-3.61230427828
214000000.0	-3.63935387834
216000000.0	-0.798272904895
218000000.0	3.03112256582
220000000.0	3.04854759017
222000000.0	1.65407315625
224000000.0	-1.4913843938
226000000.0	-3.55806312978
228000000.0	-2.47666674848
230000000.0	1.6256603407
232000000.0	3.23276668026
234000000.0	1.85814744351
236000000.0	-0.640032259736
238000000.0	-3.87590962328
240000000.0	-2.34116492073
242000000.0	1.07724812335
244000000.0	4.19249430049
246000000.0	3.62586521903
248000000.0	0.542466007006
250000000.0	-4.19213843461
252000000.0	-5.37193499494
254000000.0	-2.27048702514
256000000.0	2.34279062816
258000000.0	6.58418836026
260000000.0	5.0061824558
262000000.0	1.10657591759
264000000.0	-5.60893350391
266000000.0	-8.68924369001
268000000.0	-5.01097731338
270000000.0	2.50591698863
272000000.0	9.93114656449
274000000.0	10.7680284849
276000000.0	2.35095945693
278000000.0	-9.17074164578
280000000.0	-13.8105746826
282000000.0	-5.40906242673
284000000.0	8.90487098291
286000000.0	15.782971781
288000000.0	4.4386109059
290000000.0	-18.4281057638
292000000.0	-26.4362592002
294000000.0	3.29574103525
296000000.0	70.1826596693
298000000.0	141.251262371
300000000.0	-371.387326703
302000000.0	131.170564553
304000000.0	75.524944617
306000000.0	22.2416804913
308000000.0	-10.3512335726
310000000.0	-22.604290215
312000000.0	-19.1325179417
314000000.0	-8.36114148281
316000000.0	3.3017726258
318000000.0	10.7553002063
320000000.0	10.4173903075
322000000.0	3.30178239635
324000000.0	-4.08154028008
326000000.0	-8.10296319423
328000000.0	-3.42113147085
330000000.0	2.72964267978
332000000.0	6.24008283688
334000000.0	2.72908633961
336000000.0	-3.18794941636
338000000.0	-5.80486506381
340000000.0	-3.2829048786
342000000.0	2.89424212015
344000000.0	5.47420265169
346000000.0	3.79987177706
348000000.0	-1.484457369
350000000.0	-4.43768532027
352000000.0	-2.96031266764
354000000.0	0.845229888673
356000000.0	4.25515583329
358000000.0	3.72239609654
360000000.0	1.40589651776
362000000.0	-2.89867986653
364000000.0	-4.30733049349
366000000.0	-1.88433079654
368000000.0	2.39056024807
370000000.0	2.68617226875
372000000.0	3.4326583148
374000000.0	2.1929091098
376000000.0	-3.37622115691
378000000.0	-3.48529878581
380000000.0	-1.37487879002
382000000.0	0.380657170421
384000000.0	2.15268896157
386000000.0	1.54175989071
388000000.0	0.701752183358
390000000.0	-0.590182720989
392000000.0	-0.996041139539
394000000.0	-0.546401893316
396000000.0	0.906581178595
398000000.0	0.542734743287
400000000.0	0.335858984395
402000000.0	-1.78497558944
404000000.0	-2.21442951125
406000000.0	-0.539744209282
408000000.0	0.912478431061
410000000.0	2.48054977221
412000000.0	1.6121307468
414000000.0	-0.400589319842
416000000.0	-1.46079367311
418000000.0	-2.53080634631
420000000.0	-0.858230168378
422000000.0	0.977135434637
424000000.0	1.74903021923
426000000.0	0.893838911274
428000000.0	-0.505038767482
430000000.0	-1.34426388773
432000000.0	-0.535355336242
434000000.0	0.845578154015
436000000.0	0.727464206259
438000000.0	1.70510189882
440000000.0	0.487806041685
442000000.0	-0.792973881359
444000000.0	-1.08538928612
446000000.0	-0.613014308811
448000000.0	0.838678957129
450000000.0	0.827207753915
452000000.0	0.791260518928
454000000.0	-0.396201259871
456000000.0	-0.967472687785
458000000.0	-1.38944556745
460000000.0	0.265533539226
462000000.0	1.42332779213
464000000.0	0.494681992964
466000000.0	0.575719306842
468000000.0	-1.41179747232
470000000.0	-2.14576817197
472000000.0	-0.548392201445
474000000.0	0.0223761889966
476000000.0	1.20356835093
478000000.0	1.43349213223
480000000.0	-0.160365946658
482000000.0	-0.963435233054
484000000.0	-1.17098662459
486000000.0	0.141488074263
488000000.0	0.0735260225453
490000000.0	0.727949368242
492000000.0	0.941004124592
494000000.0	-0.0650433914924
496000000.0	0.0162245623504
498000000.0	-0.541689858386
500000000.0	1.14916012372
502000000.0	0.741608284605
504000000.0	0.592138324929
506000000.0	0.278844046228
508000000.0	-0.852329808389
510000000.0	-1.50361524334
512000000.0	-0.213201299592
514000000.0	0.335287480517
516000000.0	0.0543138299827
518000000.0	-0.0487511055617
520000000.0	0.582830899375
522000000.0	0.0211180138711
524000000.0	-1.06165519453
526000000.0	0.941162490079
528000000.0	0.274539973594
530000000.0	0.353299710446
532000000.0	0.177590149899
534000000.0	-1.08934921511
536000000.0	-0.911159061038
538000000.0	-0.648200732035
540000000.0	1.03675374213
542000000.0	0.724490058875
544000000.0	0.209318011671
546000000.0	-0.717355510387
548000000.0	-0.164357611471
550000000.0	-0.517689845286
552000000.0	-0.509191429077
554000000.0	0.764081163598
556000000.0	-0.0056735689017
558000000.0	0.0787750562364
560000000.0	0.733943542332
562000000.0	-0.243538290116
564000000.0	0.281255526112
566000000.0	0.406123448689
568000000.0	0.738489040896
570000000.0	0.128890564343
572000000.0	-0.358264514356
574000000.0	-0.582496648981
576000000.0	-0.825824850254
578000000.0	0.116459624553
580000000.0	0.332095458343
582000000.0	0.118506591211
584000000.0	0.09462202953
586000000.0	0.0803173566193
588000000.0	-0.695550750797
590000000.0	-0.69961065382
592000000.0	0.717665017421
594000000.0	-0.229516295269
596000000.0	-0.518991504229
598000000.0	-0.753528862485
600000000.0	0.866674410568
602000000.0	-0.0373718664353
604000000.0	-0.572278812729
606000000.0	-0.431846261744
608000000.0	0.357945126193
610000000.0	0.342781419438
612000000.0	0.336005410114
614000000.0	-0.962903907869
616000000.0	-0.558855925731
618000000.0	-0.536884539792
620000000.0	-0.27369479498
622000000.0	-0.0417589677085
624000000.0	-1.32965839879
626000000.0	2.17753225031
628000000.0	0.0887235688637
630000000.0	-0.459386762299
632000000.0	0.16347503051
634000000.0	0.83535070327
636000000.0	0.451183337741
638000000.0	0.369083064324
640000000.0	0.90488605821
642000000.0	-0.536301020386
644000000.0	0.265313466571
646000000.0	-0.27524943565
648000000.0	0.366189324629
650000000.0	0.6999164926
652000000.0	0.809609812739
654000000.0	-0.823840115955
656000000.0	-0.103546532429
658000000.0	-0.694778686424
660000000.0	0.161897309842
662000000.0	-0.296389628371
664000000.0	-1.58172141582
666000000.0	-0.737446834373
668000000.0	0.01320792905
670000000.0	0.175925065349
672000000.0	0.0812801095769
674000000.0	0.295196044695
676000000.0	0.295563185499
678000000.0	0.00115006380629
680000000.0	0.380776614081
682000000.0	0.189646972405
684000000.0	-0.285648896011
686000000.0	-0.392396107967
688000000.0	0.194721799724
690000000.0	-0.669128148713
692000000.0	-0.124243290568
694000000.0	0.341829249994
696000000.0	0.671612583848
698000000.0	0.00041928186161
700000000.0	-0.405613897743
702000000.0	-0.12297358995
704000000.0	0.374535610855
706000000.0	0.467597935959
708000000.0	-0.872229339893
710000000.0	-0.15180770101
712000000.0	-0.104805703434
714000000.0	0.628645033944
716000000.0	0.481660174186
718000000.0	0.407271200212
720000000.0	0.188764058286
722000000.0	0.166965895448
724000000.0	0.419371206265
726000000.0	0.0534307507545
728000000.0	-0.434717781501
730000000.0	0.407250917174
732000000.0	0.09650955691
734000000.0	-0.440546115152
736000000.0	0.49350093821
738000000.0	0.587093230801
740000000.0	0.579954174523
742000000.0	-0.935553018022
744000000.0	0.382179687654
746000000.0	-0.289160800838
748000000.0	0.210373001031
750000000.0	0.0578126976282
752000000.0	-0.132869538365
754000000.0	0.446110643611
756000000.0	-0.550203845329
758000000.0	0.181893124048
760000000.0	-0.290660585817
762000000.0	0.465953943258
764000000.0	0.198495105212
766000000.0	0.0449259191798
768000000.0	0.0147831975769
770000000.0	-0.0581305683426
772000000.0	-0.711544052053
774000000.0	-0.331958475506
776000000.0	0.867188520026
778000000.0	0.303374198489
780000000.0	-0.504723018119
782000000.0	-0.564998292967
784000000.0	-0.532107745896
786000000.0	0.0682059128878
788000000.0	-0.256597491803
790000000.0	1.01754506838
792000000.0	0.686919223796
794000000.0	-0.458013393335
796000000.0	-0.405210747098
798000000.0	-0.189475850444
800000000.0	-1.174795589
802000000.0	0.622505685465
804000000.0	0.694986842572
806000000.0	0.15533989596
808000000.0	-0.438579810291
810000000.0	-0.595499733549
812000000.0	-0.595370494176
814000000.0	0.115817194583
816000000.0	0.147991428495
818000000.0	-0.32838760513
820000000.0	0.113204970106
822000000.0	0.142136500564
824000000.0	-1.04423171919
826000000.0	-0.305177045969
828000000.0	0.578101798675
830000000.0	0.803023095057
832000000.0	0.232028562502
834000000.0	-0.543302557755
836000000.0	-0.503703634522
838000000.0	-1.57197514844
840000000.0	-0.315509096186
842000000.0	1.52042684474
844000000.0	0.795438952531
846000000.0	0.315854068562
848000000.0	-1.08178907582
850000000.0	-0.877325277252
852000000.0	-1.29017615071
854000000.0	-0.128212940719
856000000.0	1.93801820417
858000000.0	1.02762330994
860000000.0	-1.13199831093
862000000.0	-1.87838644779
864000000.0	-2.51925962284
866000000.0	-0.226913049582
868000000.0	1.93368818711
870000000.0	1.28864772595
872000000.0	-0.338161185456
874000000.0	-0.909097020374
876000000.0	-0.390457706406
878000000.0	0.440766439181
880000000.0	2.07864007681
882000000.0	2.38555395333
884000000.0	1.66775578067
886000000.0	-1.16189934937
888000000.0	-4.56031868293
890000000.0	-6.44945542234
892000000.0	-4.29951049399
894000000.0	6.62171139265
896000000.0	25.3195598012
898000000.0	47.115388084
900000000.0	-126.335844841
902000000.0	45.6054887943
904000000.0	24.5330066206
906000000.0	3.13799614105
908000000.0	-7.30098842967
910000000.0	-6.26231421555
912000000.0	-1.36681057959
914000000.0	3.35180593252
916000000.0	2.94155127423
918000000.0	-0.238397933536
920000000.0	-1.64508809552
922000000.0	-2.299745231
924000000.0	-0.308055365722
926000000.0	0.870747766276
928000000.0	1.63920905417
930000000.0	1.78196296217
932000000.0	-0.735679704979
934000000.0	-1.18533667239
936000000.0	-1.95974846213
938000000.0	-0.747215170138
940000000.0	1.06819253546
942000000.0	1.48474376489
944000000.0	0.82451008548
946000000.0	-0.0357322053441
948000000.0	-0.770001126376
950000000.0	-1.33186303044
952000000.0	0.446212750519
954000000.0	1.04119822296
956000000.0	1.29712508706
958000000.0	1.12520187556
960000000.0	-0.625036859825
962000000.0	-1.27168122765
964000000.0	-0.515999289994
966000000.0	-0.105064141432
968000000.0	1.01304814117
970000000.0	0.845216970696
972000000.0	-0.218003619655
974000000.0	-0.00394936475116
976000000.0	-0.0696728616851
978000000.0	-0.545141167558
980000000.0	1.44465429443
982000000.0	1.35352701715
984000000.0	0.53682397964
986000000.0	-0.0900471765009
988000000.0	-0.80747457276
990000000.0	-0.873312698183
992000000.0	0.582604498037
994000000.0	0.619147341736
996000000.0	0.477073900416
998000000.0	-0.374278043758
1000000000.0	2.0
1002000000.0	-0.870780164535
1004000000.0	-1.11146103969
1006000000.0	-0.11883321377
1008000000.0	1.0244119582
1010000000.0	-0.272943766237
1012000000.0	-0.198002161269
1014000000.0	-0.348271494383
1016000000.0	-1.02424245584
1018000000.0	0.136640397151
1020000000.0	0.461919433207
1022000000.0	0.575685714623
1024000000.0	-0.267825834531
1026000000.0	0.255921151184
1028000000.0	-0.0566664623407
1030000000.0	-0.395403089267
1032000000.0	0.566867273255
1034000000.0	0.585276344674
1036000000.0	0.674846754564
1038000000.0	-0.0280135373943
1040000000.0	-0.59213034669
1042000000.0	0.265896494548
1044000000.0	0.322123746489
1046000000.0	0.479621599667
1048000000.0	-0.0904929335069
1050000000.0	-0.29124245044
1052000000.0	0.182052055903
1054000000.0	-0.55176632727
1056000000.0	-0.687325971072
1058000000.0	-0.0103270870405
1060000000.0	0.0567857316845
1062000000.0	-0.139204571892
1064000000.0	0.0344542127854
1066000000.0	0.081679909763
1068000000.0	0.245808900149
1070000000.0	-0.884249974413
1072000000.0	0.379963595946
1074000000.0	0.0680921006954
1076000000.0	0.205133933449
1078000000.0	0.152800368306
1080000000.0	-0.162429188472
1082000000.0	0.137389266868
1084000000.0	0.929926887323
1086000000.0	0.424832717764
1088000000.0	0.129480959809
1090000000.0	0.215354171671
1092000000.0	0.148207010583
1094000000.0	0.299829469246
1096000000.0	0.138209417569
1098000000.0	-0.463550047383
1100000000.0	0.61989100951
1102000000.0	-0.129400124229
1104000000.0	-0.108575375837
1106000000.0	-0.105916682132
1108000000.0	0.189548067365
1110000000.0	0.0584610800157
1112000000.0	-0.276700582747
1114000000.0	0.248116892099
1116000000.0	0.179134781394
1118000000.0	-0.00856569272953
1120000000.0	0.271175711522
1122000000.0	0.701067340072
1124000000.0	-0.418207766096
1126000000.0	0.099872560462
1128000000.0	-0.683500213432
1130000000.0	0.00234528153156
1132000000.0	-0.302746697632
1134000000.0	-0.116413115801
1136000000.0	-1.0706868999
1138000000.0	0.0874750070732
1140000000.0	0.420551409125
1142000000.0	0.596169190379
1144000000.0	0.237018958315
1146000000.0	-0.016450539974
1148000000.0	-0.834818619601
1150000000.0	0.600855754862
1152000000.0	-0.449052864755
1154000000.0	0.578401750712
1156000000.0	0.437606298495
1158000000.0	0.0101995309329
1160000000.0	0.0728851822815
1162000000.0	0.223808915209
1164000000.0	0.0680095248655
1166000000.0	-0.133631790331
1168000000.0	-0.551275095427
1170000000.0	0.255440950416
1172000000.0	0.263500412127
1174000000.0	-0.743923344388
1176000000.0	0.166843551325
1178000000.0	-0.0510540145025
1180000000.0	0.584483895818
1182000000.0	0.650431762754
1184000000.0	0.317146693402
1186000000.0	-0.151388681325
1188000000.0	0.153389747981
1190000000.0	0.42671873696
1192000000.0	0.271510367993
1194000000.0	-0.227580196408
1196000000.0	-0.870354200581
1198000000.0	-1.89401872109
1200000000.0	3.44539101561
1202000000.0	-0.447049896791
1204000000.0	-0.757686932532
1206000000.0	0.498219299087
1208000000.0	0.0883791222845
1210000000.0	-0.496588558034
1212000000.0	-0.271118391746
1214000000.0	-0.269955845438
1216000000.0	-0.237984151258
1218000000.0	0.433070608909
1220000000.0	0.397948336846
1222000000.0	-0.514991004676
1224000000.0	0.306865514276
1226000000.0	-0.0487511180287
1228000000.0	-0.363207173323
1230000000.0	0.165366275403
1232000000.0	-0.112730993276
1234000000.0	0.854146163351
1236000000.0	-0.0409435834961
1238000000.0	-0.234456852264
1240000000.0	-0.125209968286
1242000000.0	0.034797292614
1244000000.0	0.181068288529
1246000000.0	-0.631143679962
1248000000.0	1.27011887378
1250000000.0	-2.14490009027
1252000000.0	-0.0497670939615
1254000000.0	0.443692011791
1256000000.0	-0.0336207892782
1258000000.0	0.185020574516
1260000000.0	-0.733359075003
1262000000.0	-0.44817852195
1264000000.0	0.516553265422
1266000000.0	0.575115055084
1268000000.0	-0.0925149148208
1270000000.0	0.167316535954
1272000000.0	-0.440503573582
1274000000.0	0.515859415689
1276000000.0	-0.283411348288
1278000000.0	-0.656482500425
1280000000.0	0.509027689086
1282000000.0	0.194428283489
1284000000.0	-0.487444145569
1286000000.0	0.0474477733273
1288000000.0	0.0362788268626
1290000000.0	0.508575660895
1292000000.0	0.333431059104
1294000000.0	0.0928837120906
1296000000.0	-0.703535957747
1298000000.0	-0.303736596783
1300000000.0	0.718941217001
1302000000.0	-1.53685549458
1304000000.0	-0.667465808873
1306000000.0	0.442303929756
1308000000.0	-0.0746878595816
1310000000.0	0.0332472283859
1312000000.0	-0.0991402099984
1314000000.0	0.135131945712
1316000000.0	-0.371476079068
1318000000.0	-0.20392017535
1320000000.0	-0.286018167091
1322000000.0	-0.109686413947
1324000000.0	0.518404776737
1326000000.0	0.443800655577
1328000000.0	-0.0323528823897
1330000000.0	-0.261237611224
1332000000.0	0.43477285726
1334000000.0	0.0243294452723
1336000000.0	0.524288881153
1338000000.0	0.152555187604
1340000000.0	-0.606199961497
1342000000.0	-0.209158250925
1344000000.0	-0.237682338439
1346000000.0	-0.44997997147
1348000000.0	0.105473179278
1350000000.0	0.327565631122
1352000000.0	0.0370680368962
1354000000.0	-0.176095326649
1356000000.0	-0.76653594711
1358000000.0	0.782758118364
1360000000.0	0.185364699513
1362000000.0	0.0999279277658
1364000000.0	0.056803773991
1366000000.0	-0.666809690423
1368000000.0	-0.899649487893
1370000000.0	0.275304510542
1372000000.0	-0.0718247068601
1374000000.0	2.17913777139
1376000000.0	-1.61834495276
1378000000.0	-0.4736813159
1380000000.0	-0.125772249874
1382000000.0	0.186733975081
1384000000.0	-0.661909520081
1386000000.0	-0.218118500231
1388000000.0	0.35147391043
1390000000.0	0.569962934406
1392000000.0	0.138084115916
1394000000.0	0.657280952302
1396000000.0	-0.0612917979075
1398000000.0	0.116186368087
1400000000.0	-1.19894761108
1402000000.0	0.532794001063
1404000000.0	-0.161359923067
1406000000.0	0.507627581855
1408000000.0	-0.0844505073018
1410000000.0	-0.0263739824985
1412000000.0	0.470536519732
1414000000.0	0.211345917225
1416000000.0	0.949904596162
1418000000.0	0.274133678485
1420000000.0	-0.620859069172
1422000000.0	-0.525700292435
1424000000.0	-0.149593901335
1426000000.0	-0.187090424778
1428000000.0	0.929627171312
1430000000.0	-0.0640807754088
1432000000.0	0.28013040254
1434000000.0	-1.49860784289
1436000000.0	0.0837475734967
1438000000.0	-0.305864853222
1440000000.0	-0.602831296597
1442000000.0	0.190281657137
1444000000.0	0.0885661270884
1446000000.0	-0.333160092199
1448000000.0	-0.57518175837
1450000000.0	0.439016174758
1452000000.0	-0.0592992169066
1454000000.0	-0.126700902319
1456000000.0	0.716497823211
1458000000.0	-0.616583373148
1460000000.0	-0.884734952231
1462000000.0	-0.554710109157
1464000000.0	-0.492608924064
1466000000.0	1.32852639249
1468000000.0	0.714490497177
1470000000.0	1.05535677949
1472000000.0	-1.1414839006
1474000000.0	-1.34855580523
1476000000.0	-0.789287457161
1478000000.0	1.54344132209
1480000000.0	2.77860639794
1482000000.0	1.48457263309
1484000000.0	-0.958356534091
1486000000.0	-1.61070122148
1488000000.0	-1.58202135912
1490000000.0	-0.357684868181
1492000000.0	1.35284873355
1494000000.0	1.89201955338
1496000000.0	1.02642986794
1498000000.0	0.151473938936
1500000000.0	-5.52416012372
1502000000.0	2.37341555016
1504000000.0	0.23700498088
1506000000.0	-0.937373894417
1508000000.0	-1.57767449015
1510000000.0	-0.234575446271
1512000000.0	1.12971240114
1514000000.0	1.84451855359
1516000000.0	1.60870526289
1518000000.0	-0.847344562647
1520000000.0	-1.84388784603
1522000000.0	-0.917182258353
1524000000.0	1.27101285458
1526000000.0	1.28716453107
1528000000.0	1.03874574143
1530000000.0	-0.179683768133
1532000000.0	-0.109262437945
1534000000.0	-1.43495768455
1536000000.0	0.356905282413
1538000000.0	0.0227934724242
1540000000.0	1.62228167679
1542000000.0	0.560299245385
1544000000.0	0.292585595599
1546000000.0	-1.01521749803
1548000000.0	-0.3485840739
1550000000.0	0.41060268472
1552000000.0	-0.421494836025
1554000000.0	1.0791831491
1556000000.0	-0.333915435206
1558000000.0	-0.528877369514
1560000000.0	-0.261956516021
1562000000.0	-0.448774790424
1564000000.0	-0.202647563111
1566000000.0	-0.136226283957
1568000000.0	-0.00608956079645
1570000000.0	0.996796356405
1572000000.0	-0.000337483250467
1574000000.0	0.418783251521
1576000000.0	-0.25375228996
1578000000.0	0.749048947193
1580000000.0	-0.282907076791
1582000000.0	0.256348246024
1584000000.0	-0.577921700366
1586000000.0	-0.724191632612
1588000000.0	-0.414004054628
1590000000.0	-0.817479454774
1592000000.0	0.21138212674
1594000000.0	0.858552035979
1596000000.0	0.128279052498
1598000000.0	0.0672893567774
1600000000.0	-0.231454410996
1602000000.0	-0.090071061955
1604000000.0	-0.260834022403
1606000000.0	-0.112152786402
1608000000.0	0.361188771355
1610000000.0	-0.222069497429
1612000000.0	-0.212580901736
1614000000.0	-0.628053513777
1616000000.0	-0.115788567274
1618000000.0	0.174283925278
1620000000.0	0.592311138178
1622000000.0	-0.123886615308
1624000000.0	-0.703045314344
1626000000.0	1.48356444802
1628000000.0	1.04113119858
1630000000.0	0.457416120631
1632000000.0	0.0909783822336
1634000000.0	-0.243252955347
1636000000.0	-0.879585446221
1638000000.0	-0.0478282379269
1640000000.0	-0.287384458622
1642000000.0	-0.3867968061
1644000000.0	-0.203076912173
1646000000.0	-0.109356843484
1648000000.0	-0.100595541798
1650000000.0	0.704590442538
1652000000.0	-0.111182564966
1654000000.0	0.131521486862
1656000000.0	0.887765174132
1658000000.0	0.102715121596
1660000000.0	0.305428000369
1662000000.0	0.0166638299315
1664000000.0	-0.0492785593557
1666000000.0	0.083773817445
1668000000.0	-0.00329154184277
1670000000.0	0.437747324462
1672000000.0	-0.212422241767
1674000000.0	0.218625001603
1676000000.0	-0.0843649493522
1678000000.0	0.616584978625
1680000000.0	0.405438392364
1682000000.0	-0.061207715214
1684000000.0	0.300306144836
1686000000.0	0.0814738289649
1688000000.0	0.217994421539
1690000000.0	-0.179359041512
1692000000.0	-0.244725118899
1694000000.0	0.628612289018
1696000000.0	0.30335803081
1698000000.0	-0.318942289827
1700000000.0	0.0543913269125
1702000000.0	-0.280813670995
1704000000.0	-0.58741640581
1706000000.0	-0.229299468178
1708000000.0	0.173159154187
1710000000.0	0.0591749497349
1712000000.0	0.251132057598
1714000000.0	0.729222797278
1716000000.0	0.286044918964
1718000000.0	0.581330367042
1720000000.0	0.245306561883
1722000000.0	0.138834190809
1724000000.0	0.0359688223335
1726000000.0	0.604534125649
1728000000.0	-0.564699426557
1730000000.0	1.03683440695
1732000000.0	-0.206754092418
1734000000.0	-0.00849086681639
1736000000.0	-0.607373973302
1738000000.0	-0.496083097884
1740000000.0	-0.395103580878
1742000000.0	0.370255293966
1744000000.0	-0.123601920318
1746000000.0	0.280220173784
1748000000.0	0.36544477013
1750000000.0	0.779225827246
1752000000.0	-0.0275755397092
1754000000.0	-0.424793229834
1756000000.0	0.0134842146652
1758000000.0	-0.432118748095
1760000000.0	-0.0529302017153
1762000000.0	-0.15461604861
1764000000.0	-0.367234848225
1766000000.0	-0.103030533997
1768000000.0	-0.584187934948
1770000000.0	0.642014316672
1772000000.0	-0.215945762009
1774000000.0	0.59575366717
1776000000.0	-0.864522637819
1778000000.0	-0.252696675534
1780000000.0	-0.0564154496364
1782000000.0	-1.16648041884
1784000000.0	0.444098067727
1786000000.0	-0.0732684132538
1788000000.0	0.399915481897
1790000000.0	-0.425955534357
1792000000.0	0.14576370786
1794000000.0	0.13413086286
1796000000.0	-0.637065975249
1798000000.0	-0.691933016026
1800000000.0	0.658067661732
1802000000.0	0.0606172218392
1804000000.0	-0.66624151612
1806000000.0	0.0891207156543
1808000000.0	0.15945695212
1810000000.0	-0.402162900594
1812000000.0	-0.03760615252
1814000000.0	-0.213997321438
1816000000.0	0.257882316416
1818000000.0	-0.00337233897355
1820000000.0	-0.273073787024
1822000000.0	-0.189818530472
1824000000.0	-0.448997232745
1826000000.0	0.0915064886872
1828000000.0	0.0062304963896
1830000000.0	-0.350033546791
1832000000.0	0.772602447848
1834000000.0	-0.696399080579
1836000000.0	0.10129105062
1838000000.0	-0.27727972274
1840000000.0	0.278139599741
1842000000.0	-0.0343947420327
1844000000.0	-0.594427327826
1846000000.0	0.253872760604
1848000000.0	-0.0801119423949
1850000000.0	0.382601885265
1852000000.0	-0.161780276058
1854000000.0	-0.110143562643
1856000000.0	0.112197189025
1858000000.0	0.295049796131
1860000000.0	0.187501605243
1862000000.0	-0.1032094901
1864000000.0	0.643483629303
1866000000.0	-0.358315238805
1868000000.0	-0.359160326826
1870000000.0	-0.00657892093267
1872000000.0	-0.285504666313
1874000000.0	-1.05962152092
1876000000.0	0.656112495148
1878000000.0	0.538233317066
1880000000.0	0.597748922553
1882000000.0	0.301095573936
1884000000.0	-0.513482351336
1886000000.0	0.930875478108
1888000000.0	0.805269954851
1890000000.0	1.27894380084
1892000000.0	0.488633062107
1894000000.0	-0.0715189760677
1896000000.0	-2.32533793557
1898000000.0	-3.15577879748
1900000000.0	11.0335843678
1902000000.0	-4.29582547881
1904000000.0	-2.50054530748
1906000000.0	-0.0608588751509
1908000000.0	0.355886917906
1910000000.0	0.4358612443
1912000000.0	0.496976684297
1914000000.0	0.0253237732926
1916000000.0	0.131704356003
1918000000.0	-0.265321847781
1920000000.0	0.00510864773054
1922000000.0	0.233923211081
1924000000.0	0.0426954676865
1926000000.0	0.011895614909
1928000000.0	-0.271049696394
1930000000.0	0.454956839518
1932000000.0	-0.0566663509993
1934000000.0	0.600828932297
1936000000.0	0.250966713028
1938000000.0	0.000102533879499
1940000000.0	-0.105604692585
1942000000.0	-0.233455574322
1944000000.0	0.0458911664924
1946000000.0	0.872619112772
1948000000.0	-0.277700063749
1950000000.0	0.400061681113
1952000000.0	0.0446300540664
1954000000.0	-0.274882559601
1956000000.0	0.286727087066
1958000000.0	-0.509415274846
1960000000.0	0.381969380503
1962000000.0	0.423697909305
1964000000.0	0.359720708091
1966000000.0	0.433805235429
1968000000.0	0.320529624664
1970000000.0	0.191450891115
1972000000.0	-0.519124215222
1974000000.0	0.866415107795
1976000000.0	0.480297715529
1978000000.0	-0.0563299027484
1980000000.0	-0.0115300420657
1982000000.0	0.102280858627
1984000000.0	-0.11442031633
1986000000.0	-0.281335823968
1988000000.0	0.609094385171
1990000000.0	0.345206789143
1992000000.0	-0.599773121732
1994000000.0	-0.672155180171
1996000000.0	-1.3758320263
1998000000.0	0.331079630182
2000000000.0	2.90625
