0.0	-50.59386
2000000.0	4.87322550348
4000000.0	10.8839946016
6000000.0	5.9985162451
8000000.0	-2.89440823033
10000000.0	-7.16035952729
12000000.0	-7.54930391764
14000000.0	-1.41257956077
16000000.0	9.15755918023
18000000.0	17.1060332152
20000000.0	18.5779260944
22000000.0	4.2243169833
24000000.0	-14.6821307129
26000000.0	-26.9058562271
28000000.0	-24.9500480501
30000000.0	-5.41264545159
32000000.0	12.688832265
34000000.0	18.7531010538
36000000.0	9.3546912538
38000000.0	0.57110693113
40000000.0	-12.8244596478
42000000.0	-16.7189461191
44000000.0	-10.2863710137
46000000.0	-0.637514857448
48000000.0	7.42990581551
50000000.0	5.78696722248
52000000.0	1.03795542349
54000000.0	-5.38337281753
56000000.0	-6.39787442157
58000000.0	-2.6427299805
60000000.0	4.36230597409
62000000.0	6.74174473697
64000000.0	4.38779478061
66000000.0	-1.16463240991
68000000.0	-4.19571312992
70000000.0	-2.90401135868
72000000.0	1.15080195171
74000000.0	4.45595018909
76000000.0	3.40394720974
78000000.0	-1.15773643327
80000000.0	-3.89197928952
82000000.0	-3.23633666691
84000000.0	1.74393489003
86000000.0	6.03187422672
88000000.0	5.88607279238
90000000.0	1.40332601741
92000000.0	-6.11389193309
94000000.0	-8.23869017498
96000000.0	-5.34902208984
98000000.0	2.01801573232
100000000.0	6.28571242741
102000000.0	6.30481544367
104000000.0	2.5130790733
106000000.0	-3.66178226184
108000000.0	-7.06034906579
110000000.0	-3.98682607955
112000000.0	0.0702162242936
114000000.0	3.86304339449
116000000.0	2.9291715086
118000000.0	0.166012039301
120000000.0	-2.84391114848
122000000.0	-3.21683371814
124000000.0	-2.34026074227
126000000.0	3.57742949644
128000000.0	2.6130568149
130000000.0	0.93093550278
132000000.0	-1.66622180774
134000000.0	-3.21072600265
136000000.0	-1.03535265253
138000000.0	2.4901770996
140000000.0	4.86458051051
142000000.0	3.90564148361
144000000.0	-0.493470396918
146000000.0	-4.27362666653
148000000.0	-4.94372275926
150000000.0	-1.13893665407
152000000.0	2.92571640583
154000000.0	4.67491915259
156000000.0	2.64243770514
158000000.0	-0.870084903587
160000000.0	-3.57194137754
162000000.0	-3.0273392105
164000000.0	0.157382611098
166000000.0	2.22003896729
168000000.0	2.93755148493
170000000.0	0.231688193266
172000000.0	-2.22640986902
174000000.0	-2.55150626424
176000000.0	-0.360742025952
178000000.0	1.69075417283
180000000.0	3.22209512733
182000000.0	1.091070192
184000000.0	-2.05134937399
186000000.0	-4.30320513917
188000000.0	-3.36789997073
190000000.0	0.938830597952
192000000.0	4.16428840901
194000000.0	4.46747568053
196000000.0	0.125545411074
198000000.0	-3.14105340107
200000000.0	-5.58694645205
202000000.0	-2.20969908776
204000000.0	2.83945255904
206000000.0	5.60783305451
208000000.0	4.34357444735
210000000.0	-2.07451797734
212000000.0	-4.69894713898
214000000.0	-3.90484279593
216000000.0	0.205324451241
218000000.0	3.80530784733
220000000.0	4.68996377385
222000000.0	2.01776036678
224000000.0	-2.08878023299
226000000.0	-4.41216012845
228000000.0	-1.80823064197
230000000.0	1.7500107055
232000000.0	4.97816159657
234000000.0	2.36929562573
236000000.0	-2.22594248915
238000000.0	-5.26929403359
240000000.0	-3.68614994235
242000000.0	2.6861335511
244000000.0	6.27214547789
246000000.0	5.88406932833
248000000.0	-0.711814160914
250000000.0	-7.89509489365
252000000.0	-7.81222135046
254000000.0	-2.29218002254
256000000.0	5.78116150002
258000000.0	9.89407232786
260000000.0	8.16206032863
262000000.0	-0.055020852821
264000000.0	-9.87620634925
266000000.0	-12.2246301746
268000000.0	-6.60154680434
270000000.0	5.03094735719
272000000.0	14.3821463221
274000000.0	14.3474215761
276000000.0	1.91979463879
278000000.0	-13.6474982488
280000000.0	-17.8816138597
282000000.0	-5.4427109652
284000000.0	15.3638655629
286000000.0	22.7900364097
288000000.0	1.16131662959
290000000.0	-34.7626438007
292000000.0	-45.7925115576
294000000.0	7.1053160504
296000000.0	126.840389055
298000000.0	255.327811113
300000000.0	-658.72532524
302000000.0	236.86629318
304000000.0	130.135512352
306000000.0	34.8837372322
308000000.0	-22.4615641326
310000000.0	-38.9640385126
312000000.0	-28.9454310293
314000000.0	-9.53572703359
316000000.0	10.0120308449
318000000.0	17.693964637
320000000.0	13.8267835698
322000000.0	2.57940445912
324000000.0	-8.58767884863
326000000.0	-11.6557702324
328000000.0	-5.57555432413
330000000.0	5.30679731207
332000000.0	9.22229117236
334000000.0	3.83447442592
336000000.0	-4.11896999668
338000000.0	-7.99269694197
340000000.0	-4.78505389271
342000000.0	4.49552840358
344000000.0	8.79816417687
346000000.0	5.14159082444
348000000.0	-2.56440349954
350000000.0	-7.81010973639
352000000.0	-5.94636391393
354000000.0	1.08974465903
356000000.0	6.54827782907
358000000.0	7.04895481564
360000000.0	1.01745627458
362000000.0	-5.2565153966
364000000.0	-6.23388712157
366000000.0	-4.1876862911
368000000.0	1.53724686622
370000000.0	6.55518891667
372000000.0	4.56482314334
374000000.0	1.24097196471
376000000.0	-2.50444179491
378000000.0	-4.22290309714
380000000.0	-2.22557574073
382000000.0	0.57538192896
384000000.0	2.97345386036
386000000.0	1.96967606431
388000000.0	0.196052953168
390000000.0	-1.95573027122
392000000.0	-1.04835498121
394000000.0	0.52546376806
396000000.0	1.99366110784
398000000.0	1.33881540318
400000000.0	1.34402300031
402000000.0	-2.78042870622
404000000.0	-3.57443147791
406000000.0	-2.53197598725
408000000.0	2.11401182476
410000000.0	3.19207239594
412000000.0	3.60163787449
414000000.0	0.740724420366
416000000.0	-2.99506023128
418000000.0	-2.79051008804
420000000.0	-2.38666142289
422000000.0	0.965952418328
424000000.0	2.27436329848
426000000.0	1.47713197524
428000000.0	-0.205558370598
430000000.0	-1.75293276367
432000000.0	-1.51239723628
434000000.0	-0.0901808245748
436000000.0	1.84149532037
438000000.0	1.45325784608
440000000.0	1.30892081484
442000000.0	-1.14247324336
444000000.0	-1.75704697233
446000000.0	-1.28105028066
448000000.0	1.53667469305
450000000.0	1.72906675434
452000000.0	1.20344330546
454000000.0	-0.376484979002
456000000.0	-1.70864473575
458000000.0	-1.20333769553
460000000.0	-0.0839614478317
462000000.0	0.287540193683
464000000.0	2.4294768514
466000000.0	0.922609268447
468000000.0	-1.01743175109
470000000.0	-1.98314800022
472000000.0	-2.03018377001
474000000.0	-0.194855827119
476000000.0	1.70320779161
478000000.0	1.8118249875
480000000.0	0.464900237596
482000000.0	-0.825120411244
484000000.0	-1.62391987807
486000000.0	0.0566248119308
488000000.0	0.0908782184524
490000000.0	1.00517359889
492000000.0	0.858916181073
494000000.0	-0.493385779189
496000000.0	-0.762244642488
498000000.0	-1.33248594756
500000000.0	-0.867411150438
502000000.0	0.642113545258
504000000.0	1.04246489411
506000000.0	0.52633522916
508000000.0	-0.353293501902
510000000.0	-1.19738893233
512000000.0	-1.22614235332
514000000.0	-0.0550955811024
516000000.0	0.980568450705
518000000.0	1.10677739666
520000000.0	0.189910613211
522000000.0	-1.07847208363
524000000.0	-0.622160279924
526000000.0	-1.10742181627
528000000.0	1.24760453842
530000000.0	1.08105874356
532000000.0	1.04821136619
534000000.0	-0.386850721288
536000000.0	-0.641784776826
538000000.0	-0.357087712406
540000000.0	-0.507786582175
542000000.0	1.06150210924
544000000.0	1.20024832104
546000000.0	1.01609724792
548000000.0	0.307226238522
550000000.0	-0.57995899315
552000000.0	-0.91854707733
554000000.0	0.640699656836
556000000.0	0.221110755229
558000000.0	0.688349787735
560000000.0	-0.28827674768
562000000.0	-0.976589669389
564000000.0	-0.00237521932955
566000000.0	0.363277486619
568000000.0	0.0407232279793
570000000.0	1.20820338355
572000000.0	0.93450225956
574000000.0	-0.525975331852
576000000.0	-0.459320485054
578000000.0	-0.526671035866
580000000.0	0.306777045736
582000000.0	-0.154451957042
584000000.0	0.636598873942
586000000.0	0.0196133345507
588000000.0	0.250859842749
590000000.0	0.656011139068
592000000.0	0.410052180936
594000000.0	0.0657138079388
596000000.0	-1.55915176999
598000000.0	-1.79158921131
600000000.0	4.27642678839
602000000.0	-1.52334430983
604000000.0	-1.21031297339
606000000.0	-0.215752316308
608000000.0	-0.123299837654
610000000.0	-0.127728610139
612000000.0	-0.1758223576
614000000.0	0.537709405368
616000000.0	0.0249546201288
618000000.0	0.590281721142
620000000.0	-0.685800341478
622000000.0	-1.08949913309
624000000.0	-0.803117863901
626000000.0	1.34316827987
628000000.0	1.11587535553
630000000.0	0.35909201399
632000000.0	0.482767485707
634000000.0	0.0515959174783
636000000.0	0.112808129259
638000000.0	0.625826127708
640000000.0	-0.861670043819
642000000.0	-0.334026672333
644000000.0	0.025756992544
646000000.0	0.181491435077
648000000.0	0.361828361155
650000000.0	-0.32080850843
652000000.0	-0.36527377875
654000000.0	0.443201187577
656000000.0	-0.608706478876
658000000.0	-0.0989511955245
660000000.0	0.851315617945
662000000.0	-0.332857469065
664000000.0	-0.578008366154
666000000.0	-0.731609017293
668000000.0	0.516679380424
670000000.0	-0.410389699235
672000000.0	0.868691777094
674000000.0	0.472478397155
676000000.0	-0.0955332427124
678000000.0	0.442267851294
680000000.0	0.448902246043
682000000.0	-0.332648788927
684000000.0	0.287527010988
686000000.0	-0.526535427474
688000000.0	0.000503979844985
690000000.0	-0.308400115767
692000000.0	-0.195284379354
694000000.0	0.483767383524
696000000.0	1.82093281357
698000000.0	0.426015589744
700000000.0	-1.36324424875
702000000.0	0.857255704323
704000000.0	0.27822746522
706000000.0	-0.131930557758
708000000.0	0.723736040865
710000000.0	-0.00888800457787
712000000.0	-0.287207317981
714000000.0	-0.501176170655
716000000.0	0.366113415365
718000000.0	-0.138099587685
720000000.0	0.683376820007
722000000.0	0.82792291501
724000000.0	0.104745435076
726000000.0	-0.461061717244
728000000.0	-1.06932105376
730000000.0	-1.02995478812
732000000.0	-0.908381636878
734000000.0	-0.032857723194
736000000.0	0.872618366648
738000000.0	0.775970486323
740000000.0	0.00806280510947
742000000.0	-1.43542379546
744000000.0	0.108806884835
746000000.0	-0.192019383772
748000000.0	0.516367557195
750000000.0	1.57044479715
752000000.0	-0.225117503246
754000000.0	-1.17031269544
756000000.0	-0.83591381577
758000000.0	-0.00982286108453
760000000.0	0.0516072987619
762000000.0	0.752395843013
764000000.0	0.574993404719
766000000.0	-0.29550990187
768000000.0	-0.903472140689
770000000.0	-0.917461914758
772000000.0	0.344528600968
774000000.0	1.17682670676
776000000.0	0.684896144843
778000000.0	0.344209763947
780000000.0	-1.00609121065
782000000.0	-1.33364741319
784000000.0	-0.48372270055
786000000.0	0.25985892961
788000000.0	1.36627156173
790000000.0	1.25325736906
792000000.0	0.500711036162
794000000.0	-1.02147082385
796000000.0	-0.849062688741
798000000.0	-0.588495780344
800000000.0	-0.484452286904
802000000.0	0.688318551232
804000000.0	0.841986103598
806000000.0	0.210899206647
808000000.0	-0.826789337908
810000000.0	-0.799132787691
812000000.0	0.41098665075
814000000.0	0.974119910567
816000000.0	0.11300484093
818000000.0	-0.00920676144994
820000000.0	-0.997977356747
822000000.0	-0.713308400164
824000000.0	-0.25066495151
826000000.0	1.45438026691
828000000.0	1.42740266871
830000000.0	1.66622236882
832000000.0	-0.541847160151
834000000.0	-1.24742778303
836000000.0	-2.56483914726
838000000.0	-0.496247492876
840000000.0	1.1892285082
842000000.0	2.11397092193
844000000.0	1.83823842457
846000000.0	0.169053066401
848000000.0	-2.29826394748
850000000.0	-2.34698276693
852000000.0	-0.0784695599654
854000000.0	1.61134084247
856000000.0	1.79429013883
858000000.0	1.09457533991
860000000.0	-1.90156336203
862000000.0	-2.56673327837
864000000.0	-0.154631637786
866000000.0	2.29023378529
868000000.0	3.20626360925
870000000.0	1.28577850355
872000000.0	-1.7821243811
874000000.0	-4.34409504305
876000000.0	-2.68115406037
878000000.0	1.79961433937
880000000.0	5.5310711404
882000000.0	5.59261543674
884000000.0	0.917609249629
886000000.0	-4.63597509027
888000000.0	-8.57054235631
890000000.0	-9.28801309606
892000000.0	-3.53126831209
894000000.0	8.40898306413
896000000.0	31.8292334118
898000000.0	57.5171583679
900000000.0	-158.403795717
902000000.0	60.8808932357
904000000.0	30.6181682488
906000000.0	1.7414800228
908000000.0	-12.1189282861
910000000.0	-9.59789403715
912000000.0	1.12376504727
914000000.0	7.09902153453
916000000.0	5.38666655156
918000000.0	-1.73712328541
920000000.0	-5.07951014793
922000000.0	-3.79897604187
924000000.0	0.733557325139
926000000.0	4.17748156527
928000000.0	3.29972618426
930000000.0	0.746672746237
932000000.0	-1.41778974278
934000000.0	-2.53863462561
936000000.0	-2.15395912562
938000000.0	0.236598512409
940000000.0	2.88236780737
942000000.0	2.48134731775
944000000.0	1.25685384024
946000000.0	0.214274714892
948000000.0	-1.77347247927
950000000.0	-1.06912707225
952000000.0	0.332610784623
954000000.0	1.58723857806
956000000.0	1.35455093738
958000000.0	0.341440760959
960000000.0	-0.676287663457
962000000.0	-1.37027822938
964000000.0	0.0688241055376
966000000.0	-0.146971078375
968000000.0	1.06801698967
970000000.0	1.0256385554
972000000.0	-0.0115579303056
974000000.0	-0.973239297777
976000000.0	-1.069638522
978000000.0	1.06787702251
980000000.0	1.16080518344
982000000.0	0.691333853324
984000000.0	0.259709512604
986000000.0	-1.48048008643
988000000.0	-0.483437076408
990000000.0	0.159333093673
992000000.0	0.516085883209
994000000.0	0.287818364423
996000000.0	1.19511777491
998000000.0	0.0695914116475
1000000000.0	-3.20304
1002000000.0	0.260593114944
1004000000.0	0.416307951527
1006000000.0	0.320516611253
1008000000.0	1.68854980455
1010000000.0	0.984670746658
1012000000.0	-0.0578245309069
1014000000.0	-1.11413716637
1016000000.0	0.584544903741
1018000000.0	0.954738762293
1020000000.0	-0.31637366713
1022000000.0	0.309636601185
1024000000.0	-0.767750060926
1026000000.0	0.43579168047
1028000000.0	-0.302748392838
1030000000.0	-0.143762024139
1032000000.0	0.754437092247
1034000000.0	0.234077449392
1036000000.0	-0.200315719432
1038000000.0	-0.459830811664
1040000000.0	-0.427198555662
1042000000.0	-0.931786812221
1044000000.0	0.573255248979
1046000000.0	0.25187571913
1048000000.0	1.28534505161
1050000000.0	0.857438278809
1052000000.0	-0.30692629863
1054000000.0	-1.02239467027
1056000000.0	-0.283012852184
1058000000.0	-0.517508956939
1060000000.0	-0.0439959358553
1062000000.0	0.597221214254
1064000000.0	-0.139638700729
1066000000.0	-0.0807105866065
1068000000.0	0.0346027217953
1070000000.0	0.0187111318858
1072000000.0	0.0259339462504
1074000000.0	0.179244428419
1076000000.0	0.068243277609
1078000000.0	0.206994417412
1080000000.0	-0.679012932563
1082000000.0	0.339535352561
1084000000.0	0.24456538485
1086000000.0	0.123753067328
1088000000.0	1.04139037344
1090000000.0	0.254048236377
1092000000.0	-0.527148143188
1094000000.0	-0.285493431872
1096000000.0	0.347634044696
1098000000.0	-0.406219149782
1100000000.0	1.95184700883
1102000000.0	-0.219842159886
1104000000.0	-0.787606507834
1106000000.0	-0.266107248807
1108000000.0	-0.138973722119
1110000000.0	0.0852672038864
1112000000.0	0.284569757456
1114000000.0	0.174730103422
1116000000.0	0.319163802458
1118000000.0	0.157516475494
1120000000.0	-0.678943620106
1122000000.0	0.480463333917
1124000000.0	1.16165890923
1126000000.0	0.429982054825
1128000000.0	-0.206139302234
1130000000.0	-0.827615241364
1132000000.0	-0.548456917152
1134000000.0	-0.939124505906
1136000000.0	0.226746654701
1138000000.0	0.036909890343
1140000000.0	-0.214533161328
1142000000.0	-0.157803513653
1144000000.0	-0.288773322843
1146000000.0	-1.01652483108
1148000000.0	0.748617133019
1150000000.0	0.83039819548
1152000000.0	-0.237242035696
1154000000.0	0.089084236795
1156000000.0	-0.653043058571
1158000000.0	-0.374884066712
1160000000.0	-0.33497583109
1162000000.0	-0.22436343866
1164000000.0	0.391788016125
1166000000.0	-0.30029088301
1168000000.0	-0.280199631231
1170000000.0	0.672086640199
1172000000.0	1.00813551513
1174000000.0	-0.247468544874
1176000000.0	0.573787816751
1178000000.0	-0.23205725337
1180000000.0	-0.577798216697
1182000000.0	-0.0510206279275
1184000000.0	-0.225971720351
1186000000.0	0.0334945720004
1188000000.0	-0.035694824554
1190000000.0	0.550139976032
1192000000.0	0.743022307886
1194000000.0	0.540437257086
1196000000.0	-1.55317987727
1198000000.0	-2.84713994752
1200000000.0	6.74194699969
1202000000.0	-2.24357563354
1204000000.0	-0.817015227828
1206000000.0	0.104584209407
1208000000.0	0.499783590157
1210000000.0	0.630215849587
1212000000.0	-0.478865409568
1214000000.0	-0.172056209886
1216000000.0	-0.244149955807
1218000000.0	-0.188698888386
1220000000.0	0.400935765971
1222000000.0	0.191055579179
1224000000.0	0.425310118805
1226000000.0	-0.532290139027
1228000000.0	0.471223416709
1230000000.0	-0.588207749022
1232000000.0	-0.637442164281
1234000000.0	-1.24431226024
1236000000.0	-0.379495783116
1238000000.0	0.626208738928
1240000000.0	0.509925723247
1242000000.0	0.578518408433
1244000000.0	0.195108773608
1246000000.0	0.226854286715
1248000000.0	-0.310887561652
1250000000.0	-0.00767158856153
1252000000.0	0.278112499547
1254000000.0	0.268266569782
1256000000.0	0.469650184642
1258000000.0	1.07208738687
1260000000.0	-0.26428426068
1262000000.0	-1.00014409415
1264000000.0	0.861976010437
1266000000.0	1.01533094798
1268000000.0	0.718575580975
1270000000.0	0.0706958598521
1272000000.0	0.448920257291
1274000000.0	0.115956802458
1276000000.0	-0.245897709674
1278000000.0	0.0492997921895
1280000000.0	0.278320310265
1282000000.0	0.270285029165
1284000000.0	-0.147807687058
1286000000.0	-0.282342551108
1288000000.0	-0.479629744056
1290000000.0	-0.519276999431
1292000000.0	-0.00676316818655
1294000000.0	0.276608325362
1296000000.0	0.777566161312
1298000000.0	1.50897521825
1300000000.0	-2.42097831283
1302000000.0	1.41139700113
1304000000.0	1.17321667102
1306000000.0	0.866901151192
1308000000.0	-0.170724877349
1310000000.0	-0.477420095014
1312000000.0	1.14022592701
1314000000.0	-0.352313747603
1316000000.0	-0.730386589208
1318000000.0	0.265168348361
1320000000.0	-0.000483242326812
1322000000.0	-0.743919569554
1324000000.0	-0.686330862468
1326000000.0	0.355096623374
1328000000.0	0.776520946494
1330000000.0	-0.0856912344662
1332000000.0	-0.523890945688
1334000000.0	-0.266161525548
1336000000.0	1.11827907776
1338000000.0	-0.554630086872
1340000000.0	-0.347276798737
1342000000.0	0.303432455992
1344000000.0	-0.374333046421
1346000000.0	-0.359999647909
1348000000.0	-0.515988918626
1350000000.0	0.691104190626
1352000000.0	0.652869564539
1354000000.0	-0.235549481879
1356000000.0	0.249348625149
1358000000.0	-0.00561900151828
1360000000.0	0.502064138485
1362000000.0	-0.509770116892
1364000000.0	-0.277080101772
1366000000.0	0.16946635356
1368000000.0	-0.2667588002
1370000000.0	0.18964890448
1372000000.0	-0.040556303919
1374000000.0	2.15454383314
1376000000.0	-2.51540647116
1378000000.0	-0.0842952503963
1380000000.0	-0.823818416954
1382000000.0	-0.247417399996
1384000000.0	-0.820079871073
1386000000.0	0.425809265873
1388000000.0	-0.541707045925
1390000000.0	-0.852637760844
1392000000.0	-0.949450262368
1394000000.0	-0.452375091953
1396000000.0	0.227251628494
1398000000.0	0.0672865462351
1400000000.0	1.26413645842
1402000000.0	0.306742274045
1404000000.0	-0.0285774036918
1406000000.0	-1.55837080062
1408000000.0	-0.686257839162
1410000000.0	0.229216459024
1412000000.0	0.439213762937
1414000000.0	0.365074988429
1416000000.0	-0.890005343528
1418000000.0	-0.543515572938
1420000000.0	-0.918328891366
1422000000.0	0.653465671539
1424000000.0	0.121607118924
1426000000.0	-0.00218860313076
1428000000.0	-0.256124773357
1430000000.0	0.0930701896218
1432000000.0	-0.176169650573
1434000000.0	-0.931980817127
1436000000.0	-0.513699653368
1438000000.0	0.814814220856
1440000000.0	0.410833201728
1442000000.0	-0.290145245207
1444000000.0	-0.0680131752059
1446000000.0	0.827695125058
1448000000.0	0.00609136813555
1450000000.0	0.971825744643
1452000000.0	0.803230734954
1454000000.0	0.363843492645
1456000000.0	0.0338215354673
1458000000.0	-0.816020900019
1460000000.0	-0.440767592941
1462000000.0	-0.549947659122
1464000000.0	1.16367154539
1466000000.0	1.39155695029
1468000000.0	1.32300330524
1470000000.0	-0.00342734595808
1472000000.0	-2.45022804984
1474000000.0	-1.81365921518
1476000000.0	-0.997722433075
1478000000.0	2.15873015969
1480000000.0	2.46453092155
1482000000.0	0.718326133214
1484000000.0	-1.37761505002
1486000000.0	-2.81713805144
1488000000.0	-0.87416128723
1490000000.0	2.16554779953
1492000000.0	4.5118028524
1494000000.0	1.26393299305
1496000000.0	-7.80907548355
1498000000.0	-17.9496946599
1500000000.0	44.5858511504
1502000000.0	-13.2331011487
1504000000.0	-8.01653709287
1506000000.0	-3.22789541485
1508000000.0	-0.197528574263
1510000000.0	2.34995298916
1512000000.0	3.38965941464
1514000000.0	2.72093886992
1516000000.0	0.470808680888
1518000000.0	-3.03431572978
1520000000.0	-2.26992127784
1522000000.0	-0.856806192401
1524000000.0	0.6731370759
1526000000.0	2.47452521023
1528000000.0	1.1161072105
1530000000.0	-0.032167062245
1532000000.0	-0.90556164897
1534000000.0	-0.311480463458
1536000000.0	0.753890883099
1538000000.0	0.400816101415
1540000000.0	0.245429708631
1542000000.0	-0.150176144159
1544000000.0	-1.04544785438
1546000000.0	-0.195153377982
1548000000.0	0.352576957387
1550000000.0	-0.333888708829
1552000000.0	0.225252022095
1554000000.0	-0.554487094193
1556000000.0	-0.330126200306
1558000000.0	-0.622164477646
1560000000.0	-0.568756987173
1562000000.0	-0.303790832125
1564000000.0	0.972590941667
1566000000.0	0.684436799902
1568000000.0	-0.391355029544
1570000000.0	-0.473982630174
1572000000.0	-0.928511912999
1574000000.0	-0.165138214779
1576000000.0	-0.307096390985
1578000000.0	0.846727295431
1580000000.0	0.529568557684
1582000000.0	0.000419761500555
1584000000.0	-0.560481228438
1586000000.0	-0.988615947021
1588000000.0	-0.196989189006
1590000000.0	0.387741731852
1592000000.0	-0.385360374015
1594000000.0	0.602664003256
1596000000.0	0.486385619483
1598000000.0	-0.293901941901
1600000000.0	-1.4451677131
1602000000.0	1.87057184084
1604000000.0	0.713815756313
1606000000.0	0.482631880262
1608000000.0	-0.0675892706611
1610000000.0	-0.0580495793678
1612000000.0	-0.974474346424
1614000000.0	0.460048823636
1616000000.0	-0.436685718043
1618000000.0	-0.604944479132
1620000000.0	0.289721602263
1622000000.0	0.139737160605
1624000000.0	0.472669953358
1626000000.0	-1.28048302887
1628000000.0	-0.875643967589
1630000000.0	-0.434190937052
1632000000.0	0.400264263394
1634000000.0	-0.378822787869
1636000000.0	-0.340271885228
1638000000.0	0.343832062203
1640000000.0	-0.627226674024
1642000000.0	0.253387683989
1644000000.0	0.592141064903
1646000000.0	0.244816217385
1648000000.0	-0.429723993857
1650000000.0	-0.189282504676
1652000000.0	-0.03824402948
1654000000.0	-0.134745539008
1656000000.0	0.294468658201
1658000000.0	0.279911560547
1660000000.0	0.77124969336
1662000000.0	0.113427771119
1664000000.0	0.369300495489
1666000000.0	-0.350953327332
1668000000.0	0.0504101644132
1670000000.0	0.520182470213
1672000000.0	-0.0738677604741
1674000000.0	0.00396309970836
1676000000.0	-0.298081429795
1678000000.0	-0.433484027988
1680000000.0	-0.00360619467135
1682000000.0	0.500649724227
1684000000.0	0.590390423149
1686000000.0	-0.439533052244
1688000000.0	0.382345262388
1690000000.0	0.00255207767364
1692000000.0	-0.508155651182
1694000000.0	-0.0574518537182
1696000000.0	0.216954890095
1698000000.0	0.531381721656
1700000000.0	-1.54304697578
1702000000.0	0.0908164347717
1704000000.0	0.311880450289
1706000000.0	-0.0256919413351
1708000000.0	-0.413288850929
1710000000.0	0.122560810527
1712000000.0	-0.749352359157
1714000000.0	-0.117795207693
1716000000.0	0.208529498322
1718000000.0	0.447548908668
1720000000.0	0.229538810617
1722000000.0	-0.32196222541
1724000000.0	-1.0257571752
1726000000.0	-0.0812914430374
1728000000.0	-0.252454313367
1730000000.0	-0.0906331609064
1732000000.0	0.24390336811
1734000000.0	-0.299455943328
1736000000.0	-0.108142080359
1738000000.0	0.767745646265
1740000000.0	0.159960380493
1742000000.0	-0.047126055264
1744000000.0	0.190372678868
1746000000.0	-0.0277739736186
1748000000.0	0.428080387256
1750000000.0	0.707421685058
1752000000.0	-0.147402082405
1754000000.0	-1.40311565874
1756000000.0	0.604580682817
1758000000.0	0.260674021981
1760000000.0	-0.115717893322
1762000000.0	0.328192184626
1764000000.0	-0.790111650302
1766000000.0	-0.410662930315
1768000000.0	-0.0368190695247
1770000000.0	-0.291255048613
1772000000.0	0.517147234627
1774000000.0	0.557733533144
1776000000.0	-0.206433688432
1778000000.0	0.285209615864
1780000000.0	0.254246602487
1782000000.0	-0.269904061581
1784000000.0	0.15749696554
1786000000.0	0.781921458339
1788000000.0	-0.221827337165
1790000000.0	0.141474452875
1792000000.0	-0.272120264883
1794000000.0	0.317446626118
1796000000.0	0.257715923619
1798000000.0	0.5217979139
1800000000.0	-0.891176794765
1802000000.0	1.18410918783
1804000000.0	0.181281826362
1806000000.0	-0.220592108711
1808000000.0	0.00536543372067
1810000000.0	-0.251371986465
1812000000.0	-0.504610327063
1814000000.0	0.31390164609
1816000000.0	-0.203088418355
1818000000.0	0.176205390773
1820000000.0	0.603051551261
1822000000.0	0.148940411897
1824000000.0	0.251085486217
1826000000.0	-0.436723568636
1828000000.0	0.260258642627
1830000000.0	-0.460771750473
1832000000.0	0.678838616937
1834000000.0	0.722568745253
1836000000.0	0.364703532663
1838000000.0	0.816503059737
1840000000.0	0.803919908832
1842000000.0	-0.202521743461
1844000000.0	-0.712900527681
1846000000.0	0.083053553629
1848000000.0	0.495610048312
1850000000.0	-0.115191379834
1852000000.0	0.0564305446621
1854000000.0	0.000297136336336
1856000000.0	-1.01823236103
1858000000.0	0.546184933141
1860000000.0	-0.197437906277
1862000000.0	0.863781670432
1864000000.0	0.962784703797
1866000000.0	0.415655385467
1868000000.0	0.0715843614984
1870000000.0	-0.229048219519
1872000000.0	-0.22551377358
1874000000.0	-0.584361897641
1876000000.0	-0.76141352849
1878000000.0	0.0738899677202
1880000000.0	-0.0787323598141
1882000000.0	0.133925565226
1884000000.0	0.0464733969208
1886000000.0	-0.127360557071
1888000000.0	0.102507333624
1890000000.0	0.843079736086
1892000000.0	0.237074587359
1894000000.0	-0.0508437168431
1896000000.0	-3.14247688681
1898000000.0	-5.85067846167
1900000000.0	14.8738410581
1902000000.0	-6.00877262761
1904000000.0	-3.26152876978
1906000000.0	0.238175268778
1908000000.0	0.654676235135
1910000000.0	1.45535804611
1912000000.0	0.57875817328
1914000000.0	0.719788263038
1916000000.0	0.0526307035944
1918000000.0	-0.538475349357
1920000000.0	-0.0136017211261
1922000000.0	-0.158643273757
1924000000.0	0.854323381458
1926000000.0	0.0258213925578
1928000000.0	-0.512376558186
1930000000.0	-0.11463214734
1932000000.0	0.291376865633
1934000000.0	-0.272145905076
1936000000.0	0.25053359211
1938000000.0	0.296701553053
1940000000.0	0.775325331813
1942000000.0	0.0378160479165
1944000000.0	-0.309831478331
1946000000.0	-0.4631683017
1948000000.0	0.0547802112724
1950000000.0	-0.712114061822
1952000000.0	0.190584204599
1954000000.0	0.203296178369
1956000000.0	-0.187092822146
1958000000.0	-0.0361326915812
1960000000.0	0.149636619944
1962000000.0	1.12578378872
1964000000.0	0.137852638741
1966000000.0	0.163894118206
1968000000.0	-0.0459476926918
1970000000.0	0.095506629877
1972000000.0	0.0881992390937
1974000000.0	0.54933779856
1976000000.0	-0.249011042785
1978000000.0	0.494463512768
1980000000.0	0.138886742817
1982000000.0	0.00323758101666
1984000000.0	-0.178610481194
1986000000.0	-0.72163063182
1988000000.0	-0.0748613190804
1990000000.0	0.115780244954
1992000000.0	0.201352611347
1994000000.0	-0.278524925631
1996000000.0	-0.695787152176
1998000000.0	-1.25481408439
2000000000.0	2.81246
