0.0	-2.175
2000000.0	0.879370867293
4000000.0	1.48115285042
6000000.0	0.240442881109
8000000.0	0.227381445577
10000000.0	0.870931808177
12000000.0	1.1557855758
14000000.0	1.78721793276
16000000.0	3.75356471422
18000000.0	5.10110510782
20000000.0	4.79745545097
22000000.0	2.15355454517
24000000.0	-1.02000171708
26000000.0	-3.68733315382
28000000.0	-4.93196522122
30000000.0	-4.34470022535
32000000.0	-2.21382372119
34000000.0	1.31633000563
36000000.0	4.69114526876
38000000.0	5.32716208843
40000000.0	3.00124219341
42000000.0	0.438876865073
44000000.0	-1.71160359376
46000000.0	-2.79261361374
48000000.0	-2.73363718632
50000000.0	-1.47933345343
52000000.0	0.0785807073283
54000000.0	1.02157583952
56000000.0	1.35044255172
58000000.0	0.55045768551
60000000.0	-0.586027147196
62000000.0	-1.16793102817
64000000.0	-1.25059757453
66000000.0	-0.808514859758
68000000.0	-0.336184913624
70000000.0	-0.192158535852
72000000.0	-0.199396726171
74000000.0	0.0794422507329
76000000.0	0.103593971342
78000000.0	-0.176721947898
80000000.0	-0.330705634835
82000000.0	-0.473955101196
84000000.0	-0.796629387645
86000000.0	-0.884283301482
88000000.0	-0.66898400955
90000000.0	-0.137879034898
92000000.0	0.511393509639
94000000.0	0.905155005302
96000000.0	0.830417882296
98000000.0	0.0991724339499
100000000.0	-0.685195811844
102000000.0	-1.50335025636
104000000.0	-1.36186812134
106000000.0	-0.517785719488
108000000.0	0.666741028222
110000000.0	1.21792911024
112000000.0	1.09543250671
114000000.0	0.545262558592
116000000.0	-0.552280961815
118000000.0	-1.19695610762
120000000.0	-1.2817533125
122000000.0	-0.416399730729
124000000.0	0.0312841902107
126000000.0	1.2348681581
128000000.0	1.10200962124
130000000.0	0.366382634368
132000000.0	-0.462133142128
134000000.0	-0.765617119829
136000000.0	-0.310420690547
138000000.0	0.2301329714
140000000.0	0.621200029154
142000000.0	0.555676407763
144000000.0	0.139999164025
146000000.0	-0.193929949729
148000000.0	-0.399304478858
150000000.0	-0.58365658817
152000000.0	0.0519284272465
154000000.0	0.319633621168
156000000.0	0.405239159995
158000000.0	0.289072378907
160000000.0	-0.215323054503
162000000.0	-0.495576042466
164000000.0	-0.144905759981
166000000.0	0.10650354238
168000000.0	0.333041217404
170000000.0	0.314765937238
172000000.0	-0.155874988152
174000000.0	-0.592889213721
176000000.0	-0.563005390624
178000000.0	-0.196096859898
180000000.0	0.209501911221
182000000.0	0.894829151837
184000000.0	0.793799524779
186000000.0	0.229082542646
188000000.0	-0.496791682688
190000000.0	-1.05700563813
192000000.0	-0.930714376692
194000000.0	-0.292144032451
196000000.0	0.605349730596
198000000.0	0.992796620519
200000000.0	1.01803039973
202000000.0	0.22719793317
204000000.0	-0.577275497008
206000000.0	-1.16629243313
208000000.0	-0.843594815034
210000000.0	-0.201985735925
212000000.0	0.535685553621
214000000.0	0.701733599567
216000000.0	0.40788672848
218000000.0	-0.0408791955236
220000000.0	-0.288782494625
222000000.0	-0.453078187037
224000000.0	-0.00899215588581
226000000.0	0.344426551033
228000000.0	0.27550006783
230000000.0	-0.0698420583651
232000000.0	-0.457946031405
234000000.0	-0.599090170952
236000000.0	-0.0770220830243
238000000.0	0.574796045163
240000000.0	1.05691053607
242000000.0	0.791573147688
244000000.0	-0.078174383391
246000000.0	-0.934227095312
248000000.0	-1.30153382478
250000000.0	-0.680388464899
252000000.0	-0.0897616504799
254000000.0	1.40881225667
256000000.0	1.88879545372
258000000.0	1.42793286364
260000000.0	-0.395015826863
262000000.0	-2.09441477379
264000000.0	-2.56289403528
266000000.0	-1.33590263427
268000000.0	0.648328945422
270000000.0	2.22393420205
272000000.0	2.42976335203
274000000.0	1.59536750394
276000000.0	-0.33393877695
278000000.0	-2.14974509348
280000000.0	-3.04213718779
282000000.0	-2.030937907
284000000.0	0.876606747312
286000000.0	3.22431765721
288000000.0	2.74899223889
290000000.0	-0.431311626368
292000000.0	-3.04083654755
294000000.0	-1.55304734782
296000000.0	4.21764113552
298000000.0	9.79307498535
300000000.0	-25.4848461519
302000000.0	6.86770856416
304000000.0	5.83280680815
306000000.0	4.8490593466
308000000.0	2.41385886479
310000000.0	-1.6532091338
312000000.0	-4.90548871213
314000000.0	-4.63089850147
316000000.0	-1.05234411659
318000000.0	2.8161494868
320000000.0	4.38273759081
322000000.0	2.87966380953
324000000.0	0.124919752205
326000000.0	-2.22594897314
328000000.0	-2.91492302878
330000000.0	-1.93674903131
332000000.0	-0.287747384534
334000000.0	1.55903777831
336000000.0	2.25165896563
338000000.0	1.74758487679
340000000.0	0.0805582097969
342000000.0	-1.49453149248
344000000.0	-1.90187740161
346000000.0	-0.943737851182
348000000.0	0.222295535312
350000000.0	1.09065268736
352000000.0	1.0143640565
354000000.0	0.433984156392
356000000.0	-0.390788170722
358000000.0	-0.684807817715
360000000.0	-0.673422669661
362000000.0	-0.0616126887058
364000000.0	0.47971676259
366000000.0	0.554520848656
368000000.0	0.0805393134459
370000000.0	-0.309915275919
372000000.0	-0.469730369573
374000000.0	-0.237799156136
376000000.0	0.137998779895
378000000.0	0.685116001555
380000000.0	0.665585218522
382000000.0	0.263303838939
384000000.0	-0.414166046697
386000000.0	-0.86774099794
388000000.0	-0.655256881457
390000000.0	-0.148725150795
392000000.0	0.556167155878
394000000.0	0.857005318588
396000000.0	0.797852096925
398000000.0	-0.0528601173184
400000000.0	-0.567005498158
402000000.0	-0.89705425156
404000000.0	-0.580619229422
406000000.0	-0.131394698752
408000000.0	0.562210298312
410000000.0	0.754747955865
412000000.0	0.528853243917
414000000.0	-0.0744860715297
416000000.0	-0.564982739759
418000000.0	-0.53564218917
420000000.0	-0.360656312876
422000000.0	0.0615991328713
424000000.0	0.357779507805
426000000.0	0.359454316267
428000000.0	0.230640776621
430000000.0	0.0247762183045
432000000.0	-0.113984762065
434000000.0	-0.288081979711
436000000.0	0.0506881114607
438000000.0	0.0374761555404
440000000.0	0.0239571069265
442000000.0	0.0784043085878
444000000.0	-0.312423515643
446000000.0	-0.189602276542
448000000.0	-0.0587329027359
450000000.0	0.0332607166745
452000000.0	0.226118368726
454000000.0	0.231351516023
456000000.0	-0.0844116397746
458000000.0	-0.313658107294
460000000.0	-0.38100413415
462000000.0	-0.241632282501
464000000.0	-0.0298293581276
466000000.0	0.282862702462
468000000.0	0.327266216976
470000000.0	0.232073451461
472000000.0	-0.124305304502
474000000.0	-0.298905692877
476000000.0	-0.292439901811
478000000.0	-0.257964894616
480000000.0	-0.0165934284857
482000000.0	0.1437418714
484000000.0	0.3479029014
486000000.0	0.310229763021
488000000.0	-0.0304142127376
490000000.0	-0.114819634759
492000000.0	-0.336552015773
494000000.0	-0.30498416731
496000000.0	-0.168474032145
498000000.0	0.00344926556773
500000000.0	0.0923189494882
502000000.0	-0.012182205073
504000000.0	-0.174769205118
506000000.0	-0.103008457178
508000000.0	0.0246882451117
510000000.0	-0.0458442773344
512000000.0	0.0093631690023
514000000.0	0.0636213795284
516000000.0	-0.212664307063
518000000.0	-0.0729547548676
520000000.0	-0.0451845219776
522000000.0	0.123641122292
524000000.0	0.156916097182
526000000.0	0.113610469243
528000000.0	0.013055568453
530000000.0	-0.150063523556
532000000.0	-0.026669006293
534000000.0	-0.304639208383
536000000.0	-0.154664802168
538000000.0	0.126446726872
540000000.0	0.173745379581
542000000.0	0.125315831539
544000000.0	0.119015244157
546000000.0	0.0312159825848
548000000.0	-0.116125760275
550000000.0	-0.24484746747
552000000.0	-0.123500668912
554000000.0	0.0434831977622
556000000.0	0.0637925871525
558000000.0	0.269532384811
560000000.0	0.119442380911
562000000.0	-0.0275189535281
564000000.0	-0.15638941869
566000000.0	-0.0913893897485
568000000.0	-0.150876620467
570000000.0	0.00928612907694
572000000.0	0.160302717924
574000000.0	0.113952328819
576000000.0	0.00391838670283
578000000.0	0.00868863902577
580000000.0	-0.104356102464
582000000.0	-0.0104780304649
584000000.0	0.0974884074476
586000000.0	-0.0615329494037
588000000.0	-0.0384367938974
590000000.0	-0.171152424523
592000000.0	0.0686934484132
594000000.0	0.0985942227829
596000000.0	0.306514554305
598000000.0	0.391283019441
600000000.0	-0.768508507248
602000000.0	0.264623015282
604000000.0	0.136898226557
606000000.0	0.0230045334925
608000000.0	0.00145361070862
610000000.0	-0.0864707135589
612000000.0	0.119872855469
614000000.0	-0.0407719617414
616000000.0	0.0102015909311
618000000.0	0.0313465473309
620000000.0	0.0505297914944
622000000.0	-0.0535268564161
624000000.0	-0.068269165502
626000000.0	-0.00276618611875
628000000.0	-0.0564532784445
630000000.0	-0.058232963562
632000000.0	0.183123940112
634000000.0	0.0234223396627
636000000.0	0.108084101034
638000000.0	0.034551375834
640000000.0	0.0238756612643
642000000.0	-0.0960841449505
644000000.0	-0.162993346888
646000000.0	-0.199267204378
648000000.0	0.0415844406255
650000000.0	0.038556772334
652000000.0	0.0951955773994
654000000.0	0.0202390256006
656000000.0	0.0286278110213
658000000.0	-0.129705687345
660000000.0	-0.146377716426
662000000.0	0.025046792831
664000000.0	0.0373265360314
666000000.0	0.162364152892
668000000.0	0.192442283193
670000000.0	0.114611076924
672000000.0	-0.0366007001475
674000000.0	-0.114731417924
676000000.0	0.0535784752619
678000000.0	0.0155374483198
680000000.0	-0.00739154911511
682000000.0	-0.0589157596792
684000000.0	-0.15327166633
686000000.0	0.0830722355229
688000000.0	0.0486240944927
690000000.0	0.10524502258
692000000.0	-0.0530569577801
694000000.0	0.0462918113982
696000000.0	0.0193469886238
698000000.0	-0.0545408770327
700000000.0	0.230512090449
702000000.0	-0.0697551278406
704000000.0	-0.00865449794558
706000000.0	-0.0216984453663
708000000.0	0.233561207523
710000000.0	0.216121917717
712000000.0	-0.0715023992099
714000000.0	0.0261461211979
716000000.0	-0.116634163106
718000000.0	-0.270712139905
720000000.0	-0.167148314724
722000000.0	0.0192702874647
724000000.0	0.186072672682
726000000.0	0.133974268226
728000000.0	0.117475563943
730000000.0	0.0415725610827
732000000.0	-0.120714081693
734000000.0	-0.124100056226
736000000.0	-0.232739474849
738000000.0	0.0563893828977
740000000.0	0.204314447488
742000000.0	0.140683723796
744000000.0	-0.154686320306
746000000.0	-0.113820710136
748000000.0	-0.128632190029
750000000.0	-0.10242783022
752000000.0	0.00543165691203
754000000.0	0.0127763871559
756000000.0	-0.11531191489
758000000.0	0.0582832418278
760000000.0	-0.125157914739
762000000.0	-0.200514022048
764000000.0	0.0156031962954
766000000.0	0.060376644734
768000000.0	0.163926645576
770000000.0	0.058249936556
772000000.0	-0.00977678961719
774000000.0	-0.333419054463
776000000.0	-0.171035068258
778000000.0	-0.0613407821857
780000000.0	0.0664105531711
782000000.0	0.274225865181
784000000.0	0.240751412132
786000000.0	0.0995777172993
788000000.0	-0.0579421824184
790000000.0	-0.332107355438
792000000.0	-0.187726561583
794000000.0	0.0451705449008
796000000.0	0.21994642631
798000000.0	0.295755425199
800000000.0	0.390781593658
802000000.0	-0.175410041961
804000000.0	-0.204063968773
806000000.0	-0.282745827764
808000000.0	-0.184268251531
810000000.0	0.0795906120755
812000000.0	0.0905507543274
814000000.0	0.170596219478
816000000.0	0.152563286031
818000000.0	-0.0417683244822
820000000.0	-0.200928349245
822000000.0	-0.214222473319
824000000.0	-0.068031314878
826000000.0	0.185808378936
828000000.0	0.20362538461
830000000.0	0.182962722805
832000000.0	-0.149936998399
834000000.0	-0.320998088894
836000000.0	-0.0354618226168
838000000.0	-0.0798445744326
840000000.0	0.192671068321
842000000.0	0.306939809352
844000000.0	0.126211205619
846000000.0	-0.0780107758746
848000000.0	-0.20860202793
850000000.0	-0.459063035977
852000000.0	-0.160132703457
854000000.0	0.345798489563
856000000.0	0.573190163079
858000000.0	0.441933726873
860000000.0	0.113409389198
862000000.0	-0.535444879507
864000000.0	-0.658340000978
866000000.0	-0.546461174777
868000000.0	0.084533978866
870000000.0	0.650020158396
872000000.0	0.826834928935
874000000.0	0.660315912482
876000000.0	-0.254435823434
878000000.0	-0.764047962708
880000000.0	-1.17210099838
882000000.0	-0.929260705481
884000000.0	0.229521546139
886000000.0	1.14924869498
888000000.0	1.24382572096
890000000.0	0.367421110522
892000000.0	-0.888674325567
894000000.0	-1.03788168869
896000000.0	-0.407305525466
898000000.0	0.177782618713
900000000.0	0.51347559895
902000000.0	-0.588361400555
904000000.0	0.148264749251
906000000.0	0.841992484049
908000000.0	0.751528305835
910000000.0	-0.181524341217
912000000.0	-1.06268895279
914000000.0	-1.0941516839
916000000.0	-0.400460096368
918000000.0	0.638394691689
920000000.0	1.0999375394
922000000.0	0.829436185275
924000000.0	-0.0635210054923
926000000.0	-0.640384208988
928000000.0	-0.856839005288
930000000.0	-0.732756049709
932000000.0	-0.297961654389
934000000.0	0.374889586306
936000000.0	0.654545902284
938000000.0	0.504900201659
940000000.0	-0.0341827280146
942000000.0	-0.340203819057
944000000.0	-0.596090146245
946000000.0	-0.235436340947
948000000.0	-0.049185317772
950000000.0	0.192875631024
952000000.0	0.2415410311
954000000.0	0.138333061874
956000000.0	-0.163852906616
958000000.0	-0.168340605693
960000000.0	-0.122025148274
962000000.0	0.124435299857
964000000.0	0.0268915451892
966000000.0	0.243613505244
968000000.0	-0.084059054107
970000000.0	-0.234188107159
972000000.0	-0.0455020058925
974000000.0	-0.0537085673924
976000000.0	0.158485413197
978000000.0	0.209743643552
980000000.0	0.223294212788
982000000.0	-0.0216095344716
984000000.0	-0.277274903566
986000000.0	-0.327153257067
988000000.0	-0.139341198397
990000000.0	-0.0622412556313
992000000.0	0.2258920551
994000000.0	0.264055639301
996000000.0	0.299520540589
998000000.0	-0.103679815403
1000000000.0	0.6125
1002000000.0	-0.287228931476
1004000000.0	-0.162305046728
1006000000.0	0.0176637557508
1008000000.0	0.052297799334
1010000000.0	0.169236394124
1012000000.0	0.200688584688
1014000000.0	-0.04139065645
1016000000.0	-0.0926217634841
1018000000.0	-0.244984442678
1020000000.0	-0.0956688242109
1022000000.0	0.0577105788292
1024000000.0	0.0632374765942
1026000000.0	0.0155022846304
1028000000.0	0.119765832188
1030000000.0	-0.00178024496061
1032000000.0	-0.0794349598876
1034000000.0	-0.0359980630291
1036000000.0	0.0747524772682
1038000000.0	-0.00760938490582
1040000000.0	-0.100531482105
1042000000.0	-0.0417340379321
1044000000.0	-0.154442664316
1046000000.0	-0.00267108407813
1048000000.0	0.142598437405
1050000000.0	0.059115488351
1052000000.0	0.169771344935
1054000000.0	0.0489695126402
1056000000.0	0.00379602728467
1058000000.0	0.0330514895738
1060000000.0	-0.0175404370467
1062000000.0	-0.154870253971
1064000000.0	0.0104274469043
1066000000.0	0.163530758474
1068000000.0	0.0163055150969
1070000000.0	0.106258422467
1072000000.0	-0.0967162938683
1074000000.0	-0.0983168887852
1076000000.0	-0.16198544388
1078000000.0	0.0370073643951
1080000000.0	0.0730855575192
1082000000.0	-0.0317759678072
1084000000.0	0.133113451195
1086000000.0	0.0863187496012
1088000000.0	0.0953666590153
1090000000.0	0.0497900565089
1092000000.0	-0.07313145238
1094000000.0	-0.0855386250353
1096000000.0	-0.111142758515
1098000000.0	-0.00656816300928
1100000000.0	0.176598872314
1102000000.0	-0.085491696596
1104000000.0	-0.0150482453423
1106000000.0	0.046197586214
1108000000.0	0.0486323642253
1110000000.0	0.0830403608632
1112000000.0	-0.146959494635
1114000000.0	0.0122400953957
1116000000.0	-0.103522238913
1118000000.0	-0.0491721826636
1120000000.0	-0.0572448694736
1122000000.0	0.0189501210941
1124000000.0	0.0147113256763
1126000000.0	0.0530283676144
1128000000.0	0.0137580289668
1130000000.0	-0.0506579903263
1132000000.0	-0.114482011972
1134000000.0	-0.116671828427
1136000000.0	-0.0914082613662
1138000000.0	0.0747494516867
1140000000.0	0.035426727727
1142000000.0	-0.0296425189285
1144000000.0	-0.0246834212756
1146000000.0	0.0534313281414
1148000000.0	-0.0426321551704
1150000000.0	-0.0426189565874
1152000000.0	-0.0208811257245
1154000000.0	-0.0488324977442
1156000000.0	-0.010308047849
1158000000.0	0.0475798799124
1160000000.0	-0.105386143024
1162000000.0	-0.0307477852661
1164000000.0	-0.09483541747
1166000000.0	0.0874975995424
1168000000.0	-0.00578143314147
1170000000.0	-0.0146704241531
1172000000.0	-0.0254896572556
1174000000.0	-0.0796894827528
1176000000.0	-0.0410107150341
1178000000.0	-0.0387540723931
1180000000.0	0.0117253730531
1182000000.0	0.09957864449
1184000000.0	-0.020052702004
1186000000.0	-0.0775838162036
1188000000.0	-0.0903824824947
1190000000.0	-0.0117497575578
1192000000.0	-0.0936608971622
1194000000.0	0.0941264513885
1196000000.0	0.191836798277
1198000000.0	0.301745529417
1200000000.0	-0.822057001842
1202000000.0	0.333593811129
1204000000.0	0.198413248885
1206000000.0	-0.00605380317391
1208000000.0	-0.0911355152239
1210000000.0	-0.105575371263
1212000000.0	0.00820265015327
1214000000.0	0.00834060426964
1216000000.0	-0.114703728757
1218000000.0	0.10515493638
1220000000.0	0.0498348701788
1222000000.0	0.0298944770964
1224000000.0	0.0554685098379
1226000000.0	0.0601866111428
1228000000.0	0.00286255747066
1230000000.0	-0.0648509686949
1232000000.0	-0.0305916273266
1234000000.0	-0.0222670174033
1236000000.0	0.0391781302321
1238000000.0	-0.0535212804702
1240000000.0	0.0433267856974
1242000000.0	0.0108876992428
1244000000.0	-0.0346408895323
1246000000.0	-0.0967189256645
1248000000.0	-0.173356844839
1250000000.0	0.291704525516
1252000000.0	-0.0489909545914
1254000000.0	0.0901112763537
1256000000.0	-0.0298209284503
1258000000.0	-0.0865509832166
1260000000.0	-0.076546016801
1262000000.0	-0.04661619465
1264000000.0	0.0222237513815
1266000000.0	-0.0127769497519
1268000000.0	-0.131446932466
1270000000.0	-0.158062495935
1272000000.0	-0.0146874073049
1274000000.0	-0.122324999232
1276000000.0	-0.00463921388239
1278000000.0	0.11761519429
1280000000.0	0.0287918747309
1282000000.0	0.0219407533282
1284000000.0	-0.030626064379
1286000000.0	-0.0101684300775
1288000000.0	-0.0166366664184
1290000000.0	-0.0386602613453
1292000000.0	0.0483495593706
1294000000.0	-0.0455621353729
1296000000.0	-0.0657455525538
1298000000.0	-0.30212121573
1300000000.0	0.414857838317
1302000000.0	-0.00367124295004
1304000000.0	-0.108645997019
1306000000.0	-0.331673396168
1308000000.0	-0.0306127153664
1310000000.0	0.0342376730716
1312000000.0	0.195984989592
1314000000.0	0.0627507888655
1316000000.0	-0.020942660751
1318000000.0	-0.143146798941
1320000000.0	-0.0740924897365
1322000000.0	-0.109544288697
1324000000.0	-0.0187349052809
1326000000.0	0.00968708713871
1328000000.0	-0.000948169411653
1330000000.0	0.157761996138
1332000000.0	-0.0202600520219
1334000000.0	-0.0771666634988
1336000000.0	0.0268768823328
1338000000.0	-0.0680369743468
1340000000.0	0.0628326233739
1342000000.0	0.0887514776972
1344000000.0	-0.0449898681788
1346000000.0	0.0108536713861
1348000000.0	-0.117484090687
1350000000.0	-0.125671076351
1352000000.0	0.0351703703941
1354000000.0	-0.0443775491692
1356000000.0	0.0316330462384
1358000000.0	0.0798113724101
1360000000.0	-0.113794553865
1362000000.0	-0.0208326975444
1364000000.0	-0.0386441071547
1366000000.0	-0.0398167461604
1368000000.0	-0.0100591556987
1370000000.0	0.0869052365653
1372000000.0	-0.0289845992677
1374000000.0	-0.316954379734
1376000000.0	0.0564118981415
1378000000.0	0.00581727560832
1380000000.0	0.0349039601711
1382000000.0	0.0583256499547
1384000000.0	0.0779429310622
1386000000.0	0.0781727868801
1388000000.0	0.0122561061274
1390000000.0	0.00795176242959
1392000000.0	-0.137806882603
1394000000.0	-0.0067667354293
1396000000.0	-0.0762217397654
1398000000.0	0.06620528766
1400000000.0	0.399312280956
1402000000.0	-0.0563264055171
1404000000.0	-0.0399802373001
1406000000.0	-0.0351453541581
1408000000.0	-9.87206950429e-05
1410000000.0	-0.0076964186493
1412000000.0	0.0293728195552
1414000000.0	0.0672987335947
1416000000.0	0.035552278961
1418000000.0	0.0130563445415
1420000000.0	-0.0703339083218
1422000000.0	-0.13018742694
1424000000.0	0.0166159447537
1426000000.0	0.0394469582113
1428000000.0	0.14287915007
1430000000.0	0.0756026947666
1432000000.0	-0.0130112478246
1434000000.0	-0.0700526560485
1436000000.0	-0.132412476848
1438000000.0	-0.0735879182977
1440000000.0	-0.105569833611
1442000000.0	0.0311625309424
1444000000.0	0.0352531085751
1446000000.0	-0.0164586867217
1448000000.0	-0.111083068904
1450000000.0	-0.217644860301
1452000000.0	-0.178139695698
1454000000.0	0.174622441233
1456000000.0	0.251983194598
1458000000.0	0.270791420077
1460000000.0	0.0914582796646
1462000000.0	-0.138093934559
1464000000.0	-0.287647323673
1466000000.0	-0.11071269602
1468000000.0	0.0434137986207
1470000000.0	0.341271611747
1472000000.0	0.249051542905
1474000000.0	0.439152664442
1476000000.0	-0.099159165154
1478000000.0	-0.143447301565
1480000000.0	-0.500866370685
1482000000.0	-0.385558348547
1484000000.0	0.0666712662985
1486000000.0	0.433519776017
1488000000.0	0.482594313181
1490000000.0	0.207105284841
1492000000.0	-0.115158504036
1494000000.0	-0.536540043421
1496000000.0	-0.439254649483
1498000000.0	-0.462882988652
1500000000.0	1.74518105051
1502000000.0	-0.705141710312
1504000000.0	-0.379913636093
1506000000.0	0.305652873165
1508000000.0	0.281742777589
1510000000.0	-0.0297242966007
1512000000.0	-0.254223989798
1514000000.0	-0.370394671512
1516000000.0	-0.177329923806
1518000000.0	0.136915995681
1520000000.0	0.456444780625
1522000000.0	0.187221229193
1524000000.0	-0.0479883658728
1526000000.0	-0.145258775064
1528000000.0	-0.402194043262
1530000000.0	-0.284710804625
1532000000.0	-0.121214912947
1534000000.0	0.00636535913487
1536000000.0	0.166892962421
1538000000.0	0.24028244947
1540000000.0	0.0166994177397
1542000000.0	-0.0284354320528
1544000000.0	-0.335147177807
1546000000.0	-0.192764007167
1548000000.0	-0.0446830341989
1550000000.0	0.114343847946
1552000000.0	0.146004950317
1554000000.0	0.174148836357
1556000000.0	0.0975782978984
1558000000.0	-0.219734943277
1560000000.0	-0.158213786609
1562000000.0	-0.130642081602
1564000000.0	-0.0981506670149
1566000000.0	0.029671717233
1568000000.0	-0.0214038240032
1570000000.0	-0.0799195227747
1572000000.0	-0.178657181091
1574000000.0	-0.0961230448241
1576000000.0	-0.00415444090806
1578000000.0	0.0495078838734
1580000000.0	0.00265885627407
1582000000.0	0.000753901905151
1584000000.0	-0.137221656344
1586000000.0	-0.0648067021524
1588000000.0	-0.151028295838
1590000000.0	0.0327563665006
1592000000.0	0.0546713334116
1594000000.0	0.0494566267991
1596000000.0	0.0839108432247
1598000000.0	0.0140845137981
1600000000.0	-0.248594093658
1602000000.0	-0.094566910921
1604000000.0	0.00422299185882
1606000000.0	-0.131757723964
1608000000.0	-0.0600493854416
1610000000.0	-0.0258409267325
1612000000.0	0.170584720613
1614000000.0	0.0736557244367
1616000000.0	0.0410703278005
1618000000.0	-0.120961981797
1620000000.0	-0.0934224325205
1622000000.0	0.0160370243717
1624000000.0	0.248913612115
1626000000.0	-0.257587959604
1628000000.0	0.0154159261373
1630000000.0	-0.0690272725326
1632000000.0	-0.0734006474807
1634000000.0	0.0152596428017
1636000000.0	-0.00459499581659
1638000000.0	-0.0571454009992
1640000000.0	0.0344672407366
1642000000.0	0.0180793826373
1644000000.0	-0.0299780420979
1646000000.0	-0.0630530652192
1648000000.0	-0.012105336647
1650000000.0	-0.106554423024
1652000000.0	-0.0222480266508
1654000000.0	0.00392221244973
1656000000.0	-0.0799585848876
1658000000.0	-0.0281190354954
1660000000.0	-0.0732237576784
1662000000.0	0.00804085731076
1664000000.0	0.0119498281796
1666000000.0	0.109016375593
1668000000.0	0.0508020528801
1670000000.0	-0.0423787458956
1672000000.0	-0.0753838473666
1674000000.0	-0.00338364475655
1676000000.0	-0.0901943303144
1678000000.0	0.0315724342962
1680000000.0	-0.0734147119762
1682000000.0	-0.0556438170477
1684000000.0	0.153373633072
1686000000.0	-0.0139361935054
1688000000.0	0.00230606488308
1690000000.0	0.0407512108262
1692000000.0	-0.0503699359526
1694000000.0	-0.100165125323
1696000000.0	-0.105306455015
1698000000.0	-0.127049958958
1700000000.0	0.345364176236
1702000000.0	-0.0343535620497
1704000000.0	-0.024300109376
1706000000.0	-0.10480965853
1708000000.0	-0.0178019914195
1710000000.0	0.0454629330208
1712000000.0	0.05144814719
1714000000.0	-0.0537361670578
1716000000.0	-0.0349289026403
1718000000.0	-0.0280669794741
1720000000.0	-0.101112359622
1722000000.0	-0.0439475994039
1724000000.0	0.0251585859275
1726000000.0	-0.0730662203942
1728000000.0	-0.0220197502326
1730000000.0	-0.00114500461433
1732000000.0	-0.0102905667411
1734000000.0	-0.0396226819923
1736000000.0	-0.036077846968
1738000000.0	0.0181764240065
1740000000.0	3.11362156137e-05
1742000000.0	-0.0406960145843
1744000000.0	-0.0208590277372
1746000000.0	0.050677810284
1748000000.0	0.0391491453203
1750000000.0	0.516111769602
1752000000.0	0.0552169065463
1754000000.0	0.093307077032
1756000000.0	0.13644506309
1758000000.0	-0.0349587922519
1760000000.0	0.0182074449384
1762000000.0	-0.0595859447673
1764000000.0	-0.0118327585025
1766000000.0	-0.00418236290846
1768000000.0	0.013036753134
1770000000.0	0.0531594402355
1772000000.0	-0.0456899704763
1774000000.0	-0.0426547310099
1776000000.0	0.046230878439
1778000000.0	0.0312916352794
1780000000.0	0.0405462764665
1782000000.0	0.0849794576967
1784000000.0	-0.0577379461677
1786000000.0	-0.0288112692708
1788000000.0	-0.0142210520429
1790000000.0	0.0315906993662
1792000000.0	-0.0198609212897
1794000000.0	-0.0214009231914
1796000000.0	0.218081334561
1798000000.0	0.0645130972628
1800000000.0	-0.401959173435
1802000000.0	0.0995590359082
1804000000.0	0.0521681442721
1806000000.0	0.105955873965
1808000000.0	-0.13320115224
1810000000.0	-0.00763640528881
1812000000.0	-0.0727598691534
1814000000.0	0.00958364439298
1816000000.0	-0.00583088862531
1818000000.0	0.0510859359287
1820000000.0	0.112138118911
1822000000.0	0.0684465231469
1824000000.0	0.100372567528
1826000000.0	-0.000487282092531
1828000000.0	0.0205642768951
1830000000.0	-0.101550152076
1832000000.0	-0.0127082505993
1834000000.0	0.0441026890071
1836000000.0	-0.00805690158937
1838000000.0	0.0193551740066
1840000000.0	0.00458549827693
1842000000.0	-0.0987020087095
1844000000.0	0.0405053825106
1846000000.0	0.0734592204686
1848000000.0	-0.041936392703
1850000000.0	0.0341750136703
1852000000.0	-0.124020706765
1854000000.0	-0.0223985946432
1856000000.0	-0.174558008589
1858000000.0	-0.0711734291441
1860000000.0	-0.0474208537528
1862000000.0	0.162660508781
1864000000.0	-0.00365420020433
1866000000.0	0.0681065357451
1868000000.0	-0.0442185515488
1870000000.0	0.0474439576684
1872000000.0	-0.111857990844
1874000000.0	-0.0255936282726
1876000000.0	0.0863911377023
1878000000.0	0.0157640818921
1880000000.0	0.241550474035
1882000000.0	0.0443618766531
1884000000.0	-0.189275887001
1886000000.0	-0.157256056698
1888000000.0	-0.090764707137
1890000000.0	0.0233859752895
1892000000.0	0.22193862984
1894000000.0	0.0657045737906
1896000000.0	-0.172717180635
1898000000.0	-0.361949612736
1900000000.0	0.964233387469
1902000000.0	-0.351502896088
1904000000.0	-0.286560030805
1906000000.0	-0.12395590793
1908000000.0	-0.119162866635
1910000000.0	0.00389847503669
1912000000.0	0.148543055879
1914000000.0	0.295701598648
1916000000.0	0.00961975089573
1918000000.0	-0.246735477287
1920000000.0	-0.179043737393
1922000000.0	-0.0269745909159
1924000000.0	-0.0550381365313
1926000000.0	-0.0574476817577
1928000000.0	-0.00422373434332
1930000000.0	0.118662388591
1932000000.0	-0.010863533099
1934000000.0	0.0316529857872
1936000000.0	-0.183191097409
1938000000.0	-0.0999971485551
1940000000.0	-0.00448130744098
1942000000.0	0.0835897999349
1944000000.0	-0.00121163204149
1946000000.0	-0.0577319122856
1948000000.0	0.0574650886508
1950000000.0	0.0464097039538
1952000000.0	0.0997998798398
1954000000.0	0.0257836545797
1956000000.0	0.0993493360237
1958000000.0	0.00213481665502
1960000000.0	-0.00176966059314
1962000000.0	-0.232961104838
1964000000.0	-0.0522743240472
1966000000.0	0.072303268542
1968000000.0	0.111439272568
1970000000.0	-0.0717652379087
1972000000.0	-0.105563644239
1974000000.0	0.0246720394965
1976000000.0	0.00359867762839
1978000000.0	-0.00920561853161
1980000000.0	-0.0320418835318
1982000000.0	-0.0228135539569
1984000000.0	0.0199119652093
1986000000.0	0.0326611921374
1988000000.0	-0.00470366631397
1990000000.0	-0.0391111104161
1992000000.0	-0.0133667784914
1994000000.0	0.0875532574907
1996000000.0	0.0143533268438
1998000000.0	0.0597349504748
2000000000.0	-0.175
