0.0	-2.4156225
2000000.0	0.39962946491
4000000.0	0.212405254561
6000000.0	-0.0931041569015
8000000.0	-0.0571930414974
10000000.0	0.0747744341444
12000000.0	0.188521902165
14000000.0	-0.0368529527732
16000000.0	-0.0627477880758
18000000.0	0.230793509885
20000000.0	0.154601017636
22000000.0	0.281723224506
24000000.0	0.00206691246445
26000000.0	-0.306519761512
28000000.0	-0.738640326493
30000000.0	-0.779908456047
32000000.0	-0.322296703574
34000000.0	0.406437199325
36000000.0	1.03792485641
38000000.0	0.697320697972
40000000.0	0.185699586325
42000000.0	-0.340117452641
44000000.0	-0.539936698941
46000000.0	-0.645202613374
48000000.0	-0.321319036441
50000000.0	0.337931738535
52000000.0	0.730715507027
54000000.0	0.861226639316
56000000.0	0.368393210502
58000000.0	-0.235880217392
60000000.0	-0.724063164568
62000000.0	-0.925490166163
64000000.0	-0.544913906699
66000000.0	0.171509633937
68000000.0	0.716665555575
70000000.0	1.05616297604
72000000.0	0.640107549283
74000000.0	-0.0703467365376
76000000.0	-0.714417202517
78000000.0	-0.907949592541
80000000.0	-0.58532739277
82000000.0	-0.0530404349718
84000000.0	0.633360324015
86000000.0	0.870110892244
88000000.0	0.587967079746
90000000.0	0.0487902801515
92000000.0	-0.395197616186
94000000.0	-0.663486646009
96000000.0	-0.577425447591
98000000.0	-0.251385193933
100000000.0	0.386821957141
102000000.0	0.519006016293
104000000.0	0.398300692905
106000000.0	0.111832178107
108000000.0	-0.162226270085
110000000.0	-0.372041657408
112000000.0	-0.380068397904
114000000.0	-0.155741030503
116000000.0	0.0510182920242
118000000.0	0.103274047115
120000000.0	0.21008462893
122000000.0	0.168767521544
124000000.0	0.0338537273885
126000000.0	0.251429472576
128000000.0	-0.0771123586433
130000000.0	-0.0539470604917
132000000.0	-0.183850300772
134000000.0	-0.229817423187
136000000.0	-0.0206874227109
138000000.0	0.0801446396799
140000000.0	0.188605957862
142000000.0	0.340617281479
144000000.0	0.259801700574
146000000.0	-0.0314794766511
148000000.0	-0.315234128187
150000000.0	-0.334694662762
152000000.0	-0.363480123685
154000000.0	-0.0640897516448
156000000.0	0.268660175106
158000000.0	0.381922112732
160000000.0	0.313965017618
162000000.0	0.0424817818026
164000000.0	-0.181844788346
166000000.0	-0.514664714662
168000000.0	-0.390475315232
170000000.0	-0.188357285708
172000000.0	0.253208968441
174000000.0	0.509214588567
176000000.0	0.320854202986
178000000.0	0.172414414818
180000000.0	-0.10010658212
182000000.0	-0.303751647819
184000000.0	-0.371312246044
186000000.0	-0.130822683677
188000000.0	0.0225085560799
190000000.0	0.28049544307
192000000.0	0.296205678841
194000000.0	0.268976089011
196000000.0	0.0228215978095
198000000.0	-0.156114260669
200000000.0	-0.306759237117
202000000.0	-0.175116758473
204000000.0	-0.143151231604
206000000.0	0.0423658670614
208000000.0	0.123892317381
210000000.0	0.127911336235
212000000.0	0.178088900115
214000000.0	0.121095786061
216000000.0	0.134098589295
218000000.0	-0.0356805675582
220000000.0	-0.285469009794
222000000.0	-0.257105058194
224000000.0	-0.216397954344
226000000.0	-0.0575048855143
228000000.0	0.250900744855
230000000.0	0.504788590883
232000000.0	0.495564781848
234000000.0	0.0882677339698
236000000.0	-0.355585033791
238000000.0	-0.753209138179
240000000.0	-0.697397259845
242000000.0	-0.257477680597
244000000.0	0.454350938171
246000000.0	0.939443857672
248000000.0	1.00660665852
250000000.0	0.637731059079
252000000.0	-0.415208964174
254000000.0	-1.15883254792
256000000.0	-1.32554349586
258000000.0	-0.695974215346
260000000.0	0.542472980518
262000000.0	1.35181910118
264000000.0	1.56006560121
266000000.0	0.808223098066
268000000.0	-0.453062496931
270000000.0	-1.54477233635
272000000.0	-1.89473081996
274000000.0	-1.11462997578
276000000.0	0.314259662253
278000000.0	1.80971305224
280000000.0	2.32181176116
282000000.0	1.58825850183
284000000.0	-0.283702966313
286000000.0	-2.21469589181
288000000.0	-2.98982494004
290000000.0	-2.20018015303
292000000.0	0.221344162639
294000000.0	3.17941847908
296000000.0	5.55714316177
298000000.0	6.4057070215
300000000.0	-17.0003681888
302000000.0	3.43043938096
304000000.0	1.51208425498
306000000.0	0.210227768937
308000000.0	-0.000617652416813
310000000.0	0.398602939198
312000000.0	0.891165160194
314000000.0	0.846942758868
316000000.0	0.137930500803
318000000.0	-0.751719631389
320000000.0	-1.33784097992
322000000.0	-1.08439510722
324000000.0	-0.265258036281
326000000.0	0.730866718772
328000000.0	1.52336076356
330000000.0	1.36153907809
332000000.0	0.440564455596
334000000.0	-0.731725229268
336000000.0	-1.34851151494
338000000.0	-1.35243493316
340000000.0	-0.623207158477
342000000.0	0.539804787212
344000000.0	1.36874901091
346000000.0	1.33105787472
348000000.0	0.676160494766
350000000.0	-0.458601067671
352000000.0	-1.12836591065
354000000.0	-1.19873110868
356000000.0	-0.608622149653
358000000.0	0.272936240722
360000000.0	0.857808044249
362000000.0	1.02791209026
364000000.0	0.612556624601
366000000.0	-0.130426042999
368000000.0	-0.636742821966
370000000.0	-0.784681162246
372000000.0	-0.565909578383
374000000.0	0.0387364453338
376000000.0	0.552774134901
378000000.0	0.585832688232
380000000.0	0.446504142393
382000000.0	0.104712341676
384000000.0	-0.233193359119
386000000.0	-0.400817702804
388000000.0	-0.341802240087
390000000.0	-0.0621862945323
392000000.0	0.0877143014182
394000000.0	0.280707322213
396000000.0	0.214125386034
398000000.0	0.116635321987
400000000.0	0.0662467668507
402000000.0	-0.0541611326029
404000000.0	-0.062069396572
406000000.0	-0.0204299001151
408000000.0	-0.140239697504
410000000.0	-0.0793239118613
412000000.0	-0.0322887497452
414000000.0	0.00589786397652
416000000.0	0.113457467693
418000000.0	0.277411934785
420000000.0	0.217713921597
422000000.0	0.037918559667
424000000.0	-0.15062956844
426000000.0	-0.31453373686
428000000.0	-0.350615605308
430000000.0	-0.12817764156
432000000.0	0.0775351428415
434000000.0	0.27846569166
436000000.0	0.385385669582
438000000.0	0.33375222519
440000000.0	-0.0567662477541
442000000.0	-0.276599076379
444000000.0	-0.371276246369
446000000.0	-0.322082632627
448000000.0	-0.00690021432938
450000000.0	0.315236533176
452000000.0	0.366966051956
454000000.0	0.26644212243
456000000.0	0.024804154666
458000000.0	-0.238800787528
460000000.0	-0.296055909216
462000000.0	-0.355667751599
464000000.0	-0.0969310898475
466000000.0	0.0981748409684
468000000.0	0.176237695391
470000000.0	0.206995869317
472000000.0	0.180768894333
474000000.0	0.00507767830459
476000000.0	-0.188129338568
478000000.0	-0.189643465257
480000000.0	-0.090591725104
482000000.0	0.00365271567249
484000000.0	0.0111491733006
486000000.0	0.00820210310495
488000000.0	0.114545104935
490000000.0	0.0192087287144
492000000.0	0.0387922991294
494000000.0	-0.0236772951665
496000000.0	-0.114763512478
498000000.0	-0.022495727459
500000000.0	0.0449055332585
502000000.0	0.0859812563283
504000000.0	0.0333490110578
506000000.0	0.0170174260977
508000000.0	0.00192514319764
510000000.0	0.122470062304
512000000.0	0.0300574714046
514000000.0	-0.184068500187
516000000.0	-0.118002844574
518000000.0	-0.0656033146437
520000000.0	-0.0921596035192
522000000.0	-0.0539524991753
524000000.0	0.0955018403183
526000000.0	0.149035257496
528000000.0	0.179827673151
530000000.0	-0.0240654518681
532000000.0	-0.169643653845
534000000.0	-0.253771822511
536000000.0	-0.140160429721
538000000.0	-0.110313656954
540000000.0	0.114442742528
542000000.0	0.236479869813
544000000.0	0.0808146521636
546000000.0	0.0968971844502
548000000.0	-0.0825282015781
550000000.0	-0.1437466605
552000000.0	-0.202693907021
554000000.0	-0.0835993556609
556000000.0	0.0247910941811
558000000.0	0.0806307352228
560000000.0	0.0660746295448
562000000.0	-0.0702625745945
564000000.0	0.0853336843889
566000000.0	-0.118806626773
568000000.0	-0.0339931044199
570000000.0	-0.098495004472
572000000.0	-0.0837019275381
574000000.0	-0.0886680878314
576000000.0	-0.0257226617088
578000000.0	0.148501878942
580000000.0	0.0774580330814
582000000.0	0.0657381589478
584000000.0	0.0202316261201
586000000.0	-0.0782320164035
588000000.0	-0.0792603736675
590000000.0	-0.0972532167104
592000000.0	0.00987026574839
594000000.0	0.0331306928916
596000000.0	0.0644932357117
598000000.0	0.166668979699
600000000.0	-0.223872077814
602000000.0	0.0770401222363
604000000.0	0.0261359823301
606000000.0	-0.0208194238569
608000000.0	-0.0960054579692
610000000.0	-0.114974864278
612000000.0	0.0280316161408
614000000.0	0.0323405964184
616000000.0	0.136014950089
618000000.0	0.080669459404
620000000.0	0.073186592863
622000000.0	0.0353677708412
624000000.0	-0.022781929136
626000000.0	-0.204362729244
628000000.0	-0.189612451311
630000000.0	-0.0446152739885
632000000.0	0.101556479316
634000000.0	0.0128263376368
636000000.0	0.0720184206371
638000000.0	-0.0474370898011
640000000.0	-0.0357404225474
642000000.0	-0.0240751203305
644000000.0	-0.0967612399843
646000000.0	-0.0492334220509
648000000.0	0.0685700736713
650000000.0	0.0835636554132
652000000.0	0.084183879942
654000000.0	-0.0179881006696
656000000.0	-0.0470161806986
658000000.0	0.00569721800576
660000000.0	-0.0557408391309
662000000.0	-0.0130022471479
664000000.0	-0.0959729276271
666000000.0	0.0137018787266
668000000.0	-0.002502480123
670000000.0	-0.0237406482411
672000000.0	0.121837643388
674000000.0	0.0684434628132
676000000.0	-0.0768089143273
678000000.0	-0.0490357744693
680000000.0	-0.0374623194856
682000000.0	0.0809457396549
684000000.0	-0.0149492467007
686000000.0	0.113400285014
688000000.0	-0.0290201785927
690000000.0	0.0186639523207
692000000.0	0.0246420395802
694000000.0	0.00207622121305
696000000.0	-0.150004055447
698000000.0	-0.00239899078754
700000000.0	0.031080969862
702000000.0	-0.112656062881
704000000.0	0.0375045631893
706000000.0	0.012087896285
708000000.0	0.0768393551015
710000000.0	0.017876962143
712000000.0	-0.0234359755729
714000000.0	0.0583315655867
716000000.0	-0.0334179573258
718000000.0	-0.0431575381691
720000000.0	0.0159355314895
722000000.0	0.0380134397214
724000000.0	0.138608062799
726000000.0	0.015338893301
728000000.0	0.0755110841113
730000000.0	0.0761583518926
732000000.0	-0.00726956867977
734000000.0	-0.0342107932262
736000000.0	-0.0339602980784
738000000.0	-0.0892438847948
740000000.0	0.0489574884207
742000000.0	-0.0175252361286
744000000.0	0.0237868762289
746000000.0	0.0325929218073
748000000.0	0.067886452012
750000000.0	-0.115518607565
752000000.0	-0.00267308934568
754000000.0	-0.0616551988675
756000000.0	-0.0558054032931
758000000.0	-0.0440599686643
760000000.0	0.0914308433447
762000000.0	0.0071787488134
764000000.0	0.0758944741372
766000000.0	0.0385196608859
768000000.0	-0.0411466322648
770000000.0	0.0438342709108
772000000.0	0.0106583783654
774000000.0	-0.047750870887
776000000.0	-0.0646751302867
778000000.0	-0.00521118117626
780000000.0	-0.0694137548613
782000000.0	-0.00884460853139
784000000.0	-0.0279137546529
786000000.0	-0.023623928645
788000000.0	-0.0148072766284
790000000.0	0.0746559178563
792000000.0	-0.0314246219165
794000000.0	-0.0973357862889
796000000.0	-0.0435940436873
798000000.0	0.0247907364455
800000000.0	-0.184757846296
802000000.0	0.111114865078
804000000.0	0.144946681513
806000000.0	0.00392597401468
808000000.0	0.0447759779325
810000000.0	-0.0955830485799
812000000.0	-0.00500012107162
814000000.0	-0.0910873996957
816000000.0	-0.0878580412501
818000000.0	0.0574777502994
820000000.0	0.0136626250676
822000000.0	0.0619135720196
824000000.0	0.0632816164363
826000000.0	-0.016043669832
828000000.0	-0.113670373233
830000000.0	-0.0295630050154
832000000.0	-0.048086063567
834000000.0	-0.0180108111493
836000000.0	0.0800576651144
838000000.0	0.0835755942246
840000000.0	-0.0147049601314
842000000.0	-0.0354684830996
844000000.0	-0.0402924243069
846000000.0	0.00415686131993
848000000.0	0.0390165113895
850000000.0	0.0253498019014
852000000.0	-0.0603675911391
854000000.0	-0.0688612435011
856000000.0	-0.110564669763
858000000.0	0.0150030960454
860000000.0	0.0875958969508
862000000.0	0.242066014182
864000000.0	0.135060592523
866000000.0	0.0819823438758
868000000.0	-0.164226210576
870000000.0	-0.285428084576
872000000.0	-0.34912008076
874000000.0	-0.166276781289
876000000.0	0.158353309346
878000000.0	0.559637869491
880000000.0	0.706824228302
882000000.0	0.452628882498
884000000.0	-0.164565341741
886000000.0	-0.907530697485
888000000.0	-1.2592376377
890000000.0	-0.954412731048
892000000.0	0.148394978945
894000000.0	1.97875689092
896000000.0	3.9946582323
898000000.0	5.76779926904
900000000.0	-18.9168784737
902000000.0	5.0927242766
904000000.0	3.88093211473
906000000.0	1.98592519716
908000000.0	0.273008785566
910000000.0	-0.851124704852
912000000.0	-1.13884552696
914000000.0	-0.771378305056
916000000.0	-0.181470850247
918000000.0	0.176433883495
920000000.0	0.460002785833
922000000.0	0.365132337039
924000000.0	0.183354868773
926000000.0	-0.0947862535223
928000000.0	-0.175751628773
930000000.0	-0.149981188763
932000000.0	-0.0294070112404
934000000.0	0.060450176138
936000000.0	0.0407129002213
938000000.0	-0.00614070720396
940000000.0	-0.00888714167049
942000000.0	-0.0500436927699
944000000.0	0.11122367484
946000000.0	0.182231069362
948000000.0	0.104980316343
950000000.0	-0.145846746148
952000000.0	-0.13008863909
954000000.0	-0.245621409793
956000000.0	-0.153890922811
958000000.0	-0.00922623596509
960000000.0	0.188640709728
962000000.0	0.302378623045
964000000.0	0.191130582485
966000000.0	0.0679920089673
968000000.0	-0.135316218884
970000000.0	-0.237956342754
972000000.0	-0.186428716947
974000000.0	-0.125777691731
976000000.0	0.174934220454
978000000.0	0.206141837718
980000000.0	0.155837098719
982000000.0	0.102788602852
984000000.0	-0.0846655028248
986000000.0	-0.220727621638
988000000.0	-0.176204908021
990000000.0	-0.0947683233237
992000000.0	0.0311816198754
994000000.0	0.201958221971
996000000.0	0.120659876852
998000000.0	0.0828332895281
1000000000.0	-0.2578115
1002000000.0	-0.221309979824
1004000000.0	-0.244809930325
1006000000.0	-0.144079766438
1008000000.0	-0.0114609179945
1010000000.0	0.143299739431
1012000000.0	0.0968351464638
1014000000.0	0.134673418958
1016000000.0	0.079407453576
1018000000.0	0.0302663928105
1020000000.0	0.0116426289792
1022000000.0	-0.0499990213909
1024000000.0	-0.0468412637724
1026000000.0	-0.0324493363682
1028000000.0	-0.0387239560712
1030000000.0	-0.00714893424836
1032000000.0	-0.0362139123042
1034000000.0	0.0185904548285
1036000000.0	-0.0285327321087
1038000000.0	0.12974980227
1040000000.0	-0.05439805794
1042000000.0	-0.0201523755317
1044000000.0	-0.0833331914253
1046000000.0	-0.144778232936
1048000000.0	0.0439873258783
1050000000.0	0.0827771772774
1052000000.0	0.131738400561
1054000000.0	0.137415062151
1056000000.0	0.00440602276856
1058000000.0	-0.0509513086565
1060000000.0	-0.124837782511
1062000000.0	-0.0947301575996
1064000000.0	-0.0654003847713
1066000000.0	0.00689303923666
1068000000.0	0.0962530410898
1070000000.0	0.110343318138
1072000000.0	0.112391450928
1074000000.0	0.079097686517
1076000000.0	-0.10752247424
1078000000.0	-0.0223718229839
1080000000.0	-0.0253700673714
1082000000.0	-0.0413167689449
1084000000.0	0.0832498313637
1086000000.0	0.0676440001401
1088000000.0	0.0404460007602
1090000000.0	0.0369080895619
1092000000.0	-0.0332402954975
1094000000.0	-0.0564659730299
1096000000.0	-0.0166823264041
1098000000.0	-0.00739375946495
1100000000.0	-0.0882400070085
1102000000.0	0.0582762826708
1104000000.0	0.0676267027483
1106000000.0	0.0507217501977
1108000000.0	0.0158340859244
1110000000.0	0.0225298315127
1112000000.0	-0.0363233827142
1114000000.0	-0.0533820067938
1116000000.0	0.0213394335098
1118000000.0	-0.0706711570242
1120000000.0	0.00390887202944
1122000000.0	0.0164199088702
1124000000.0	0.0353176642756
1126000000.0	0.0391714233782
1128000000.0	0.075435868538
1130000000.0	0.0292822529995
1132000000.0	-0.0618032411484
1134000000.0	-0.100759087368
1136000000.0	-0.0479721100136
1138000000.0	-0.0303293026954
1140000000.0	-0.0644925609979
1142000000.0	0.0100666466597
1144000000.0	0.101245383896
1146000000.0	0.103080517498
1148000000.0	0.0643412365614
1150000000.0	-0.0280611114449
1152000000.0	-0.11314125324
1154000000.0	-0.12911850393
1156000000.0	0.0495832162556
1158000000.0	0.0146306127642
1160000000.0	0.0449603541811
1162000000.0	0.116235449654
1164000000.0	0.0929111701028
1166000000.0	-0.0284642466768
1168000000.0	-0.0206018980221
1170000000.0	0.0207143976775
1172000000.0	-0.0384681146106
1174000000.0	0.0114818190743
1176000000.0	0.0600208257092
1178000000.0	0.0370612407349
1180000000.0	0.0960374015823
1182000000.0	0.0844377238977
1184000000.0	-0.126853125598
1186000000.0	0.0340871203379
1188000000.0	-0.0544990506367
1190000000.0	0.00257369242864
1192000000.0	-0.013028198435
1194000000.0	0.0383036173264
1196000000.0	0.0192536373037
1198000000.0	0.182014683307
1200000000.0	-0.204528766851
1202000000.0	0.100236841025
1204000000.0	-0.0218471886501
1206000000.0	0.0505255824431
1208000000.0	-0.0192853511226
1210000000.0	0.000272846001555
1212000000.0	0.0687185604929
1214000000.0	0.0491972586998
1216000000.0	0.00232938738833
1218000000.0	0.0173432124395
1220000000.0	0.0327133380566
1222000000.0	0.00682146862006
1224000000.0	-0.0199951502389
1226000000.0	0.0303651855248
1228000000.0	-0.015623608523
1230000000.0	-0.0383910269526
1232000000.0	-0.0162043328354
1234000000.0	0.0893693286194
1236000000.0	0.0490114819125
1238000000.0	0.0239265335448
1240000000.0	-0.0196490347799
1242000000.0	-0.0373579084142
1244000000.0	-0.0333697850248
1246000000.0	-0.0197160118799
1248000000.0	-0.0350187511547
1250000000.0	0.19589533604
1252000000.0	0.00915927106131
1254000000.0	0.0938057443542
1256000000.0	0.0453377094462
1258000000.0	-0.0694631004164
1260000000.0	-0.0522199823912
1262000000.0	0.0311255323905
1264000000.0	0.0155603271018
1266000000.0	0.0287598636765
1268000000.0	0.021126937154
1270000000.0	0.0226385380946
1272000000.0	-0.102331452422
1274000000.0	-0.0838495886728
1276000000.0	-0.0142066557366
1278000000.0	-0.00234025950309
1280000000.0	0.0488248117552
1282000000.0	0.001337238611
1284000000.0	-0.038005103307
1286000000.0	-0.0239181446282
1288000000.0	0.0782241326702
1290000000.0	-0.0581467544005
1292000000.0	0.0505719827273
1294000000.0	-0.0345468246539
1296000000.0	-0.0987088290788
1298000000.0	-0.115528914851
1300000000.0	0.338143165453
1302000000.0	-0.149860459808
1304000000.0	-0.0941801731649
1306000000.0	-0.0130743756497
1308000000.0	-0.00271521459274
1310000000.0	0.0792873163128
1312000000.0	0.0640740798058
1314000000.0	0.0490658996115
1316000000.0	-0.0546989248031
1318000000.0	-0.020970520211
1320000000.0	-0.0360169456784
1322000000.0	-0.0244835129087
1324000000.0	0.00625309017618
1326000000.0	0.0513358636855
1328000000.0	0.0866158561412
1330000000.0	0.0182258585044
1332000000.0	0.0132260202752
1334000000.0	-0.127544780483
1336000000.0	-0.0290783136685
1338000000.0	-0.0892574854464
1340000000.0	0.0306025023568
1342000000.0	-0.00857086556462
1344000000.0	0.103349490302
1346000000.0	0.119003741374
1348000000.0	-0.0120503604233
1350000000.0	-0.0777149358518
1352000000.0	-0.0429787297962
1354000000.0	0.0280783530995
1356000000.0	-0.114732419159
1358000000.0	0.0673923767366
1360000000.0	0.00236229046848
1362000000.0	0.0898820088161
1364000000.0	0.108162408288
1366000000.0	0.0917003512031
1368000000.0	0.0192904696704
1370000000.0	0.0816666431437
1372000000.0	0.0885480918319
1374000000.0	0.221787887731
1376000000.0	-0.154961270032
1378000000.0	-0.0834776785973
1380000000.0	0.0581225999441
1382000000.0	-0.0048952282254
1384000000.0	-0.0258637976104
1386000000.0	0.00644713126384
1388000000.0	-0.0645892942113
1390000000.0	-0.0484746023246
1392000000.0	-0.071387172237
1394000000.0	-0.00817968079902
1396000000.0	-0.0616934821062
1398000000.0	0.0155918931611
1400000000.0	0.00810456924333
1402000000.0	0.0489928010469
1404000000.0	0.0384084119789
1406000000.0	0.0778100032638
1408000000.0	0.00508687418449
1410000000.0	-0.122263370914
1412000000.0	-0.0147604565295
1414000000.0	-0.0506675725165
1416000000.0	-0.0695308354413
1418000000.0	0.0536543534943
1420000000.0	0.0458059325487
1422000000.0	0.0727089192545
1424000000.0	0.0682951747126
1426000000.0	-0.0941790214009
1428000000.0	-0.105940146111
1430000000.0	-0.151909462706
1432000000.0	-0.0447857912534
1434000000.0	0.0924794966646
1436000000.0	0.0753087563627
1438000000.0	0.119108570504
1440000000.0	0.0234392356275
1442000000.0	-0.0857702699378
1444000000.0	-0.0401320851337
1446000000.0	-0.103996189252
1448000000.0	-0.123604454808
1450000000.0	-0.00811190908901
1452000000.0	0.0354598016117
1454000000.0	0.129788838325
1456000000.0	0.127628645041
1458000000.0	-0.0227070209331
1460000000.0	-0.0333598470671
1462000000.0	-0.0984001297392
1464000000.0	-0.104792225822
1466000000.0	-0.07850884059
1468000000.0	-0.000528154529956
1470000000.0	-0.00252380268647
1472000000.0	0.0712408998861
1474000000.0	0.00120615759757
1476000000.0	-0.00379470109591
1478000000.0	0.0363219076337
1480000000.0	-0.0385058325804
1482000000.0	0.0240997633093
1484000000.0	0.00858110139084
1486000000.0	-0.117972723774
1488000000.0	-0.177834356356
1490000000.0	-0.173756025459
1492000000.0	0.085827937327
1494000000.0	0.434719879794
1496000000.0	0.981776864929
1498000000.0	1.40653001335
1500000000.0	-5.00427953326
1502000000.0	1.39520598532
1504000000.0	1.21405735696
1506000000.0	0.738296988665
1508000000.0	0.12017311898
1510000000.0	-0.225554627972
1512000000.0	-0.467112689048
1514000000.0	-0.434790932234
1516000000.0	-0.078445947913
1518000000.0	0.0619836251953
1520000000.0	0.26032526577
1522000000.0	0.260696741483
1524000000.0	0.093987683411
1526000000.0	-0.0841663702228
1528000000.0	-0.140126097549
1530000000.0	-0.0992945042939
1532000000.0	-0.032418453882
1534000000.0	0.0110968575039
1536000000.0	0.190224719907
1538000000.0	0.128260170952
1540000000.0	0.0949381127418
1542000000.0	0.00205764605672
1544000000.0	-0.0413381973943
1546000000.0	-0.0360649403248
1548000000.0	0.00143736285093
1550000000.0	-0.0347702284307
1552000000.0	0.0299865804357
1554000000.0	0.102752927829
1556000000.0	0.020396225157
1558000000.0	0.0443875584253
1560000000.0	0.0116348464612
1562000000.0	0.0311032032491
1564000000.0	0.00650047214894
1566000000.0	0.0507615405298
1568000000.0	-0.054692674648
1570000000.0	-0.0466303470475
1572000000.0	0.0157592714945
1574000000.0	-0.0784848398113
1576000000.0	-0.0201031140212
1578000000.0	0.126683247933
1580000000.0	0.0492641247308
1582000000.0	-0.0396896166352
1584000000.0	-0.0183110691137
1586000000.0	-0.0322421270525
1588000000.0	-0.111505923303
1590000000.0	-0.119656305794
1592000000.0	-0.0332360417634
1594000000.0	0.0290831673988
1596000000.0	0.0119144318276
1598000000.0	-0.0141143472207
1600000000.0	0.0371003462958
1602000000.0	-0.0417609597418
1604000000.0	-0.0949206700065
1606000000.0	-0.0815039236408
1608000000.0	-0.0231648236773
1610000000.0	0.0109797754149
1612000000.0	0.121068020155
1614000000.0	0.00192915587985
1616000000.0	-0.0537572952075
1618000000.0	0.00445121751122
1620000000.0	-0.0922455465013
1622000000.0	-0.143679974811
1624000000.0	0.0647234138903
1626000000.0	-0.137673585518
1628000000.0	-0.0606574030326
1630000000.0	-0.00347695037505
1632000000.0	0.0372567950381
1634000000.0	-0.0199362021869
1636000000.0	-0.0831922264303
1638000000.0	0.0234632456309
1640000000.0	-0.0456711304721
1642000000.0	0.00917024948368
1644000000.0	0.00972295508473
1646000000.0	-0.00660828733161
1648000000.0	0.021941525287
1650000000.0	-0.0690935971501
1652000000.0	-0.000239887831226
1654000000.0	-0.0405835584479
1656000000.0	0.00400569729403
1658000000.0	0.0356114103965
1660000000.0	-0.016256465147
1662000000.0	0.0618079382397
1664000000.0	-0.0472296886564
1666000000.0	-0.0245281231807
1668000000.0	0.00682254731136
1670000000.0	-0.042113600551
1672000000.0	0.0474027850287
1674000000.0	-0.0103066649389
1676000000.0	-0.0376584494774
1678000000.0	-0.0363805955807
1680000000.0	-0.00798375529591
1682000000.0	0.031923894321
1684000000.0	-0.00601438532849
1686000000.0	-0.00931905211018
1688000000.0	0.0690194431241
1690000000.0	0.0130688139584
1692000000.0	0.0176420152809
1694000000.0	0.00918613921346
1696000000.0	0.0628079709537
1698000000.0	-0.0102484782065
1700000000.0	-0.117268510829
1702000000.0	0.0547753025492
1704000000.0	0.0416481301964
1706000000.0	0.0391101251468
1708000000.0	0.0240479473923
1710000000.0	0.0313075863691
1712000000.0	0.0144304465073
1714000000.0	-0.0147694351
1716000000.0	-0.0567628512366
1718000000.0	-0.0313464451252
1720000000.0	-0.0771789651775
1722000000.0	-0.0112916404859
1724000000.0	0.0772390879853
1726000000.0	-0.029988516006
1728000000.0	0.024700567572
1730000000.0	0.00551947371214
1732000000.0	-0.0644344909193
1734000000.0	0.0601358297925
1736000000.0	-0.0037909327893
1738000000.0	-0.0341137838115
1740000000.0	-0.0745776687459
1742000000.0	-0.0294138507688
1744000000.0	0.00973277251844
1746000000.0	0.0139905047006
1748000000.0	0.052091893029
1750000000.0	0.238142212445
1752000000.0	0.074228285451
1754000000.0	0.0457660529588
1756000000.0	0.0186509706517
1758000000.0	0.01083460678
1760000000.0	0.0372643949986
1762000000.0	-0.0206256265136
1764000000.0	-0.01660851178
1766000000.0	-0.0386433780502
1768000000.0	-0.0358222587511
1770000000.0	-0.0448262042708
1772000000.0	-0.0633653550088
1774000000.0	-0.0596861859248
1776000000.0	-0.0351675671368
1778000000.0	-0.00696973925009
1780000000.0	0.0340485410104
1782000000.0	0.032217064046
1784000000.0	-0.0226215891827
1786000000.0	-0.0267664603859
1788000000.0	0.0141727147845
1790000000.0	-0.0460111958868
1792000000.0	0.0266693901602
1794000000.0	-0.0284606938755
1796000000.0	-0.0308184856043
1798000000.0	-0.00874899031568
1800000000.0	0.108463245688
1802000000.0	-0.0541975207964
1804000000.0	-0.0450723063448
1806000000.0	-0.0134708850579
1808000000.0	-0.0269944791646
1810000000.0	0.0376167226023
1812000000.0	-0.0275948882638
1814000000.0	0.0330168324028
1816000000.0	0.0462345809747
1818000000.0	0.0376882177243
1820000000.0	0.0419540550079
1822000000.0	-0.0345441103851
1824000000.0	0.00485228688331
1826000000.0	-0.0201067772358
1828000000.0	-0.0338849445257
1830000000.0	0.00429470062271
1832000000.0	0.00212888332662
1834000000.0	-0.0501776139805
1836000000.0	-0.0231952746955
1838000000.0	0.0169056058928
1840000000.0	0.0162407702765
1842000000.0	-0.0287953603663
1844000000.0	-0.0433419949679
1846000000.0	0.0161241439708
1848000000.0	0.0528645126727
1850000000.0	0.0264906143284
1852000000.0	-0.0493731043587
1854000000.0	-0.0301251926522
1856000000.0	0.0122401678949
1858000000.0	0.00983772667593
1860000000.0	-0.0253011826313
1862000000.0	-0.00303604681767
1864000000.0	-0.0124019089571
1866000000.0	-0.0348106587641
1868000000.0	-0.0625165277286
1870000000.0	-0.0190952469293
1872000000.0	-0.0130251273765
1874000000.0	-0.0643856902821
1876000000.0	0.0777443144755
1878000000.0	0.038810324093
1880000000.0	0.020942925153
1882000000.0	0.00381864920405
1884000000.0	-0.000498232908433
1886000000.0	-0.0103928469913
1888000000.0	0.0440525297718
1890000000.0	-0.0425724447123
1892000000.0	0.0501406187288
1894000000.0	0.0971954545349
1896000000.0	0.00284132540891
1898000000.0	0.0467310485902
1900000000.0	0.122958087855
1902000000.0	-0.0673800332858
1904000000.0	-0.0451032419813
1906000000.0	-0.00844873289651
1908000000.0	0.0295136937795
1910000000.0	0.0599836503524
1912000000.0	0.0700226709424
1914000000.0	0.010060763885
1916000000.0	0.0599007539527
1918000000.0	0.0043286747921
1920000000.0	-0.062026164185
1922000000.0	0.00172876457894
1924000000.0	-0.0155905442829
1926000000.0	0.084024623774
1928000000.0	0.0573860033159
1930000000.0	0.0695024257088
1932000000.0	0.0609113103017
1934000000.0	-0.0188416540226
1936000000.0	-0.0228617600038
1938000000.0	-0.0373102171257
1940000000.0	-0.0723978432779
1942000000.0	0.00939354432757
1944000000.0	0.0620111058326
1946000000.0	0.0521377843605
1948000000.0	0.0290550939517
1950000000.0	0.0355413984165
1952000000.0	-0.0186356766708
1954000000.0	-0.0702921218465
1956000000.0	-0.0401805127785
1958000000.0	0.00265328569361
1960000000.0	0.114109331311
1962000000.0	0.0622490213179
1964000000.0	0.023919502138
1966000000.0	0.0110669010775
1968000000.0	-0.0466231069893
1970000000.0	-0.0532116755033
1972000000.0	-0.074190652005
1974000000.0	0.0297345933287
1976000000.0	0.0227824602225
1978000000.0	-0.00422670865607
1980000000.0	0.0712147045124
1982000000.0	-0.0202165782576
1984000000.0	0.0508232753766
1986000000.0	-0.0859488316518
1988000000.0	-0.0180546634244
1990000000.0	0.00140006491883
1992000000.0	-0.00296885511127
1994000000.0	0.0532574794843
1996000000.0	0.0141034059086
1998000000.0	0.0588683587536
2000000000.0	-0.2624985
