0.0	-2.1375
2000000.0	0.816453713296
4000000.0	1.20608006335
6000000.0	-0.316130296786
8000000.0	0.176484359549
10000000.0	0.587723267506
12000000.0	1.08988119865
14000000.0	1.8892408888
16000000.0	3.4505298461
18000000.0	4.9380760547
20000000.0	4.59885982307
22000000.0	2.72966951423
24000000.0	0.187168605782
26000000.0	-1.95563305525
28000000.0	-3.31068097306
30000000.0	-4.18124909073
32000000.0	-3.27686510098
34000000.0	-0.734625925569
36000000.0	2.69434497913
38000000.0	4.06187901729
40000000.0	3.86341401997
42000000.0	2.68062132591
44000000.0	0.881079675473
46000000.0	-1.07895118263
48000000.0	-2.41554050054
50000000.0	-2.43726696912
52000000.0	-1.10224148321
54000000.0	0.329837245808
56000000.0	1.45969325425
58000000.0	1.53485101677
60000000.0	0.434243909962
62000000.0	-0.697209968608
64000000.0	-1.09772193566
66000000.0	-1.06584939786
68000000.0	-0.488258334655
70000000.0	0.386898632517
72000000.0	0.582780844402
74000000.0	0.340679781095
76000000.0	-0.426125772092
78000000.0	-0.847597304489
80000000.0	-0.807931431826
82000000.0	-0.327078849748
84000000.0	0.284588116568
86000000.0	0.477122551033
88000000.0	0.180392377373
90000000.0	-0.673517390529
92000000.0	-0.988270620131
94000000.0	-1.03437912867
96000000.0	-0.385518680797
98000000.0	0.450135828855
100000000.0	0.935420899756
102000000.0	0.754354056907
104000000.0	0.0204245670655
106000000.0	-0.760695566226
108000000.0	-1.32744358129
110000000.0	-1.1150976084
112000000.0	-0.31026628982
114000000.0	0.539976751418
116000000.0	0.991334879607
118000000.0	1.07784681532
120000000.0	0.337890647044
122000000.0	-0.411091804247
124000000.0	-0.56976564393
126000000.0	-0.834440961177
128000000.0	-0.358478565146
130000000.0	0.124413444991
132000000.0	0.349738215562
134000000.0	0.262345547134
136000000.0	-0.113278902068
138000000.0	-0.28368802588
140000000.0	-0.225164730313
142000000.0	0.381234044355
144000000.0	0.498437813439
146000000.0	0.502573443559
148000000.0	-0.0113642257963
150000000.0	-0.591196428832
152000000.0	-0.760256809926
154000000.0	-0.742396231419
156000000.0	-0.165635400572
158000000.0	0.594692892611
160000000.0	0.900553036563
162000000.0	0.830563185535
164000000.0	0.00205918619779
166000000.0	-0.426601162547
168000000.0	-1.04272870297
170000000.0	-0.620207846648
172000000.0	-0.0224913543978
174000000.0	0.620668596362
176000000.0	0.750653147182
178000000.0	0.468290608497
180000000.0	-0.143677269696
182000000.0	-0.669601038709
184000000.0	-0.706681249472
186000000.0	-0.228999736089
188000000.0	0.25021040919
190000000.0	0.875623637345
192000000.0	0.570184955136
194000000.0	-0.0202670764465
196000000.0	-0.663548861858
198000000.0	-0.90167889654
200000000.0	-0.879410264933
202000000.0	0.00134722412067
204000000.0	0.792470471052
206000000.0	0.957830288799
208000000.0	0.4358736645
210000000.0	-0.230137449007
212000000.0	-0.84136822243
214000000.0	-1.01172114997
216000000.0	-0.416029510241
218000000.0	0.410234356488
220000000.0	1.08832409244
222000000.0	0.893964499072
224000000.0	0.445768041653
226000000.0	-0.76421862446
228000000.0	-1.08967051066
230000000.0	-0.861519851446
232000000.0	-0.0985562931584
234000000.0	0.708918257157
236000000.0	1.08572637694
238000000.0	0.766657990653
240000000.0	-0.279460135565
242000000.0	-0.996715223488
244000000.0	-1.19472802665
246000000.0	-0.49372701038
248000000.0	0.543096821241
250000000.0	0.837474086251
252000000.0	1.07420756702
254000000.0	0.0662126441874
256000000.0	-1.13734588391
258000000.0	-1.41108700567
260000000.0	-0.686472299495
262000000.0	0.507688091642
264000000.0	1.59197940575
266000000.0	1.85145131726
268000000.0	0.742543821811
270000000.0	-1.08106786774
272000000.0	-3.03549369546
274000000.0	-3.20799947414
276000000.0	-0.683456927504
278000000.0	3.01966650093
280000000.0	5.3447937329
282000000.0	4.22871195867
284000000.0	-0.118982877376
286000000.0	-5.43062682427
288000000.0	-8.23153923018
290000000.0	-7.10306502308
292000000.0	-1.16438808227
294000000.0	11.0496445765
296000000.0	28.397426226
298000000.0	46.3070749
300000000.0	-142.250592836
302000000.0	45.9547268641
304000000.0	28.7688590529
306000000.0	10.7346094215
308000000.0	-1.61390048347
310000000.0	-7.03932587325
312000000.0	-7.49738263348
314000000.0	-4.62598970645
316000000.0	-0.286099162328
318000000.0	3.41917508331
320000000.0	4.52342932616
322000000.0	2.64131087213
324000000.0	-0.575229925258
326000000.0	-2.30272995172
328000000.0	-2.32904807958
330000000.0	-0.975080434502
332000000.0	0.508138770092
334000000.0	1.19243670448
336000000.0	0.925856431577
338000000.0	0.251409307587
340000000.0	-0.398294300781
342000000.0	-0.521822602887
344000000.0	-0.391159670536
346000000.0	0.254018115938
348000000.0	0.582983148342
350000000.0	0.557739847049
352000000.0	-0.162168389547
354000000.0	-0.814755205608
356000000.0	-0.904204869369
358000000.0	-0.289009472253
360000000.0	0.492446790837
362000000.0	0.927961075415
364000000.0	0.902559432241
366000000.0	0.141998695156
368000000.0	-0.515390088107
370000000.0	-1.12700444438
372000000.0	-0.914096409353
374000000.0	-0.0330034572037
376000000.0	0.425061245729
378000000.0	1.16888197018
380000000.0	1.01142182161
382000000.0	0.18452334503
384000000.0	-0.793030280392
386000000.0	-1.25169038824
388000000.0	-1.15305457876
390000000.0	-0.216198178764
392000000.0	0.632004908075
394000000.0	1.22380126497
396000000.0	0.929292625985
398000000.0	0.335135834277
400000000.0	-0.431710783887
402000000.0	-1.01656237135
404000000.0	-0.93422435003
406000000.0	-0.275155325502
408000000.0	0.244037118857
410000000.0	0.735757363113
412000000.0	0.616699173497
414000000.0	0.328020926221
416000000.0	-0.215584404763
418000000.0	-0.458253221396
420000000.0	-0.524080457344
422000000.0	-0.239116032881
424000000.0	0.166531752741
426000000.0	0.112783036248
428000000.0	0.297646015511
430000000.0	0.0723462613121
432000000.0	0.0200307497331
434000000.0	0.010292285577
436000000.0	-0.0151536577073
438000000.0	0.0951562078642
440000000.0	-0.0471840594987
442000000.0	-0.156832144642
444000000.0	-0.273710641775
446000000.0	-0.180485876435
448000000.0	-0.233245923703
450000000.0	0.119988094791
452000000.0	0.376418689066
454000000.0	0.409650605087
456000000.0	0.0493208258942
458000000.0	-0.34766506691
460000000.0	-0.432555195076
462000000.0	-0.381844815925
464000000.0	-0.155783373694
466000000.0	0.306985921296
468000000.0	0.409995232231
470000000.0	0.365656269553
472000000.0	0.293079864849
474000000.0	-0.228657965892
476000000.0	-0.566557662523
478000000.0	-0.359037070082
480000000.0	-0.260794074257
482000000.0	0.141875354675
484000000.0	0.332060895083
486000000.0	0.511915583821
488000000.0	0.207298823292
490000000.0	-0.036351940232
492000000.0	-0.426064149469
494000000.0	-0.53415505239
496000000.0	-0.253503075376
498000000.0	0.120792473879
500000000.0	-0.0522428614476
502000000.0	0.239975780231
504000000.0	0.216186641387
506000000.0	-0.00311415885583
508000000.0	-0.135624693535
510000000.0	-0.210860983958
512000000.0	-0.0225790568229
514000000.0	-0.0664316752767
516000000.0	-0.0382619551614
518000000.0	-0.0222801588511
520000000.0	-0.0150253202901
522000000.0	0.0217119698686
524000000.0	0.103231213395
526000000.0	-0.0453976915272
528000000.0	-0.0578410380734
530000000.0	-0.0374977514159
532000000.0	-0.0501267060713
534000000.0	-0.260480259995
536000000.0	-0.095654163283
538000000.0	-0.0948078969212
540000000.0	0.0572781059247
542000000.0	0.285870081644
544000000.0	0.228879227909
546000000.0	0.0694792635707
548000000.0	-0.0248316903315
550000000.0	-0.352743175872
552000000.0	-0.296016282188
554000000.0	-0.140525889158
556000000.0	0.103294335167
558000000.0	0.373253652636
560000000.0	0.310166488047
562000000.0	0.136684008722
564000000.0	0.0699374872941
566000000.0	-0.205756489102
568000000.0	-0.43665176252
570000000.0	-0.0951215860248
572000000.0	-0.0571440290435
574000000.0	0.279621280646
576000000.0	0.214892869991
578000000.0	0.300737697018
580000000.0	-0.0154723377477
582000000.0	-0.29678742508
584000000.0	-0.280964971405
586000000.0	-0.0998932468378
588000000.0	-0.067385204925
590000000.0	0.241077995968
592000000.0	0.210188623576
594000000.0	-0.0219239463579
596000000.0	-0.00460498621084
598000000.0	-0.251228438748
600000000.0	0.659767017829
602000000.0	-0.457830791845
604000000.0	-0.244136201906
606000000.0	0.0333831018231
608000000.0	0.114680212922
610000000.0	-0.027360106611
612000000.0	0.147664038971
614000000.0	0.0173896312156
616000000.0	0.259759762873
618000000.0	0.0113594712864
620000000.0	-0.0129530942224
622000000.0	-0.0998130367754
624000000.0	0.0471186194846
626000000.0	-0.128517895797
628000000.0	-0.132554345157
630000000.0	0.16742984028
632000000.0	0.0981023325825
634000000.0	0.222833705457
636000000.0	0.0717101268103
638000000.0	-0.129667493644
640000000.0	-0.268390701493
642000000.0	-0.156040591809
644000000.0	-0.00587464718061
646000000.0	0.037769773326
648000000.0	0.252761216053
650000000.0	0.217018109446
652000000.0	0.06535546327
654000000.0	0.0467634312739
656000000.0	-0.0361450577071
658000000.0	-0.229453035802
660000000.0	-0.153252692902
662000000.0	-0.0594439511591
664000000.0	0.109776612212
666000000.0	0.175228205087
668000000.0	0.227491161249
670000000.0	0.0936773421716
672000000.0	-0.1487299533
674000000.0	-0.28759732508
676000000.0	-0.102290121188
678000000.0	-0.188224852095
680000000.0	-0.0341152291842
682000000.0	0.0908893243748
684000000.0	-0.0457475006226
686000000.0	0.0831196124928
688000000.0	0.056385130425
690000000.0	-0.00107374550172
692000000.0	0.0394409830367
694000000.0	-0.0871441405743
696000000.0	-0.152236547074
698000000.0	-0.0367672598677
700000000.0	-0.165727153431
702000000.0	0.124339797829
704000000.0	0.151616764241
706000000.0	0.127678894741
708000000.0	0.0703754269463
710000000.0	-0.0447064846014
712000000.0	-0.205571263616
714000000.0	-0.0045060539038
716000000.0	-0.205532601892
718000000.0	-0.0173517541644
720000000.0	0.0279813471836
722000000.0	0.23243722508
724000000.0	0.161941138729
726000000.0	0.0191758916611
728000000.0	-0.0461895823601
730000000.0	-0.252623076913
732000000.0	-0.315638933843
734000000.0	-0.0815707062346
736000000.0	0.106653198712
738000000.0	0.278052236427
740000000.0	0.17705326441
742000000.0	0.0146021395736
744000000.0	0.027310266783
746000000.0	-0.164869411263
748000000.0	-0.21766672707
750000000.0	-0.47512175279
752000000.0	-0.0967314148496
754000000.0	0.0476574615043
756000000.0	0.0741759748717
758000000.0	0.130482238577
760000000.0	-0.0206003104347
762000000.0	-0.149208079447
764000000.0	-0.129261847943
766000000.0	-0.0920020448399
768000000.0	-0.176383323472
770000000.0	-0.0291232087113
772000000.0	0.0200179325128
774000000.0	-0.0135382314011
776000000.0	0.0489377484214
778000000.0	0.0718607485872
780000000.0	0.0831639496834
782000000.0	0.0934926466474
784000000.0	-0.0146838967487
786000000.0	-0.0949106415467
788000000.0	-0.189405520865
790000000.0	-0.14157265864
792000000.0	-0.00982276539223
794000000.0	0.143542198997
796000000.0	0.172407103867
798000000.0	0.071057616693
800000000.0	0.211152761586
802000000.0	-0.261475954426
804000000.0	-0.41479655265
806000000.0	-0.420110077189
808000000.0	-0.136668680991
810000000.0	-0.065880450291
812000000.0	0.4050565743
814000000.0	0.438020278623
816000000.0	0.195200342452
818000000.0	-0.066705031845
820000000.0	-0.305100093951
822000000.0	-0.467092613715
824000000.0	-0.308488500599
826000000.0	-0.0218779456408
828000000.0	0.367969616285
830000000.0	0.461196506941
832000000.0	0.145553231161
834000000.0	-0.0839162856374
836000000.0	-0.358031559995
838000000.0	-0.465556532466
840000000.0	-0.145718792225
842000000.0	0.0592020468195
844000000.0	0.257200952796
846000000.0	0.303594292125
848000000.0	0.109402561534
850000000.0	-0.132220165766
852000000.0	-0.294447393398
854000000.0	-0.0483804261504
856000000.0	0.0368929733909
858000000.0	0.0374787129134
860000000.0	0.115233982236
862000000.0	-0.0453507116425
864000000.0	-0.190316241199
866000000.0	-0.222066781087
868000000.0	-0.198593395851
870000000.0	0.0742539763728
872000000.0	0.590429062363
874000000.0	0.648331993721
876000000.0	0.131295583274
878000000.0	-0.625044807604
880000000.0	-1.2000022901
882000000.0	-0.89808409077
884000000.0	-0.0277789291656
886000000.0	1.06220519365
888000000.0	1.92656591882
890000000.0	1.83758854292
892000000.0	0.748889008639
894000000.0	-2.64024212397
896000000.0	-7.61812065562
898000000.0	-12.9158131146
900000000.0	37.7990155975
902000000.0	-11.7677984928
904000000.0	-7.33967444019
906000000.0	-3.03363049437
908000000.0	0.104276227865
910000000.0	1.74255390233
912000000.0	2.30514468803
914000000.0	1.52248162905
916000000.0	0.248227990289
918000000.0	-1.10500332668
920000000.0	-1.51586192894
922000000.0	-0.92164995938
924000000.0	0.17322252761
926000000.0	0.683303309856
928000000.0	0.809994334958
930000000.0	0.281112267556
932000000.0	-0.197778021853
934000000.0	-0.503630377364
936000000.0	-0.603833803765
938000000.0	-0.215292609015
940000000.0	0.19408564079
942000000.0	0.322597553754
944000000.0	0.45992746803
946000000.0	0.106531691723
948000000.0	-0.28109901879
950000000.0	-0.272985316027
952000000.0	-0.291883882859
954000000.0	0.00769643721159
956000000.0	0.284404598331
958000000.0	0.3462839155
960000000.0	-0.022654595169
962000000.0	-0.212845145979
964000000.0	-0.282246059032
966000000.0	-0.294646873637
968000000.0	-0.123046060319
970000000.0	0.178879182154
972000000.0	0.209539376838
974000000.0	0.246268866855
976000000.0	-0.102901443517
978000000.0	-0.255070560891
980000000.0	-0.255069476627
982000000.0	-0.134340614481
984000000.0	0.0205814819821
986000000.0	0.203133596452
988000000.0	0.164059105884
990000000.0	0.0173689475381
992000000.0	-0.158669429951
994000000.0	-0.343222145891
996000000.0	-0.211736596056
998000000.0	-0.0823573262402
1000000000.0	-0.659375
1002000000.0	0.0942172462276
1004000000.0	0.143704054207
1006000000.0	0.0641229147794
1008000000.0	-0.136268751791
1010000000.0	-0.0110705561178
1012000000.0	-0.19375722263
1014000000.0	-0.0720362867074
1016000000.0	0.0611606054061
1018000000.0	0.289635033917
1020000000.0	0.157531262356
1022000000.0	0.00288678286964
1024000000.0	-0.141101139396
1026000000.0	-0.195296347149
1028000000.0	-0.0758385724845
1030000000.0	0.120213060781
1032000000.0	0.149922495535
1034000000.0	0.0381831027288
1036000000.0	0.242250222968
1038000000.0	-0.0302291759862
1040000000.0	-0.110214357096
1042000000.0	-0.217526781868
1044000000.0	-0.0393907791773
1046000000.0	0.160668451112
1048000000.0	0.0664735556878
1050000000.0	-0.0846751604974
1052000000.0	0.00144445666574
1054000000.0	-0.156381968029
1056000000.0	-0.304337919219
1058000000.0	-0.0484354097985
1060000000.0	0.157165412283
1062000000.0	0.0892870984203
1064000000.0	0.138999412653
1066000000.0	-0.0515702401878
1068000000.0	-0.130942786802
1070000000.0	-0.112844637417
1072000000.0	-0.100253233382
1074000000.0	-0.145587415803
1076000000.0	0.0661864786536
1078000000.0	0.0282448759316
1080000000.0	0.0207583089879
1082000000.0	0.0792817433763
1084000000.0	-0.145551959003
1086000000.0	-0.0572706902715
1088000000.0	0.097509157112
1090000000.0	-0.0201180336166
1092000000.0	0.0443029693603
1094000000.0	0.124614549813
1096000000.0	0.0180744368033
1098000000.0	-0.00353745220055
1100000000.0	-0.110309917672
1102000000.0	-0.131250563252
1104000000.0	-0.17217234014
1106000000.0	0.0375272178707
1108000000.0	0.0199367928927
1110000000.0	0.13339602884
1112000000.0	0.099420979794
1114000000.0	0.0218944524704
1116000000.0	-0.120076831005
1118000000.0	-0.00744713947288
1120000000.0	0.0354555484421
1122000000.0	-0.043029639474
1124000000.0	-0.00244079479342
1126000000.0	-0.0696012569734
1128000000.0	0.0155893653744
1130000000.0	-0.133880004067
1132000000.0	0.0521447125924
1134000000.0	-0.103156570128
1136000000.0	0.00310062632906
1138000000.0	-0.0531524368283
1140000000.0	0.189734604907
1142000000.0	0.0433596288037
1144000000.0	-0.132919943284
1146000000.0	-0.0888987882998
1148000000.0	0.0443520266295
1150000000.0	-0.0465941133189
1152000000.0	-0.0148495486677
1154000000.0	0.170823488581
1156000000.0	0.0260378205477
1158000000.0	-0.165105016389
1160000000.0	0.0318294501327
1162000000.0	-0.116752154872
1164000000.0	-0.0979952913617
1166000000.0	-0.0821315323927
1168000000.0	0.0714029486876
1170000000.0	0.100256644731
1172000000.0	0.109933185485
1174000000.0	-0.151563652142
1176000000.0	-0.0760833181235
1178000000.0	-0.152422311928
1180000000.0	0.0685016766857
1182000000.0	0.135468752127
1184000000.0	0.102215101778
1186000000.0	-0.0282796941767
1188000000.0	-0.2045802386
1190000000.0	-0.00708717237076
1192000000.0	0.0522453347396
1194000000.0	0.0451206256331
1196000000.0	0.172732683098
1198000000.0	0.402977580026
1200000000.0	-0.955789216113
1202000000.0	0.198218521252
1204000000.0	0.143034701808
1206000000.0	0.115508189221
1208000000.0	-0.0481699567985
1210000000.0	0.0427788980425
1212000000.0	-0.0751541104438
1214000000.0	-0.000187682201746
1216000000.0	0.00940523809676
1218000000.0	-0.0169439801898
1220000000.0	0.0205056353055
1222000000.0	0.0208255896701
1224000000.0	0.0403853476934
1226000000.0	-0.0283851774334
1228000000.0	-0.0255531448445
1230000000.0	-0.0291039800793
1232000000.0	-0.093136539117
1234000000.0	0.0371199235951
1236000000.0	-0.010062058294
1238000000.0	-0.0277113430136
1240000000.0	0.0375905362908
1242000000.0	0.0868359633871
1244000000.0	-0.0777203446403
1246000000.0	0.00202591291319
1248000000.0	0.0330260211947
1250000000.0	0.479909135817
1252000000.0	-0.0434451017955
1254000000.0	-0.0721535871941
1256000000.0	0.106458938681
1258000000.0	0.0626091608532
1260000000.0	0.0344035790313
1262000000.0	0.0959827004063
1264000000.0	-0.074175190366
1266000000.0	-0.0405892592281
1268000000.0	0.00656578999769
1270000000.0	-0.0741938631039
1272000000.0	0.124561919038
1274000000.0	0.0172051519172
1276000000.0	0.0477065739793
1278000000.0	0.0238804177469
1280000000.0	-0.117451290028
1282000000.0	-0.0250764121958
1284000000.0	0.00342499404643
1286000000.0	-0.144905810425
1288000000.0	-0.0862196068359
1290000000.0	0.0112314126608
1292000000.0	-0.0488927162003
1294000000.0	0.197729770027
1296000000.0	0.137005950087
1298000000.0	0.310369048595
1300000000.0	-1.08449782558
1302000000.0	0.4215630724
1304000000.0	0.144192868062
1306000000.0	0.106933849069
1308000000.0	-0.155541724263
1310000000.0	-0.0795461306917
1312000000.0	0.128318516095
1314000000.0	-0.0403599738436
1316000000.0	0.124256921231
1318000000.0	0.0857396071355
1320000000.0	0.00590582421872
1322000000.0	-0.00340642070352
1324000000.0	-0.133336066517
1326000000.0	0.157937739545
1328000000.0	-0.128372039362
1330000000.0	0.101798820697
1332000000.0	0.0520157798479
1334000000.0	0.0907589421486
1336000000.0	0.0541628929875
1338000000.0	0.097081109797
1340000000.0	-0.154677337063
1342000000.0	0.0299540013552
1344000000.0	-0.052283425848
1346000000.0	0.0956450699436
1348000000.0	0.11677042486
1350000000.0	0.143440641361
1352000000.0	-0.0588959634105
1354000000.0	-0.0375048867627
1356000000.0	-0.0461283493202
1358000000.0	0.143426570153
1360000000.0	0.0507784600974
1362000000.0	0.201091474619
1364000000.0	-0.129754697111
1366000000.0	0.0749745601201
1368000000.0	-0.0309614994323
1370000000.0	0.0904553279044
1372000000.0	0.121427111541
1374000000.0	0.308121858551
1376000000.0	-0.185460367164
1378000000.0	-0.0601594997797
1380000000.0	-0.10878317661
1382000000.0	-0.0994374831863
1384000000.0	-0.0967618731529
1386000000.0	0.0860936335778
1388000000.0	-0.073200635337
1390000000.0	0.0741697908952
1392000000.0	0.0640537124081
1394000000.0	0.0704010526263
1396000000.0	0.0249417093637
1398000000.0	0.0553133516404
1400000000.0	-0.0997716412548
1402000000.0	0.142942657911
1404000000.0	0.0914987754242
1406000000.0	0.0498152302314
1408000000.0	0.115655541942
1410000000.0	-0.0936223901592
1412000000.0	-0.0697566539038
1414000000.0	-0.113012802919
1416000000.0	-0.0078439768808
1418000000.0	-0.00164074263262
1420000000.0	0.129422161096
1422000000.0	0.13457649379
1424000000.0	0.161099349413
1426000000.0	-0.0985613600163
1428000000.0	-0.14787206153
1430000000.0	-0.190304341124
1432000000.0	-0.230393752045
1434000000.0	0.0524643617572
1436000000.0	0.0275088833246
1438000000.0	0.153905660773
1440000000.0	0.0995324742559
1442000000.0	-0.107768414613
1444000000.0	-0.157087446743
1446000000.0	-0.0698329624134
1448000000.0	-0.042456531972
1450000000.0	0.0650524143104
1452000000.0	0.0632734916218
1454000000.0	0.119354571039
1456000000.0	-0.0606534529507
1458000000.0	0.0518697609479
1460000000.0	-0.171745689286
1462000000.0	-0.18153950145
1464000000.0	-0.00953494876848
1466000000.0	0.0996287072866
1468000000.0	0.178285405331
1470000000.0	0.0470354745633
1472000000.0	-0.0517716700346
1474000000.0	-0.2485032632
1476000000.0	-0.0702878769896
1478000000.0	0.0934009334219
1480000000.0	0.263807372419
1482000000.0	0.27049525098
1484000000.0	0.0854343135954
1486000000.0	-0.205418448112
1488000000.0	-0.510898445246
1490000000.0	-0.609510095995
1492000000.0	-0.352327695135
1494000000.0	0.836859236348
1496000000.0	2.54844653296
1498000000.0	4.5888540117
1500000000.0	-13.5977571386
1502000000.0	3.81409558955
1504000000.0	2.54338287932
1506000000.0	1.1430408693
1508000000.0	0.172421330031
1510000000.0	-0.533509188545
1512000000.0	-0.819970125286
1514000000.0	-0.791488338828
1516000000.0	-0.229571751301
1518000000.0	0.277297790049
1520000000.0	0.713689644555
1522000000.0	0.457693823381
1524000000.0	-0.0176617774345
1526000000.0	-0.142791719156
1528000000.0	-0.493782914499
1530000000.0	-0.249454613734
1532000000.0	-0.0823309643186
1534000000.0	0.163113519534
1536000000.0	0.347014484556
1538000000.0	0.360077578661
1540000000.0	0.044573755408
1542000000.0	-0.0263682419823
1544000000.0	-0.200631730477
1546000000.0	-0.0942367279079
1548000000.0	0.0142935381114
1550000000.0	0.0589769974645
1552000000.0	0.0848925640467
1554000000.0	-0.0613664348385
1556000000.0	-0.104328837464
1558000000.0	-0.014529292659
1560000000.0	0.00893357237296
1562000000.0	-0.176961900644
1564000000.0	0.0611404258834
1566000000.0	-0.0261910493473
1568000000.0	-0.0287771399776
1570000000.0	-0.159203259898
1572000000.0	-0.0380154254223
1574000000.0	-0.102028503721
1576000000.0	0.0558703499145
1578000000.0	0.08558576573
1580000000.0	0.0306078145598
1582000000.0	0.111455612603
1584000000.0	0.0151020042847
1586000000.0	-0.0356750194478
1588000000.0	-0.166436292355
1590000000.0	-0.00343321166815
1592000000.0	-0.0144440024743
1594000000.0	0.284869502065
1596000000.0	0.00214915583398
1598000000.0	0.0314303245819
1600000000.0	0.0294722384141
1602000000.0	-0.0167437325227
1604000000.0	-0.0894987585058
1606000000.0	-0.0715158634438
1608000000.0	-0.000920000699634
1610000000.0	0.108440688729
1612000000.0	0.0718202612454
1614000000.0	0.0415177932059
1616000000.0	0.00799279316879
1618000000.0	0.006402625448
1620000000.0	-0.10610620588
1622000000.0	-0.0674201792718
1624000000.0	0.143699196726
1626000000.0	-0.191674510833
1628000000.0	-0.0818271969659
1630000000.0	-0.0296403489815
1632000000.0	-0.119269313898
1634000000.0	-0.0554933549328
1636000000.0	-0.065763440899
1638000000.0	-0.208575599778
1640000000.0	0.00603400269012
1642000000.0	-0.0549486621432
1644000000.0	0.0298105305202
1646000000.0	-0.0380349882363
1648000000.0	-0.026423453681
1650000000.0	0.0357228511803
1652000000.0	-0.0505805233929
1654000000.0	0.0762837201816
1656000000.0	0.0378286701472
1658000000.0	0.117517970937
1660000000.0	-0.0439144908357
1662000000.0	-0.0752475758188
1664000000.0	0.0211668227329
1666000000.0	0.00903954804304
1668000000.0	0.0164046379318
1670000000.0	-0.0542248906559
1672000000.0	0.00951555627627
1674000000.0	0.0039562972033
1676000000.0	-0.0333014920555
1678000000.0	-0.0874985765784
1680000000.0	-0.00922460740732
1682000000.0	0.0931096809149
1684000000.0	0.0879458746911
1686000000.0	-0.0714372916813
1688000000.0	0.0408206658791
1690000000.0	-0.0330527456691
1692000000.0	-0.0731571116523
1694000000.0	-0.110657857941
1696000000.0	-0.108591335341
1698000000.0	0.0809032314379
1700000000.0	-0.0660134148199
1702000000.0	0.0453730858006
1704000000.0	0.0980639474574
1706000000.0	0.0098444130127
1708000000.0	0.000531248687998
1710000000.0	-0.0593710100218
1712000000.0	-0.0547890986634
1714000000.0	0.0212629767942
1716000000.0	-0.065044614297
1718000000.0	0.0342022881234
1720000000.0	0.00917695517654
1722000000.0	0.0678424320734
1724000000.0	-0.0854057079477
1726000000.0	-0.107315125529
1728000000.0	-0.0456265246474
1730000000.0	-0.0817335748082
1732000000.0	-0.00550052355909
1734000000.0	0.0477714541692
1736000000.0	-0.0141708577262
1738000000.0	0.105247427112
1740000000.0	-0.123448568955
1742000000.0	-0.0173952318838
1744000000.0	0.018762858177
1746000000.0	0.0231312244791
1748000000.0	-0.0518719461376
1750000000.0	-0.417261469277
1752000000.0	-0.126599179228
1754000000.0	-0.0403884556337
1756000000.0	0.0611847294184
1758000000.0	-0.0227525115693
1760000000.0	0.0633452405704
1762000000.0	0.0225701438742
1764000000.0	0.028727148833
1766000000.0	-0.0948644161715
1768000000.0	-0.180652729534
1770000000.0	-0.0283174183414
1772000000.0	-0.0280915756244
1774000000.0	0.0196577850119
1776000000.0	-0.0431869646342
1778000000.0	0.0516648169426
1780000000.0	-0.00873491607009
1782000000.0	-0.136359044104
1784000000.0	-0.0336426472793
1786000000.0	-0.0996303642734
1788000000.0	0.0633692719855
1790000000.0	0.085419729566
1792000000.0	0.000938982513997
1794000000.0	0.0632571244018
1796000000.0	0.0439493008293
1798000000.0	-0.248767055376
1800000000.0	0.510039888359
1802000000.0	-0.145103805221
1804000000.0	-0.198866104057
1806000000.0	-0.130366607595
1808000000.0	0.0993458497855
1810000000.0	0.0335643622058
1812000000.0	-0.0336279009021
1814000000.0	0.0952952358092
1816000000.0	-0.0348789274472
1818000000.0	-0.0916191137816
1820000000.0	0.000924708522544
1822000000.0	0.00845493821498
1824000000.0	0.00623251255685
1826000000.0	0.0358105844892
1828000000.0	0.0832959672754
1830000000.0	0.0293700053813
1832000000.0	-0.0215688961337
1834000000.0	-0.00744562074704
1836000000.0	-0.0857017097086
1838000000.0	0.0258167843969
1840000000.0	-0.0239081178853
1842000000.0	0.0211387667392
1844000000.0	0.0217941944318
1846000000.0	-0.0320399619792
1848000000.0	0.044139458178
1850000000.0	0.0158859934118
1852000000.0	0.0480645432242
1854000000.0	-0.0603841983275
1856000000.0	0.0458174126513
1858000000.0	-0.00824661615842
1860000000.0	-0.0261605167271
1862000000.0	-0.158963053509
1864000000.0	-0.06780525168
1866000000.0	-0.110140959594
1868000000.0	0.00727845737927
1870000000.0	-0.129495511556
1872000000.0	0.156101734803
1874000000.0	-0.113466974183
1876000000.0	0.14324540671
1878000000.0	-0.203408214975
1880000000.0	-0.220173581257
1882000000.0	0.0496594555399
1884000000.0	0.104832480639
1886000000.0	0.125667109566
1888000000.0	0.24294183102
1890000000.0	0.153396243955
1892000000.0	-0.00488289982331
1894000000.0	-0.268917498418
1896000000.0	-0.751480782918
1898000000.0	-1.01519014288
1900000000.0	3.24895464994
1902000000.0	-1.30016028041
1904000000.0	-0.691624781785
1906000000.0	-0.314031521184
1908000000.0	0.150405685602
1910000000.0	0.220341399935
1912000000.0	0.0837014983781
1914000000.0	0.00236967281597
1916000000.0	-0.080942887355
1918000000.0	-0.0617890507812
1920000000.0	0.0157250349587
1922000000.0	-0.0287921414658
1924000000.0	0.0626219340999
1926000000.0	0.00728297790155
1928000000.0	0.0748923339728
1930000000.0	-0.0603763109036
1932000000.0	-0.154840382633
1934000000.0	-0.0351768356961
1936000000.0	-0.118544023591
1938000000.0	-0.000782104061521
1940000000.0	0.00893872452902
1942000000.0	-0.0394337785803
1944000000.0	0.0135119167513
1946000000.0	-0.0261891116337
1948000000.0	-0.0241796250686
1950000000.0	0.0288563804158
1952000000.0	-0.0655965523468
1954000000.0	0.092389073633
1956000000.0	0.00511773669576
1958000000.0	-0.040912242152
1960000000.0	-0.0645269912064
1962000000.0	-0.0105313823874
1964000000.0	-0.0751083034588
1966000000.0	0.0449091826672
1968000000.0	0.113247158461
1970000000.0	-0.0110470373026
1972000000.0	0.0346229529716
1974000000.0	0.0107035234991
1976000000.0	-0.187549544288
1978000000.0	-0.177000247973
1980000000.0	-0.143811075237
1982000000.0	-0.0477068266413
1984000000.0	0.0530521537405
1986000000.0	-0.0800646748188
1988000000.0	0.0476343904752
1990000000.0	0.0518581087538
1992000000.0	0.0308152215304
1994000000.0	-0.0288314993251
1996000000.0	0.0172205655405
1998000000.0	0.0492838510447
2000000000.0	-0.19375
