0.0	-47.875
2000000.0	6.98211121222
4000000.0	17.1289868443
6000000.0	8.81123930018
8000000.0	-11.9939001753
10000000.0	-28.2509862026
12000000.0	-20.5924421928
14000000.0	-2.81089961972
16000000.0	21.5837584492
18000000.0	30.2908453223
20000000.0	17.6152120713
22000000.0	-10.8066842534
24000000.0	-36.1794267272
26000000.0	-41.6615407391
28000000.0	-21.8757878481
30000000.0	12.1812295977
32000000.0	32.107152609
34000000.0	25.6373490574
36000000.0	-3.27232899599
38000000.0	-22.8804519834
40000000.0	-23.0371721572
42000000.0	-8.97104144838
44000000.0	11.2239853918
46000000.0	17.9971890669
48000000.0	9.54325278536
50000000.0	-9.86578480788
52000000.0	-13.648623105
54000000.0	-1.64588551826
56000000.0	15.5067852757
58000000.0	22.8621219483
60000000.0	12.2749781598
62000000.0	-7.76417395993
64000000.0	-20.9024522101
66000000.0	-15.6702311233
68000000.0	0.825800303206
70000000.0	16.7109769352
72000000.0	16.0351637228
74000000.0	5.26983436452
76000000.0	-9.19241288644
78000000.0	-13.9145975199
80000000.0	-7.29418456928
82000000.0	3.29416131427
84000000.0	9.69361492226
86000000.0	2.58105155706
88000000.0	-7.93839490823
90000000.0	-10.0809054648
92000000.0	-2.72328681963
94000000.0	10.2117776631
96000000.0	13.0228956733
98000000.0	7.60661385289
100000000.0	-5.09683204426
102000000.0	-16.8727343384
104000000.0	-11.8954970934
106000000.0	1.96049139967
108000000.0	14.3059983327
110000000.0	13.0497856666
112000000.0	4.78063543503
114000000.0	-8.66024636544
116000000.0	-14.1298667207
118000000.0	-5.10137908898
120000000.0	5.81620856119
122000000.0	13.4497273792
124000000.0	11.7130867836
126000000.0	-7.36425857919
128000000.0	-12.6231045325
130000000.0	-8.1515999565
132000000.0	1.52178952605
134000000.0	9.91451389646
136000000.0	7.85369631948
138000000.0	-1.68200817326
140000000.0	-9.16807451576
142000000.0	-9.76894645693
144000000.0	0.0197391806744
146000000.0	9.0948590268
148000000.0	8.45653069339
150000000.0	1.61314854249
152000000.0	-6.6814756956
154000000.0	-10.293383366
156000000.0	-2.59447598226
158000000.0	7.45343319583
160000000.0	9.87576477919
162000000.0	4.14455616641
164000000.0	-5.41127397243
166000000.0	-11.9788698867
168000000.0	-6.59303841494
170000000.0	2.28684903169
172000000.0	11.6567965949
174000000.0	9.99709503953
176000000.0	-2.52925260899
178000000.0	-10.3183038141
180000000.0	-9.75527636893
182000000.0	-1.97960786471
184000000.0	8.46937276371
186000000.0	8.91155708145
188000000.0	1.29101501206
190000000.0	-8.50765254798
192000000.0	-9.93606757578
194000000.0	-1.61366192603
196000000.0	7.74547002036
198000000.0	13.311547744
200000000.0	5.70197872694
202000000.0	-5.3656851173
204000000.0	-14.7024385485
206000000.0	-11.586295231
208000000.0	1.97428368591
210000000.0	11.5110909731
212000000.0	11.7706782444
214000000.0	0.175873731111
216000000.0	-8.57988074493
218000000.0	-10.3558877662
220000000.0	-0.61357569172
222000000.0	9.79816772822
224000000.0	10.9588894188
226000000.0	1.0656662328
228000000.0	-11.3817811966
230000000.0	-13.3229255932
232000000.0	-4.27954209295
234000000.0	12.9282621789
236000000.0	18.7585467858
238000000.0	9.63338338285
240000000.0	-7.52987179174
242000000.0	-20.5424826848
244000000.0	-15.8236815331
246000000.0	2.62613503028
248000000.0	18.2713527824
250000000.0	20.2267130839
252000000.0	1.68747604327
254000000.0	-17.1808865038
256000000.0	-18.9447627669
258000000.0	-0.331178006374
260000000.0	19.9801038747
262000000.0	20.7144371533
264000000.0	-4.87542757316
266000000.0	-26.6540398779
268000000.0	-27.8032509469
270000000.0	-2.41231275149
272000000.0	35.4012314409
274000000.0	45.7487221217
276000000.0	19.0298405341
278000000.0	-31.4398533245
280000000.0	-63.9574693951
282000000.0	-41.793383275
284000000.0	20.712024485
286000000.0	69.8795433239
288000000.0	52.3930539067
290000000.0	-24.4693491911
292000000.0	-86.9606946875
294000000.0	-41.2800790752
296000000.0	132.117526198
298000000.0	321.820548482
300000000.0	-773.456940972
302000000.0	288.790035912
304000000.0	165.473312248
306000000.0	59.483146431
308000000.0	-21.0318949487
310000000.0	-63.072830802
312000000.0	-60.0352396962
314000000.0	-24.5058808587
316000000.0	17.6270119106
318000000.0	39.310278073
320000000.0	29.6384572086
322000000.0	2.8251375649
324000000.0	-18.7783689687
326000000.0	-18.8507034235
328000000.0	-3.88516124907
330000000.0	11.4546254295
332000000.0	10.4807471269
334000000.0	-3.16185396186
336000000.0	-11.2735932062
338000000.0	-7.11527998388
340000000.0	-1.43611599272
342000000.0	12.9215292386
344000000.0	16.7800434277
346000000.0	4.42390564619
348000000.0	-13.4807091256
350000000.0	-17.9326100139
352000000.0	-9.31694495795
354000000.0	7.33283578094
356000000.0	16.8151798551
358000000.0	11.4793258157
360000000.0	-1.95267282591
362000000.0	-9.95341137823
364000000.0	-9.01497377731
366000000.0	-0.266488809809
368000000.0	7.16036863199
370000000.0	5.9082010899
372000000.0	-1.42108752108
374000000.0	-7.39480217942
376000000.0	-5.7307712697
378000000.0	3.76045920733
380000000.0	9.60292921875
382000000.0	9.11962271254
384000000.0	-0.74410536568
386000000.0	-9.83169023392
388000000.0	-10.9245920208
390000000.0	-4.87999150353
392000000.0	5.58076358977
394000000.0	9.43358419654
396000000.0	4.35879326259
398000000.0	-2.4940427348
400000000.0	-4.47705785629
402000000.0	-4.94218553289
404000000.0	0.908965595723
406000000.0	4.62628772856
408000000.0	2.42800345546
410000000.0	-3.55583561925
412000000.0	-5.97474814578
414000000.0	-2.89613828148
416000000.0	4.36273914445
418000000.0	7.66254237789
420000000.0	5.11846985661
422000000.0	-2.08738660396
424000000.0	-6.54854833727
426000000.0	-5.04197401685
428000000.0	-0.116779526944
430000000.0	4.95237717345
432000000.0	5.7717374634
434000000.0	2.36016408071
436000000.0	-2.44218635593
438000000.0	-6.41649908678
440000000.0	-1.06648408337
442000000.0	3.03265493166
444000000.0	4.29187532349
446000000.0	1.06490868126
448000000.0	-2.44498552674
450000000.0	-3.54252260653
452000000.0	-1.08735613049
454000000.0	2.48988773351
456000000.0	5.45244816913
458000000.0	2.82393945679
460000000.0	-1.67454631766
462000000.0	-5.86548770218
464000000.0	-3.57940008691
466000000.0	-0.00637193703675
468000000.0	2.40650240758
470000000.0	4.50268726914
472000000.0	1.51348521105
474000000.0	-3.36759313631
476000000.0	-2.83207114013
478000000.0	0.178147309248
480000000.0	1.09541425075
482000000.0	3.25195325863
484000000.0	-0.0356095919795
486000000.0	-2.60418778193
488000000.0	-2.04843787705
490000000.0	0.355913257257
492000000.0	1.77525466701
494000000.0	3.60661080815
496000000.0	3.73329305388
498000000.0	-2.3595987303
500000000.0	-0.939856267836
502000000.0	-2.52166054263
504000000.0	0.394789661067
506000000.0	4.78615275498
508000000.0	1.0208789935
510000000.0	0.675194428211
512000000.0	-2.63458707223
514000000.0	-3.45851931867
516000000.0	0.199897990777
518000000.0	1.90831209133
520000000.0	1.33743575811
522000000.0	0.239908128708
524000000.0	-3.14638816223
526000000.0	-1.86012779522
528000000.0	-1.1905184977
530000000.0	1.17527337288
532000000.0	2.71845253279
534000000.0	1.5095700207
536000000.0	-3.27640145845
538000000.0	-2.74657230536
540000000.0	-2.70507356875
542000000.0	2.13142440424
544000000.0	0.797788567852
546000000.0	3.08576156129
548000000.0	-0.652986555825
550000000.0	-2.06147398968
552000000.0	-2.06740612173
554000000.0	0.91957571855
556000000.0	2.89418962552
558000000.0	1.92099662067
560000000.0	-1.09295574718
562000000.0	-2.71788112632
564000000.0	-1.75174493672
566000000.0	-0.244175145558
568000000.0	2.41534998744
570000000.0	3.54414422992
572000000.0	0.542085298838
574000000.0	-3.23226686772
576000000.0	-2.01273843874
578000000.0	-1.09235126166
580000000.0	2.46858090319
582000000.0	2.48091450366
584000000.0	0.746758352576
586000000.0	-3.14668039518
588000000.0	-0.734145671861
590000000.0	1.5836634932
592000000.0	2.94855962206
594000000.0	0.810781621037
596000000.0	-4.58853816929
598000000.0	-12.3506037027
600000000.0	28.8580094123
602000000.0	-12.0187760813
604000000.0	-7.1384921218
606000000.0	0.997624300317
608000000.0	5.24868495099
610000000.0	2.51412606973
612000000.0	-1.22177337187
614000000.0	-3.68676938405
616000000.0	-1.64328242511
618000000.0	0.176603701243
620000000.0	2.55517347876
622000000.0	0.292828328487
624000000.0	-2.71761772828
626000000.0	-0.43199061424
628000000.0	-0.948134940045
630000000.0	1.60109092685
632000000.0	2.19208615765
634000000.0	1.47657516029
636000000.0	-0.369402435634
638000000.0	-1.35491772866
640000000.0	-1.73260213966
642000000.0	0.0603039585218
644000000.0	0.906808747429
646000000.0	2.21036801916
648000000.0	1.77505575081
650000000.0	-1.37250636426
652000000.0	-0.892102131215
654000000.0	0.0278544401728
656000000.0	1.11278086979
658000000.0	0.670405337823
660000000.0	1.49680700272
662000000.0	0.56494182072
664000000.0	-1.48711514279
666000000.0	-1.22200363413
668000000.0	0.10849870049
670000000.0	2.00605828427
672000000.0	0.90489401992
674000000.0	-0.105323382271
676000000.0	0.183389888335
678000000.0	-1.29729018571
680000000.0	0.548983887982
682000000.0	1.0229592001
684000000.0	2.22961320045
686000000.0	-0.480773266641
688000000.0	-1.4629989011
690000000.0	-1.43133460319
692000000.0	-0.819210312107
694000000.0	2.07033060263
696000000.0	1.88971235166
698000000.0	1.86858986001
700000000.0	-4.60525043573
702000000.0	-0.0790453646265
704000000.0	0.494419483445
706000000.0	2.22047115116
708000000.0	0.765612557775
710000000.0	-0.610751636275
712000000.0	-0.748927626422
714000000.0	-1.43744081652
716000000.0	-0.0631129279738
718000000.0	-0.0075268624801
720000000.0	1.89465170544
722000000.0	2.37917585463
724000000.0	0.258382327773
726000000.0	-1.10510244246
728000000.0	-2.19112196746
730000000.0	-1.12434098929
732000000.0	0.562851645714
734000000.0	2.0076147487
736000000.0	0.853962056292
738000000.0	0.0874730522925
740000000.0	-1.15401374705
742000000.0	-1.57599568648
744000000.0	0.72186341952
746000000.0	0.806390844227
748000000.0	0.788468128077
750000000.0	1.06847436968
752000000.0	-2.23342015547
754000000.0	-2.36301137219
756000000.0	0.487131021186
758000000.0	2.50059869623
760000000.0	1.7851462355
762000000.0	-0.657217949869
764000000.0	-1.0824846614
766000000.0	-2.23560406273
768000000.0	-0.926778502611
770000000.0	-0.0888762681832
772000000.0	1.10955319117
774000000.0	1.44524725047
776000000.0	0.575421944797
778000000.0	-1.1332565993
780000000.0	-0.915037271849
782000000.0	-0.720554015342
784000000.0	2.31207090119
786000000.0	0.863035171388
788000000.0	-0.773996992319
790000000.0	-2.33067682212
792000000.0	-1.99172923272
794000000.0	0.839373040607
796000000.0	2.70590690265
798000000.0	2.44151632926
800000000.0	-2.14037091816
802000000.0	0.726613722072
804000000.0	-0.701537506839
806000000.0	-1.29489047682
808000000.0	0.667552921444
810000000.0	2.08992623568
812000000.0	2.06197528676
814000000.0	-0.271438485751
816000000.0	-0.345975665709
818000000.0	-1.60889060325
820000000.0	0.453412464856
822000000.0	2.29418836031
824000000.0	0.55662611492
826000000.0	-1.09185415419
828000000.0	-2.64106419271
830000000.0	-3.09557906417
832000000.0	0.201510445517
834000000.0	3.56536247947
836000000.0	4.37564307024
838000000.0	1.65737641381
840000000.0	-1.99971028319
842000000.0	-4.64890770428
844000000.0	-2.57582293404
846000000.0	1.44989058472
848000000.0	2.91190444459
850000000.0	3.86211562997
852000000.0	-0.506870312663
854000000.0	-4.25360701478
856000000.0	-4.14197948497
858000000.0	1.8958911823
860000000.0	6.48856761391
862000000.0	5.20958436798
864000000.0	-3.29467591146
866000000.0	-8.14618638986
868000000.0	-6.07492682326
870000000.0	0.283359467559
872000000.0	10.0686627882
874000000.0	11.9652842074
876000000.0	3.27769955853
878000000.0	-9.37073418967
880000000.0	-15.7733944091
882000000.0	-9.09079871791
884000000.0	9.37860040672
886000000.0	19.2238230115
888000000.0	9.70079537427
890000000.0	-17.5512989011
892000000.0	-32.2048258653
894000000.0	-5.5498795971
896000000.0	67.0967758898
898000000.0	149.600169939
900000000.0	-358.695812207
902000000.0	133.093043163
904000000.0	72.0940874602
906000000.0	16.0979458499
908000000.0	-17.2774282743
910000000.0	-24.6053996514
912000000.0	-14.7014904966
914000000.0	1.15061745305
916000000.0	8.99069792947
918000000.0	8.54703856622
920000000.0	1.90042993499
922000000.0	-4.19130580607
924000000.0	-4.76932685001
926000000.0	-0.409442248463
928000000.0	3.38406425188
930000000.0	4.0804885235
932000000.0	1.29015338478
934000000.0	-2.41033374365
936000000.0	-4.66750306235
938000000.0	-1.12722312806
940000000.0	3.11199956258
942000000.0	5.59998133011
944000000.0	4.27940253237
946000000.0	-1.86816297404
948000000.0	-5.14865891714
950000000.0	-3.98153371898
952000000.0	0.00568838523604
954000000.0	2.48282701319
956000000.0	3.40003708623
958000000.0	-0.232496953025
960000000.0	-2.11671072776
962000000.0	-2.32061932644
964000000.0	-1.21050952694
966000000.0	2.03642715673
968000000.0	1.52556671353
970000000.0	0.941038950277
972000000.0	-3.70995224907
974000000.0	-3.27475874232
976000000.0	-0.624692729372
978000000.0	2.11779671811
980000000.0	5.33453743538
982000000.0	3.35590355131
984000000.0	-3.51826030202
986000000.0	-2.82296715785
988000000.0	-1.49138481197
990000000.0	-0.0851898544552
992000000.0	2.58911903652
994000000.0	1.59524840036
996000000.0	0.0500305700265
998000000.0	-2.61329302792
1000000000.0	4.1875
1002000000.0	-0.233382070532
1004000000.0	1.64433353047
1006000000.0	0.148931785186
1008000000.0	-0.114893875036
1010000000.0	-2.37867651942
1012000000.0	-2.07668106774
1014000000.0	1.08314460226
1016000000.0	1.48100064342
1018000000.0	1.92479371801
1020000000.0	1.4281939592
1022000000.0	-1.51093951956
1024000000.0	-2.89751438718
1026000000.0	0.134812331376
1028000000.0	1.82818279127
1030000000.0	0.0329289127296
1032000000.0	-0.395289332553
1034000000.0	-1.18006178752
1036000000.0	-0.398929159919
1038000000.0	-1.30689839133
1040000000.0	1.92628551937
1042000000.0	0.926558819034
1044000000.0	0.444099034808
1046000000.0	0.484475263719
1048000000.0	-1.32927933955
1050000000.0	-1.28332256219
1052000000.0	0.313042832053
1054000000.0	1.81352139215
1056000000.0	2.42843016935
1058000000.0	1.46556052734
1060000000.0	-1.24680189519
1062000000.0	-1.74650871005
1064000000.0	1.01472609737
1066000000.0	0.741725932424
1068000000.0	0.770760163038
1070000000.0	1.14194035332
1072000000.0	0.141658563774
1074000000.0	-0.498155412595
1076000000.0	-1.23940405472
1078000000.0	1.45722106539
1080000000.0	0.441600540868
1082000000.0	1.33287947577
1084000000.0	-0.821600712329
1086000000.0	0.31671713758
1088000000.0	-0.442242311843
1090000000.0	0.0724984646453
1092000000.0	1.91787148819
1094000000.0	1.8890063598
1096000000.0	-0.267380932109
1098000000.0	-0.915047269382
1100000000.0	0.661429755442
1102000000.0	1.1288103645
1104000000.0	1.51928687119
1106000000.0	1.43959370507
1108000000.0	-0.510815169801
1110000000.0	-1.09700687964
1112000000.0	-1.08465520785
1114000000.0	-0.892779183737
1116000000.0	0.65440330554
1118000000.0	0.958869374855
1120000000.0	0.360258828877
1122000000.0	-0.37390856278
1124000000.0	-0.245590842704
1126000000.0	-1.0187410928
1128000000.0	-0.00687066033392
1130000000.0	1.3589820793
1132000000.0	-0.433247607798
1134000000.0	-0.264976396119
1136000000.0	-1.11123578722
1138000000.0	1.11298115214
1140000000.0	-1.21548829581
1142000000.0	1.5582905595
1144000000.0	0.300453097493
1146000000.0	0.637873237196
1148000000.0	-1.76311937081
1150000000.0	-1.17755178846
1152000000.0	0.247304303014
1154000000.0	0.0402262051081
1156000000.0	1.44128981775
1158000000.0	1.22322866188
1160000000.0	-2.34379286161
1162000000.0	-2.26369156764
1164000000.0	0.155993029504
1166000000.0	0.113344132336
1168000000.0	2.35686403388
1170000000.0	0.440910736471
1172000000.0	-0.256213862611
1174000000.0	-2.23460323021
1176000000.0	0.49666946768
1178000000.0	0.496039427899
1180000000.0	1.85455272727
1182000000.0	1.38094487309
1184000000.0	0.229077431396
1186000000.0	-1.85162795582
1188000000.0	-1.11829846726
1190000000.0	1.09170740381
1192000000.0	3.56000335585
1194000000.0	-0.52134683365
1196000000.0	-3.65850968023
1198000000.0	-6.33819146889
1200000000.0	11.6645578563
1202000000.0	-1.81215191553
1204000000.0	-1.99544940889
1206000000.0	-1.45620558189
1208000000.0	0.0172175899397
1210000000.0	1.80916713142
1212000000.0	0.453212053871
1214000000.0	0.175060073591
1216000000.0	0.26245284983
1218000000.0	-0.669596434834
1220000000.0	-0.0402062695044
1222000000.0	-0.592280703633
1224000000.0	-0.209469537792
1226000000.0	0.38564672725
1228000000.0	-0.258352185062
1230000000.0	1.06396044509
1232000000.0	-0.384902358752
1234000000.0	-1.4733694747
1236000000.0	-0.0803063140856
1238000000.0	-0.117914453032
1240000000.0	-1.3531224847
1242000000.0	0.108742945868
1244000000.0	-0.68710793371
1246000000.0	-1.1514817261
1248000000.0	-0.178423395668
1250000000.0	3.40595294729
1252000000.0	-0.726042774276
1254000000.0	-1.09239681489
1256000000.0	-0.317759292582
1258000000.0	-0.537400892047
1260000000.0	0.957364006503
1262000000.0	-1.31141989233
1264000000.0	-0.244538459167
1266000000.0	0.64254565561
1268000000.0	-0.918021530882
1270000000.0	1.75403847735
1272000000.0	0.656377213302
1274000000.0	0.614470690957
1276000000.0	0.09316064948
1278000000.0	-0.203152282592
1280000000.0	0.399423370228
1282000000.0	-0.108588796062
1284000000.0	0.591567823538
1286000000.0	0.517123060269
1288000000.0	0.483503515732
1290000000.0	-0.251781032752
1292000000.0	-1.58617632351
1294000000.0	-1.22050678506
1296000000.0	2.09642448878
1298000000.0	4.12697875442
1300000000.0	-12.3641964625
1302000000.0	6.37941293141
1304000000.0	3.19472800284
1306000000.0	1.20291233359
1308000000.0	0.422634149842
1310000000.0	-1.05194300916
1312000000.0	-1.02933275628
1314000000.0	0.762156542365
1316000000.0	-1.21948258257
1318000000.0	0.191045025973
1320000000.0	-0.910295474599
1322000000.0	1.93590282906
1324000000.0	0.368505592546
1326000000.0	-0.794200597001
1328000000.0	0.0440178358477
1330000000.0	-0.754743105286
1332000000.0	-0.583736517426
1334000000.0	1.45299186653
1336000000.0	1.27283791778
1338000000.0	-0.588921746045
1340000000.0	1.77834203072
1342000000.0	-0.00423391491005
1344000000.0	-0.00511274700647
1346000000.0	0.222262353596
1348000000.0	-0.0915058596836
1350000000.0	-0.30302639741
1352000000.0	0.447145953139
1354000000.0	-0.701196062562
1356000000.0	1.04191285919
1358000000.0	0.928458895042
1360000000.0	1.77065701122
1362000000.0	0.700325721717
1364000000.0	0.138123473549
1366000000.0	-1.36869373614
1368000000.0	0.719962237397
1370000000.0	1.6673172462
1372000000.0	1.38110081679
1374000000.0	4.33647536499
1376000000.0	-2.89165393395
1378000000.0	-0.930123929664
1380000000.0	-1.38641235461
1382000000.0	-1.31063333046
1384000000.0	1.2455927777
1386000000.0	-0.872179889395
1388000000.0	0.933889068853
1390000000.0	-0.593262094839
1392000000.0	-1.11206232186
1394000000.0	0.265319864991
1396000000.0	0.898381014657
1398000000.0	2.38366532293
1400000000.0	-3.08084763218
1402000000.0	0.619310875042
1404000000.0	0.23125206498
1406000000.0	-1.1326392766
1408000000.0	-0.501741997329
1410000000.0	-0.674311383691
1412000000.0	0.236630466085
1414000000.0	-0.464329098086
1416000000.0	-0.426568172711
1418000000.0	-1.391818869
1420000000.0	1.35582760358
1422000000.0	-0.065420129847
1424000000.0	-0.641966349971
1426000000.0	0.4774791244
1428000000.0	-1.96307467008
1430000000.0	0.0806283865586
1432000000.0	1.11181630705
1434000000.0	0.978801936201
1436000000.0	1.59124633841
1438000000.0	-0.182970713797
1440000000.0	-1.45663901033
1442000000.0	-1.23689769601
1444000000.0	-0.0609900413983
1446000000.0	0.0151465106222
1448000000.0	1.48326996884
1450000000.0	-0.137118973862
1452000000.0	-0.36072934139
1454000000.0	-2.14656970948
1456000000.0	0.50692735456
1458000000.0	1.55972959789
1460000000.0	2.50342004313
1462000000.0	1.83016114606
1464000000.0	-1.18597410122
1466000000.0	-5.13680659238
1468000000.0	-2.94770767157
1470000000.0	0.752397755992
1472000000.0	4.20698865824
1474000000.0	3.6797169052
1476000000.0	1.57537153814
1478000000.0	-3.33054967716
1480000000.0	-4.79371145074
1482000000.0	-0.292388612507
1484000000.0	2.77472044885
1486000000.0	4.67036023566
1488000000.0	1.31575184125
1490000000.0	-8.82250426739
1492000000.0	-12.1376439079
1494000000.0	0.95742198589
1496000000.0	31.562215483
1498000000.0	71.8979438075
1500000000.0	-180.810143732
1502000000.0	64.5191403101
1504000000.0	33.3005216039
1506000000.0	4.64746655646
1508000000.0	-9.67558884147
1510000000.0	-10.2440140115
1512000000.0	-3.45617300101
1514000000.0	3.80356674228
1516000000.0	4.27871114736
1518000000.0	1.44835215245
1520000000.0	-0.74682557488
1522000000.0	-3.05759989972
1524000000.0	-1.52383631215
1526000000.0	1.58270169695
1528000000.0	2.59024021533
1530000000.0	1.25441915947
1532000000.0	-0.991387308154
1534000000.0	-0.459567503303
1536000000.0	-2.47471624588
1538000000.0	0.341895546635
1540000000.0	0.854148609458
1542000000.0	2.28316606689
1544000000.0	1.25061842002
1546000000.0	-1.16067247496
1548000000.0	-1.59464512176
1550000000.0	-1.0067108318
1552000000.0	0.637824752731
1554000000.0	0.639201516149
1556000000.0	0.525265414663
1558000000.0	-1.21575097645
1560000000.0	0.472445033735
1562000000.0	-0.572584256429
1564000000.0	0.678592053428
1566000000.0	1.05658116271
1568000000.0	1.07923504521
1570000000.0	-0.0559234644831
1572000000.0	-1.33742527016
1574000000.0	-1.15663811281
1576000000.0	0.675127993533
1578000000.0	1.68777739143
1580000000.0	0.326301609724
1582000000.0	1.47922489097
1584000000.0	-1.02929866168
1586000000.0	-0.38386995292
1588000000.0	-0.611544762585
1590000000.0	0.573599820078
1592000000.0	-0.218421510846
1594000000.0	-0.23863743977
1596000000.0	-1.15030533912
1598000000.0	-0.236207405115
1600000000.0	1.70287091816
1602000000.0	0.0869776520959
1604000000.0	0.489440968877
1606000000.0	-0.427725640881
1608000000.0	0.587773118027
1610000000.0	-2.07120175708
1612000000.0	-1.94639188112
1614000000.0	-0.519661552945
1616000000.0	0.95644149373
1618000000.0	0.727878490646
1620000000.0	0.345914762423
1622000000.0	-0.89307860718
1624000000.0	-0.518519345077
1626000000.0	-1.11785228298
1628000000.0	-0.606291851818
1630000000.0	-0.109666558123
1632000000.0	0.325121983922
1634000000.0	-0.0309531219482
1636000000.0	-0.606220859057
1638000000.0	0.365651180487
1640000000.0	0.128875248577
1642000000.0	-1.01133221287
1644000000.0	0.923463096139
1646000000.0	0.5563473465
1648000000.0	-0.0642237435954
1650000000.0	0.0973271649716
1652000000.0	-0.737075025879
1654000000.0	-0.423297641516
1656000000.0	-0.785845715452
1658000000.0	1.43323657156
1660000000.0	0.622229070882
1662000000.0	0.121650780476
1664000000.0	-0.245069548941
1666000000.0	1.26145573044
1668000000.0	-0.448900427224
1670000000.0	0.72489548179
1672000000.0	-0.660154702099
1674000000.0	0.584138013915
1676000000.0	0.872650543048
1678000000.0	-0.51159249804
1680000000.0	1.13106574295
1682000000.0	-0.324080988941
1684000000.0	-0.341555761507
1686000000.0	0.0934357888968
1688000000.0	0.572316029385
1690000000.0	0.416904239474
1692000000.0	-0.791356056936
1694000000.0	0.128068163132
1696000000.0	-0.163201294538
1698000000.0	0.883574486866
1700000000.0	-1.8437970819
1702000000.0	-0.0308236242317
1704000000.0	1.2384536012
1706000000.0	1.62807870469
1708000000.0	-0.706864859576
1710000000.0	0.425672832526
1712000000.0	0.508332390852
1714000000.0	1.039089452
1716000000.0	1.14378575282
1718000000.0	0.411786008199
1720000000.0	0.538378002415
1722000000.0	0.449830768036
1724000000.0	0.400155825726
1726000000.0	-0.654113726155
1728000000.0	0.0210470369513
1730000000.0	0.233082793207
1732000000.0	0.747248248482
1734000000.0	-0.0361481337561
1736000000.0	0.14155098076
1738000000.0	-0.0254934693656
1740000000.0	-0.618067626406
1742000000.0	1.5421944452
1744000000.0	-0.0884234181723
1746000000.0	-0.159354810049
1748000000.0	0.88077618804
1750000000.0	-3.20114040082
1752000000.0	-0.615767213059
1754000000.0	0.175845812977
1756000000.0	-0.586674469533
1758000000.0	-0.242895799274
1760000000.0	0.0257156714034
1762000000.0	1.14892934988
1764000000.0	0.349389963862
1766000000.0	-0.801527761991
1768000000.0	0.411356855402
1770000000.0	-1.53069547504
1772000000.0	-0.0672534262513
1774000000.0	-0.735232683411
1776000000.0	-0.700190557875
1778000000.0	-1.02354298278
1780000000.0	0.0516562108458
1782000000.0	-0.0358583802237
1784000000.0	0.503969194984
1786000000.0	-0.236045762539
1788000000.0	-0.288254725766
1790000000.0	0.148383974545
1792000000.0	0.09056353233
1794000000.0	0.805750537881
1796000000.0	-0.245835468279
1798000000.0	-0.642961890017
1800000000.0	1.20835949299
1802000000.0	0.728249393757
1804000000.0	-1.50737561993
1806000000.0	-0.39217378852
1808000000.0	0.134609814645
1810000000.0	0.201122572181
1812000000.0	-0.00353849850119
1814000000.0	0.491624639701
1816000000.0	-1.65961540722
1818000000.0	0.911134858731
1820000000.0	-0.335759939813
1822000000.0	1.30100544433
1824000000.0	-0.348199836262
1826000000.0	-0.0923633628563
1828000000.0	-0.343911350472
1830000000.0	-1.23394017139
1832000000.0	-1.4041789549
1834000000.0	0.670539073955
1836000000.0	-0.537501986093
1838000000.0	-0.914212025126
1840000000.0	0.558322113205
1842000000.0	0.170780790392
1844000000.0	0.312911754236
1846000000.0	1.80036602884
1848000000.0	0.474327221002
1850000000.0	0.144459441399
1852000000.0	-0.966090882555
1854000000.0	-0.20353844894
1856000000.0	-0.0909440354925
1858000000.0	0.319117882952
1860000000.0	0.917956769058
1862000000.0	0.329241243966
1864000000.0	-0.692703704076
1866000000.0	-0.90932191654
1868000000.0	-0.649227343027
1870000000.0	1.07826921864
1872000000.0	0.760016787737
1874000000.0	0.455995718216
1876000000.0	0.956929673392
1878000000.0	-1.00418614065
1880000000.0	-0.163892088906
1882000000.0	0.0912886972058
1884000000.0	0.520605690622
1886000000.0	2.4481360991
1888000000.0	0.496986777475
1890000000.0	-2.29060867916
1892000000.0	-2.75191475787
1894000000.0	0.546531426356
1896000000.0	8.87130557836
1898000000.0	17.6144470962
1900000000.0	-46.9111005524
1902000000.0	20.299606339
1904000000.0	10.624155435
1906000000.0	0.759009961716
1908000000.0	-2.77714036942
1910000000.0	-3.66059450869
1912000000.0	0.444105474428
1914000000.0	-0.132223674343
1916000000.0	0.364973461719
1918000000.0	-0.328259521468
1920000000.0	0.00466776872093
1922000000.0	-0.660211271682
1924000000.0	1.19868025032
1926000000.0	-0.456218637093
1928000000.0	0.731321172587
1930000000.0	0.906760856658
1932000000.0	0.0682922330883
1934000000.0	-1.15963841616
1936000000.0	-0.682514536472
1938000000.0	0.774960581451
1940000000.0	-0.426548513011
1942000000.0	0.425226781518
1944000000.0	0.0209909088938
1946000000.0	1.14887882651
1948000000.0	0.24819612714
1950000000.0	-0.177888723929
1952000000.0	0.269466534226
1954000000.0	-1.00972132004
1956000000.0	0.130593730498
1958000000.0	0.705343948536
1960000000.0	0.171319901982
1962000000.0	-0.145216189883
1964000000.0	0.355924280508
1966000000.0	0.164540437911
1968000000.0	0.755817738076
1970000000.0	0.0640537602787
1972000000.0	-0.568773341078
1974000000.0	-0.7508402825
1976000000.0	0.14488194028
1978000000.0	0.55459625397
1980000000.0	0.0693193234149
1982000000.0	-0.481671426607
1984000000.0	2.20745997075
1986000000.0	0.576106497901
1988000000.0	-0.279718510394
1990000000.0	-0.6280321671
1992000000.0	-0.436421821929
1994000000.0	0.135381839903
1996000000.0	0.250582363115
1998000000.0	0.363592383763
2000000000.0	0.0
