0.0	-38.25
2000000.0	6.93248833878
4000000.0	13.6494354773
6000000.0	10.3679195411
8000000.0	-12.5423291805
10000000.0	-24.5859425757
12000000.0	-22.5330017829
14000000.0	-3.13962213852
16000000.0	20.9920723594
18000000.0	33.7281733575
20000000.0	19.8989166433
22000000.0	-10.9519529294
24000000.0	-36.0930151323
26000000.0	-40.0996322334
28000000.0	-22.5692932075
30000000.0	11.8071491636
32000000.0	32.2729853971
34000000.0	27.3436764343
36000000.0	-5.37494039725
38000000.0	-22.0368588498
40000000.0	-23.0130492413
42000000.0	-9.53491753986
44000000.0	10.2852272255
46000000.0	17.8239986929
48000000.0	8.06355278548
50000000.0	-7.94827021986
52000000.0	-12.831317265
54000000.0	-2.45074133634
56000000.0	15.055450182
58000000.0	21.5357993754
60000000.0	11.7156373206
62000000.0	-7.53832202094
64000000.0	-21.6978570388
66000000.0	-15.4969953226
68000000.0	0.54468182665
70000000.0	15.9574558798
72000000.0	17.8997133376
74000000.0	4.39997059146
76000000.0	-10.6140814719
78000000.0	-15.086335242
80000000.0	-7.11703573119
82000000.0	4.38119745213
84000000.0	8.18790319518
86000000.0	2.41586466751
88000000.0	-4.94097080094
90000000.0	-9.08756996991
92000000.0	-3.46522497096
94000000.0	10.2462318586
96000000.0	14.4804280185
98000000.0	7.2886830575
100000000.0	-6.49450448463
102000000.0	-14.3805359459
104000000.0	-11.2435187891
106000000.0	0.437255360344
108000000.0	14.1731679865
110000000.0	15.8346492335
112000000.0	5.1047154801
114000000.0	-7.96960783133
116000000.0	-12.9970461861
118000000.0	-6.45270703976
120000000.0	5.74548141305
122000000.0	12.2319422138
124000000.0	10.5131059765
126000000.0	-5.0763251188
128000000.0	-11.3631419942
130000000.0	-8.43400366661
132000000.0	0.237642895336
134000000.0	9.32955020307
136000000.0	6.92890486193
138000000.0	-0.0702238993975
140000000.0	-8.1839246135
142000000.0	-8.79725561929
144000000.0	-1.4632955039
146000000.0	6.77014182241
148000000.0	9.36118833989
150000000.0	3.76982200945
152000000.0	-7.87699531991
154000000.0	-8.69630628557
156000000.0	-5.34603564026
158000000.0	5.11220244254
160000000.0	9.10371158347
162000000.0	6.17213177236
164000000.0	-4.36092217962
166000000.0	-10.9464652789
168000000.0	-7.82901089654
170000000.0	2.54061042856
172000000.0	10.0872309546
174000000.0	10.9078687397
176000000.0	-0.376805248454
178000000.0	-9.72731941656
180000000.0	-10.2743320459
182000000.0	-3.24670662571
184000000.0	7.85840576377
186000000.0	9.97925841108
188000000.0	3.12175341191
190000000.0	-6.09608359765
192000000.0	-8.98771407999
194000000.0	-3.19006678217
196000000.0	5.88209542161
198000000.0	11.0613140772
200000000.0	5.22415175738
202000000.0	-5.04879236158
204000000.0	-12.6999529944
206000000.0	-11.5637250311
208000000.0	0.830084714019
210000000.0	12.2856123919
212000000.0	13.6088322005
214000000.0	2.96847839716
216000000.0	-8.41485003317
218000000.0	-12.7502141692
220000000.0	-5.61558400788
222000000.0	5.45869531161
224000000.0	12.4851815001
226000000.0	5.20791829937
228000000.0	-8.69077245264
230000000.0	-12.137671856
232000000.0	-6.64954867206
234000000.0	8.21363785424
236000000.0	17.6909183399
238000000.0	11.914066097
240000000.0	-5.28645472244
242000000.0	-19.5986502872
244000000.0	-17.8433524318
246000000.0	0.216471943552
248000000.0	17.190861967
250000000.0	21.2043775388
252000000.0	6.30867114082
254000000.0	-15.7151412851
256000000.0	-20.1468150565
258000000.0	-3.97522909785
260000000.0	16.2825259635
262000000.0	18.7709179415
264000000.0	1.48300591888
266000000.0	-18.4267576908
268000000.0	-26.5968795533
270000000.0	-6.1879390151
272000000.0	26.7889810859
274000000.0	43.7081662506
276000000.0	21.2663002915
278000000.0	-26.7110725063
280000000.0	-59.4914149679
282000000.0	-45.2350559743
284000000.0	11.2565396183
286000000.0	65.6985329288
288000000.0	62.6299399362
290000000.0	1.04476603355
292000000.0	-61.6727820787
294000000.0	-55.2825949419
296000000.0	40.1649649312
298000000.0	134.419866637
300000000.0	-286.631677226
302000000.0	101.59593844
304000000.0	70.8125906789
306000000.0	52.9953581919
308000000.0	11.6580500077
310000000.0	-36.2976594384
312000000.0	-58.4397884606
314000000.0	-38.6484380396
316000000.0	5.07303183755
318000000.0	41.748887595
320000000.0	42.3290674446
322000000.0	11.7856553717
324000000.0	-21.0223704223
326000000.0	-27.754085519
328000000.0	-14.5033283144
330000000.0	9.05455253023
332000000.0	19.4518922144
334000000.0	8.83424989227
336000000.0	-7.20523909351
338000000.0	-13.8806257291
340000000.0	-7.06873059128
342000000.0	9.98165135687
344000000.0	18.4707416586
346000000.0	7.99734752929
348000000.0	-10.004571949
350000000.0	-20.1626212165
352000000.0	-12.3224158643
354000000.0	5.67698652925
356000000.0	18.3678037853
358000000.0	15.7230680443
360000000.0	0.804189325024
362000000.0	-12.1968409544
364000000.0	-14.318900176
366000000.0	-3.60880612903
368000000.0	8.50379176067
370000000.0	8.97314213634
372000000.0	0.942658967757
374000000.0	-3.6896669451
376000000.0	-8.39749244865
378000000.0	-0.418214988625
380000000.0	7.62579855853
382000000.0	9.36708943169
384000000.0	1.67819037524
386000000.0	-7.62515134774
388000000.0	-11.8799076068
390000000.0	-5.40497522095
392000000.0	5.5573120121
394000000.0	10.0512641201
396000000.0	6.74611707286
398000000.0	-1.31519147044
400000000.0	-9.5369041565
402000000.0	-5.92065214351
404000000.0	0.134806582277
406000000.0	5.85461152425
408000000.0	4.57247551093
410000000.0	-1.25310045954
412000000.0	-4.58625249654
414000000.0	-3.16133826635
416000000.0	0.842286934443
418000000.0	5.81674985862
420000000.0	5.55899196033
422000000.0	-1.47780619702
424000000.0	-5.907502098
426000000.0	-6.1266665561
428000000.0	-0.756914901773
430000000.0	4.00854545518
432000000.0	5.51165550084
434000000.0	5.29412076827
436000000.0	-2.29255661998
438000000.0	-4.6448049932
440000000.0	-3.54130987699
442000000.0	0.955568066268
444000000.0	3.55899728768
446000000.0	2.71746695158
448000000.0	0.0934446117721
450000000.0	-3.7775278343
452000000.0	-2.3479597719
454000000.0	1.50000428143
456000000.0	4.44020789434
458000000.0	3.52667786482
460000000.0	0.0151329161795
462000000.0	-3.97671186914
464000000.0	-4.63345168931
466000000.0	0.266678864524
468000000.0	3.59228767403
470000000.0	4.63598999829
472000000.0	2.0909843128
474000000.0	-1.40006918673
476000000.0	-4.06045867783
478000000.0	-1.54636204605
480000000.0	2.07747067979
482000000.0	3.74782155714
484000000.0	1.04264633223
486000000.0	-1.40954673973
488000000.0	-2.61642915808
490000000.0	-2.94646040094
492000000.0	2.61676594974
494000000.0	3.00336676344
496000000.0	1.98055011054
498000000.0	-1.60606927066
500000000.0	-1.22782960533
502000000.0	-3.18118896086
504000000.0	-0.439970800595
506000000.0	2.73521286926
508000000.0	2.94336941233
510000000.0	-0.204363668867
512000000.0	-2.72773976265
514000000.0	-3.27739836983
516000000.0	-1.66265889346
518000000.0	0.81822162862
520000000.0	2.9681096917
522000000.0	2.17463123436
524000000.0	-1.17059480145
526000000.0	-2.78756383782
528000000.0	-1.33624813224
530000000.0	2.3053566281
532000000.0	4.10038206616
534000000.0	1.37477093197
536000000.0	-1.60489876853
538000000.0	-2.70167584052
540000000.0	-2.4076467282
542000000.0	-0.159213534407
544000000.0	1.9803396896
546000000.0	1.58992745142
548000000.0	0.331947180236
550000000.0	-2.4898895003
552000000.0	-1.16955986791
554000000.0	-0.0799741038693
556000000.0	2.40461539751
558000000.0	1.97692292357
560000000.0	-2.44712127664
562000000.0	-1.44532394787
564000000.0	-2.9426040984
566000000.0	-0.385341791491
568000000.0	3.15825902729
570000000.0	2.15503484193
572000000.0	1.0514665811
574000000.0	-1.99345848211
576000000.0	-3.81240210614
578000000.0	-0.0576053481545
580000000.0	2.15104793816
582000000.0	3.11750036618
584000000.0	0.87738984607
586000000.0	-2.74327508425
588000000.0	-1.39223812874
590000000.0	-0.145783084053
592000000.0	1.35245208491
594000000.0	1.48478025997
596000000.0	-2.18481182981
598000000.0	-7.70873562309
600000000.0	19.6370652668
602000000.0	-9.13104084522
604000000.0	-6.42385864782
606000000.0	1.38617371501
608000000.0	3.08124736623
610000000.0	1.94478905441
612000000.0	-0.513138436989
614000000.0	-2.75848364421
616000000.0	-1.25643627349
618000000.0	2.26044083362
620000000.0	0.481245180107
622000000.0	-0.301720454502
624000000.0	0.610917678493
626000000.0	-2.82815983192
628000000.0	0.0908843504738
630000000.0	-0.927722158705
632000000.0	1.094974931
634000000.0	-0.435480715507
636000000.0	0.501925101664
638000000.0	-1.3899354495
640000000.0	-0.98853616289
642000000.0	0.362051525634
644000000.0	1.19095329506
646000000.0	1.09832094278
648000000.0	-0.0175127377299
650000000.0	-1.40290637353
652000000.0	-0.34608973805
654000000.0	-1.15665930606
656000000.0	0.472883555963
658000000.0	2.08797316878
660000000.0	-0.365096158756
662000000.0	0.385222083384
664000000.0	-1.02649767957
666000000.0	-0.336064179993
668000000.0	0.510618372049
670000000.0	0.743929955231
672000000.0	0.010481300772
674000000.0	0.419321501016
676000000.0	0.11340290884
678000000.0	-0.935236092209
680000000.0	0.132336717504
682000000.0	0.383453128965
684000000.0	0.225032588098
686000000.0	-0.637889933877
688000000.0	-0.054413227231
690000000.0	0.606283074671
692000000.0	-1.16848008612
694000000.0	0.267152712732
696000000.0	-0.864377419886
698000000.0	-0.614518678921
700000000.0	6.81327621442
702000000.0	-1.70811459605
704000000.0	-1.40818316422
706000000.0	-0.465752397407
708000000.0	0.930484714716
710000000.0	-0.236940577093
712000000.0	0.412543282615
714000000.0	1.22077858405
716000000.0	-0.725351565343
718000000.0	0.484395087062
720000000.0	1.61690803622
722000000.0	1.94104536026
724000000.0	1.12314300874
726000000.0	-0.201754364826
728000000.0	-2.65452162999
730000000.0	-0.311467392183
732000000.0	-0.296765593475
734000000.0	2.36681818143
736000000.0	0.731747143976
738000000.0	0.747379560317
740000000.0	-0.431499412118
742000000.0	-1.12079222771
744000000.0	0.645244800802
746000000.0	-0.945671250375
748000000.0	1.37069101292
750000000.0	4.12530940037
752000000.0	-0.819300522989
754000000.0	-0.149620003345
756000000.0	-0.770594967353
758000000.0	1.24342323759
760000000.0	0.227444102036
762000000.0	0.234454849406
764000000.0	0.256018459393
766000000.0	-1.77204028385
768000000.0	-1.41835580837
770000000.0	-0.286786779644
772000000.0	-0.724963674471
774000000.0	3.55468984739
776000000.0	0.693833991216
778000000.0	-0.476289374972
780000000.0	0.139543578825
782000000.0	-0.0912348786948
784000000.0	-1.01656885166
786000000.0	1.13783780146
788000000.0	0.93611710802
790000000.0	-0.558804281351
792000000.0	-2.82321771479
794000000.0	-0.00245278454933
796000000.0	1.10952297974
798000000.0	2.5354968725
800000000.0	-2.34039403529
802000000.0	0.615438933728
804000000.0	-1.2492072321
806000000.0	-1.90177686055
808000000.0	-0.80680837357
810000000.0	1.28676939335
812000000.0	2.46658432554
814000000.0	3.014205529
816000000.0	1.11813825282
818000000.0	-2.37757284859
820000000.0	-2.0272336202
822000000.0	-1.43553291029
824000000.0	2.31528625856
826000000.0	2.02493338789
828000000.0	0.311267042705
830000000.0	-2.33802785842
832000000.0	-1.86577981963
834000000.0	-0.969640113296
836000000.0	3.2069499879
838000000.0	2.73102719998
840000000.0	-0.12029473759
842000000.0	-3.11826754623
844000000.0	-4.97514411574
846000000.0	-1.3364212021
848000000.0	3.02806494458
850000000.0	5.23708372775
852000000.0	3.0649984553
854000000.0	-3.15570582092
856000000.0	-6.04898955429
858000000.0	-2.3181545485
860000000.0	1.77671031742
862000000.0	3.38040717442
864000000.0	1.80741858039
866000000.0	-2.66895592455
868000000.0	-5.67000949458
870000000.0	-3.01716770066
872000000.0	3.29248396489
874000000.0	9.15892667035
876000000.0	6.90990802481
878000000.0	-3.99743966742
880000000.0	-12.1884068827
882000000.0	-12.3197425827
884000000.0	1.49958375171
886000000.0	16.2296172868
888000000.0	17.8200936663
890000000.0	4.37038007665
892000000.0	-11.0010013085
894000000.0	-15.1571746344
896000000.0	-5.93409384525
898000000.0	-2.38952593668
900000000.0	23.7966441722
902000000.0	-14.644898303
904000000.0	-1.55074399054
906000000.0	12.9030498848
908000000.0	10.9706463777
910000000.0	-2.64552657517
912000000.0	-13.6013618354
914000000.0	-13.5329107658
916000000.0	-1.96944830432
918000000.0	10.6471910064
920000000.0	13.0749335475
922000000.0	5.1558571345
924000000.0	-5.08866711125
926000000.0	-10.1370016356
928000000.0	-4.28791200369
930000000.0	3.41523798713
932000000.0	5.62479949528
934000000.0	3.56013529196
936000000.0	-1.22801930788
938000000.0	-5.24138651347
940000000.0	-2.41031781452
942000000.0	2.35921020847
944000000.0	6.32771988475
946000000.0	1.4043059368
948000000.0	-2.27924645111
950000000.0	-6.35537421778
952000000.0	-3.3971659271
954000000.0	2.01549932958
956000000.0	5.26239290998
958000000.0	2.48523611029
960000000.0	-0.369078889697
962000000.0	-3.25402975916
964000000.0	-3.28210169258
966000000.0	-0.980306034497
968000000.0	3.93087413676
970000000.0	3.59596445579
972000000.0	0.339417621198
974000000.0	-2.15360080514
976000000.0	-3.74363056669
978000000.0	-0.491470061066
980000000.0	3.82910265422
982000000.0	3.69581697959
984000000.0	1.40931210449
986000000.0	-2.30886424736
988000000.0	-4.01241157056
990000000.0	-1.11722685198
992000000.0	3.43735956519
994000000.0	4.3943217331
996000000.0	2.6235294946
998000000.0	-1.08588648236
1000000000.0	3.25
1002000000.0	-0.47037159218
1004000000.0	1.38744145236
1006000000.0	2.36509638491
1008000000.0	1.28834985624
1010000000.0	-1.33374669345
1012000000.0	-2.61716443865
1014000000.0	-1.89790956787
1016000000.0	-0.0960027530556
1018000000.0	2.64768484197
1020000000.0	2.16725054822
1022000000.0	-0.0142717630216
1024000000.0	-1.72806952116
1026000000.0	-1.50680589455
1028000000.0	-2.3645869503
1030000000.0	0.162471537005
1032000000.0	2.06301121126
1034000000.0	0.0492590002583
1036000000.0	-0.198993057656
1038000000.0	-0.433533240246
1040000000.0	-2.16025033838
1042000000.0	0.514762602771
1044000000.0	1.16847982879
1046000000.0	0.507907252711
1048000000.0	-0.256809895301
1050000000.0	-1.5402098734
1052000000.0	-0.660209342116
1054000000.0	0.685648428858
1056000000.0	2.05200370191
1058000000.0	1.01869114393
1060000000.0	-1.68701240667
1062000000.0	-1.04680983465
1064000000.0	-1.63860120812
1066000000.0	0.872916814982
1068000000.0	1.13468328367
1070000000.0	0.768284937642
1072000000.0	0.55161845964
1074000000.0	-1.50898391223
1076000000.0	-2.36657029685
1078000000.0	1.09727843947
1080000000.0	1.66622962483
1082000000.0	1.44031153638
1084000000.0	-0.476740506769
1086000000.0	-0.881310749443
1088000000.0	-0.549713537775
1090000000.0	-0.994485019105
1092000000.0	0.892006138189
1094000000.0	0.603186172457
1096000000.0	0.209416900086
1098000000.0	-1.5538486914
1100000000.0	2.22163453444
1102000000.0	-1.61167498847
1104000000.0	0.687479842329
1106000000.0	0.108756912315
1108000000.0	-0.747452297084
1110000000.0	0.500834083685
1112000000.0	-0.38069202914
1114000000.0	-0.437629778496
1116000000.0	-0.578779496867
1118000000.0	0.739745722494
1120000000.0	0.85220582035
1122000000.0	-0.110443339988
1124000000.0	-0.958425908261
1126000000.0	-1.17799541409
1128000000.0	-0.303944039054
1130000000.0	0.77063823311
1132000000.0	0.737092855958
1134000000.0	0.0225412138448
1136000000.0	-0.691109103223
1138000000.0	-0.997909592392
1140000000.0	-1.62324347541
1142000000.0	1.38433432951
1144000000.0	1.22083049511
1146000000.0	2.52385952668
1148000000.0	-0.111539230738
1150000000.0	-0.824705506521
1152000000.0	-0.162405728775
1154000000.0	-0.900094949493
1156000000.0	1.83041872099
1158000000.0	2.39463461277
1160000000.0	-0.676774993717
1162000000.0	-0.479062745609
1164000000.0	-1.24577805031
1166000000.0	-0.298236427541
1168000000.0	1.02467217822
1170000000.0	2.2818957832
1172000000.0	0.576028049733
1174000000.0	-0.475998867339
1176000000.0	-1.25365571317
1178000000.0	0.850406004742
1180000000.0	-0.766778420766
1182000000.0	1.35892122956
1184000000.0	0.800814833631
1186000000.0	0.338151430363
1188000000.0	-1.59499367545
1190000000.0	-2.02076015933
1192000000.0	-1.67289848556
1194000000.0	1.62117681452
1196000000.0	3.63585637663
1198000000.0	9.42298628487
1200000000.0	-22.0099708435
1202000000.0	8.21029225448
1204000000.0	1.46334233923
1206000000.0	0.210336343136
1208000000.0	-1.7242514046
1210000000.0	-1.35480546675
1212000000.0	0.525766657236
1214000000.0	-0.498241980495
1216000000.0	1.07369421572
1218000000.0	-0.39919011883
1220000000.0	-0.0410917262822
1222000000.0	-1.0844714082
1224000000.0	-0.561073958744
1226000000.0	0.0312636499889
1228000000.0	0.759717528372
1230000000.0	-0.00938490631812
1232000000.0	0.331803419595
1234000000.0	-0.937884486096
1236000000.0	-1.6227186991
1238000000.0	0.897323658789
1240000000.0	-0.445583628857
1242000000.0	0.861963789427
1244000000.0	0.0787557703844
1246000000.0	-1.42093688403
1248000000.0	-0.723571734112
1250000000.0	-2.7551975558
1252000000.0	0.909893312911
1254000000.0	0.119236522264
1256000000.0	0.142554170239
1258000000.0	-0.372145034652
1260000000.0	-0.0280818322027
1262000000.0	-0.416759514499
1264000000.0	-0.153441640309
1266000000.0	0.253301792756
1268000000.0	1.31840508083
1270000000.0	-0.0728056820329
1272000000.0	0.282531724945
1274000000.0	-0.427135648463
1276000000.0	-0.6355935699
1278000000.0	1.1254365214
1280000000.0	-0.629626224523
1282000000.0	-0.453988296621
1284000000.0	-1.46637086201
1286000000.0	-1.17125532289
1288000000.0	0.216187724572
1290000000.0	0.275108614212
1292000000.0	0.844492502453
1294000000.0	0.0705558848379
1296000000.0	-1.1405114119
1298000000.0	-2.35419489699
1300000000.0	6.18918694616
1302000000.0	-2.21290370019
1304000000.0	-2.20734434581
1306000000.0	-1.55678772789
1308000000.0	0.0926040595471
1310000000.0	0.253204140269
1312000000.0	0.717652143995
1314000000.0	-1.23947024042
1316000000.0	0.376212172545
1318000000.0	-0.922619823247
1320000000.0	0.866755066874
1322000000.0	0.999037968132
1324000000.0	-0.057110706685
1326000000.0	1.02288142494
1328000000.0	-1.63059939525
1330000000.0	-1.33276913019
1332000000.0	0.210627549792
1334000000.0	0.49587157739
1336000000.0	-0.288583946718
1338000000.0	0.0123731050241
1340000000.0	0.125879784856
1342000000.0	-0.970136413414
1344000000.0	-0.438411472823
1346000000.0	0.610367523033
1348000000.0	0.248665151029
1350000000.0	0.399428199916
1352000000.0	-0.205389322033
1354000000.0	0.648762945839
1356000000.0	-1.04984781578
1358000000.0	-0.433595609387
1360000000.0	-0.476449028915
1362000000.0	0.590795594448
1364000000.0	0.930750245098
1366000000.0	-1.5236983545
1368000000.0	0.348950296578
1370000000.0	0.10236589722
1372000000.0	1.21321706844
1374000000.0	2.56213775605
1376000000.0	-1.12831831213
1378000000.0	-2.07068130405
1380000000.0	-0.546729819952
1382000000.0	0.248376144691
1384000000.0	-0.251063353059
1386000000.0	0.753380600898
1388000000.0	0.79010937585
1390000000.0	-0.27591111176
1392000000.0	-1.16392169596
1394000000.0	0.618768047629
1396000000.0	-0.110649536447
1398000000.0	0.338686735496
1400000000.0	-2.65217064786
1402000000.0	2.55934416816
1404000000.0	0.221873696011
1406000000.0	-0.861441709794
1408000000.0	-1.16234388988
1410000000.0	0.167102377426
1412000000.0	1.65706033044
1414000000.0	1.67718697092
1416000000.0	0.30090701969
1418000000.0	0.391922150623
1420000000.0	0.549390135373
1422000000.0	-1.25510224294
1424000000.0	0.460618545838
1426000000.0	1.29474114979
1428000000.0	0.460804582085
1430000000.0	-0.488851940181
1432000000.0	-1.56147251784
1434000000.0	-0.14528246159
1436000000.0	0.949542105459
1438000000.0	1.43046627963
1440000000.0	0.268188711728
1442000000.0	-0.907545085247
1444000000.0	-2.41584416097
1446000000.0	-1.08020806152
1448000000.0	2.07703865229
1450000000.0	2.58788766658
1452000000.0	1.03062273784
1454000000.0	0.574127272141
1456000000.0	-2.38248542623
1458000000.0	-1.20111826201
1460000000.0	0.416205830626
1462000000.0	2.08978902261
1464000000.0	1.42476403336
1466000000.0	0.157871769982
1468000000.0	-1.25977714517
1470000000.0	-1.5873405398
1472000000.0	1.31624488011
1474000000.0	2.87958248124
1476000000.0	1.15390879455
1478000000.0	-0.788795442018
1480000000.0	-3.07239993705
1482000000.0	-4.64477602667
1484000000.0	0.450296939081
1486000000.0	3.70617413912
1488000000.0	6.37371950567
1490000000.0	2.78160677137
1492000000.0	-0.111680975965
1494000000.0	-4.11499789468
1496000000.0	-9.28523954603
1498000000.0	-15.2416585009
1500000000.0	45.3528296053
1502000000.0	-18.6516402087
1504000000.0	-7.38423997799
1506000000.0	6.06088002143
1508000000.0	7.26799704716
1510000000.0	1.52348972662
1512000000.0	-5.21520282263
1514000000.0	-7.20201484549
1516000000.0	-2.82995394886
1518000000.0	4.43914883852
1520000000.0	6.61766944708
1522000000.0	2.4794562244
1524000000.0	-1.87839796368
1526000000.0	-3.62622997697
1528000000.0	-2.97720968011
1530000000.0	0.331434531344
1532000000.0	2.92978800493
1534000000.0	1.84189613285
1536000000.0	-0.959976127601
1538000000.0	-2.5494991351
1540000000.0	-2.18124474936
1542000000.0	1.3788837764
1544000000.0	2.49500914975
1546000000.0	1.64948727439
1548000000.0	-1.15534968523
1550000000.0	-2.14152849696
1552000000.0	-1.72392076882
1554000000.0	1.64969787522
1556000000.0	2.41752824959
1558000000.0	1.8099263745
1560000000.0	0.608334440271
1562000000.0	-1.19564539557
1564000000.0	-1.84568713748
1566000000.0	1.30390570233
1568000000.0	1.75675865751
1570000000.0	2.54800355753
1572000000.0	-0.0460678287322
1574000000.0	0.544410326281
1576000000.0	-3.2865826406
1578000000.0	-0.598188014996
1580000000.0	1.19647402124
1582000000.0	0.807500028385
1584000000.0	1.40851793013
1586000000.0	0.38821937596
1588000000.0	-1.37482129733
1590000000.0	-0.0692103799427
1592000000.0	0.436708113634
1594000000.0	0.209944217972
1596000000.0	1.67341990843
1598000000.0	0.394127122283
1600000000.0	-3.14398096471
1602000000.0	0.935259927955
1604000000.0	-0.0297869654083
1606000000.0	0.829685495061
1608000000.0	0.0940361084846
1610000000.0	-1.20963889365
1612000000.0	-0.689547527127
1614000000.0	0.300815521094
1616000000.0	1.15817589962
1618000000.0	2.19884218706
1620000000.0	0.561364241803
1622000000.0	-0.0877698225265
1624000000.0	0.632748254006
1626000000.0	-1.60760843597
1628000000.0	-0.208097469142
1630000000.0	-0.825596098441
1632000000.0	-0.582613647253
1634000000.0	-0.39161533347
1636000000.0	-1.08538724094
1638000000.0	-1.38738822954
1640000000.0	0.887542018245
1642000000.0	-0.0828516595533
1644000000.0	1.6477790939
1646000000.0	0.0841918642069
1648000000.0	0.120821541976
1650000000.0	-0.411868753958
1652000000.0	0.177574524611
1654000000.0	-0.0944098810379
1656000000.0	0.148797216994
1658000000.0	0.320828118536
1660000000.0	-0.412498055269
1662000000.0	-0.868598670411
1664000000.0	-1.47327606135
1666000000.0	1.40416659752
1668000000.0	1.73998261181
1670000000.0	0.433829290717
1672000000.0	-0.0414229697567
1674000000.0	0.26610335235
1676000000.0	-1.53807636078
1678000000.0	-0.0112348678581
1680000000.0	0.0113099822091
1682000000.0	0.581985636204
1684000000.0	0.180308212953
1686000000.0	-1.70532202898
1688000000.0	0.0122194313857
1690000000.0	-0.169932629046
1692000000.0	0.985504283511
1694000000.0	1.42317471729
1696000000.0	0.591423980052
1698000000.0	-2.71810351744
1700000000.0	2.84001545395
1702000000.0	-2.37863861892
1704000000.0	-0.826826181608
1706000000.0	0.348209748229
1708000000.0	0.296477111388
1710000000.0	-0.0329267214091
1712000000.0	0.0588487740729
1714000000.0	-1.83691900684
1716000000.0	-0.426832328131
1718000000.0	0.591843954163
1720000000.0	0.718303609304
1722000000.0	-0.0654353614177
1724000000.0	-0.758230745439
1726000000.0	-1.40718673679
1728000000.0	0.642669308896
1730000000.0	0.984212587698
1732000000.0	0.00832347394318
1734000000.0	-0.426306256277
1736000000.0	-0.0900899552862
1738000000.0	-0.607320076455
1740000000.0	0.934084536939
1742000000.0	-0.211566932304
1744000000.0	-0.568826522447
1746000000.0	0.419751987719
1748000000.0	0.0766336473786
1750000000.0	-1.44948938336
1752000000.0	-0.61260240283
1754000000.0	0.552349728689
1756000000.0	1.54107648646
1758000000.0	-0.353788194986
1760000000.0	-1.59844989739
1762000000.0	0.579153817236
1764000000.0	-0.396684955513
1766000000.0	0.786470250602
1768000000.0	-0.614473538783
1770000000.0	-0.486535474718
1772000000.0	0.0970459641832
1774000000.0	-0.522790973102
1776000000.0	-0.409299766341
1778000000.0	-0.348380138847
1780000000.0	0.755363312779
1782000000.0	1.01041146966
1784000000.0	0.990496100522
1786000000.0	-0.869334021611
1788000000.0	-0.813976980162
1790000000.0	-0.0754729469912
1792000000.0	-0.729338272925
1794000000.0	0.168001191424
1796000000.0	1.20699532542
1798000000.0	1.69684365018
1800000000.0	-1.86529637632
1802000000.0	0.685550202135
1804000000.0	0.726247004373
1806000000.0	1.52493090081
1808000000.0	0.705178856728
1810000000.0	-0.825084750034
1812000000.0	-0.322261459168
1814000000.0	-0.226125191139
1816000000.0	-0.217922852581
1818000000.0	0.344271163524
1820000000.0	0.852808995337
1822000000.0	-0.0875866027333
1824000000.0	-1.44618925912
1826000000.0	0.153846465027
1828000000.0	-0.546408480431
1830000000.0	0.910626436133
1832000000.0	0.133101818503
1834000000.0	-0.032365707893
1836000000.0	0.508196503306
1838000000.0	0.80637870791
1840000000.0	0.88295551472
1842000000.0	1.30259638254
1844000000.0	0.583947018579
1846000000.0	0.791186089253
1848000000.0	-0.21562257895
1850000000.0	-0.827384368988
1852000000.0	-0.0801750676297
1854000000.0	0.535500972157
1856000000.0	0.936081255175
1858000000.0	0.042555788605
1860000000.0	0.594078661902
1862000000.0	-0.329697978827
1864000000.0	-0.698583659403
1866000000.0	0.3733739351
1868000000.0	1.57074526495
1870000000.0	-0.234796294783
1872000000.0	-1.53672114253
1874000000.0	-0.190326450074
1876000000.0	-1.75767309895
1878000000.0	0.3222716102
1880000000.0	1.42931310127
1882000000.0	0.872241433395
1884000000.0	-1.08009877422
1886000000.0	-0.33908861763
1888000000.0	-0.963607905972
1890000000.0	0.221496321095
1892000000.0	2.18600024586
1894000000.0	1.30015943791
1896000000.0	-2.30569708901
1898000000.0	-5.01796824367
1900000000.0	10.5779243892
1902000000.0	-4.81799876252
1904000000.0	-2.32399020946
1906000000.0	-1.15408043677
1908000000.0	-0.0487965275309
1910000000.0	-0.270891560435
1912000000.0	1.99938433231
1914000000.0	0.937267463519
1916000000.0	-1.39892529395
1918000000.0	-1.10202391265
1920000000.0	-0.654328065419
1922000000.0	0.221182238913
1924000000.0	0.232651659934
1926000000.0	0.985302513597
1928000000.0	-0.667780898225
1930000000.0	-0.482320602327
1932000000.0	0.0757192636757
1934000000.0	-0.118133578254
1936000000.0	0.10526278832
1938000000.0	0.562075962869
1940000000.0	0.00870061782393
1942000000.0	-0.497941665386
1944000000.0	-1.01151571222
1946000000.0	-1.07415387767
1948000000.0	0.969613626434
1950000000.0	1.01306475837
1952000000.0	0.554029040372
1954000000.0	0.642459459291
1956000000.0	-1.24118530897
1958000000.0	0.734850556318
1960000000.0	0.138104725894
1962000000.0	0.770584441514
1964000000.0	0.550864339987
1966000000.0	0.278835663621
1968000000.0	-0.0637217218463
1970000000.0	-0.559100633756
1972000000.0	-0.585737898638
1974000000.0	1.29036231951
1976000000.0	-1.06698756787
1978000000.0	-0.714856130976
1980000000.0	0.934791760342
1982000000.0	-2.14501239812
1984000000.0	0.291438555711
1986000000.0	-1.06464917861
1988000000.0	0.623071305722
1990000000.0	-0.149232780984
1992000000.0	-0.869224696776
1994000000.0	0.164604180506
1996000000.0	0.663801121921
1998000000.0	2.78168762056
2000000000.0	-6.75
