0.0	-47.015725
2000000.0	4.11640963532
4000000.0	8.08703915498
6000000.0	3.1429406535
8000000.0	-7.01904301366
10000000.0	-11.9255069121
12000000.0	-10.1249819004
14000000.0	-5.18896993456
16000000.0	5.75870886563
18000000.0	17.8512634118
20000000.0	18.6419759269
22000000.0	7.43049998962
24000000.0	-10.910808439
26000000.0	-22.7922853348
28000000.0	-18.0438425708
30000000.0	0.473703646126
32000000.0	16.5153652472
34000000.0	18.7748995859
36000000.0	5.62096359959
38000000.0	-3.05800867596
40000000.0	-13.0229742275
42000000.0	-13.3945009698
44000000.0	-4.41399114005
46000000.0	5.20633220264
48000000.0	6.73602428092
50000000.0	1.56980122142
52000000.0	-4.24610010242
54000000.0	-4.76094051134
56000000.0	-0.456483435245
58000000.0	4.37387539694
60000000.0	4.69979749102
62000000.0	1.52425007409
64000000.0	-4.50353428341
66000000.0	-6.64633442598
68000000.0	-4.05428156484
70000000.0	2.39800456637
72000000.0	7.3369525459
74000000.0	8.11754814796
76000000.0	1.32013380295
78000000.0	-5.77514969562
80000000.0	-8.47804496401
82000000.0	-4.41209961368
84000000.0	1.98383023063
86000000.0	6.61188751935
88000000.0	6.16678365451
90000000.0	1.39333228837
92000000.0	-3.89907726963
94000000.0	-4.11108295087
96000000.0	-2.85476710816
98000000.0	2.3825730301
100000000.0	4.19575127291
102000000.0	0.789567026414
104000000.0	-3.36486719205
106000000.0	-4.14597241604
108000000.0	-0.956573593551
110000000.0	3.02864997196
112000000.0	6.15468881905
114000000.0	4.6316799766
116000000.0	-0.394363500778
118000000.0	-5.35453596057
120000000.0	-5.03041551077
122000000.0	-1.34405914448
124000000.0	3.73665337715
126000000.0	3.20847463853
128000000.0	3.14914172995
130000000.0	0.333567461092
132000000.0	-2.76955189287
134000000.0	-3.11820690995
136000000.0	-1.617014052
138000000.0	0.71339888163
140000000.0	1.28807053584
142000000.0	1.28111311082
144000000.0	-1.30793482557
146000000.0	-1.36807551559
148000000.0	-0.0213478069167
150000000.0	0.746987855813
152000000.0	2.28002743724
154000000.0	0.34585954849
156000000.0	-1.24574778771
158000000.0	-1.76277214597
160000000.0	-1.62135938966
162000000.0	0.369006645454
164000000.0	2.49503078555
166000000.0	1.48422513564
168000000.0	0.75633082451
170000000.0	-1.45997681698
172000000.0	-3.19067944009
174000000.0	-1.89497253443
176000000.0	-0.671645002238
178000000.0	1.42384016699
180000000.0	2.75250975308
182000000.0	3.41220465729
184000000.0	-0.0386878204869
186000000.0	-2.16986014986
188000000.0	-2.48460589071
190000000.0	-1.45212878207
192000000.0	-0.45719917542
194000000.0	1.79276408501
196000000.0	2.01857853826
198000000.0	1.06266027285
200000000.0	-2.25684526278
202000000.0	-0.456376737681
204000000.0	0.376596850871
206000000.0	2.05841931524
208000000.0	0.699174739266
210000000.0	-1.13997111192
212000000.0	-2.58234084247
214000000.0	-2.53240525466
216000000.0	-0.697133253085
218000000.0	2.99580800996
220000000.0	4.44023736897
222000000.0	3.74274019402
224000000.0	0.975075195666
226000000.0	-3.86328908939
228000000.0	-4.43052790425
230000000.0	-3.2974952388
232000000.0	1.18956299637
234000000.0	3.8552483868
236000000.0	5.47923740666
238000000.0	1.85466377239
240000000.0	-2.68865802049
242000000.0	-5.45998188257
244000000.0	-3.72995574656
246000000.0	1.34004597696
248000000.0	5.61607393316
250000000.0	3.43088497628
252000000.0	-1.21603203259
254000000.0	-5.92832413308
256000000.0	-5.53671462135
258000000.0	3.14513449782
260000000.0	8.8547665333
262000000.0	7.47275477591
264000000.0	-4.07923677924
266000000.0	-15.2858096512
268000000.0	-13.4425584007
270000000.0	1.40166505945
272000000.0	19.6608777878
274000000.0	24.7789724953
276000000.0	7.31129883125
278000000.0	-18.7642511335
280000000.0	-33.1002295515
282000000.0	-20.2973971552
284000000.0	11.1215094975
286000000.0	34.2162499943
288000000.0	27.598856922
290000000.0	-3.60476734295
292000000.0	-30.2474930921
294000000.0	-22.0392890233
296000000.0	24.8159140193
298000000.0	74.6250682196
300000000.0	-161.008613761
302000000.0	47.8240488085
304000000.0	38.5636192355
306000000.0	30.914244689
308000000.0	11.4722630161
310000000.0	-15.0867256346
312000000.0	-32.4214867079
314000000.0	-27.7325860256
316000000.0	-2.54326945286
318000000.0	23.5556738276
320000000.0	30.6037850617
322000000.0	14.2188590491
324000000.0	-11.6936588347
326000000.0	-22.8942135507
328000000.0	-17.5568566973
330000000.0	2.30132656176
332000000.0	16.3368322116
334000000.0	14.0303941004
336000000.0	0.0704942042223
338000000.0	-12.0428341965
340000000.0	-10.865922471
342000000.0	1.27483738461
344000000.0	10.6654412336
346000000.0	8.20906490989
348000000.0	-0.610995071264
350000000.0	-9.76127453002
352000000.0	-9.22154963871
354000000.0	-0.46895540414
356000000.0	8.71431187658
358000000.0	10.1224377617
360000000.0	3.43528830585
362000000.0	-6.16516540588
364000000.0	-9.80971755093
366000000.0	-5.56984370064
368000000.0	2.24873120705
370000000.0	8.56184503371
372000000.0	8.18197131048
374000000.0	2.51141060776
376000000.0	-4.74017944958
378000000.0	-6.19782011668
380000000.0	-2.25620520819
382000000.0	1.67816450306
384000000.0	3.61778360457
386000000.0	1.87485268401
388000000.0	-1.50347971093
390000000.0	-4.33460509035
392000000.0	-1.7464090939
394000000.0	2.9739949833
396000000.0	5.13422927616
398000000.0	3.48733353229
400000000.0	-2.37771493128
402000000.0	-4.9800870099
404000000.0	-5.47194507109
406000000.0	-1.10502572648
408000000.0	3.84438224886
410000000.0	5.46141036119
412000000.0	3.34702239078
414000000.0	-1.63240208122
416000000.0	-5.49074622761
418000000.0	-2.42609809773
420000000.0	-0.123472621076
422000000.0	3.29799570278
424000000.0	3.52563131468
426000000.0	0.181914022561
428000000.0	-1.95848720942
430000000.0	-2.10466006322
432000000.0	-0.693271750933
434000000.0	1.53196282108
436000000.0	2.96442123822
438000000.0	0.556608514559
440000000.0	-1.70268197118
442000000.0	-3.12494120229
444000000.0	-1.03306204137
446000000.0	1.37887870613
448000000.0	3.92887860949
450000000.0	2.68845434369
452000000.0	-1.22235037972
454000000.0	-3.61834608587
456000000.0	-3.75598482137
458000000.0	-0.32824041279
460000000.0	1.82465878186
462000000.0	2.74634006589
464000000.0	1.20774727733
466000000.0	-0.990103827815
468000000.0	-3.05285476105
470000000.0	-1.69150072362
472000000.0	0.824790528079
474000000.0	1.46792484699
476000000.0	0.946828712522
478000000.0	-0.369548006647
480000000.0	-1.30217431968
482000000.0	-1.94664185603
484000000.0	1.35179099474
486000000.0	1.63007983578
488000000.0	1.96840117035
490000000.0	-0.390220982758
492000000.0	-2.14435308798
494000000.0	-3.08152927894
496000000.0	0.303100484879
498000000.0	-0.00654004080723
500000000.0	4.66795261875
502000000.0	1.29308793951
504000000.0	-1.73762612855
506000000.0	-2.45992005182
508000000.0	-1.52678054365
510000000.0	0.733543923323
512000000.0	1.78037451123
514000000.0	1.83182266823
516000000.0	-0.137696391352
518000000.0	-1.10372231213
520000000.0	-2.3730308388
522000000.0	-0.436743345063
524000000.0	1.71136258915
526000000.0	1.77729070272
528000000.0	0.993704169829
530000000.0	-0.937587184336
532000000.0	-1.78445042075
534000000.0	-0.995090300493
536000000.0	0.584826220099
538000000.0	1.35194522396
540000000.0	1.89208912561
542000000.0	-0.0944572193773
544000000.0	-1.47771456895
546000000.0	-2.23374292252
548000000.0	-0.307982085423
550000000.0	1.69070984935
552000000.0	1.75116872774
554000000.0	1.15817579511
556000000.0	-1.15951107913
558000000.0	-1.91929004312
560000000.0	-1.69408921776
562000000.0	0.35563696256
564000000.0	1.39693153152
566000000.0	0.87244156087
568000000.0	0.659463959045
570000000.0	-1.56882995017
572000000.0	-0.332551732048
574000000.0	0.736415236154
576000000.0	0.624861866573
578000000.0	1.73419084848
580000000.0	1.0602298554
582000000.0	-0.626653957415
584000000.0	-1.67320758407
586000000.0	-0.967600215374
588000000.0	1.03117506697
590000000.0	1.80656316344
592000000.0	1.0181766096
594000000.0	-0.388031434248
596000000.0	-1.31034633027
598000000.0	-0.503499633502
600000000.0	-0.424090892768
602000000.0	2.72606443446
604000000.0	0.570770602242
606000000.0	-0.663347940194
608000000.0	-1.35567564713
610000000.0	-1.38275368362
612000000.0	0.583876812321
614000000.0	1.5632157035
616000000.0	1.18220758653
618000000.0	1.92636717874
620000000.0	-0.936416044164
622000000.0	-1.15929189462
624000000.0	-0.399576376219
626000000.0	-0.521969269211
628000000.0	0.910290612747
630000000.0	1.05098740227
632000000.0	-0.0575516842213
634000000.0	-1.708593703
636000000.0	-1.08817069316
638000000.0	0.764096001016
640000000.0	1.78968202224
642000000.0	2.12822324704
644000000.0	0.445897832027
646000000.0	-0.74208269597
648000000.0	-1.14569764354
650000000.0	-0.834964287029
652000000.0	1.3975071415
654000000.0	1.20984359605
656000000.0	0.129889399359
658000000.0	-1.27894669237
660000000.0	-0.967135334467
662000000.0	-0.957753357071
664000000.0	-0.211190115776
666000000.0	2.32588476567
668000000.0	0.874311201824
670000000.0	0.0322399438343
672000000.0	-0.871629073762
674000000.0	-1.48471959444
676000000.0	0.0341343616781
678000000.0	0.0972338627716
680000000.0	1.07160412684
682000000.0	0.511474729082
684000000.0	-0.933852392121
686000000.0	-1.62879907957
688000000.0	-1.25610906632
690000000.0	0.0329411428013
692000000.0	1.60754959099
694000000.0	0.776133124096
696000000.0	-0.66708176618
698000000.0	-1.42098028422
700000000.0	0.201455854127
702000000.0	0.364456468284
704000000.0	1.31738765134
706000000.0	0.496012873038
708000000.0	0.457645780694
710000000.0	-0.685656832869
712000000.0	-1.90260908893
714000000.0	-0.968480139555
716000000.0	0.487344399764
718000000.0	0.8296603053
720000000.0	1.66673833783
722000000.0	0.487092974043
724000000.0	-0.848436373146
726000000.0	-0.966673383388
728000000.0	0.108050044755
730000000.0	1.65334873199
732000000.0	1.86918473756
734000000.0	0.401064003529
736000000.0	-1.87244095471
738000000.0	-1.42544015096
740000000.0	-1.39953385168
742000000.0	0.607795821657
744000000.0	1.15481003281
746000000.0	0.693062541847
748000000.0	-0.476705683128
750000000.0	-0.661158134012
752000000.0	-0.765361828773
754000000.0	-0.123457206827
756000000.0	1.03165655906
758000000.0	1.61265509193
760000000.0	0.600558004687
762000000.0	-0.966096632801
764000000.0	-1.37655200757
766000000.0	-0.720320883151
768000000.0	0.476859209418
770000000.0	2.03725655568
772000000.0	0.489923471501
774000000.0	-0.751236284253
776000000.0	-2.76781278449
778000000.0	-1.07629875839
780000000.0	1.26518323398
782000000.0	1.90432534334
784000000.0	1.49104037949
786000000.0	-0.194484750522
788000000.0	-2.25910094891
790000000.0	-1.89338791496
792000000.0	-1.22707965112
794000000.0	1.26420330774
796000000.0	2.12979749787
798000000.0	1.14335395278
800000000.0	-2.13927903277
802000000.0	-1.37509594258
804000000.0	-0.798792293342
806000000.0	-0.0575774268312
808000000.0	1.12728916812
810000000.0	1.01649559228
812000000.0	-0.784750723249
814000000.0	-1.36966801763
816000000.0	-2.26994079644
818000000.0	0.527114937553
820000000.0	1.2324052699
822000000.0	2.10155907211
824000000.0	1.09586114286
826000000.0	-1.38952874613
828000000.0	-2.28977108205
830000000.0	-1.8411656243
832000000.0	0.642221849912
834000000.0	2.25140639433
836000000.0	2.91155280609
838000000.0	1.01825873766
840000000.0	-1.48819697289
842000000.0	-2.18753308237
844000000.0	-2.01603963117
846000000.0	1.19431917946
848000000.0	3.08379954518
850000000.0	2.702526143
852000000.0	-0.572191401431
854000000.0	-3.30763837459
856000000.0	-3.94463851065
858000000.0	-0.0605214782907
860000000.0	3.18562386915
862000000.0	3.49746798617
864000000.0	-0.242372967317
866000000.0	-3.9459303759
868000000.0	-4.4741594
870000000.0	-0.337979344379
872000000.0	5.8072885682
874000000.0	6.62637697111
876000000.0	3.56638633986
878000000.0	-4.15273943959
880000000.0	-9.35568785199
882000000.0	-6.36283406114
884000000.0	3.26335138845
886000000.0	9.46526148138
888000000.0	8.85109015181
890000000.0	2.05366313655
892000000.0	-5.5918456056
894000000.0	-7.98964578148
896000000.0	-3.98658532402
898000000.0	-2.19336045068
900000000.0	22.5089811437
902000000.0	-11.710925479
904000000.0	-4.69336450052
906000000.0	4.90188890895
908000000.0	6.58085234449
910000000.0	1.33519471998
912000000.0	-6.44640818303
914000000.0	-8.23515162575
916000000.0	-3.63031655744
918000000.0	4.32974469784
920000000.0	8.1558385806
922000000.0	4.67227474618
924000000.0	-1.30637924633
926000000.0	-5.56911607554
928000000.0	-5.25549497824
930000000.0	0.139478694266
932000000.0	3.74744647777
934000000.0	4.23977564064
936000000.0	0.788992485269
938000000.0	-1.96121402611
940000000.0	-3.65530977077
942000000.0	-0.778361587551
944000000.0	0.937890940306
946000000.0	2.31293462943
948000000.0	1.36080138581
950000000.0	-1.29577804546
952000000.0	-1.28145676579
954000000.0	-0.571162410243
956000000.0	1.16273459229
958000000.0	1.08666396294
960000000.0	0.682655142324
962000000.0	-0.722701091532
964000000.0	-1.47062010307
966000000.0	-1.2981879111
968000000.0	0.437141157029
970000000.0	1.48294482495
972000000.0	1.19805407978
974000000.0	1.26898030084
976000000.0	-0.00985076843038
978000000.0	-0.919532321984
980000000.0	-0.470722358971
982000000.0	-0.231455992994
984000000.0	0.259847711164
986000000.0	1.20959540733
988000000.0	0.184870044143
990000000.0	-0.406184761638
992000000.0	-0.50623557003
994000000.0	0.131450763635
996000000.0	-0.0605296213607
998000000.0	0.91221474756
1000000000.0	3.062495
1002000000.0	0.63157944772
1004000000.0	-0.671253688826
1006000000.0	-0.10473450096
1008000000.0	-0.00405212007109
1010000000.0	1.36668968566
1012000000.0	0.853165706509
1014000000.0	0.235535603085
1016000000.0	0.629976002132
1018000000.0	-0.393977376641
1020000000.0	-0.871244083339
1022000000.0	0.0925795710565
1024000000.0	-0.0487297807577
1026000000.0	0.984751260839
1028000000.0	-0.203723412862
1030000000.0	0.507286698134
1032000000.0	-0.822024061593
1034000000.0	0.648851940594
1036000000.0	0.350733144648
1038000000.0	0.465081388614
1040000000.0	0.640625432026
1042000000.0	-0.314274053865
1044000000.0	-1.22716191677
1046000000.0	-0.649987260992
1048000000.0	0.482570583516
1050000000.0	1.09867522917
1052000000.0	0.53729119653
1054000000.0	-0.512182585162
1056000000.0	-0.678221455596
1058000000.0	-0.774789562572
1060000000.0	0.37136878271
1062000000.0	-0.641830731159
1064000000.0	1.38700088888
1066000000.0	-0.495733595629
1068000000.0	-0.432574174021
1070000000.0	0.347150114039
1072000000.0	-0.184945646508
1074000000.0	-0.327926032424
1076000000.0	1.17475328748
1078000000.0	1.20878046311
1080000000.0	0.397433583593
1082000000.0	-0.0346535676256
1084000000.0	-0.579114502516
1086000000.0	0.416694713207
1088000000.0	0.711221550535
1090000000.0	0.173589276187
1092000000.0	0.0758605403533
1094000000.0	-0.085435591757
1096000000.0	-1.05784381522
1098000000.0	-1.2681166022
1100000000.0	1.0295443844
1102000000.0	0.305286921704
1104000000.0	0.201181893434
1106000000.0	1.02281477068
1108000000.0	-0.462654802123
1110000000.0	0.260533599896
1112000000.0	0.23780704368
1114000000.0	0.319458518366
1116000000.0	-0.193101642867
1118000000.0	-0.0413833604874
1120000000.0	-1.02773894057
1122000000.0	-0.196319326982
1124000000.0	-0.128665557611
1126000000.0	-0.55338521217
1128000000.0	0.53460701338
1130000000.0	0.942338464508
1132000000.0	1.33327938755
1134000000.0	0.304542970046
1136000000.0	-0.275947359384
1138000000.0	-0.141271752875
1140000000.0	0.10237932342
1142000000.0	0.139035512326
1144000000.0	0.18836640894
1146000000.0	0.247840590648
1148000000.0	-0.0803477213939
1150000000.0	-0.327750272219
1152000000.0	-0.169304254383
1154000000.0	0.279331461893
1156000000.0	0.113925850788
1158000000.0	0.157861698341
1160000000.0	-0.397003981501
1162000000.0	-0.220881482975
1164000000.0	-0.862434873859
1166000000.0	-0.000603569711954
1168000000.0	0.634129845779
1170000000.0	0.534008016132
1172000000.0	-0.719585287199
1174000000.0	-0.0697335180899
1176000000.0	0.365844037376
1178000000.0	0.806928665969
1180000000.0	0.41412811814
1182000000.0	1.43761721062
1184000000.0	0.46754042887
1186000000.0	-0.989177818148
1188000000.0	-1.04496938068
1190000000.0	-0.79963643156
1192000000.0	-0.904099409378
1194000000.0	0.737792189139
1196000000.0	1.60219147738
1198000000.0	2.85334151124
1200000000.0	-7.28643756872
1202000000.0	2.62511439447
1204000000.0	1.7391628474
1206000000.0	0.382296717843
1208000000.0	-0.423824585469
1210000000.0	0.0953078730178
1212000000.0	0.280349627109
1214000000.0	1.08290222291
1216000000.0	0.610813649942
1218000000.0	-0.151768126496
1220000000.0	0.372794500379
1222000000.0	-0.291437697383
1224000000.0	0.0686371277247
1226000000.0	-0.271902410113
1228000000.0	0.888425872069
1230000000.0	-0.029219538636
1232000000.0	-0.163564609434
1234000000.0	0.632452068505
1236000000.0	0.0856643624032
1238000000.0	0.426264549921
1240000000.0	-0.0555116167043
1242000000.0	-0.30272829593
1244000000.0	-0.294538393029
1246000000.0	-0.240521379911
1248000000.0	0.3778039823
1250000000.0	-1.34353713241
1252000000.0	-0.174155924238
1254000000.0	-0.192033138153
1256000000.0	-0.579614940603
1258000000.0	0.265366232543
1260000000.0	-0.348359673196
1262000000.0	0.0859173774823
1264000000.0	0.16710254459
1266000000.0	-0.270734831819
1268000000.0	0.811759471906
1270000000.0	0.646925441506
1272000000.0	-0.504498249562
1274000000.0	-0.687809260694
1276000000.0	-0.30924329116
1278000000.0	0.146577101096
1280000000.0	0.498060739868
1282000000.0	0.819125127061
1284000000.0	0.802517012919
1286000000.0	-0.440761849555
1288000000.0	-1.3261309142
1290000000.0	0.457064292974
1292000000.0	0.971861789097
1294000000.0	0.441176045646
1296000000.0	-0.631985325714
1298000000.0	-1.0203918526
1300000000.0	2.53425090087
1302000000.0	-0.654140229076
1304000000.0	-0.0432195993708
1306000000.0	-0.438796865318
1308000000.0	0.990501065131
1310000000.0	0.345272131633
1312000000.0	0.03457062593
1314000000.0	0.650794717188
1316000000.0	0.553115692451
1318000000.0	-0.432523849505
1320000000.0	-0.211489245166
1322000000.0	0.0479934309957
1324000000.0	-1.1178578041
1326000000.0	0.302200192838
1328000000.0	0.187184513168
1330000000.0	0.372650863935
1332000000.0	0.873429714426
1334000000.0	-0.156445581216
1336000000.0	-0.38924793428
1338000000.0	-0.115278702173
1340000000.0	0.626479152485
1342000000.0	-0.294803370707
1344000000.0	0.131931253013
1346000000.0	0.487622116465
1348000000.0	-0.0825613284285
1350000000.0	0.309795986776
1352000000.0	0.208497699171
1354000000.0	-0.0117141602166
1356000000.0	-0.648113429579
1358000000.0	0.732239699623
1360000000.0	0.650577854148
1362000000.0	0.103935160358
1364000000.0	0.835818863834
1366000000.0	-0.837688078016
1368000000.0	-0.416101147659
1370000000.0	0.110841312851
1372000000.0	1.04656156437
1374000000.0	0.787695219467
1376000000.0	-1.38355329586
1378000000.0	-1.42350581979
1380000000.0	-0.362094702521
1382000000.0	0.142176628684
1384000000.0	0.19793008939
1386000000.0	0.60029393107
1388000000.0	-0.716451151589
1390000000.0	0.32351304425
1392000000.0	-0.478501259922
1394000000.0	0.827951933794
1396000000.0	0.552612544108
1398000000.0	1.29968895483
1400000000.0	-2.26922690072
1402000000.0	0.50400146067
1404000000.0	0.0665199550549
1406000000.0	0.43587178325
1408000000.0	0.303373020343
1410000000.0	0.192918413445
1412000000.0	0.641581985471
1414000000.0	-0.521688634683
1416000000.0	-0.466831138747
1418000000.0	-0.569808244222
1420000000.0	-0.0228887168542
1422000000.0	-0.392131465837
1424000000.0	-0.49683419961
1426000000.0	0.449511661253
1428000000.0	-0.898398866297
1430000000.0	0.278858797483
1432000000.0	-1.01172654603
1434000000.0	0.0597140671568
1436000000.0	1.33541189726
1438000000.0	-0.0418722919238
1440000000.0	0.22670703154
1442000000.0	-0.739517981102
1444000000.0	-1.0760479036
1446000000.0	-0.180970517765
1448000000.0	0.280151692491
1450000000.0	1.28043524344
1452000000.0	-0.496618149967
1454000000.0	-0.564221691934
1456000000.0	-1.78797114755
1458000000.0	-0.0893537971332
1460000000.0	-0.0740287844651
1462000000.0	1.39894772111
1464000000.0	0.186316053178
1466000000.0	-1.2958141806
1468000000.0	-1.77153612436
1470000000.0	-0.523926299763
1472000000.0	1.57036832405
1474000000.0	1.87616830486
1476000000.0	0.245970557854
1478000000.0	-0.315297447622
1480000000.0	-2.55611970213
1482000000.0	-3.08607449027
1484000000.0	-0.10468713058
1486000000.0	3.40276490096
1488000000.0	2.36772601838
1490000000.0	2.11723658108
1492000000.0	0.46812741709
1494000000.0	-3.14413032668
1496000000.0	-6.36784844389
1498000000.0	-11.6432590441
1500000000.0	32.4885173812
1502000000.0	-14.1797868218
1504000000.0	-6.72666654165
1506000000.0	2.18945185283
1508000000.0	3.92517072496
1510000000.0	2.00793431086
1512000000.0	-1.55345955948
1514000000.0	-4.20740487215
1516000000.0	-2.31315025835
1518000000.0	1.16329158011
1520000000.0	3.4536489201
1522000000.0	2.88610182556
1524000000.0	-0.863155424672
1526000000.0	-2.7217780994
1528000000.0	-2.64040997171
1530000000.0	0.0185619802379
1532000000.0	1.4505534118
1534000000.0	1.91259041113
1536000000.0	0.328604936732
1538000000.0	-0.407057381337
1540000000.0	-1.3114548036
1542000000.0	-0.241882591968
1544000000.0	0.49716252656
1546000000.0	0.359753339974
1548000000.0	0.838652768686
1550000000.0	-0.914809275565
1552000000.0	0.221315026337
1554000000.0	-0.0074370609378
1556000000.0	-0.324781788317
1558000000.0	0.691322644075
1560000000.0	0.165550508272
1562000000.0	-0.125021140251
1564000000.0	-0.209820639369
1566000000.0	-0.893840641002
1568000000.0	0.0121682581683
1570000000.0	0.570386223641
1572000000.0	0.411043052652
1574000000.0	0.597668646052
1576000000.0	-0.208368360863
1578000000.0	-0.397968748725
1580000000.0	-0.662751313925
1582000000.0	-0.376273339973
1584000000.0	0.462309487166
1586000000.0	0.845155845933
1588000000.0	-0.346950208962
1590000000.0	0.00989093239958
1592000000.0	-0.334172099452
1594000000.0	0.69502435759
1596000000.0	-0.0278915668939
1598000000.0	1.35827748259
1600000000.0	-0.759183467229
1602000000.0	0.311342936675
1604000000.0	-0.428139316121
1606000000.0	-0.0608998708028
1608000000.0	0.105452531646
1610000000.0	-0.033614145019
1612000000.0	0.468143223285
1614000000.0	0.911562462608
1616000000.0	0.00809422917546
1618000000.0	-0.0867851531692
1620000000.0	0.276968599928
1622000000.0	0.416339736251
1624000000.0	0.395813864809
1626000000.0	-0.104928971818
1628000000.0	-0.151466653627
1630000000.0	-0.536735124345
1632000000.0	-0.303621862674
1634000000.0	-0.287858802573
1636000000.0	0.0417655133726
1638000000.0	0.823144136187
1640000000.0	0.418230253255
1642000000.0	-0.213726978398
1644000000.0	-0.209148602738
1646000000.0	0.00962493970863
1648000000.0	0.268911830621
1650000000.0	-0.269806646409
1652000000.0	0.219649456814
1654000000.0	0.535821797789
1656000000.0	-0.0987792920255
1658000000.0	-0.489483579483
1660000000.0	-0.0539508765029
1662000000.0	-0.330018466024
1664000000.0	-0.0999200691335
1666000000.0	-0.0363563870211
1668000000.0	-0.637286936505
1670000000.0	0.0990483902383
1672000000.0	-0.628623677178
1674000000.0	-0.410336049059
1676000000.0	0.428457458357
1678000000.0	0.694558319651
1680000000.0	-0.378953087919
1682000000.0	0.0857613903631
1684000000.0	0.0302493130177
1686000000.0	0.755748938383
1688000000.0	-0.558105862662
1690000000.0	0.34736780272
1692000000.0	0.246783206409
1694000000.0	0.249599234645
1696000000.0	-0.683198007536
1698000000.0	-1.26806715425
1700000000.0	1.85953504371
1702000000.0	-0.370184557837
1704000000.0	-0.065530633902
1706000000.0	-0.0238774936101
1708000000.0	-0.250143251417
1710000000.0	-0.225938318157
1712000000.0	0.34106506249
1714000000.0	-0.351782357511
1716000000.0	-0.0106359823571
1718000000.0	0.131523408831
1720000000.0	-0.569070328606
1722000000.0	-0.528200038682
1724000000.0	0.240390614833
1726000000.0	0.0878076549259
1728000000.0	-0.472178147561
1730000000.0	0.0941839116655
1732000000.0	5.68422760088e-05
1734000000.0	-0.0615682737858
1736000000.0	-0.192448205917
1738000000.0	-0.160296638636
1740000000.0	0.53565172244
1742000000.0	0.0452174956134
1744000000.0	0.157639766483
1746000000.0	0.056391490836
1748000000.0	-0.698532984519
1750000000.0	-0.176289709862
1752000000.0	-0.135923721233
1754000000.0	0.0558091743427
1756000000.0	0.231987185285
1758000000.0	-0.486216744478
1760000000.0	-0.524093573153
1762000000.0	-0.379289298722
1764000000.0	0.547007338702
1766000000.0	-0.395979749508
1768000000.0	-0.143490818277
1770000000.0	0.29805619496
1772000000.0	-0.204843758153
1774000000.0	-0.176537001864
1776000000.0	0.000991304921237
1778000000.0	-0.361704799258
1780000000.0	0.269612191238
1782000000.0	0.301390544403
1784000000.0	-0.323742866314
1786000000.0	-0.403517206644
1788000000.0	0.136683724431
1790000000.0	0.13383993697
1792000000.0	-0.0975456740013
1794000000.0	-0.338497189099
1796000000.0	0.730614007886
1798000000.0	0.853334685391
1800000000.0	-3.58093194373
1802000000.0	1.21882205789
1804000000.0	0.606122244333
1806000000.0	0.0498649313486
1808000000.0	-0.775473347768
1810000000.0	0.0990708135411
1812000000.0	0.0587173585246
1814000000.0	-0.425517634455
1816000000.0	0.247799173228
1818000000.0	0.109829904336
1820000000.0	-0.550362028808
1822000000.0	0.319981197503
1824000000.0	0.180838355332
1826000000.0	-0.457027265537
1828000000.0	0.0777294989831
1830000000.0	0.432447783523
1832000000.0	0.0890617747446
1834000000.0	0.254526233032
1836000000.0	0.171001308121
1838000000.0	0.258945652386
1840000000.0	0.480730098067
1842000000.0	0.157326014857
1844000000.0	0.501097420124
1846000000.0	-0.179505463175
1848000000.0	-0.235167649361
1850000000.0	-1.10305268619
1852000000.0	0.0145789330354
1854000000.0	0.267459049956
1856000000.0	1.16264845374
1858000000.0	1.10521906404
1860000000.0	-0.481341098647
1862000000.0	-0.54885548189
1864000000.0	-0.526065966574
1866000000.0	0.522766637928
1868000000.0	0.485558655759
1870000000.0	0.255632971344
1872000000.0	-0.821205014853
1874000000.0	0.215704673095
1876000000.0	-0.539464307183
1878000000.0	-0.0480447568138
1880000000.0	1.25211034709
1882000000.0	-0.0936857561348
1884000000.0	0.258223784546
1886000000.0	-1.80944121206
1888000000.0	-1.24017248465
1890000000.0	0.561805313052
1892000000.0	1.165943343
1894000000.0	0.895631771431
1896000000.0	-2.10627709509
1898000000.0	-3.13479394382
1900000000.0	8.08512516155
1902000000.0	-2.77742656178
1904000000.0	-1.53068317636
1906000000.0	-0.450668951902
1908000000.0	0.041389290457
1910000000.0	0.604798638899
1912000000.0	0.338543413574
1914000000.0	0.881224537458
1916000000.0	-0.128144573626
1918000000.0	-0.711644913503
1920000000.0	-0.966011274654
1922000000.0	-0.0495448965039
1924000000.0	0.567769380658
1926000000.0	0.167600594424
1928000000.0	-0.0176207937654
1930000000.0	-0.950978446266
1932000000.0	-0.196801692642
1934000000.0	-0.337076518578
1936000000.0	0.0603840618946
1938000000.0	0.351323570115
1940000000.0	0.933671755655
1942000000.0	0.180955438628
1944000000.0	-0.770362989577
1946000000.0	-0.691646875467
1948000000.0	-0.511105151753
1950000000.0	0.857649870231
1952000000.0	-0.116393009848
1954000000.0	-0.613462681281
1956000000.0	-0.573656158611
1958000000.0	0.216964156507
1960000000.0	-0.302539763396
1962000000.0	-0.643256632357
1964000000.0	0.539183417821
1966000000.0	-0.161642326153
1968000000.0	-0.312816724789
1970000000.0	0.392004811457
1972000000.0	0.217521212289
1974000000.0	0.79281625375
1976000000.0	-0.277013065711
1978000000.0	-0.232653445413
1980000000.0	-0.0961581492892
1982000000.0	-0.271906771991
1984000000.0	-0.124399513859
1986000000.0	0.0152631759459
1988000000.0	0.292004493295
1990000000.0	0.540774895774
1992000000.0	0.44596360733
1994000000.0	0.282025646165
1996000000.0	0.691080344371
1998000000.0	0.813614833471
2000000000.0	-3.171845
