0.0	-2.8687135
2000000.0	0.875709267743
4000000.0	1.31152187471
6000000.0	0.225240798468
8000000.0	0.369409191771
10000000.0	0.656776690365
12000000.0	0.708068022161
14000000.0	1.10109744063
16000000.0	2.12497800471
18000000.0	3.17704360112
20000000.0	3.02346634889
22000000.0	1.72768130143
24000000.0	0.0727107709702
26000000.0	-1.30178534721
28000000.0	-2.32704503034
30000000.0	-2.62164610612
32000000.0	-1.90177484799
34000000.0	0.0188078852072
36000000.0	2.5643047176
38000000.0	3.11735614738
40000000.0	2.38645561921
42000000.0	1.77085863576
44000000.0	0.298485554826
46000000.0	-1.03487911657
48000000.0	-1.7456978295
50000000.0	-1.53782893404
52000000.0	-0.499919008741
54000000.0	0.817204612859
56000000.0	1.6722838468
58000000.0	1.47052634553
60000000.0	0.294756930666
62000000.0	-0.793155214441
64000000.0	-1.35277902738
66000000.0	-1.16367242534
68000000.0	-0.379411856666
70000000.0	0.456750252553
72000000.0	0.922585854451
74000000.0	0.648804574989
76000000.0	0.200844945466
78000000.0	-0.767376976088
80000000.0	-0.96651422134
82000000.0	-0.763718550017
84000000.0	-0.161712556188
86000000.0	0.248314496869
88000000.0	0.25920603906
90000000.0	-0.0439331492473
92000000.0	-0.498170041403
94000000.0	-0.494069623415
96000000.0	-0.4008586423
98000000.0	-0.00888373673203
100000000.0	0.39882638113
102000000.0	0.414069416726
104000000.0	0.048682649264
106000000.0	-0.488034641047
108000000.0	-0.907705334041
110000000.0	-0.849021868289
112000000.0	-0.421443463352
114000000.0	0.348913048107
116000000.0	0.838409458513
118000000.0	0.658104112418
120000000.0	0.370180511421
122000000.0	-0.264627696765
124000000.0	-0.545483776791
126000000.0	-1.01419750629
128000000.0	-0.521765018795
130000000.0	0.177203720231
132000000.0	0.387527593887
134000000.0	0.351228217872
136000000.0	0.044550305009
138000000.0	-0.270662459281
140000000.0	-0.320974153939
142000000.0	-0.129139542327
144000000.0	0.161824610621
146000000.0	0.230596466518
148000000.0	0.268607719093
150000000.0	-0.0576577066504
152000000.0	-0.432651013868
154000000.0	-0.493345755681
156000000.0	-0.261446288195
158000000.0	0.204371207853
160000000.0	0.549913257523
162000000.0	0.518960015269
164000000.0	0.229969506755
166000000.0	-0.213166765358
168000000.0	-0.589010567788
170000000.0	-0.542860667068
172000000.0	-0.228467400215
174000000.0	0.199075643815
176000000.0	0.603383690553
178000000.0	0.469228971316
180000000.0	0.0741142882014
182000000.0	-0.432898044525
184000000.0	-0.548213819214
186000000.0	-0.337089000235
188000000.0	0.0488681197264
190000000.0	0.530547026588
192000000.0	0.591201613111
194000000.0	0.22402572538
196000000.0	-0.230356640857
198000000.0	-0.564792305849
200000000.0	-0.607346982248
202000000.0	-0.00831954506598
204000000.0	0.44057457296
206000000.0	0.594777726663
208000000.0	0.538760440784
210000000.0	-0.181316122399
212000000.0	-0.646047619662
214000000.0	-0.756194562053
216000000.0	-0.426641079546
218000000.0	0.261126929713
220000000.0	0.813190078941
222000000.0	0.854340552144
224000000.0	0.313645435326
226000000.0	-0.458265511116
228000000.0	-0.980455787552
230000000.0	-0.900600856775
232000000.0	-0.288981160105
234000000.0	0.465837621746
236000000.0	0.985628350967
238000000.0	0.889779709197
240000000.0	0.257325970513
242000000.0	-0.651312884811
244000000.0	-1.21692822072
246000000.0	-0.846916697555
248000000.0	-0.0118045206438
250000000.0	0.848312297315
252000000.0	0.963622596056
254000000.0	0.338991222558
256000000.0	-0.481758154771
258000000.0	-0.85977287493
260000000.0	-0.749413568841
262000000.0	-0.0482074811975
264000000.0	0.687381916694
266000000.0	1.10752164572
268000000.0	0.806886400895
270000000.0	-0.452192934316
272000000.0	-1.96693462077
274000000.0	-2.35139680736
276000000.0	-0.634604184834
278000000.0	2.02050728323
280000000.0	3.73929279054
282000000.0	2.91721735347
284000000.0	0.0572528449204
286000000.0	-3.62231264941
288000000.0	-6.3059651596
290000000.0	-6.34571575825
292000000.0	-1.79853084357
294000000.0	9.21631404656
296000000.0	25.9185330492
298000000.0	42.2766512638
300000000.0	-129.022813115
302000000.0	40.5198416385
304000000.0	26.0473355036
306000000.0	10.9226343626
308000000.0	-0.123657369875
310000000.0	-6.20692504462
312000000.0	-7.90143649714
314000000.0	-5.64347976445
316000000.0	-1.06503702818
318000000.0	3.42427300196
320000000.0	5.12363391629
322000000.0	3.49278059602
324000000.0	0.110818715573
326000000.0	-2.55239862551
328000000.0	-2.93184781243
330000000.0	-1.77700497107
332000000.0	-0.110433845204
334000000.0	1.24060342692
336000000.0	1.64167711899
338000000.0	1.08450303513
340000000.0	0.126652014918
342000000.0	-0.881644427488
344000000.0	-1.00592557755
346000000.0	-0.511851903776
348000000.0	0.349259773368
350000000.0	0.657221907195
352000000.0	0.418522420477
354000000.0	-0.154451573305
356000000.0	-0.55080056099
358000000.0	-0.511236677725
360000000.0	-0.0244352271709
362000000.0	0.491378460119
364000000.0	0.616445020165
366000000.0	0.350403982713
368000000.0	-0.175755558627
370000000.0	-0.728548417797
372000000.0	-0.866056460116
374000000.0	-0.398485216933
376000000.0	0.276068534545
378000000.0	0.934670442762
380000000.0	1.01819942408
382000000.0	0.409109300899
384000000.0	-0.419430634964
386000000.0	-1.00904355578
388000000.0	-0.977987089303
390000000.0	-0.510088017155
392000000.0	0.284637639467
394000000.0	0.932335301901
396000000.0	1.07920544973
398000000.0	0.537799164774
400000000.0	-0.193009492547
402000000.0	-0.877726334081
404000000.0	-1.15697752522
406000000.0	-0.596513691286
408000000.0	0.0869455513395
410000000.0	0.723728979781
412000000.0	0.986749829095
414000000.0	0.599126844114
416000000.0	-0.161585155859
418000000.0	-0.603704564554
420000000.0	-0.757723265
422000000.0	-0.481833726787
424000000.0	0.0223745961737
426000000.0	0.438392031399
428000000.0	0.502220825735
430000000.0	0.32573783592
432000000.0	0.0451146430437
434000000.0	-0.456801436612
436000000.0	-0.324542498318
438000000.0	-0.175602815286
440000000.0	0.0379809014035
442000000.0	0.11663821665
444000000.0	0.15554194208
446000000.0	0.0420213136985
448000000.0	-0.0536275122104
450000000.0	-0.0385765156292
452000000.0	-0.12304932915
454000000.0	0.167366070431
456000000.0	0.149175709663
458000000.0	0.0372790473047
460000000.0	-0.229290532884
462000000.0	-0.356193945463
464000000.0	-0.246643028406
466000000.0	-0.0330967830411
468000000.0	0.290536301383
470000000.0	0.355400445254
472000000.0	0.321639148338
474000000.0	-0.0259676404973
476000000.0	-0.385050573441
478000000.0	-0.463310903445
480000000.0	-0.336951343489
482000000.0	-0.0427352185123
484000000.0	0.305593855792
486000000.0	0.44926203578
488000000.0	0.459091278843
490000000.0	0.137119523998
492000000.0	-0.368112426576
494000000.0	-0.473615894614
496000000.0	-0.444068171468
498000000.0	-0.133433098492
500000000.0	0.0475150849171
502000000.0	0.533944099493
504000000.0	0.591350874705
506000000.0	0.221745222834
508000000.0	-0.0986730379099
510000000.0	-0.321166878631
512000000.0	-0.398915745008
514000000.0	-0.206054471688
516000000.0	0.0985596108589
518000000.0	0.328261094469
520000000.0	0.222127513248
522000000.0	0.145665509881
524000000.0	-0.11342488456
526000000.0	-0.175620645737
528000000.0	-0.187397722226
530000000.0	-0.158945845564
532000000.0	-0.0665812604356
534000000.0	0.0725844962467
536000000.0	0.180395941108
538000000.0	0.0069112080171
540000000.0	0.00834280860938
542000000.0	0.067129697013
544000000.0	0.0372584987263
546000000.0	0.103931715309
548000000.0	-0.00947818501079
550000000.0	-0.12000195733
552000000.0	-0.175014679387
554000000.0	-0.0613650562523
556000000.0	-0.0719491924191
558000000.0	0.127739145213
560000000.0	0.197015314905
562000000.0	0.191603036201
564000000.0	0.0108005599598
566000000.0	-0.181832693052
568000000.0	-0.351566272192
570000000.0	-0.260848012986
572000000.0	-0.0524686763659
574000000.0	0.117340823337
576000000.0	0.167357074745
578000000.0	0.263318703943
580000000.0	0.129766403951
582000000.0	-0.117765509226
584000000.0	-0.262082615166
586000000.0	-0.256061234801
588000000.0	-0.270758360749
590000000.0	0.112527899555
592000000.0	0.166534687007
594000000.0	0.236991503926
596000000.0	0.0862616522432
598000000.0	-0.180283939641
600000000.0	0.568326433296
602000000.0	-0.529353754459
604000000.0	-0.332363885234
606000000.0	-0.120356605126
608000000.0	0.0794618803137
610000000.0	0.258010331171
612000000.0	0.19066156253
614000000.0	0.0920927955918
616000000.0	0.0679109274331
618000000.0	-0.175562244166
620000000.0	-0.241518251517
622000000.0	-0.11747209532
624000000.0	-0.0216975780737
626000000.0	0.0666079220147
628000000.0	0.0813978070609
630000000.0	0.0791344041307
632000000.0	0.123831728521
634000000.0	0.0368363343715
636000000.0	-0.130457922068
638000000.0	-0.085302331826
640000000.0	-0.11717877849
642000000.0	-0.158640720382
644000000.0	0.0629473402123
646000000.0	-0.00971801407153
648000000.0	0.197111239582
650000000.0	0.134165059195
652000000.0	0.104177191611
654000000.0	0.00603046221792
656000000.0	-0.12540332057
658000000.0	-0.106669491871
660000000.0	-0.151913672708
662000000.0	-0.0598516557362
664000000.0	0.0625667195426
666000000.0	0.0857067867133
668000000.0	0.247087556759
670000000.0	0.104196109629
672000000.0	0.0584179654133
674000000.0	-0.0851893426691
676000000.0	-0.238696884137
678000000.0	-0.282481138903
680000000.0	-0.117364538722
682000000.0	0.119682954275
684000000.0	0.176988240723
686000000.0	0.177128226359
688000000.0	0.15378979979
690000000.0	-0.0273405460614
692000000.0	-0.0872304379293
694000000.0	-0.300059451254
696000000.0	-0.207849663377
698000000.0	0.00285561890469
700000000.0	0.132875621535
702000000.0	0.137256228644
704000000.0	0.0438094571547
706000000.0	-0.0301564014786
708000000.0	0.0157972311363
710000000.0	-0.084612060625
712000000.0	-0.0458952884169
714000000.0	-0.100330668514
716000000.0	-0.0718957261881
718000000.0	0.135258938426
720000000.0	0.0912807994491
722000000.0	0.16908702309
724000000.0	0.0910653622162
726000000.0	0.0367489193771
728000000.0	-0.0432103049845
730000000.0	-0.156495617836
732000000.0	-0.204436475273
734000000.0	-0.117068269306
736000000.0	-0.0135360465655
738000000.0	0.157494120252
740000000.0	0.184597226733
742000000.0	0.054864181482
744000000.0	-0.0172809059272
746000000.0	-0.0696500679194
748000000.0	-0.215215442976
750000000.0	-0.200514077173
752000000.0	-0.0573901658164
754000000.0	0.066165328227
756000000.0	0.0647338343637
758000000.0	0.143860046346
760000000.0	0.0790184118859
762000000.0	-0.0704965964218
764000000.0	-0.162270075791
766000000.0	-0.223122472701
768000000.0	-0.109047693479
770000000.0	0.0956408793824
772000000.0	0.0994203378419
774000000.0	0.147819575753
776000000.0	0.146980306596
778000000.0	0.0199535339813
780000000.0	-0.10753259014
782000000.0	-0.124094341925
784000000.0	-0.149360166048
786000000.0	0.000685416019283
788000000.0	0.0569621169397
790000000.0	0.0312166013858
792000000.0	-0.0354599286661
794000000.0	0.0490630462174
796000000.0	0.0658739276543
798000000.0	0.0436537881815
800000000.0	0.0878296105019
802000000.0	-0.0793728310966
804000000.0	-0.109635366423
806000000.0	-0.103750205309
808000000.0	-0.191677342273
810000000.0	0.0903114920498
812000000.0	0.0816960481884
814000000.0	0.12927052739
816000000.0	0.151865094884
818000000.0	0.0105803133303
820000000.0	-0.206291655575
822000000.0	-0.276413465218
824000000.0	-0.266367832785
826000000.0	-0.0159863740512
828000000.0	0.134830821858
830000000.0	0.276066979094
832000000.0	0.26200589139
834000000.0	0.0664125810366
836000000.0	-0.235860178685
838000000.0	-0.415201514922
840000000.0	-0.24277855158
842000000.0	-0.092592711265
844000000.0	0.264725972098
846000000.0	0.411760887412
848000000.0	0.33974308568
850000000.0	0.18897685185
852000000.0	-0.163058873087
854000000.0	-0.412130099749
856000000.0	-0.451075637534
858000000.0	-0.195978951496
860000000.0	0.117102571073
862000000.0	0.44775207845
864000000.0	0.460157376631
866000000.0	0.112538183788
868000000.0	-0.230464090299
870000000.0	-0.470240655121
872000000.0	-0.364152147464
874000000.0	-0.0520281829323
876000000.0	0.148687211073
878000000.0	0.238575593659
880000000.0	0.352221825601
882000000.0	0.201571289042
884000000.0	-0.238297705943
886000000.0	-0.656359131963
888000000.0	-0.318232322841
890000000.0	0.422385986601
892000000.0	0.769914599822
894000000.0	0.070772855036
896000000.0	-1.28101069718
898000000.0	-2.64281589535
900000000.0	5.88424221368
902000000.0	-1.17953366433
904000000.0	-1.04136955169
906000000.0	-1.06521828259
908000000.0	-0.729106067727
910000000.0	0.0742707382796
912000000.0	0.915665304826
914000000.0	0.918179275686
916000000.0	0.390898302989
918000000.0	-0.475087120278
920000000.0	-0.796110771668
922000000.0	-0.589194626477
924000000.0	-0.190843838909
926000000.0	0.351304759958
928000000.0	0.592614843738
930000000.0	0.453741458046
932000000.0	0.306616077956
934000000.0	-0.198422009451
936000000.0	-0.492996998286
938000000.0	-0.511487125913
940000000.0	-0.250130741983
942000000.0	0.176400663135
944000000.0	0.450834946942
946000000.0	0.365780493614
948000000.0	0.071023412956
950000000.0	-0.116320846863
952000000.0	-0.323870441301
954000000.0	-0.385667086487
956000000.0	-0.158116578881
958000000.0	0.139648421341
960000000.0	0.268986841148
962000000.0	0.343528130482
964000000.0	0.0750380854425
966000000.0	-0.057188366117
968000000.0	-0.225699195717
970000000.0	-0.193592964945
972000000.0	-0.0213984120053
974000000.0	0.0192396446315
976000000.0	0.0783579786335
978000000.0	0.0895960629912
980000000.0	-0.00919404481623
982000000.0	-0.0237525507526
984000000.0	-0.113783052458
986000000.0	-0.0798028691081
988000000.0	-0.0390899414679
990000000.0	0.009149106622
992000000.0	0.0437926408864
994000000.0	-0.0163691818183
996000000.0	-0.0235099222743
998000000.0	-0.0119791196511
1000000000.0	-0.2031355
1002000000.0	0.0472177589268
1004000000.0	-0.0355330189266
1006000000.0	0.0155311474377
1008000000.0	-0.0651414616591
1010000000.0	-0.119111365924
1012000000.0	-0.0636945852175
1014000000.0	-0.116679312553
1016000000.0	-0.0164251892383
1018000000.0	0.0897517604406
1020000000.0	0.131244564567
1022000000.0	0.140796754496
1024000000.0	0.0245118082465
1026000000.0	-0.116239308941
1028000000.0	-0.136590466269
1030000000.0	-0.118366934231
1032000000.0	0.060650647768
1034000000.0	0.0421799887776
1036000000.0	0.152292729446
1038000000.0	0.116707285747
1040000000.0	-0.00559322166678
1042000000.0	-0.0648800103446
1044000000.0	-0.144562840721
1046000000.0	-0.085277420256
1048000000.0	0.019287401186
1050000000.0	0.0336298403205
1052000000.0	0.13845486732
1054000000.0	0.0615257997215
1056000000.0	0.0379158507465
1058000000.0	-0.0925381297763
1060000000.0	-0.101065584136
1062000000.0	-0.0450841682611
1064000000.0	-0.100870109797
1066000000.0	0.0815282952333
1068000000.0	0.110084845351
1070000000.0	-0.0044166833538
1072000000.0	-0.032918363227
1074000000.0	-0.0095898743649
1076000000.0	-0.0749483727045
1078000000.0	0.00542003770389
1080000000.0	-0.0815703500332
1082000000.0	0.0179758437004
1084000000.0	-0.0340877271991
1086000000.0	0.0523922462876
1088000000.0	0.125655440682
1090000000.0	0.0474130187343
1092000000.0	-0.0029509492543
1094000000.0	-0.00173821828734
1096000000.0	-0.0369547120504
1098000000.0	-0.0806032838583
1100000000.0	0.000891249151437
1102000000.0	-0.0545503273975
1104000000.0	-0.0835445838766
1106000000.0	-0.0445372414875
1108000000.0	0.0285363001474
1110000000.0	0.0512772522802
1112000000.0	0.118735046396
1114000000.0	-0.0535420087353
1116000000.0	-0.023152452608
1118000000.0	-0.111699862079
1120000000.0	-0.0264649037518
1122000000.0	-0.0399849715366
1124000000.0	0.157903936357
1126000000.0	0.0819633250673
1128000000.0	0.0647837475603
1130000000.0	-0.0479977105843
1132000000.0	0.00852164022902
1134000000.0	-0.0648314509562
1136000000.0	-0.0166247043814
1138000000.0	-0.0305860275397
1140000000.0	0.0365255151327
1142000000.0	0.083132590862
1144000000.0	0.0823360545683
1146000000.0	-0.0310339395118
1148000000.0	-0.05829930738
1150000000.0	-0.0379723090644
1152000000.0	-0.0478264620071
1154000000.0	-0.102888242909
1156000000.0	0.020913578875
1158000000.0	-0.013598096966
1160000000.0	0.0592643044072
1162000000.0	0.0302642613727
1164000000.0	0.00537916023344
1166000000.0	-0.0186730373556
1168000000.0	0.00500660697734
1170000000.0	-0.126457394971
1172000000.0	-0.0906134689881
1174000000.0	-0.0722309836578
1176000000.0	0.0684435477881
1178000000.0	0.0299433579453
1180000000.0	0.0185636949935
1182000000.0	-0.0224399157279
1184000000.0	0.00354526427402
1186000000.0	-0.045219589934
1188000000.0	-0.0245689883089
1190000000.0	-0.0603887204492
1192000000.0	-0.0648022924574
1194000000.0	0.00681349768071
1196000000.0	0.0603164302251
1198000000.0	0.0704618494356
1200000000.0	-0.170276507453
1202000000.0	0.0708963412297
1204000000.0	0.0433251898278
1206000000.0	-9.7034342763e-05
1208000000.0	-0.0579252046996
1210000000.0	-0.00380641003706
1212000000.0	-0.0677335163733
1214000000.0	0.0339686585901
1216000000.0	-0.0394421086668
1218000000.0	0.0882578091088
1220000000.0	0.0363660615675
1222000000.0	0.0286167444128
1224000000.0	-0.100323381197
1226000000.0	-0.0262109012089
1228000000.0	-0.012924718067
1230000000.0	-0.0633670566571
1232000000.0	-0.0508265248542
1234000000.0	0.0123848926245
1236000000.0	0.0928305517326
1238000000.0	0.0267201917929
1240000000.0	0.00654789436362
1242000000.0	-0.118442936921
1244000000.0	-0.076785294382
1246000000.0	0.0200741012361
1248000000.0	-0.107805553553
1250000000.0	0.0944089167959
1252000000.0	0.0526443368696
1254000000.0	0.0210056714865
1256000000.0	-0.0337392389825
1258000000.0	-0.0117911628857
1260000000.0	-0.0189560077327
1262000000.0	-0.0941914455015
1264000000.0	-0.0207791492572
1266000000.0	-0.072150944234
1268000000.0	-0.0736668902323
1270000000.0	0.0569270483591
1272000000.0	0.157716750113
1274000000.0	0.00222423647688
1276000000.0	-0.1119510519
1278000000.0	0.0024758475412
1280000000.0	0.0191805226365
1282000000.0	-0.0384107170899
1284000000.0	0.0119216214762
1286000000.0	-0.0331518453163
1288000000.0	0.148775988144
1290000000.0	0.0758531879241
1292000000.0	-0.0467051484875
1294000000.0	-0.01786423363
1296000000.0	-0.171780515624
1298000000.0	-0.270084795543
1300000000.0	0.38075078777
1302000000.0	-0.264599143367
1304000000.0	-0.00636382810058
1306000000.0	0.0203488727585
1308000000.0	-0.00913432926125
1310000000.0	0.0362046564536
1312000000.0	0.0112713604891
1314000000.0	-0.144543816148
1316000000.0	-0.0256716507852
1318000000.0	-0.0572619992331
1320000000.0	0.00409431543396
1322000000.0	0.118242010953
1324000000.0	0.0664689324939
1326000000.0	0.0596955631349
1328000000.0	-0.0147900963251
1330000000.0	-0.012070161566
1332000000.0	-0.0767523830679
1334000000.0	-0.0567923198375
1336000000.0	0.0104970703654
1338000000.0	-0.0267867580582
1340000000.0	-0.0368858273093
1342000000.0	-0.106360345249
1344000000.0	0.0740041359005
1346000000.0	-0.0148613318278
1348000000.0	-0.0386115194693
1350000000.0	-0.00418840848801
1352000000.0	0.0274903521239
1354000000.0	-0.0897975285198
1356000000.0	0.0312365941018
1358000000.0	0.00797805499422
1360000000.0	-0.0301072867179
1362000000.0	0.0262678913403
1364000000.0	0.0555116360509
1366000000.0	0.0163804880629
1368000000.0	0.058375382127
1370000000.0	-0.0778898443077
1372000000.0	0.0536953879436
1374000000.0	-0.0799874723732
1376000000.0	-0.0815735957416
1378000000.0	-0.0103622369947
1380000000.0	0.0845180298562
1382000000.0	0.0168228901856
1384000000.0	0.0147006708938
1386000000.0	-0.0796601593375
1388000000.0	-0.0725959520014
1390000000.0	-0.0923968080904
1392000000.0	-0.0978966653166
1394000000.0	0.11778966948
1396000000.0	0.0826774463777
1398000000.0	0.0746738287795
1400000000.0	0.130319391196
1402000000.0	-0.0511567526608
1404000000.0	-0.0971469033649
1406000000.0	-0.0901939230717
1408000000.0	-0.0509906503565
1410000000.0	-0.077729289158
1412000000.0	0.161652852659
1414000000.0	0.0666666905425
1416000000.0	0.00257883054899
1418000000.0	0.00946152068598
1420000000.0	-0.165323596988
1422000000.0	-0.0523779828615
1424000000.0	-0.0697050465394
1426000000.0	0.0429951832241
1428000000.0	0.0252303458785
1430000000.0	0.0708288672886
1432000000.0	-0.0705058765613
1434000000.0	-0.105402853849
1436000000.0	-0.0314600183144
1438000000.0	0.0395655578962
1440000000.0	-0.0232833413341
1442000000.0	0.0570689280619
1444000000.0	-0.00425298521735
1446000000.0	-0.00940246649357
1448000000.0	-0.131585508402
1450000000.0	-0.166777517846
1452000000.0	-0.0294081608839
1454000000.0	0.0360555771467
1456000000.0	0.177730388345
1458000000.0	0.120199684676
1460000000.0	-0.0229289395796
1462000000.0	-0.248149156519
1464000000.0	-0.274441252535
1466000000.0	-0.150687936074
1468000000.0	-0.0335314937014
1470000000.0	0.149503258354
1472000000.0	0.317419528937
1474000000.0	0.21745187081
1476000000.0	-0.00477712415889
1478000000.0	-0.387839240941
1480000000.0	-0.422934913409
1482000000.0	-0.403336170995
1484000000.0	0.117099312164
1486000000.0	0.540364371103
1488000000.0	0.750271980093
1490000000.0	0.510491054962
1492000000.0	0.0330683072525
1494000000.0	-0.886795564513
1496000000.0	-2.04546388171
1498000000.0	-3.34931271139
1500000000.0	10.2431039151
1502000000.0	-3.11083900397
1504000000.0	-2.02616816445
1506000000.0	-0.726550655962
1508000000.0	0.277103506201
1510000000.0	0.524568835664
1512000000.0	0.374732651446
1514000000.0	0.184918287909
1516000000.0	-0.0684833406537
1518000000.0	-0.196078884752
1520000000.0	-0.216966859826
1522000000.0	-0.106271127251
1524000000.0	0.0354282979495
1526000000.0	0.0900904716786
1528000000.0	0.127122253692
1530000000.0	-0.0556809189727
1532000000.0	-0.0883296673923
1534000000.0	-0.107481800492
1536000000.0	0.0334354854878
1538000000.0	0.0998233992707
1540000000.0	0.0641907721842
1542000000.0	0.0348516130508
1544000000.0	0.000402883870515
1546000000.0	-0.0699965698555
1548000000.0	-0.0856971338349
1550000000.0	-0.100439927143
1552000000.0	-0.0331554333686
1554000000.0	0.0781378056533
1556000000.0	0.133123753887
1558000000.0	0.0422883613474
1560000000.0	-0.0939490912719
1562000000.0	-0.0765026924298
1564000000.0	-0.116060396849
1566000000.0	-0.0280883554214
1568000000.0	0.101912900008
1570000000.0	0.0843289658936
1572000000.0	0.140211582369
1574000000.0	0.0326011571403
1576000000.0	-0.0681357839505
1578000000.0	-0.0748510861224
1580000000.0	-0.115587887261
1582000000.0	-0.104373420835
1584000000.0	0.0529251804777
1586000000.0	0.0154746524594
1588000000.0	0.0491483728933
1590000000.0	-0.0586635076966
1592000000.0	-0.032710990907
1594000000.0	-0.00265792783999
1596000000.0	-0.0299974335525
1598000000.0	-0.0901251910782
1600000000.0	0.0301658894981
1602000000.0	0.0173522113277
1604000000.0	0.0132801560226
1606000000.0	-0.0772158527345
1608000000.0	0.0403432791379
1610000000.0	-0.0649135490218
1612000000.0	-0.0439550913399
1614000000.0	-0.00205519712726
1616000000.0	-0.0268380503715
1618000000.0	0.00842237524085
1620000000.0	0.0521765307407
1622000000.0	-0.100182311669
1624000000.0	-0.0248760906953
1626000000.0	0.0127222986544
1628000000.0	-0.00566896153872
1630000000.0	-0.0590581700432
1632000000.0	0.0465032948954
1634000000.0	-0.0129316538086
1636000000.0	-0.0157036232742
1638000000.0	-0.0663030014006
1640000000.0	0.0814643000636
1642000000.0	-0.0385534611546
1644000000.0	-0.0133442762431
1646000000.0	-0.00568876326973
1648000000.0	0.00471890897953
1650000000.0	0.00363075299971
1652000000.0	0.0304264995274
1654000000.0	-0.0661697212243
1656000000.0	-0.023859003186
1658000000.0	-0.0278654824348
1660000000.0	-0.0479129940004
1662000000.0	0.044718927973
1664000000.0	0.0265491789834
1666000000.0	-0.073888398139
1668000000.0	0.0512084952161
1670000000.0	-0.0908611908431
1672000000.0	-0.00101166619696
1674000000.0	0.030840558667
1676000000.0	-0.0103134446201
1678000000.0	0.0521337093342
1680000000.0	-0.00449020662136
1682000000.0	0.00496109930422
1684000000.0	-0.000235132544421
1686000000.0	0.0449526885513
1688000000.0	0.0143070260391
1690000000.0	0.111195516968
1692000000.0	-0.0933346391069
1694000000.0	-0.0194198481821
1696000000.0	0.013431787247
1698000000.0	0.0200792247738
1700000000.0	0.0272466647706
1702000000.0	-0.042772838623
1704000000.0	-0.0540242940172
1706000000.0	-0.0255379791331
1708000000.0	-0.011268347518
1710000000.0	-0.0347846821934
1712000000.0	0.0460563142738
1714000000.0	-0.0704754467428
1716000000.0	-0.000153646387633
1718000000.0	-0.0186042747128
1720000000.0	-0.0233080979762
1722000000.0	-0.0301102196785
1724000000.0	-0.0432391067426
1726000000.0	0.0049078269756
1728000000.0	0.00953943285468
1730000000.0	-0.0258563642544
1732000000.0	-0.0611162224029
1734000000.0	0.0591939549939
1736000000.0	-0.0366475703559
1738000000.0	0.0189245787319
1740000000.0	-0.00614114050185
1742000000.0	-0.00721216635523
1744000000.0	0.0324275891215
1746000000.0	0.00366905129527
1748000000.0	0.0301196072701
1750000000.0	-0.0484411369378
1752000000.0	0.0109553772377
1754000000.0	0.0466588997439
1756000000.0	-0.0299358686283
1758000000.0	0.027321524278
1760000000.0	-0.0323464071892
1762000000.0	-0.0112856464963
1764000000.0	0.043980175493
1766000000.0	-0.0628151677316
1768000000.0	-0.0360177351731
1770000000.0	0.0025327467464
1772000000.0	-0.0398580646565
1774000000.0	-0.0237306579586
1776000000.0	0.0225103325178
1778000000.0	-0.0664223459842
1780000000.0	0.0340104213617
1782000000.0	-0.0222171024863
1784000000.0	-0.0488372931287
1786000000.0	-0.0661361873055
1788000000.0	0.0556646135407
1790000000.0	-0.0357545188467
1792000000.0	-0.0068820562671
1794000000.0	0.000458080055532
1796000000.0	-0.0080686342382
1798000000.0	0.0768958206797
1800000000.0	-0.192898342243
1802000000.0	0.16757172378
1804000000.0	0.0650250241504
1806000000.0	-0.0311480386039
1808000000.0	-0.0556320425766
1810000000.0	-0.114477078797
1812000000.0	-0.0970618552809
1814000000.0	-0.073187477438
1816000000.0	0.0209883172284
1818000000.0	0.000757885737332
1820000000.0	0.0419979100953
1822000000.0	0.0118299226491
1824000000.0	-0.00323006949554
1826000000.0	0.0230561393095
1828000000.0	0.036959074552
1830000000.0	-0.0671155130238
1832000000.0	-0.0613776991833
1834000000.0	0.026091950444
1836000000.0	0.037419041554
1838000000.0	-0.0350898241889
1840000000.0	-0.0101508642969
1842000000.0	0.0101742099959
1844000000.0	-0.0297483417077
1846000000.0	-0.0625804208521
1848000000.0	0.0198070277829
1850000000.0	-0.00330136913992
1852000000.0	-0.106368126974
1854000000.0	-0.0166930760899
1856000000.0	0.00587221184471
1858000000.0	0.0131365861512
1860000000.0	-0.0324984952223
1862000000.0	0.0155059084746
1864000000.0	-0.0544068880443
1866000000.0	0.063060053549
1868000000.0	0.0142801676621
1870000000.0	-0.0869469902202
1872000000.0	-0.128152825741
1874000000.0	-0.12048911253
1876000000.0	0.0953000985376
1878000000.0	0.157438946183
1880000000.0	0.144338304403
1882000000.0	0.11348739257
1884000000.0	-0.00275553533184
1886000000.0	-0.116106690127
1888000000.0	-0.188691695543
1890000000.0	-0.13946905677
1892000000.0	0.0760191854887
1894000000.0	0.28673601091
1896000000.0	0.567107579046
1898000000.0	0.853125172662
1900000000.0	-3.12412380255
1902000000.0	1.05632864271
1904000000.0	0.716593839786
1906000000.0	0.261975197603
1908000000.0	-0.0425458846691
1910000000.0	-0.1693815125
1912000000.0	-0.132825454354
1914000000.0	-0.0759557782063
1916000000.0	-0.00427889095164
1918000000.0	0.0460487462996
1920000000.0	0.129183986651
1922000000.0	0.040487427606
1924000000.0	-0.0592807640504
1926000000.0	-0.0478612799507
1928000000.0	-0.0613364725962
1930000000.0	0.0519906047367
1932000000.0	0.0166188222916
1934000000.0	-0.02563283835
1936000000.0	0.00503296317082
1938000000.0	-0.035522183911
1940000000.0	0.0422611644938
1942000000.0	0.00537098622561
1944000000.0	-0.0127925517868
1946000000.0	0.00883724804738
1948000000.0	0.0499034598682
1950000000.0	0.0342150806358
1952000000.0	-0.0707885919455
1954000000.0	-0.0666099820831
1956000000.0	-0.0331025361869
1958000000.0	-0.0297634447319
1960000000.0	0.0154216754481
1962000000.0	0.0204093124565
1964000000.0	0.0579576000137
1966000000.0	0.00960451547437
1968000000.0	-0.0148619258708
1970000000.0	0.00420273626792
1972000000.0	-0.033142154564
1974000000.0	-0.0384584028878
1976000000.0	0.00610085525665
1978000000.0	0.0652378767749
1980000000.0	0.083050189074
1982000000.0	0.0214649969056
1984000000.0	-0.120546994372
1986000000.0	-0.0971541004695
1988000000.0	-0.0789725846168
1990000000.0	-0.0385162838826
1992000000.0	0.0145061386474
1994000000.0	-0.0784858555448
1996000000.0	-0.0719756514484
1998000000.0	-0.0633548509998
2000000000.0	0.0312545
