0.0	-2.36875
2000000.0	0.611273395027
4000000.0	1.06923555245
6000000.0	0.464752550642
8000000.0	0.016987770785
10000000.0	-0.238660616536
12000000.0	-0.754812122705
14000000.0	-0.901462246189
16000000.0	0.731468098342
18000000.0	2.8228377375
20000000.0	3.94367546915
22000000.0	3.20838738347
24000000.0	1.45984508085
26000000.0	-0.797399361662
28000000.0	-3.01998729278
30000000.0	-3.98071844725
32000000.0	-3.61656982906
34000000.0	-1.37815039444
36000000.0	2.33093548453
38000000.0	3.92503795788
40000000.0	3.4375478717
42000000.0	2.21820391565
44000000.0	0.119711094497
46000000.0	-1.61414871842
48000000.0	-1.99702253967
50000000.0	-1.17275435666
52000000.0	0.0226654233341
54000000.0	0.894958179473
56000000.0	0.845562785439
58000000.0	0.263513958248
60000000.0	-0.54423671857
62000000.0	-0.930169764872
64000000.0	-0.57251058243
66000000.0	0.38798871326
68000000.0	1.23825340675
70000000.0	1.28941614839
72000000.0	0.364913432955
74000000.0	-0.73623016078
76000000.0	-1.567616201
78000000.0	-1.21371496361
80000000.0	-0.335876479754
82000000.0	0.752638374665
84000000.0	1.10368046472
86000000.0	0.993532242241
88000000.0	0.259150967494
90000000.0	-0.552122679163
92000000.0	-0.84878797907
94000000.0	-0.8054250067
96000000.0	-0.409866543679
98000000.0	0.218614349675
100000000.0	0.717334060085
102000000.0	0.0895186792009
104000000.0	-0.232424974713
106000000.0	-0.363334141708
108000000.0	-0.32115529624
110000000.0	0.0143999545917
112000000.0	0.288720011316
114000000.0	0.105359002668
116000000.0	-0.324264302754
118000000.0	-0.554361482867
120000000.0	-0.618299169783
122000000.0	-0.42184464121
124000000.0	-0.249478846189
126000000.0	0.903262575962
128000000.0	0.805081461096
130000000.0	0.260859847329
132000000.0	-0.204122056916
134000000.0	-0.612330854437
136000000.0	-0.72386155714
138000000.0	-0.292567579674
140000000.0	0.183185989045
142000000.0	0.684720795908
144000000.0	0.375537687722
146000000.0	0.316031481353
148000000.0	0.0218558991494
150000000.0	-0.528375175556
152000000.0	-0.453973264273
154000000.0	-0.17256869628
156000000.0	-0.0165288677263
158000000.0	0.134110367868
160000000.0	0.196717247506
162000000.0	0.253792435627
164000000.0	0.159355848982
166000000.0	-0.0101107139908
168000000.0	-0.102591533682
170000000.0	-0.172292464541
172000000.0	-0.257492826897
174000000.0	-0.320428752829
176000000.0	-0.0643930477996
178000000.0	0.192705385589
180000000.0	0.503218192633
182000000.0	0.523876026183
184000000.0	0.213920280037
186000000.0	-0.192345462557
188000000.0	-0.58203372019
190000000.0	-0.741488542254
192000000.0	-0.386933226989
194000000.0	0.20638771639
196000000.0	0.760046603233
198000000.0	0.891372467802
200000000.0	0.484632175345
202000000.0	0.134522865079
204000000.0	-0.39312135676
206000000.0	-0.785904437255
208000000.0	-0.469291313668
210000000.0	-0.2234807486
212000000.0	0.369344816453
214000000.0	0.560161007346
216000000.0	0.331689119811
218000000.0	0.0498589424501
220000000.0	-0.144264290354
222000000.0	-0.136604283928
224000000.0	0.19179116749
226000000.0	0.110213417139
228000000.0	-0.134328459569
230000000.0	-0.56074801186
232000000.0	-0.49817665154
234000000.0	-0.172304608687
236000000.0	0.258316634585
238000000.0	0.734572508439
240000000.0	0.949962349988
242000000.0	0.633934380037
244000000.0	-0.30560142918
246000000.0	-1.20951478911
248000000.0	-1.76499063349
250000000.0	-0.896067179481
252000000.0	0.330501503565
254000000.0	1.85589218653
256000000.0	2.16697204915
258000000.0	1.00160990603
260000000.0	-0.970892685306
262000000.0	-2.21579997556
264000000.0	-2.04275504745
266000000.0	-0.806153637022
268000000.0	0.677453712494
270000000.0	2.05379564074
272000000.0	2.38116079611
274000000.0	1.59427536624
276000000.0	-0.268720777232
278000000.0	-3.0282841607
280000000.0	-3.77167777572
282000000.0	-1.77166600378
284000000.0	2.5745133711
286000000.0	4.73671188765
288000000.0	2.37310321456
290000000.0	-2.86069759009
292000000.0	-5.58386200023
294000000.0	-1.26501824258
296000000.0	7.30976209737
298000000.0	13.7606067005
300000000.0	-28.2503687695
302000000.0	4.92050191534
304000000.0	3.73835119652
306000000.0	4.92062620508
308000000.0	4.69733638892
310000000.0	0.477034538302
312000000.0	-4.7418496837
314000000.0	-6.53001025641
316000000.0	-3.23636302795
318000000.0	2.22913709136
320000000.0	5.49256228628
322000000.0	4.40965828137
324000000.0	0.796762134289
326000000.0	-2.86348832546
328000000.0	-3.66285453974
330000000.0	-2.54360986956
332000000.0	-0.495801913883
334000000.0	1.66721242194
336000000.0	2.58056164631
338000000.0	2.27504648775
340000000.0	0.658950869337
342000000.0	-1.30439203576
344000000.0	-2.63379413154
346000000.0	-1.91370328209
348000000.0	-0.107194007867
350000000.0	1.71690414607
352000000.0	1.93859950282
354000000.0	1.08121512691
356000000.0	-0.569882180057
358000000.0	-1.4000870659
360000000.0	-1.12116908754
362000000.0	-0.293104508869
364000000.0	0.533916679486
366000000.0	0.925173178022
368000000.0	0.78263375559
370000000.0	0.0725490722965
372000000.0	-0.774299604321
374000000.0	-1.07409933422
376000000.0	-0.352260230195
378000000.0	0.393933617948
380000000.0	1.1481169446
382000000.0	0.945256007767
384000000.0	-0.0104790415658
386000000.0	-0.932371958672
388000000.0	-1.14254338932
390000000.0	-0.686699274031
392000000.0	0.27456530783
394000000.0	1.19010022509
396000000.0	1.16516487284
398000000.0	0.558867482645
400000000.0	-0.617540653094
402000000.0	-1.10035046594
404000000.0	-1.1554392895
406000000.0	-0.411174386442
408000000.0	0.466207434388
410000000.0	1.07679170352
412000000.0	1.10061244228
414000000.0	0.277575177561
416000000.0	-0.661852097086
418000000.0	-1.05895609608
420000000.0	-0.78277719282
422000000.0	-0.0784865753958
424000000.0	0.739525282006
426000000.0	0.956730720743
428000000.0	0.495991956866
430000000.0	-0.0224287825255
432000000.0	-0.551762294837
434000000.0	-0.692381868978
436000000.0	-0.323195852041
438000000.0	0.174014694721
440000000.0	0.503265815167
442000000.0	0.488650531809
444000000.0	0.202120904431
446000000.0	-0.247530311523
448000000.0	-0.576159386028
450000000.0	-0.463674780294
452000000.0	0.204542712121
454000000.0	0.616043266377
456000000.0	0.309430514242
458000000.0	0.0962375544643
460000000.0	-0.403743545814
462000000.0	-0.537674074725
464000000.0	-0.330928450386
466000000.0	0.0716745425567
468000000.0	0.456805806258
470000000.0	0.436138895455
472000000.0	0.287548587457
474000000.0	-0.25455552982
476000000.0	-0.587259270589
478000000.0	-0.504730736272
480000000.0	-0.153676622119
482000000.0	0.419994438345
484000000.0	0.480864437387
486000000.0	0.422465190761
488000000.0	0.0951041166393
490000000.0	-0.317330537141
492000000.0	-0.730529410098
494000000.0	-0.357954588286
496000000.0	-0.0551337010977
498000000.0	0.115220633431
500000000.0	0.611087440693
502000000.0	0.0340892312641
504000000.0	-0.0261952745733
506000000.0	-0.278155017404
508000000.0	-0.253303245331
510000000.0	-0.191743948898
512000000.0	0.191638214749
514000000.0	0.138723963655
516000000.0	0.0769350563198
518000000.0	0.150071615291
520000000.0	-0.235341831318
522000000.0	-0.266094578266
524000000.0	-0.160553226234
526000000.0	0.0894168110149
528000000.0	0.208888686171
530000000.0	0.239404393312
532000000.0	0.0895811323756
534000000.0	-0.275816991967
536000000.0	-0.237551862936
538000000.0	-0.0552120168877
540000000.0	0.171983958648
542000000.0	0.261473591674
544000000.0	0.389698135641
546000000.0	0.0742920875204
548000000.0	-0.246203812444
550000000.0	-0.376738922938
552000000.0	-0.241823472274
554000000.0	-0.0618251784679
556000000.0	0.24470922433
558000000.0	0.351385333478
560000000.0	0.275927356654
562000000.0	-0.0705496043933
564000000.0	-0.288604138614
566000000.0	-0.212110586853
568000000.0	-0.179669770048
570000000.0	0.0420611216063
572000000.0	0.236799582783
574000000.0	0.193677900129
576000000.0	0.128300635245
578000000.0	-0.151485782425
580000000.0	-0.139133778928
582000000.0	-0.0688566593212
584000000.0	0.0256546896781
586000000.0	0.11553107832
588000000.0	0.162404626814
590000000.0	-0.14764942436
592000000.0	-0.0729742174336
594000000.0	0.000692645560159
596000000.0	0.058050194301
598000000.0	0.449781619272
600000000.0	-0.861583132068
602000000.0	0.51946655921
604000000.0	0.211134096954
606000000.0	-0.0200787034542
608000000.0	-0.308652254688
610000000.0	-0.290395689837
612000000.0	0.0532561322758
614000000.0	0.166841104238
616000000.0	0.274238743311
618000000.0	0.205334378215
620000000.0	-0.172316687977
622000000.0	-0.400294641542
624000000.0	-0.651982360974
626000000.0	-0.0416588103565
628000000.0	0.0660953352678
630000000.0	0.413907403042
632000000.0	0.480843217004
634000000.0	0.174112280605
636000000.0	-0.0332226290506
638000000.0	-0.335938916054
640000000.0	-0.244565723043
642000000.0	-0.0139973855853
644000000.0	0.135101411545
646000000.0	0.182482132515
648000000.0	0.24813522366
650000000.0	-0.0251020632739
652000000.0	-0.0613727103063
654000000.0	-0.228533911102
656000000.0	0.0645014023279
658000000.0	0.230853942694
660000000.0	0.202658368469
662000000.0	0.112842673381
664000000.0	0.0286921157076
666000000.0	-0.137854562228
668000000.0	-0.09050799365
670000000.0	-0.0727635745586
672000000.0	0.0308479047617
674000000.0	0.402456972001
676000000.0	0.160402678386
678000000.0	0.00662116922052
680000000.0	-0.136524813421
682000000.0	-0.129613751817
684000000.0	-0.216374888058
686000000.0	-0.0956621155483
688000000.0	0.0721623520561
690000000.0	0.308987467751
692000000.0	0.154438652967
694000000.0	0.0284490243417
696000000.0	-0.409993401138
698000000.0	-0.531194568473
700000000.0	0.44402694493
702000000.0	-0.17839413303
704000000.0	0.0621090636522
706000000.0	0.217185364368
708000000.0	0.249987786648
710000000.0	0.01220114052
712000000.0	-0.153138299597
714000000.0	-0.266954944681
716000000.0	-0.247295005325
718000000.0	0.19095993129
720000000.0	0.311900625365
722000000.0	0.19476291486
724000000.0	-0.0816320563156
726000000.0	-0.200392036516
728000000.0	-0.113977470982
730000000.0	-0.138293896695
732000000.0	0.0458481708127
734000000.0	0.14489432977
736000000.0	0.149133038814
738000000.0	0.0822738093307
740000000.0	-0.119960203562
742000000.0	-0.175752959069
744000000.0	-0.0655498489669
746000000.0	0.0865813799077
748000000.0	0.271333366052
750000000.0	0.356508834756
752000000.0	0.163294559333
754000000.0	-0.0263952956214
756000000.0	-0.241833122716
758000000.0	-0.321215070478
760000000.0	0.0218598542128
762000000.0	0.1384743297
764000000.0	0.384194830314
766000000.0	0.339953026639
768000000.0	0.121328292345
770000000.0	-0.279215957233
772000000.0	-0.235128116287
774000000.0	-0.302766336136
776000000.0	0.143693578844
778000000.0	0.186450527283
780000000.0	0.328757358404
782000000.0	0.192841045733
784000000.0	0.0325045701407
786000000.0	-0.354578223184
788000000.0	-0.374767412982
790000000.0	-0.0638844082163
792000000.0	0.0358047779604
794000000.0	0.254647480929
796000000.0	0.326949072708
798000000.0	0.223218516733
800000000.0	-0.0704660946289
802000000.0	-0.358346822646
804000000.0	-0.336036746395
806000000.0	-0.171162142797
808000000.0	0.168538602498
810000000.0	0.159149423734
812000000.0	0.191580788507
814000000.0	0.26978908168
816000000.0	-0.178350124442
818000000.0	-0.273209784714
820000000.0	-0.139415207722
822000000.0	-0.0509576502061
824000000.0	0.194593798084
826000000.0	0.15412592534
828000000.0	0.136948730576
830000000.0	-0.204801130863
832000000.0	-0.153512559636
834000000.0	-0.253190591002
836000000.0	-0.0745069757721
838000000.0	0.153858456016
840000000.0	0.312414774436
842000000.0	0.254782121994
844000000.0	0.0419816799311
846000000.0	-0.403996427058
848000000.0	-0.627753563044
850000000.0	-0.262690291294
852000000.0	0.132531589741
854000000.0	0.710830212794
856000000.0	0.626707864561
858000000.0	0.302597918081
860000000.0	-0.368619843565
862000000.0	-0.640008644814
864000000.0	-0.519098246688
866000000.0	-0.373817862688
868000000.0	0.201054753566
870000000.0	0.680216699866
872000000.0	0.761975523986
874000000.0	0.338315186883
876000000.0	-0.0450356645905
878000000.0	-1.08193878129
880000000.0	-1.45063516943
882000000.0	-0.585398883942
884000000.0	0.854162100827
886000000.0	1.75655815303
888000000.0	1.29350040859
890000000.0	-0.0937046504307
892000000.0	-1.3937348981
894000000.0	-1.26980990954
896000000.0	-1.12131117319
898000000.0	-1.69924014215
900000000.0	8.79839275814
902000000.0	-4.22874091873
904000000.0	-2.569235618
906000000.0	0.111327281024
908000000.0	1.8441395265
910000000.0	1.19924699152
912000000.0	-0.339831608648
914000000.0	-1.40541504901
916000000.0	-1.08037259144
918000000.0	-0.0446884912849
920000000.0	0.789427137444
922000000.0	0.87582136608
924000000.0	0.509216945097
926000000.0	-0.118077128776
928000000.0	-0.674220641467
930000000.0	-0.600613788779
932000000.0	-0.457563132392
934000000.0	0.0281774097378
936000000.0	0.520602082569
938000000.0	0.813752186663
940000000.0	0.436306508412
942000000.0	-0.0423716403364
944000000.0	-0.499172025368
946000000.0	-0.640764945659
948000000.0	-0.351946502447
950000000.0	0.2386304767
952000000.0	0.489285635968
954000000.0	0.449778339869
956000000.0	0.145572368461
958000000.0	-0.270421314764
960000000.0	-0.488525142575
962000000.0	-0.259953032368
964000000.0	-0.179702942694
966000000.0	0.000934475480363
968000000.0	0.355232528408
970000000.0	0.281250294156
972000000.0	0.0928216072102
974000000.0	-0.278467558984
976000000.0	-0.162357080863
978000000.0	-0.183672927877
980000000.0	0.155167549428
982000000.0	0.215100363656
984000000.0	0.224070923574
986000000.0	-0.031345202103
988000000.0	-0.222425162694
990000000.0	-0.325532515245
992000000.0	-0.0390051550846
994000000.0	0.122740098086
996000000.0	0.182248493261
998000000.0	0.242592476664
1000000000.0	-1.0
1002000000.0	-0.118626154609
1004000000.0	-0.225124722257
1006000000.0	-0.283533045075
1008000000.0	0.011099718797
1010000000.0	0.271665408042
1012000000.0	0.350048025131
1014000000.0	0.131982081993
1016000000.0	0.0153807459676
1018000000.0	-0.235727575819
1020000000.0	-0.262749506305
1022000000.0	-0.149357272453
1024000000.0	0.131441478396
1026000000.0	0.243417965609
1028000000.0	0.330447807673
1030000000.0	0.177140257117
1032000000.0	-0.166459775888
1034000000.0	-0.251361466938
1036000000.0	-0.108030762002
1038000000.0	-0.0955652554481
1040000000.0	0.10265831356
1042000000.0	0.167278410997
1044000000.0	0.220854368641
1046000000.0	-0.0312158913022
1048000000.0	-0.0559158748832
1050000000.0	-0.258621840919
1052000000.0	-0.0496304842722
1054000000.0	0.0285854744851
1056000000.0	0.203740268271
1058000000.0	0.220633726374
1060000000.0	0.0660426449368
1062000000.0	0.0447795869136
1064000000.0	-0.0799541016033
1066000000.0	-0.129643308647
1068000000.0	0.0810937648372
1070000000.0	0.0641990317013
1072000000.0	0.258928306773
1074000000.0	0.171304949615
1076000000.0	-0.0611013106046
1078000000.0	-0.120002928745
1080000000.0	-0.172696798951
1082000000.0	-0.124671397789
1084000000.0	0.0470121375126
1086000000.0	0.220828640002
1088000000.0	0.161176291572
1090000000.0	0.0697364714986
1092000000.0	-0.193872532924
1094000000.0	-0.0707301193444
1096000000.0	-0.168715965052
1098000000.0	-0.292032955913
1100000000.0	0.501856960091
1102000000.0	-0.0384334930776
1104000000.0	0.0717552528099
1106000000.0	-0.0834714080969
1108000000.0	0.00182054735082
1110000000.0	-0.138728367922
1112000000.0	-0.039131449029
1114000000.0	0.161718080911
1116000000.0	0.175276812116
1118000000.0	0.38357179155
1120000000.0	-0.0149157344266
1122000000.0	-0.0338697589284
1124000000.0	-0.00578937911204
1126000000.0	-0.265817974812
1128000000.0	-0.00660476373279
1130000000.0	0.0155897060687
1132000000.0	0.176380454682
1134000000.0	-0.108017028835
1136000000.0	-0.02453162435
1138000000.0	-0.0389784222514
1140000000.0	-0.067056925387
1142000000.0	-0.206605376094
1144000000.0	0.202619089613
1146000000.0	0.0309573387889
1148000000.0	-0.105571304404
1150000000.0	0.115238101177
1152000000.0	-0.111654939303
1154000000.0	-0.0647506592858
1156000000.0	0.0891001278895
1158000000.0	0.0388404009072
1160000000.0	0.00441182784651
1162000000.0	0.127149576351
1164000000.0	0.0594630098262
1166000000.0	-0.0204324485206
1168000000.0	-0.0924427074501
1170000000.0	-0.10950465981
1172000000.0	-0.0915542832491
1174000000.0	0.132817776249
1176000000.0	-0.0145990818563
1178000000.0	0.113619592757
1180000000.0	0.0640015747575
1182000000.0	-0.0466006829711
1184000000.0	-0.200643802752
1186000000.0	-0.0758186480464
1188000000.0	-0.0106740309823
1190000000.0	0.00674598878983
1192000000.0	0.0966003236108
1194000000.0	0.155364078303
1196000000.0	0.190534118244
1198000000.0	0.353569968311
1200000000.0	-1.23245934691
1202000000.0	0.549719640688
1204000000.0	0.204583119752
1206000000.0	0.087176523539
1208000000.0	0.028617203497
1210000000.0	-0.219423708963
1212000000.0	-0.0332475023071
1214000000.0	-0.0786680393381
1216000000.0	0.0943329217898
1218000000.0	0.052610866383
1220000000.0	0.228238083314
1222000000.0	0.113511236147
1224000000.0	-0.00498726725665
1226000000.0	-0.299844431958
1228000000.0	-0.0888334391634
1230000000.0	0.0348395625177
1232000000.0	0.128373378709
1234000000.0	0.168258810968
1236000000.0	0.0146467737098
1238000000.0	0.0147802926806
1240000000.0	-0.108622370011
1242000000.0	-0.0840658681547
1244000000.0	0.0194478456403
1246000000.0	-0.0210977766523
1248000000.0	0.101647014915
1250000000.0	-0.488570974224
1252000000.0	-0.0156751083622
1254000000.0	-0.0735165966502
1256000000.0	-0.112214538555
1258000000.0	-0.0572730884321
1260000000.0	0.00420783240555
1262000000.0	0.00251465276515
1264000000.0	0.0917782142543
1266000000.0	-0.0524578075159
1268000000.0	0.113618959946
1270000000.0	-0.0786952768747
1272000000.0	-0.0430913605145
1274000000.0	0.0483172345244
1276000000.0	-0.0513424146323
1278000000.0	-0.0449441625983
1280000000.0	0.139937516848
1282000000.0	0.1474936978
1284000000.0	-0.0247402143897
1286000000.0	-0.0657622337412
1288000000.0	-0.0641469783144
1290000000.0	0.12463012225
1292000000.0	0.216813635171
1294000000.0	0.0526901814237
1296000000.0	-0.137006826401
1298000000.0	-0.449429792816
1300000000.0	0.999818493422
1302000000.0	-0.612740432136
1304000000.0	-0.273443941938
1306000000.0	-0.0207299996185
1308000000.0	0.0215784908008
1310000000.0	0.197794162457
1312000000.0	-0.105049929646
1314000000.0	-0.0425392809525
1316000000.0	-0.0926916314986
1318000000.0	-0.0672128010874
1320000000.0	-0.0843276970234
1322000000.0	0.00638649966977
1324000000.0	0.138656238861
1326000000.0	-0.0139329969986
1328000000.0	0.0831117399479
1330000000.0	-0.0030362902345
1332000000.0	-0.0786709004739
1334000000.0	0.033308721104
1336000000.0	0.073517066951
1338000000.0	-0.0019360074501
1340000000.0	-0.0572398778458
1342000000.0	-0.0579137717087
1344000000.0	-0.0717403790965
1346000000.0	-0.0800736487557
1348000000.0	-0.0106939541071
1350000000.0	0.090437264163
1352000000.0	0.042773114651
1354000000.0	0.00354626347964
1356000000.0	-0.104981816247
1358000000.0	-0.142048919007
1360000000.0	-0.0183432452894
1362000000.0	-0.202427462298
1364000000.0	0.0478515022265
1366000000.0	0.219690278018
1368000000.0	0.141606465547
1370000000.0	-0.0405142024483
1372000000.0	-0.169447256233
1374000000.0	-0.51011364695
1376000000.0	0.281048692122
1378000000.0	-0.00929547183766
1380000000.0	0.0571663642292
1382000000.0	0.293802549823
1384000000.0	0.104901645737
1386000000.0	-0.145332687981
1388000000.0	-0.0403397968483
1390000000.0	-0.246053321599
1392000000.0	-0.0538079498009
1394000000.0	0.00330676225866
1396000000.0	0.132387062436
1398000000.0	0.0849227155076
1400000000.0	-0.223196982921
1402000000.0	0.103914649463
1404000000.0	-0.0990288216263
1406000000.0	-0.106056562444
1408000000.0	-0.0991747926414
1410000000.0	0.121513200862
1412000000.0	0.141630539663
1414000000.0	0.136976641366
1416000000.0	0.0862888895028
1418000000.0	-0.0677449491814
1420000000.0	-0.00731357860248
1422000000.0	-0.15869695042
1424000000.0	-0.0249912486502
1426000000.0	0.0569468004433
1428000000.0	0.0895386854034
1430000000.0	0.136039355866
1432000000.0	0.0556544863543
1434000000.0	-0.108871564607
1436000000.0	-0.0313045302377
1438000000.0	-0.0271453927223
1440000000.0	0.0822172915715
1442000000.0	0.168292438365
1444000000.0	0.128570190804
1446000000.0	-0.130030754974
1448000000.0	-0.374482435752
1450000000.0	-0.189693931327
1452000000.0	-0.235136193323
1454000000.0	0.172713621423
1456000000.0	0.220817509193
1458000000.0	0.228210810354
1460000000.0	-0.0369450346426
1462000000.0	-0.124296980944
1464000000.0	-0.214616629291
1466000000.0	-0.228885221998
1468000000.0	0.0165837092733
1470000000.0	0.344314819739
1472000000.0	0.517930696223
1474000000.0	0.497694852958
1476000000.0	0.00279507320318
1478000000.0	-0.587266409103
1480000000.0	-0.638495028864
1482000000.0	-0.326263562768
1484000000.0	0.242685269052
1486000000.0	0.787557286482
1488000000.0	0.687774860403
1490000000.0	0.132334188846
1492000000.0	-0.341460662826
1494000000.0	-0.607140442143
1496000000.0	-1.15945820122
1498000000.0	-2.08187892254
1500000000.0	6.48891255931
1502000000.0	-2.89212796697
1504000000.0	-1.7819370259
1506000000.0	-0.163890456728
1508000000.0	0.749029900022
1510000000.0	0.588119700467
1512000000.0	0.0137714942025
1514000000.0	-0.358489374108
1516000000.0	-0.288598801669
1518000000.0	-0.118658834576
1520000000.0	0.455469752579
1522000000.0	0.38289260953
1524000000.0	0.0756132613442
1526000000.0	-0.162869341887
1528000000.0	-0.184010656397
1530000000.0	-0.255117338379
1532000000.0	-0.176313341642
1534000000.0	-0.0627435452314
1536000000.0	0.147266741386
1538000000.0	0.261483708836
1540000000.0	0.148084462633
1542000000.0	-0.0198338160887
1544000000.0	-0.149300556476
1546000000.0	-0.300217861835
1548000000.0	-0.188992459336
1550000000.0	0.0087242206773
1552000000.0	0.00621377066749
1554000000.0	0.21650408752
1556000000.0	0.0901121490675
1558000000.0	-0.0483413315351
1560000000.0	-0.174110780169
1562000000.0	-0.175734019862
1564000000.0	-0.0270532822923
1566000000.0	-0.0585432734453
1568000000.0	0.095374799808
1570000000.0	0.0973379660747
1572000000.0	-0.0695454500252
1574000000.0	-0.130715133662
1576000000.0	-0.00925304856644
1578000000.0	0.0160434762328
1580000000.0	0.0440862773527
1582000000.0	-0.094595488404
1584000000.0	0.0626382958367
1586000000.0	-0.118125745741
1588000000.0	-0.117858340789
1590000000.0	-0.119053581148
1592000000.0	0.0558308463799
1594000000.0	0.0911887260396
1596000000.0	0.130259801282
1598000000.0	-0.0128698039684
1600000000.0	-0.245158905371
1602000000.0	0.0512536056259
1604000000.0	-0.00156930829732
1606000000.0	-0.0385638455874
1608000000.0	0.0159623470833
1610000000.0	-0.0437445927958
1612000000.0	0.118522267503
1614000000.0	-0.0762763303096
1616000000.0	-0.0819151864384
1618000000.0	-0.0167331298325
1620000000.0	-0.0283719641228
1622000000.0	-0.0048828062113
1624000000.0	0.0349679982319
1626000000.0	0.131345607144
1628000000.0	-0.0134976075371
1630000000.0	0.0489754513151
1632000000.0	-0.0414712344093
1634000000.0	-0.174772760449
1636000000.0	-0.0717133545132
1638000000.0	-0.0946661512696
1640000000.0	-0.0113199929948
1642000000.0	0.0575219958177
1644000000.0	0.077010714785
1646000000.0	-0.0592360490604
1648000000.0	-0.0945789278582
1650000000.0	0.047686268801
1652000000.0	-0.0785975751304
1654000000.0	0.00740213243991
1656000000.0	0.183933283725
1658000000.0	-0.0358792473597
1660000000.0	0.00565302444079
1662000000.0	-0.0227985465585
1664000000.0	0.0273734972349
1666000000.0	0.0291553294934
1668000000.0	0.0571099831725
1670000000.0	-0.062170284714
1672000000.0	0.136604852467
1674000000.0	-0.00438490623628
1676000000.0	-0.196974020123
1678000000.0	-0.0925262059855
1680000000.0	-0.0467539512731
1682000000.0	0.0211357512265
1684000000.0	-0.0660821277268
1686000000.0	-0.0265156254993
1688000000.0	0.11108923671
1690000000.0	0.0112198006258
1692000000.0	0.000335332169515
1694000000.0	-0.0881013051226
1696000000.0	-0.192032176433
1698000000.0	-0.284062328784
1700000000.0	0.320969181134
1702000000.0	0.0130510284083
1704000000.0	0.0681263065288
1706000000.0	-0.0800226535733
1708000000.0	-0.0386314241332
1710000000.0	-0.0288398289394
1712000000.0	-0.0799358879141
1714000000.0	-0.0455640802923
1716000000.0	-0.0246819829482
1718000000.0	0.244689560523
1720000000.0	0.0132322445112
1722000000.0	-0.112895141344
1724000000.0	-0.0536281484269
1726000000.0	-0.0179966827158
1728000000.0	0.127316468944
1730000000.0	0.0034625257798
1732000000.0	0.0469067110592
1734000000.0	-0.105080433526
1736000000.0	0.0196715343284
1738000000.0	-0.032694745619
1740000000.0	-0.000693062018925
1742000000.0	-0.0040333680086
1744000000.0	0.0918882554582
1746000000.0	-0.153934157616
1748000000.0	0.0143400875511
1750000000.0	0.428129318949
1752000000.0	-0.129513536333
1754000000.0	-0.0613480818088
1756000000.0	-0.118871756802
1758000000.0	-0.0661145741401
1760000000.0	0.10367940198
1762000000.0	0.0913528184685
1764000000.0	-0.085423524761
1766000000.0	-0.154695966598
1768000000.0	-0.143549627305
1770000000.0	0.0339871141792
1772000000.0	-0.0323255317832
1774000000.0	0.0208371097034
1776000000.0	-0.106306102621
1778000000.0	0.037008625936
1780000000.0	-0.00128118682898
1782000000.0	0.0673179677491
1784000000.0	-0.181088932976
1786000000.0	-0.00893373265614
1788000000.0	0.0583815967536
1790000000.0	0.0225574717499
1792000000.0	0.13857421751
1794000000.0	0.0958913859723
1796000000.0	0.159728450362
1798000000.0	0.261020496746
1800000000.0	-0.821727060357
1802000000.0	0.152922224462
1804000000.0	0.0449602047687
1806000000.0	-0.0132347096965
1808000000.0	-0.150092413772
1810000000.0	-0.067448366433
1812000000.0	0.0109108792722
1814000000.0	0.0228544551453
1816000000.0	0.016775140253
1818000000.0	-0.0240789271069
1820000000.0	0.0368435965663
1822000000.0	0.0181142479846
1824000000.0	0.0148457774638
1826000000.0	-0.138227715399
1828000000.0	0.110476010743
1830000000.0	0.0493844607442
1832000000.0	0.126942425932
1834000000.0	0.00785773720917
1836000000.0	-0.0878294938104
1838000000.0	0.00297779760719
1840000000.0	-0.0177470524033
1842000000.0	-0.107069625508
1844000000.0	-0.0324782152492
1846000000.0	0.0393222947561
1848000000.0	0.12257694627
1850000000.0	0.139530707056
1852000000.0	-0.0797559382055
1854000000.0	-0.0329541736804
1856000000.0	-0.109697625689
1858000000.0	-0.0796395385045
1860000000.0	-0.0701659800472
1862000000.0	0.0375375650732
1864000000.0	-0.0173812217668
1866000000.0	-0.160451704103
1868000000.0	-0.0701690945947
1870000000.0	-0.133008363069
1872000000.0	-0.159193614219
1874000000.0	-0.109453584772
1876000000.0	-0.00478191288611
1878000000.0	0.0744980311676
1880000000.0	0.165432240017
1882000000.0	0.0133416784791
1884000000.0	-0.151988066559
1886000000.0	0.112801341406
1888000000.0	0.0190878729897
1890000000.0	0.190034336804
1892000000.0	0.259884976094
1894000000.0	-0.155637412985
1896000000.0	-0.665081600462
1898000000.0	-1.1644225855
1900000000.0	3.24297037172
1902000000.0	-1.21036360921
1904000000.0	-0.542433728637
1906000000.0	-0.0733123880731
1908000000.0	-0.0271477809162
1910000000.0	0.0403621258535
1912000000.0	0.0674935523791
1914000000.0	0.162074964272
1916000000.0	0.133862185863
1918000000.0	-0.0441598435973
1920000000.0	-0.136868022023
1922000000.0	-0.147118476208
1924000000.0	0.125402048712
1926000000.0	0.12476618459
1928000000.0	0.0325548779058
1930000000.0	0.0949066800719
1932000000.0	-0.0107827635619
1934000000.0	-0.0314001201988
1936000000.0	-0.172777128557
1938000000.0	-0.100701850712
1940000000.0	-0.0206683155927
1942000000.0	-0.0841677327458
1944000000.0	0.00641343971084
1946000000.0	-0.0500738463856
1948000000.0	-0.070195349727
1950000000.0	-0.0419998223828
1952000000.0	-0.0712245915721
1954000000.0	-0.0309613879816
1956000000.0	0.0653343460895
1958000000.0	-0.0580201829421
1960000000.0	0.0281185804618
1962000000.0	-0.052885684701
1964000000.0	-0.110477482179
1966000000.0	-0.0585996745244
1968000000.0	0.0164891101068
1970000000.0	0.0275101406145
1972000000.0	-0.0234819378613
1974000000.0	-0.0130427564943
1976000000.0	0.00560148949437
1978000000.0	-0.0221473851963
1980000000.0	0.0452505172484
1982000000.0	0.0341141119259
1984000000.0	0.0922253160872
1986000000.0	-0.130265671809
1988000000.0	0.0315572498125
1990000000.0	-0.0675960541718
1992000000.0	-0.0140134835795
1994000000.0	0.0471471807104
1996000000.0	0.0785590689538
1998000000.0	0.146851684157
2000000000.0	-0.58125
