0.0	-1.540625
2000000.0	0.822747623008
4000000.0	1.29920473602
6000000.0	0.0861153956764
8000000.0	-0.00114550060598
10000000.0	0.779122446248
12000000.0	1.18240261309
14000000.0	1.79470195602
16000000.0	3.56610902272
18000000.0	5.21862249398
20000000.0	4.49770119778
22000000.0	2.3365437119
24000000.0	-0.681480696011
26000000.0	-3.18004631587
28000000.0	-4.39251206756
30000000.0	-4.19303037462
32000000.0	-2.45707515879
34000000.0	0.647995308218
36000000.0	4.15894553795
38000000.0	4.96800995056
40000000.0	3.37235668885
42000000.0	1.21348028703
44000000.0	-0.863565197306
46000000.0	-2.31932731348
48000000.0	-2.69831401113
50000000.0	-1.93033518516
52000000.0	-0.562053004566
54000000.0	1.0273230867
56000000.0	1.49125215109
58000000.0	1.17591261845
60000000.0	-0.0833116648022
62000000.0	-1.10079165018
64000000.0	-1.53819985562
66000000.0	-1.21302038193
68000000.0	-0.569615953526
70000000.0	0.00140494412086
72000000.0	0.372951503104
74000000.0	0.25200872626
76000000.0	-0.14662827624
78000000.0	-0.26150351682
80000000.0	-0.560856196485
82000000.0	-0.642869804736
84000000.0	-0.732257830803
86000000.0	-0.508584940099
88000000.0	-0.342451850895
90000000.0	0.00406559426542
92000000.0	0.236357972762
94000000.0	0.375031315921
96000000.0	0.455140763862
98000000.0	0.000527672883389
100000000.0	-0.555331810445
102000000.0	-0.635767156614
104000000.0	-0.831977103363
106000000.0	-0.436899412134
108000000.0	-0.19165521295
110000000.0	0.576556781895
112000000.0	0.663396403762
114000000.0	0.57006785099
116000000.0	0.0233695455329
118000000.0	-0.403103146671
120000000.0	-0.623679972456
122000000.0	-0.496749187653
124000000.0	-0.165432395603
126000000.0	0.452389991565
128000000.0	0.530159964098
130000000.0	0.224616563835
132000000.0	-0.0549508243346
134000000.0	-0.299467427175
136000000.0	-0.235675241607
138000000.0	-0.138740041427
140000000.0	0.177682215775
142000000.0	0.205473893722
144000000.0	0.432416257515
146000000.0	0.219151396678
148000000.0	-0.209582963001
150000000.0	-0.351988685008
152000000.0	-0.319245520852
154000000.0	-0.11398971172
156000000.0	0.0514206803391
158000000.0	0.159716845077
160000000.0	0.226600055769
162000000.0	0.137938943096
164000000.0	0.0701992989175
166000000.0	0.0380839104513
168000000.0	0.0417536766594
170000000.0	-0.286593144102
172000000.0	-0.324334987066
174000000.0	-0.326862922389
176000000.0	-0.182506991058
178000000.0	0.0152482660061
180000000.0	0.305182790879
182000000.0	0.378428141172
184000000.0	0.370427753025
186000000.0	0.112770901842
188000000.0	-0.51172777371
190000000.0	-0.551181513402
192000000.0	-0.721246957745
194000000.0	-0.244308988766
196000000.0	0.186981983838
198000000.0	0.760323496269
200000000.0	0.628867236686
202000000.0	0.274748372265
204000000.0	-0.217710831516
206000000.0	-0.563441797981
208000000.0	-0.540678990371
210000000.0	-0.378431456755
212000000.0	-0.111324748928
214000000.0	0.232652564994
216000000.0	0.266983245458
218000000.0	0.328833344808
220000000.0	0.23842305883
222000000.0	0.0941518973159
224000000.0	-0.0675029455954
226000000.0	-0.0240449074774
228000000.0	-0.392977899017
230000000.0	-0.454455047762
232000000.0	-0.526656843987
234000000.0	-0.132560059095
236000000.0	0.471966381765
238000000.0	0.876731113906
240000000.0	0.874964563318
242000000.0	0.115113454162
244000000.0	-0.557232798293
246000000.0	-1.11932880176
248000000.0	-0.95071972498
250000000.0	-0.903203657118
252000000.0	0.519931079351
254000000.0	1.46747423062
256000000.0	1.66197703183
258000000.0	0.79177893824
260000000.0	-0.711598778149
262000000.0	-1.78689216925
264000000.0	-1.93402543934
266000000.0	-0.695491566382
268000000.0	0.930162986788
270000000.0	1.73902191839
272000000.0	1.37720141065
274000000.0	0.603883639864
276000000.0	-0.371168198921
278000000.0	-1.07017223118
280000000.0	-1.4264567272
282000000.0	-0.786051185566
284000000.0	0.586111952392
286000000.0	1.71280914856
288000000.0	0.586790933589
290000000.0	-2.13490872626
292000000.0	-3.01236025263
294000000.0	1.41181135648
296000000.0	10.5040983275
298000000.0	19.5074209566
300000000.0	-55.2903556262
302000000.0	16.0241925869
304000000.0	11.2551271693
306000000.0	6.95147497359
308000000.0	2.19872173092
310000000.0	-2.97000358642
312000000.0	-6.00308577928
314000000.0	-5.28378697315
316000000.0	-1.29993089992
318000000.0	3.21017691687
320000000.0	4.84316074552
322000000.0	3.34998173701
324000000.0	0.0353022783857
326000000.0	-2.27921490422
328000000.0	-3.0422571814
330000000.0	-2.10932464618
332000000.0	-0.26482726807
334000000.0	1.6598600622
336000000.0	2.32026207724
338000000.0	1.78030545577
340000000.0	0.0962677841433
342000000.0	-1.4401011543
344000000.0	-1.75555746899
346000000.0	-1.00210618233
348000000.0	0.271166183409
350000000.0	1.08315201016
352000000.0	1.06528195275
354000000.0	0.215811194653
356000000.0	-0.492238455441
358000000.0	-0.819381019938
360000000.0	-0.533967452647
362000000.0	0.161514851871
364000000.0	0.669189631368
366000000.0	0.722692861263
368000000.0	0.150359733942
370000000.0	-0.609145449165
372000000.0	-1.00260801202
374000000.0	-0.666417152539
376000000.0	0.287779124639
378000000.0	0.894519941827
380000000.0	0.929357954756
382000000.0	0.386749265163
384000000.0	-0.238080859615
386000000.0	-0.979453555807
388000000.0	-0.916653820843
390000000.0	-0.344790938797
392000000.0	0.547157842634
394000000.0	0.820231540499
396000000.0	0.946465708099
398000000.0	0.256365117529
400000000.0	-0.513386454527
402000000.0	-0.868349211658
404000000.0	-0.827053346827
406000000.0	-0.100976168752
408000000.0	0.513781700192
410000000.0	0.734901225567
412000000.0	0.529047910883
414000000.0	-0.0161334705836
416000000.0	-0.48048866527
418000000.0	-0.85193261665
420000000.0	-0.238218511017
422000000.0	-0.0323624799592
424000000.0	0.530766498322
426000000.0	0.547627856928
428000000.0	0.287859920232
430000000.0	-0.267944125306
432000000.0	-0.366206727719
434000000.0	-0.317104927346
436000000.0	0.0307674816918
438000000.0	0.225436160828
440000000.0	0.30216859021
442000000.0	0.177464702173
444000000.0	-0.187807756652
446000000.0	-0.176760282408
448000000.0	-0.288108294936
450000000.0	-0.0913351602729
452000000.0	0.206501325159
454000000.0	0.285411132611
456000000.0	0.167208993489
458000000.0	-0.328634024847
460000000.0	-0.321718734591
462000000.0	-0.358596337839
464000000.0	-0.0738705993977
466000000.0	0.104455360432
468000000.0	0.458493258499
470000000.0	0.295553070919
472000000.0	0.0671864268246
474000000.0	-0.0485026504557
476000000.0	-0.522962896278
478000000.0	-0.218673557773
480000000.0	0.0685157583548
482000000.0	0.207572155173
484000000.0	0.324336564013
486000000.0	0.109499753831
488000000.0	-0.0186068453678
490000000.0	-0.31962450091
492000000.0	-0.303004927888
494000000.0	-0.147492656259
496000000.0	0.0218398945961
498000000.0	0.177412228933
500000000.0	0.00329623609781
502000000.0	-0.0191583536746
504000000.0	-0.181435798967
506000000.0	-0.0508740358277
508000000.0	-0.088704317547
510000000.0	0.00775559110197
512000000.0	0.0752945542891
514000000.0	0.271381337872
516000000.0	-0.0959992735343
518000000.0	-0.178391090377
520000000.0	-0.0858553036583
522000000.0	-0.0294658600754
524000000.0	-0.0616116075433
526000000.0	0.277230678527
528000000.0	0.115582574498
530000000.0	0.0296200478347
532000000.0	-0.136172317439
534000000.0	-0.240903243214
536000000.0	-0.308466016247
538000000.0	-0.0042947544257
540000000.0	0.35947947564
542000000.0	0.230950360858
544000000.0	0.158886411361
546000000.0	-0.199260845376
548000000.0	-0.22952593489
550000000.0	-0.248525345454
552000000.0	-0.270154669689
554000000.0	0.05079140202
556000000.0	0.219028522536
558000000.0	0.159152275627
560000000.0	-0.0266498027194
562000000.0	-0.00919153128198
564000000.0	-0.100154287151
566000000.0	-0.149109027766
568000000.0	-0.0192827450044
570000000.0	0.0099784746832
572000000.0	0.0611528993639
574000000.0	0.0650528099397
576000000.0	-0.0653678821417
578000000.0	-0.00457527281687
580000000.0	-0.0617627063042
582000000.0	-0.09180485369
584000000.0	0.0175021369227
586000000.0	0.0830444747834
588000000.0	0.0793659673093
590000000.0	-0.0617966706243
592000000.0	-0.188332206969
594000000.0	0.0781672363386
596000000.0	0.0551375502562
598000000.0	0.188753539129
600000000.0	-0.161786182657
602000000.0	0.270686491142
604000000.0	-0.00660695466902
606000000.0	-0.0774316320989
608000000.0	-0.253967861442
610000000.0	-0.106134917149
612000000.0	-0.0439452329983
614000000.0	0.298659623708
616000000.0	0.215858859407
618000000.0	0.114171852168
620000000.0	-0.130142211097
622000000.0	-0.175540015763
624000000.0	-0.147213447053
626000000.0	-0.2664613193
628000000.0	0.129524791432
630000000.0	0.153877229694
632000000.0	0.165214092417
634000000.0	-0.0344337709854
636000000.0	-0.106287905721
638000000.0	-0.175820696367
640000000.0	-0.164775983654
642000000.0	-0.0942159256012
644000000.0	0.146856739876
646000000.0	0.0582362544372
648000000.0	0.0392887034751
650000000.0	-0.0254958192364
652000000.0	-0.117852824986
654000000.0	0.012449194482
656000000.0	-0.0090252210789
658000000.0	0.0136011388404
660000000.0	0.0998420800046
662000000.0	-0.0655809420099
664000000.0	-0.209881173183
666000000.0	-0.176794887507
668000000.0	-0.105334232211
670000000.0	0.103237867441
672000000.0	0.0671611071534
674000000.0	0.212590290047
676000000.0	-0.0469791921216
678000000.0	-0.0844175837783
680000000.0	-0.106202594721
682000000.0	-0.279843550748
684000000.0	-0.179724202218
686000000.0	0.0959237155542
688000000.0	0.134064908725
690000000.0	0.178276336671
692000000.0	0.0884178037893
694000000.0	-0.230005410007
696000000.0	-0.111200362543
698000000.0	-0.122970877327
700000000.0	-0.574958283576
702000000.0	0.313888061601
704000000.0	0.195015862304
706000000.0	0.0623889617969
708000000.0	-0.0992328233557
710000000.0	-0.128228376912
712000000.0	-0.0625291319491
714000000.0	-0.162157866129
716000000.0	0.013243553682
718000000.0	0.0864539223764
720000000.0	0.0184642111282
722000000.0	0.0955341509636
724000000.0	-0.0961854786703
726000000.0	-0.0326481741607
728000000.0	-0.22222178576
730000000.0	0.0975523994939
732000000.0	0.00168518737482
734000000.0	0.0564102290694
736000000.0	0.0128301374072
738000000.0	0.000137820434328
740000000.0	-0.209290673941
742000000.0	-0.141314780246
744000000.0	-0.0255470751265
746000000.0	0.122100576672
748000000.0	0.14169697126
750000000.0	-0.194010435587
752000000.0	0.0350340050652
754000000.0	-0.139214503243
756000000.0	-0.229264338274
758000000.0	-0.302035850122
760000000.0	0.0635797659684
762000000.0	0.219232836374
764000000.0	0.140143000421
766000000.0	0.0684114258965
768000000.0	-0.00386946165719
770000000.0	-0.23915197863
772000000.0	-0.239171802783
774000000.0	-0.201997015479
776000000.0	-0.0219605879625
778000000.0	0.120396957814
780000000.0	0.359113466649
782000000.0	0.167185350756
784000000.0	-0.0693055377174
786000000.0	-0.141539573442
788000000.0	-0.0891651009301
790000000.0	0.0465502367686
792000000.0	-0.000417580588518
794000000.0	-0.06532601359
796000000.0	-0.0225864773357
798000000.0	-0.0431636275284
800000000.0	0.385476716113
802000000.0	-0.186349630366
804000000.0	0.0323777598794
806000000.0	-0.0313584640221
808000000.0	0.0505892625496
810000000.0	0.0296750450731
812000000.0	-0.0504416475016
814000000.0	-0.188908295222
816000000.0	-0.093473817916
818000000.0	-0.0508527506402
820000000.0	0.172158932118
822000000.0	0.14828664013
824000000.0	0.109175456823
826000000.0	-0.0593636536641
828000000.0	-0.0636595974969
830000000.0	-0.261814095075
832000000.0	-0.278618575688
834000000.0	0.036928187229
836000000.0	0.204840217825
838000000.0	0.430334687625
840000000.0	0.216364867215
842000000.0	-0.0272938553817
844000000.0	-0.293282950595
846000000.0	-0.432145228514
848000000.0	-0.247425333765
850000000.0	0.0281407886229
852000000.0	0.266052476344
854000000.0	0.381552974673
856000000.0	0.36317036312
858000000.0	-0.00324830738755
860000000.0	-0.370689478649
862000000.0	-0.538540643706
864000000.0	-0.348608932384
866000000.0	0.043587266323
868000000.0	0.350708183063
870000000.0	0.326918650143
872000000.0	0.182860092875
874000000.0	-0.31931076897
876000000.0	-0.00356848892223
878000000.0	-0.0858794235791
880000000.0	0.124905880894
882000000.0	0.222770392169
884000000.0	0.222092392726
886000000.0	0.0538148580818
888000000.0	-0.372278562626
890000000.0	-1.1948806411
892000000.0	-0.955479211832
894000000.0	1.09251302802
896000000.0	4.63668286953
898000000.0	8.18910939971
900000000.0	-23.2314153076
902000000.0	6.62150929668
904000000.0	4.59768651206
906000000.0	2.47384013782
908000000.0	0.645254588817
910000000.0	-1.12275341327
912000000.0	-1.86352003941
914000000.0	-1.746517191
916000000.0	-0.508498244934
918000000.0	0.98107577886
920000000.0	1.38311816218
922000000.0	1.09464307719
924000000.0	-0.0106089256562
926000000.0	-0.677107282069
928000000.0	-0.872927835551
930000000.0	-0.646964789377
932000000.0	-0.170588142054
934000000.0	0.379196682872
936000000.0	0.594308737333
938000000.0	0.381407176382
940000000.0	0.0534898160476
942000000.0	-0.243100189229
944000000.0	-0.417049738223
946000000.0	-0.195045372983
948000000.0	0.0631890281078
950000000.0	0.175616814233
952000000.0	0.380748244786
954000000.0	0.108467320795
956000000.0	-0.187150917756
958000000.0	-0.191410889292
960000000.0	-0.222775238743
962000000.0	0.0412029229642
964000000.0	0.209480178341
966000000.0	0.329510567505
968000000.0	0.0989074247412
970000000.0	-0.157523190648
972000000.0	-0.26000319236
974000000.0	-0.252019928338
976000000.0	0.0369158127441
978000000.0	0.160020217901
980000000.0	0.253074627947
982000000.0	0.246808655502
984000000.0	0.0489839256919
986000000.0	-0.236530917325
988000000.0	-0.261423563261
990000000.0	-0.236382746185
992000000.0	0.0403719707716
994000000.0	0.354986854115
996000000.0	0.34101604643
998000000.0	-0.0230102971371
1000000000.0	0.49375
1002000000.0	-0.320405685555
1004000000.0	-0.324813142854
1006000000.0	-0.0843523141356
1008000000.0	0.0962337246831
1010000000.0	0.179510772919
1012000000.0	0.211432886059
1014000000.0	0.110366217433
1016000000.0	0.0138694690147
1018000000.0	-0.152045044697
1020000000.0	-0.08485454404
1022000000.0	-0.013363157707
1024000000.0	0.0770822705138
1026000000.0	0.103497840662
1028000000.0	0.0814756226022
1030000000.0	-0.0879207533365
1032000000.0	-0.0491542894506
1034000000.0	-0.180284274779
1036000000.0	-0.0587741112886
1038000000.0	0.0593726553413
1040000000.0	0.0376563062333
1042000000.0	-0.0370717619835
1044000000.0	-0.0221117816718
1046000000.0	-0.0977815687554
1048000000.0	-0.150109033431
1050000000.0	-0.176634254691
1052000000.0	0.0854225701844
1054000000.0	0.177645128426
1056000000.0	0.168689457353
1058000000.0	-0.0273105749309
1060000000.0	-0.120508459145
1062000000.0	-0.156152593804
1064000000.0	-0.104061617362
1066000000.0	-0.132902210084
1068000000.0	0.135373833111
1070000000.0	0.0201473696229
1072000000.0	0.000193225447842
1074000000.0	-0.0606418786566
1076000000.0	-0.195108584741
1078000000.0	-0.23469442309
1080000000.0	-0.100928146135
1082000000.0	0.06081873208
1084000000.0	0.0941691345964
1086000000.0	0.099390140618
1088000000.0	0.1257175318
1090000000.0	-0.0587977675921
1092000000.0	-0.17586224597
1094000000.0	-0.136484402334
1096000000.0	0.0116406627853
1098000000.0	0.122059030959
1100000000.0	-0.0959432960741
1102000000.0	0.174609476588
1104000000.0	0.00888807751469
1106000000.0	-0.0666087144794
1108000000.0	-0.0995832823848
1110000000.0	-0.105573583906
1112000000.0	-0.0230725829239
1114000000.0	0.113127354515
1116000000.0	0.127683470206
1118000000.0	-0.0659751403058
1120000000.0	0.0514019385024
1122000000.0	-0.0657125288441
1124000000.0	-0.11511503803
1126000000.0	0.179842221556
1128000000.0	0.0552864005089
1130000000.0	0.105569796571
1132000000.0	-0.134358389603
1134000000.0	-0.0553687179445
1136000000.0	-0.129303628667
1138000000.0	-0.0841617365189
1140000000.0	-0.145379674803
1142000000.0	0.0794882568577
1144000000.0	0.0797078855488
1146000000.0	0.0118035940875
1148000000.0	-0.0546830318931
1150000000.0	-0.0332392810951
1152000000.0	-0.0878315561281
1154000000.0	-0.0444627429439
1156000000.0	-0.112152044281
1158000000.0	-0.0884300462131
1160000000.0	0.165310313215
1162000000.0	0.137737349458
1164000000.0	-0.161222352179
1166000000.0	-0.0624025965802
1168000000.0	-0.20757960347
1170000000.0	-0.142978807054
1172000000.0	-0.0504232861637
1174000000.0	0.0923438364006
1176000000.0	-0.0562037324036
1178000000.0	-0.00979588815638
1180000000.0	-0.0831635943404
1182000000.0	-0.0214938501204
1184000000.0	-0.0139417823859
1186000000.0	-0.0653906020111
1188000000.0	-0.100713504944
1190000000.0	0.0972734745181
1192000000.0	0.0195851606631
1194000000.0	0.0608390318839
1196000000.0	0.0184200688612
1198000000.0	0.0516450656689
1200000000.0	-0.170988545473
1202000000.0	0.0562256285255
1204000000.0	-0.0151656952153
1206000000.0	-0.0617047873093
1208000000.0	-0.115537918662
1210000000.0	-0.120791908436
1212000000.0	-0.0680280034672
1214000000.0	0.0193717838496
1216000000.0	0.128246138133
1218000000.0	0.162791306796
1220000000.0	0.0697106614131
1222000000.0	-0.167999284991
1224000000.0	-0.153894132729
1226000000.0	-0.127916854955
1228000000.0	-0.0650501678693
1230000000.0	-0.0462157986373
1232000000.0	0.0858726513733
1234000000.0	-0.0193627174778
1236000000.0	0.0146892931
1238000000.0	-0.0771368466717
1240000000.0	0.0821030597411
1242000000.0	-0.112059285242
1244000000.0	0.0193169940581
1246000000.0	-0.0180331751283
1248000000.0	0.123990784259
1250000000.0	-0.32335315562
1252000000.0	0.048644962375
1254000000.0	0.0267091376884
1256000000.0	-0.1581612922
1258000000.0	0.0683455633856
1260000000.0	0.0424686456644
1262000000.0	0.102297750095
1264000000.0	0.0599104134719
1266000000.0	-0.0099002087147
1268000000.0	-0.121397792003
1270000000.0	0.0712576097619
1272000000.0	-0.0509306952949
1274000000.0	0.105497331145
1276000000.0	-0.120728005808
1278000000.0	0.103591380658
1280000000.0	0.110838524122
1282000000.0	-0.0197524730497
1284000000.0	-0.257211579301
1286000000.0	-0.0805195274564
1288000000.0	0.0141107843606
1290000000.0	-0.0926343003061
1292000000.0	0.116018749979
1294000000.0	0.153798441762
1296000000.0	0.295730306476
1298000000.0	0.460732745003
1300000000.0	-1.92832970635
1302000000.0	0.590637122149
1304000000.0	0.555993212591
1306000000.0	0.151911752991
1308000000.0	0.00765278381374
1310000000.0	0.0507849448506
1312000000.0	-0.0751020110475
1314000000.0	-0.0690117532167
1316000000.0	-0.0218474404491
1318000000.0	0.0114920189817
1320000000.0	0.091254827688
1322000000.0	0.049995702825
1324000000.0	-0.0626008117385
1326000000.0	0.0941513306027
1328000000.0	0.0482170768525
1330000000.0	-0.0369078598481
1332000000.0	-0.121924204121
1334000000.0	-0.0137270220785
1336000000.0	0.0615880227038
1338000000.0	-0.0113934220122
1340000000.0	0.0113355956964
1342000000.0	-0.11394085092
1344000000.0	0.0243119472126
1346000000.0	0.0286212288385
1348000000.0	0.0559971931078
1350000000.0	0.00813129529421
1352000000.0	0.0367227018863
1354000000.0	0.0779270832982
1356000000.0	-0.236874734203
1358000000.0	-0.25766320482
1360000000.0	-0.146179568147
1362000000.0	0.164809755021
1364000000.0	0.137098609211
1366000000.0	0.234034055643
1368000000.0	0.0514379388314
1370000000.0	0.0404988340267
1372000000.0	-0.125779285409
1374000000.0	-0.0644394478726
1376000000.0	0.138934367908
1378000000.0	0.0579801891579
1380000000.0	0.0370408451494
1382000000.0	0.00901251437854
1384000000.0	-0.0662161415898
1386000000.0	-0.0416277021452
1388000000.0	-0.114864932018
1390000000.0	-0.00643934924554
1392000000.0	-0.0561544484148
1394000000.0	0.0350241379416
1396000000.0	0.126914614923
1398000000.0	-0.00203034023517
1400000000.0	0.207410724446
1402000000.0	-0.181004100626
1404000000.0	-0.00681672018675
1406000000.0	-0.0228734139722
1408000000.0	0.010082681345
1410000000.0	0.1548922427
1412000000.0	-0.0727755795012
1414000000.0	-0.0599749855561
1416000000.0	-0.00121707470773
1418000000.0	-0.0268706680039
1420000000.0	0.0287352689941
1422000000.0	-0.000661544439053
1424000000.0	-0.0285694819345
1426000000.0	0.0858558261571
1428000000.0	-0.095360453177
1430000000.0	-0.0629419127832
1432000000.0	-0.108050100162
1434000000.0	-0.0415403088024
1436000000.0	0.118640954109
1438000000.0	0.116047289774
1440000000.0	0.281879372227
1442000000.0	-0.0245211922705
1444000000.0	-0.107065695102
1446000000.0	-0.211047698754
1448000000.0	-0.0989432583558
1450000000.0	-0.0426352174746
1452000000.0	0.143577517962
1454000000.0	0.318338932899
1456000000.0	0.0448114523457
1458000000.0	-0.0287116348447
1460000000.0	-0.114119158917
1462000000.0	-0.135114224806
1464000000.0	-0.132218234532
1466000000.0	0.0516343262987
1468000000.0	0.137406883779
1470000000.0	0.203091845358
1472000000.0	0.0381736187731
1474000000.0	-0.0967630351493
1476000000.0	-0.192012452097
1478000000.0	-0.0169467359671
1480000000.0	0.264941255672
1482000000.0	0.218849531019
1484000000.0	0.0611219203813
1486000000.0	-0.179945387188
1488000000.0	-0.330636599896
1490000000.0	-0.447553607553
1492000000.0	-0.400074623373
1494000000.0	0.576687922788
1496000000.0	2.3649299021
1498000000.0	4.31413301672
1500000000.0	-11.6595462361
1502000000.0	3.73925193205
1504000000.0	2.5111738568
1506000000.0	1.28187712819
1508000000.0	0.0603443155202
1510000000.0	-0.7129014944
1512000000.0	-0.915289008684
1514000000.0	-0.645390799562
1516000000.0	-0.054957461811
1518000000.0	0.412934276311
1520000000.0	0.518762706823
1522000000.0	0.21827516467
1524000000.0	-0.122638855104
1526000000.0	-0.129702832379
1528000000.0	-0.315558812151
1530000000.0	-0.21256206007
1532000000.0	-0.0203096235948
1534000000.0	0.0961612476966
1536000000.0	0.293977706823
1538000000.0	0.0990735218211
1540000000.0	-0.024859826351
1542000000.0	-0.133929607258
1544000000.0	-0.0244058114582
1546000000.0	0.000614988606309
1548000000.0	0.0424835739143
1550000000.0	0.0268812143633
1552000000.0	0.123920454121
1554000000.0	0.064920528729
1556000000.0	-0.0738820305211
1558000000.0	-0.0667065404313
1560000000.0	0.0520353077971
1562000000.0	0.00997377664075
1564000000.0	-0.133638958547
1566000000.0	0.0996208470162
1568000000.0	0.0381853987219
1570000000.0	-0.165188583927
1572000000.0	-0.0430485981297
1574000000.0	-0.195732519051
1576000000.0	0.117223378704
1578000000.0	0.00839176719069
1580000000.0	0.153762038732
1582000000.0	0.0411697940061
1584000000.0	0.0144106117361
1586000000.0	-0.136867289027
1588000000.0	-0.154286188373
1590000000.0	-0.0121109952157
1592000000.0	0.0281157434886
1594000000.0	0.0551011912972
1596000000.0	0.0636728482169
1598000000.0	0.0950931581399
1600000000.0	-0.138601716113
1602000000.0	-0.144212038781
1604000000.0	-0.14453639283
1606000000.0	-0.0139565991691
1608000000.0	0.0707928114309
1610000000.0	0.0674760135111
1612000000.0	0.120583513932
1614000000.0	-0.0196894006308
1616000000.0	-0.160615132148
1618000000.0	-0.110616040488
1620000000.0	0.126203983602
1622000000.0	-0.0560522059275
1624000000.0	0.198347525573
1626000000.0	-0.17336343218
1628000000.0	-0.0609556989371
1630000000.0	-0.0874177029758
1632000000.0	-0.0892765481681
1634000000.0	0.0566260900095
1636000000.0	0.047893755866
1638000000.0	-0.0530069304951
1640000000.0	-0.00417240559454
1642000000.0	-0.0759408806728
1644000000.0	-0.0846354474857
1646000000.0	-0.174686188996
1648000000.0	-0.142385426737
1650000000.0	0.0551454334667
1652000000.0	-0.0143284376735
1654000000.0	-0.0524359340561
1656000000.0	-0.0603900916111
1658000000.0	0.046262875924
1660000000.0	0.111387277466
1662000000.0	-0.0134671744107
1664000000.0	-0.0611037627513
1666000000.0	-0.0800597220194
1668000000.0	0.178226007022
1670000000.0	0.174024653777
1672000000.0	0.034822839496
1674000000.0	-0.0112817279031
1676000000.0	0.1261486669
1678000000.0	-0.0653579803285
1680000000.0	0.0236206193782
1682000000.0	0.059650403077
1684000000.0	-0.0877200705795
1686000000.0	-0.00285316615829
1688000000.0	0.0183191470135
1690000000.0	-0.0836239224585
1692000000.0	-0.0947261638304
1694000000.0	-0.0836978062537
1696000000.0	0.00412509630456
1698000000.0	0.0800241626116
1700000000.0	-0.223042322937
1702000000.0	0.171014316414
1704000000.0	-0.0869026292001
1706000000.0	-0.0252360110621
1708000000.0	-0.0104757300348
1710000000.0	0.00140265594819
1712000000.0	-0.0297425356832
1714000000.0	0.0509587304763
1716000000.0	-0.023696947239
1718000000.0	-0.0680126694881
1720000000.0	-0.0081692778966
1722000000.0	-0.0973974407055
1724000000.0	0.0991110212864
1726000000.0	0.115139884679
1728000000.0	0.0122023921621
1730000000.0	0.0164169207811
1732000000.0	-0.0211388655845
1734000000.0	0.0267297195488
1736000000.0	-0.127719581181
1738000000.0	-0.0524416106622
1740000000.0	0.0052088836397
1742000000.0	0.0200241042692
1744000000.0	0.132096729167
1746000000.0	0.0983022298563
1748000000.0	-0.034599449214
1750000000.0	0.483067248324
1752000000.0	0.164248875401
1754000000.0	-0.120439717005
1756000000.0	0.0675782837847
1758000000.0	-0.0670267088561
1760000000.0	0.175559944011
1762000000.0	0.0637894469168
1764000000.0	-0.0695014837506
1766000000.0	-0.00157281732267
1768000000.0	-0.0105556627744
1770000000.0	-0.0284020286307
1772000000.0	-0.0782305390878
1774000000.0	-0.0299805591174
1776000000.0	0.0107793520825
1778000000.0	0.00502662257184
1780000000.0	0.0404899288246
1782000000.0	-0.0576461384805
1784000000.0	0.0112792085012
1786000000.0	0.00457686541636
1788000000.0	-0.0366015679771
1790000000.0	0.0147696636822
1792000000.0	-0.0149416111754
1794000000.0	-0.079854914175
1796000000.0	-0.036391027688
1798000000.0	-0.165044747561
1800000000.0	0.269258221525
1802000000.0	-0.108286800152
1804000000.0	-0.0951630375526
1806000000.0	0.119135101441
1808000000.0	0.00544491613283
1810000000.0	0.00843613262204
1812000000.0	-0.0968200846515
1814000000.0	-0.104689109505
1816000000.0	0.0906918472989
1818000000.0	0.0322174118513
1820000000.0	0.010324809711
1822000000.0	-0.0102633580935
1824000000.0	0.00954439186424
1826000000.0	-0.0514058434417
1828000000.0	0.0576095670554
1830000000.0	-0.0121018593392
1832000000.0	0.080136650966
1834000000.0	-0.0113743105032
1836000000.0	-0.0046796001916
1838000000.0	0.0412859341758
1840000000.0	-0.0209387204225
1842000000.0	0.181974097968
1844000000.0	-0.135191973299
1846000000.0	-0.0518286230758
1848000000.0	-0.0373395916095
1850000000.0	-0.0044998573964
1852000000.0	0.0702214621243
1854000000.0	0.0562368875137
1856000000.0	0.0162854914861
1858000000.0	0.0204357552529
1860000000.0	-0.00948789504849
1862000000.0	0.0273515066836
1864000000.0	0.00574594319452
1866000000.0	0.0219292150577
1868000000.0	-0.0837894683161
1870000000.0	-0.122003231301
1872000000.0	-0.0290411894238
1874000000.0	-0.113764353265
1876000000.0	-0.0926378790368
1878000000.0	0.110040309181
1880000000.0	0.232134390846
1882000000.0	0.0355459842905
1884000000.0	-0.209473084964
1886000000.0	-0.160704159354
1888000000.0	-0.217473819874
1890000000.0	-0.19528249834
1892000000.0	0.101337738619
1894000000.0	0.342018351161
1896000000.0	0.850805664138
1898000000.0	1.21269325549
1900000000.0	-4.63187364684
1902000000.0	1.58795753183
1904000000.0	0.98618022163
1906000000.0	0.384475344132
1908000000.0	-0.178666565224
1910000000.0	-0.270386006632
1912000000.0	-0.256005298859
1914000000.0	-0.0747492841333
1916000000.0	0.0279921137873
1918000000.0	0.0881800093983
1920000000.0	0.113969883895
1922000000.0	0.0907087209895
1924000000.0	-0.0486293464059
1926000000.0	-0.0483088982451
1928000000.0	-0.0843678066744
1930000000.0	-0.0415370000315
1932000000.0	-0.0906785895555
1934000000.0	0.0961009313538
1936000000.0	-0.0421806319222
1938000000.0	0.0310392014086
1940000000.0	-0.184879952454
1942000000.0	0.0281325978342
1944000000.0	0.000244739468108
1946000000.0	-0.00539579356955
1948000000.0	0.0651940733352
1950000000.0	0.0276212496416
1952000000.0	-0.0937575197729
1954000000.0	-0.0665007468404
1956000000.0	-0.0840128219131
1958000000.0	-0.162925818266
1960000000.0	-0.00781034906656
1962000000.0	0.0685408614967
1964000000.0	0.080914418494
1966000000.0	0.0313354668196
1968000000.0	-0.139742143645
1970000000.0	-0.0498840174966
1972000000.0	-0.107561954771
1974000000.0	-0.0823496178905
1976000000.0	0.099411520544
1978000000.0	0.0586118128406
1980000000.0	-0.0657054758138
1982000000.0	-0.0268762096967
1984000000.0	0.0611752073428
1986000000.0	-0.0114814903078
1988000000.0	-0.0235198149243
1990000000.0	0.0579840233703
1992000000.0	-0.0355090070362
1994000000.0	-0.0613734990742
1996000000.0	-0.105279526026
1998000000.0	-0.159595259079
2000000000.0	0.540625
