0.0	-44.1875
2000000.0	7.01080610275
4000000.0	14.489327004
6000000.0	10.8079924004
8000000.0	-12.6684376597
10000000.0	-23.1161170541
12000000.0	-22.414614209
14000000.0	-0.803269829936
16000000.0	23.2745513474
18000000.0	29.9210510353
20000000.0	18.0625778497
22000000.0	-8.72018214935
24000000.0	-34.9840876226
26000000.0	-43.3110409969
28000000.0	-23.8899217909
30000000.0	9.75535037241
32000000.0	32.6983302975
34000000.0	28.304402665
36000000.0	-1.6925080338
38000000.0	-22.409321008
40000000.0	-22.9954124433
42000000.0	-12.9682949585
44000000.0	10.2444312188
46000000.0	17.8509488739
48000000.0	10.017602862
50000000.0	-5.74030432469
52000000.0	-13.5788090914
54000000.0	-3.05101913589
56000000.0	12.3047790965
58000000.0	21.4825708788
60000000.0	11.5663862429
62000000.0	-6.72632168483
64000000.0	-20.1462861475
66000000.0	-16.5663087448
68000000.0	1.60791987049
70000000.0	15.6619775454
72000000.0	20.293738903
74000000.0	7.35743673094
76000000.0	-9.4555715229
78000000.0	-17.1021537341
80000000.0	-8.14683520305
82000000.0	3.28410327302
84000000.0	9.13720861592
86000000.0	5.74356839303
88000000.0	-3.9726960769
90000000.0	-10.3271583448
92000000.0	-4.06948901133
94000000.0	8.37012060675
96000000.0	13.5800133086
98000000.0	9.00424632643
100000000.0	-7.46170980784
102000000.0	-14.7344149241
104000000.0	-12.5838795349
106000000.0	1.08057778506
108000000.0	13.0695187965
110000000.0	15.7367276978
112000000.0	7.87930495281
114000000.0	-8.61052824926
116000000.0	-14.7841281032
118000000.0	-8.5329860108
120000000.0	2.8345630379
122000000.0	13.425966999
124000000.0	7.72610775333
126000000.0	-0.0731490593963
128000000.0	-10.4228754989
130000000.0	-8.05647026475
132000000.0	-0.999914008384
134000000.0	8.20551412659
136000000.0	10.2816912044
138000000.0	1.2126428333
140000000.0	-8.32798396686
142000000.0	-7.57796426142
144000000.0	-0.136200099652
146000000.0	8.83248503634
148000000.0	10.2571276973
150000000.0	3.98646837461
152000000.0	-6.09734571526
154000000.0	-11.6464465112
156000000.0	-5.58272849606
158000000.0	5.86820075998
160000000.0	12.069785166
162000000.0	8.68284737849
164000000.0	-3.57092533711
166000000.0	-11.0137016792
168000000.0	-9.45389096025
170000000.0	0.424578674487
172000000.0	9.0220982013
174000000.0	10.3302025386
176000000.0	3.28740600124
178000000.0	-8.98829015596
180000000.0	-10.5731636336
182000000.0	-3.13061696318
184000000.0	6.15432804237
186000000.0	11.1984774471
188000000.0	3.62967729192
190000000.0	-6.08814790469
192000000.0	-10.46684331
194000000.0	-5.9798249739
196000000.0	4.19840968771
198000000.0	11.8788893171
200000000.0	9.90321808502
202000000.0	-4.46555555598
204000000.0	-14.6052920054
206000000.0	-12.5512114282
208000000.0	0.0315041530319
210000000.0	11.1615464834
212000000.0	13.2786600838
214000000.0	4.37879713318
216000000.0	-9.03621726354
218000000.0	-12.8147809295
220000000.0	-5.30929192378
222000000.0	7.57942811052
224000000.0	13.4483973873
226000000.0	7.09756507001
228000000.0	-9.19287551635
230000000.0	-14.9925306055
232000000.0	-8.23925606747
234000000.0	8.63696995954
236000000.0	17.9635443397
238000000.0	13.7760240357
240000000.0	-5.87021385638
242000000.0	-19.1651487943
244000000.0	-19.7346897385
246000000.0	-1.03684267756
248000000.0	18.4888562795
250000000.0	18.2646883892
252000000.0	5.88821089358
254000000.0	-14.4442766763
256000000.0	-23.0141068781
258000000.0	-6.29640933944
260000000.0	17.5886294802
262000000.0	20.1433595833
264000000.0	3.6912117982
266000000.0	-18.7163305463
268000000.0	-27.4120563943
270000000.0	-8.59415338667
272000000.0	26.2123191384
274000000.0	44.8554439817
276000000.0	22.474607013
278000000.0	-23.289214009
280000000.0	-61.2084231485
282000000.0	-47.5124989878
284000000.0	9.3388360699
286000000.0	63.121389543
288000000.0	64.4574830436
290000000.0	5.83253657949
292000000.0	-59.6307094408
294000000.0	-56.6557163031
296000000.0	25.4577466357
298000000.0	103.870044096
300000000.0	-197.937274756
302000000.0	66.4770735531
304000000.0	52.0899229885
306000000.0	48.7085842827
308000000.0	18.6458009813
310000000.0	-30.9662631639
312000000.0	-56.2147473146
314000000.0	-39.3818675778
316000000.0	3.7598392187
318000000.0	40.6680714325
320000000.0	42.7166562487
322000000.0	14.3169804783
324000000.0	-21.1338888905
326000000.0	-29.3364823231
328000000.0	-15.6159402569
330000000.0	7.2923538266
332000000.0	17.4785154908
334000000.0	10.2172014133
336000000.0	-2.6815440207
338000000.0	-14.752215062
340000000.0	-10.7420833902
342000000.0	8.73471789641
344000000.0	18.0015977967
346000000.0	9.56902621195
348000000.0	-8.35331175593
350000000.0	-19.5216606896
352000000.0	-13.4691184046
354000000.0	5.63465246323
356000000.0	17.8932477377
358000000.0	14.8133806847
360000000.0	1.05992190596
362000000.0	-12.0577182881
364000000.0	-14.1096025028
366000000.0	-3.93055268727
368000000.0	6.96936296832
370000000.0	7.97683196039
372000000.0	4.27924500138
374000000.0	-5.20612138337
376000000.0	-6.58273123427
378000000.0	-0.735134370679
380000000.0	6.1930718435
382000000.0	8.02255184257
384000000.0	1.44517824485
386000000.0	-6.89925875765
388000000.0	-10.6066913395
390000000.0	-3.90923085142
392000000.0	3.4872834535
394000000.0	9.24240534112
396000000.0	7.92156766718
398000000.0	0.141262097437
400000000.0	-4.67373208846
402000000.0	-7.91434499731
404000000.0	-1.29842712381
406000000.0	1.99374671721
408000000.0	4.95047018693
410000000.0	1.53946903993
412000000.0	-4.34408785752
414000000.0	-3.38529477798
416000000.0	-1.88217612862
418000000.0	4.74419196171
420000000.0	5.83728553969
422000000.0	0.341894924122
424000000.0	-4.38911250869
426000000.0	-6.03048824239
428000000.0	-1.43145406791
430000000.0	3.3403436433
432000000.0	6.16839309047
434000000.0	5.71167633011
436000000.0	-1.49390522884
438000000.0	-4.04393709953
440000000.0	-3.16212392632
442000000.0	0.044683957816
444000000.0	3.51522123128
446000000.0	2.66695147488
448000000.0	1.17191982747
450000000.0	-2.43204769934
452000000.0	-1.56367580504
454000000.0	0.997423664885
456000000.0	1.19310546665
458000000.0	3.90554357404
460000000.0	-0.0510291830121
462000000.0	-5.34690284235
464000000.0	-3.32786504003
466000000.0	-1.32624371447
468000000.0	1.96717642842
470000000.0	5.04554068964
472000000.0	3.37936426122
474000000.0	-0.231553702451
476000000.0	-3.60204264223
478000000.0	-2.52298180173
480000000.0	1.13748515609
482000000.0	2.09318255565
484000000.0	2.55288538867
486000000.0	1.22901152648
488000000.0	-1.60529245996
490000000.0	-2.40556390926
492000000.0	0.418890623744
494000000.0	2.50334974329
496000000.0	2.15018223809
498000000.0	-0.796186805318
500000000.0	-1.76701608796
502000000.0	-4.12163761728
504000000.0	-0.829448499135
506000000.0	3.05797735828
508000000.0	3.09453043303
510000000.0	1.63349280483
512000000.0	-2.1603375724
514000000.0	-2.6033605565
516000000.0	-1.739974378
518000000.0	1.48725258196
520000000.0	3.06476403357
522000000.0	0.99450721784
524000000.0	0.732439783716
526000000.0	-1.08087504494
528000000.0	-0.657625538588
530000000.0	-0.190410911369
532000000.0	3.17409378375
534000000.0	2.04358865007
536000000.0	-0.139376995171
538000000.0	-1.89950809327
540000000.0	-2.06454018159
542000000.0	-0.672056048314
544000000.0	2.65827165377
546000000.0	3.41526432528
548000000.0	2.15864559948
550000000.0	-1.57822418658
552000000.0	-2.91507527337
554000000.0	-1.87539144769
556000000.0	1.54311658571
558000000.0	2.11361502955
560000000.0	1.24208307824
562000000.0	-2.64258461608
564000000.0	-1.35517928743
566000000.0	-0.421810451374
568000000.0	0.173048250427
570000000.0	2.64939554095
572000000.0	0.491227838348
574000000.0	-1.18817600264
576000000.0	-0.372623569909
578000000.0	-1.71160578817
580000000.0	0.937503840044
582000000.0	2.59026718608
584000000.0	0.881955837789
586000000.0	-0.809661127319
588000000.0	-1.30703396573
590000000.0	0.537387315191
592000000.0	-0.190271279409
594000000.0	-0.849485271704
596000000.0	-2.004218753
598000000.0	-4.16396775201
600000000.0	14.9954254815
602000000.0	-7.01331469406
604000000.0	-5.24295242955
606000000.0	0.264895817182
608000000.0	3.94054871337
610000000.0	3.77986449188
612000000.0	0.990654073286
614000000.0	-1.1680770169
616000000.0	-1.68464333621
618000000.0	-0.699011123845
620000000.0	2.69748984101
622000000.0	2.44692851457
624000000.0	4.46899679968
626000000.0	-4.01526933099
628000000.0	-2.71617748856
630000000.0	-0.612097204457
632000000.0	-2.44448086593
634000000.0	1.56243379149
636000000.0	0.600604661789
638000000.0	0.204091661662
640000000.0	-2.02774742069
642000000.0	-0.919425577976
644000000.0	-0.196713094896
646000000.0	1.35256444039
648000000.0	-0.0299091715413
650000000.0	0.765348773217
652000000.0	-1.69202683335
654000000.0	0.00880170668681
656000000.0	-0.687338141065
658000000.0	0.482217241755
660000000.0	1.34799356585
662000000.0	1.17816341581
664000000.0	-0.477799409147
666000000.0	-1.24973910874
668000000.0	-1.78445324873
670000000.0	-0.353409607682
672000000.0	1.97081328644
674000000.0	1.50914838953
676000000.0	0.577665026673
678000000.0	-0.567707536187
680000000.0	0.81263634357
682000000.0	0.125233170883
684000000.0	1.36035797877
686000000.0	0.915721279637
688000000.0	0.622760255009
690000000.0	-1.22039895961
692000000.0	-2.13877088158
694000000.0	-1.50041898174
696000000.0	-1.10591244457
698000000.0	2.34645012506
700000000.0	6.02045919512
702000000.0	-1.45713310798
704000000.0	-1.04684263161
706000000.0	-0.871847367765
708000000.0	-1.20899064685
710000000.0	2.07672819641
712000000.0	1.49313975907
714000000.0	-1.13814874747
716000000.0	-0.778664566103
718000000.0	-2.85400529984
720000000.0	0.329003512415
722000000.0	3.28655160575
724000000.0	-0.434303229499
726000000.0	1.34216248844
728000000.0	-3.03086412266
730000000.0	-2.22970395606
732000000.0	-2.69700506365
734000000.0	0.738082695188
736000000.0	2.20745507403
738000000.0	0.738301271523
740000000.0	-0.360579262162
742000000.0	-1.7922312345
744000000.0	-0.695764221288
746000000.0	0.220090322173
748000000.0	1.38079526915
750000000.0	1.55143181208
752000000.0	0.856715588641
754000000.0	-1.40495042103
756000000.0	-1.30493906768
758000000.0	1.80850730188
760000000.0	0.973807824355
762000000.0	2.39511219485
764000000.0	-0.64428628987
766000000.0	-0.924311626517
768000000.0	-1.93733372286
770000000.0	-0.760451501337
772000000.0	1.75264298977
774000000.0	3.39757080651
776000000.0	1.75933127813
778000000.0	-2.24268533103
780000000.0	-1.49246197778
782000000.0	-1.87495585465
784000000.0	0.499496614157
786000000.0	0.16145191805
788000000.0	0.996494142846
790000000.0	0.195649399358
792000000.0	-2.20542993623
794000000.0	-1.40632384817
796000000.0	-0.143640378601
798000000.0	0.647626685807
800000000.0	5.65996855244
802000000.0	-0.928108531495
804000000.0	-3.23053367786
806000000.0	-3.01624581589
808000000.0	1.0823801055
810000000.0	2.11375784708
812000000.0	3.8118355783
814000000.0	2.34711485039
816000000.0	-1.54876845438
818000000.0	-2.69430909177
820000000.0	-3.34892880703
822000000.0	0.0795959679105
824000000.0	3.38121021646
826000000.0	2.77321836249
828000000.0	-1.09879408605
830000000.0	-4.14246641158
832000000.0	-3.12233005918
834000000.0	0.301800292122
836000000.0	3.66274644644
838000000.0	4.16564683674
840000000.0	0.374880907959
842000000.0	-2.33943071152
844000000.0	-4.84462182794
846000000.0	-2.4785683904
848000000.0	3.92785081446
850000000.0	5.91240978255
852000000.0	2.6282912253
854000000.0	-3.38465409511
856000000.0	-5.71828636707
858000000.0	-2.79630776308
860000000.0	0.910300864586
862000000.0	4.63849209679
864000000.0	4.25033903339
866000000.0	-1.66223728913
868000000.0	-6.25887754187
870000000.0	-2.40274267624
872000000.0	4.07525934999
874000000.0	8.50958645993
876000000.0	7.39783909415
878000000.0	-4.04727986665
880000000.0	-13.0168205686
882000000.0	-12.0105389786
884000000.0	0.614663364733
886000000.0	13.3899730278
888000000.0	17.4390639683
890000000.0	7.32085279842
892000000.0	-6.66650248851
894000000.0	-14.4584954501
896000000.0	-17.7481356021
898000000.0	-31.0006704003
900000000.0	94.8674346732
902000000.0	-42.9429338346
904000000.0	-16.3322837869
906000000.0	10.6069987061
908000000.0	16.0862073954
910000000.0	2.63442112752
912000000.0	-13.1152939003
914000000.0	-16.0690789109
916000000.0	-3.41497936738
918000000.0	11.2003678011
920000000.0	14.7854722061
922000000.0	6.05864476051
924000000.0	-7.5633751826
926000000.0	-10.3761326355
928000000.0	-7.68120460057
930000000.0	0.998896881731
932000000.0	7.33047529044
934000000.0	5.81902905357
936000000.0	0.296132837404
938000000.0	-5.25953599041
940000000.0	-4.82169050223
942000000.0	0.0271444085795
944000000.0	4.50704374297
946000000.0	3.28438464509
948000000.0	-1.01047860861
950000000.0	-5.56203586143
952000000.0	-4.70712610517
954000000.0	0.0718786212257
956000000.0	4.9637692253
958000000.0	5.39764903066
960000000.0	0.0739948246997
962000000.0	-4.03807006084
964000000.0	-3.50396523259
966000000.0	-1.72386349248
968000000.0	0.436227959496
970000000.0	4.19705866276
972000000.0	2.07717607493
974000000.0	-1.10468978985
976000000.0	-3.14842017361
978000000.0	-1.95888045149
980000000.0	0.502776469222
982000000.0	2.13847958979
984000000.0	0.919671427139
986000000.0	-0.741558964738
988000000.0	-2.74882090748
990000000.0	-1.13495113727
992000000.0	1.26217174971
994000000.0	2.81246202704
996000000.0	2.90735451015
998000000.0	0.357521551072
1000000000.0	6.5625
1002000000.0	-3.0022495466
1004000000.0	-1.28961187795
1006000000.0	0.450213082389
1008000000.0	3.41175742201
1010000000.0	0.684833607615
1012000000.0	-0.496661315261
1014000000.0	-0.189889879463
1016000000.0	-1.01737895616
1018000000.0	0.11136709181
1020000000.0	2.21356045358
1022000000.0	0.79062239271
1024000000.0	-0.9138334689
1026000000.0	-1.97985355476
1028000000.0	-0.822298083471
1030000000.0	1.69117311355
1032000000.0	1.73900975994
1034000000.0	1.117536331
1036000000.0	-1.3643719742
1038000000.0	-1.81987793984
1040000000.0	-0.170070432055
1042000000.0	-0.6603051654
1044000000.0	0.1367274058
1046000000.0	0.873945598064
1048000000.0	1.33104760266
1050000000.0	-0.401095656666
1052000000.0	-1.66845755712
1054000000.0	0.900171991329
1056000000.0	0.560235972002
1058000000.0	0.3472428423
1060000000.0	0.638516510915
1062000000.0	-1.14043275352
1064000000.0	-1.81769250042
1066000000.0	-0.334765160195
1068000000.0	0.614545557091
1070000000.0	1.21366358228
1072000000.0	1.6703720133
1074000000.0	-0.199032020565
1076000000.0	-1.67051991891
1078000000.0	0.662978303716
1080000000.0	-1.52616443854
1082000000.0	0.423407841317
1084000000.0	1.30108587441
1086000000.0	-0.916258333367
1088000000.0	-0.123785590956
1090000000.0	-1.19888386074
1092000000.0	-0.652685767432
1094000000.0	0.816922909487
1096000000.0	0.600540345598
1098000000.0	-0.0463632325781
1100000000.0	2.13149976561
1102000000.0	-1.73789602805
1104000000.0	-0.742143689017
1106000000.0	-0.253104974849
1108000000.0	2.40332239088
1110000000.0	-0.583428808906
1112000000.0	-0.0887467224978
1114000000.0	-0.847036974844
1116000000.0	-1.01087663909
1118000000.0	-0.564021102468
1120000000.0	1.38766325525
1122000000.0	0.487548745606
1124000000.0	1.01075341207
1126000000.0	-2.02175241609
1128000000.0	-2.26218694788
1130000000.0	-1.30991466196
1132000000.0	0.550754415715
1134000000.0	0.193264163401
1136000000.0	-0.249048948943
1138000000.0	-0.568921751058
1140000000.0	-0.845861334436
1142000000.0	-0.752634182681
1144000000.0	0.0349108613309
1146000000.0	1.28368980079
1148000000.0	-0.560305468881
1150000000.0	0.65748598346
1152000000.0	-0.907511281858
1154000000.0	-0.842914267269
1156000000.0	-0.333316917423
1158000000.0	2.2255275674
1160000000.0	0.762295439667
1162000000.0	-0.947584949117
1164000000.0	0.181271849169
1166000000.0	-0.344379769117
1168000000.0	-0.572305995334
1170000000.0	1.50509466963
1172000000.0	1.21845051742
1174000000.0	-0.0673236940706
1176000000.0	-0.144332348432
1178000000.0	-0.342163970797
1180000000.0	-0.0355636424743
1182000000.0	1.61615925039
1184000000.0	0.889389081476
1186000000.0	2.45927632331
1188000000.0	0.309742895248
1190000000.0	-1.97925117097
1192000000.0	-2.11206527208
1194000000.0	-1.91004794448
1196000000.0	4.70463194362
1198000000.0	12.7545972305
1200000000.0	-28.4668929115
1202000000.0	11.2777694364
1204000000.0	4.19744488003
1206000000.0	0.393485908867
1208000000.0	-1.67133909055
1210000000.0	-1.8819146851
1212000000.0	0.187035633693
1214000000.0	0.284094719978
1216000000.0	-0.270006013066
1218000000.0	0.588437173969
1220000000.0	-0.341654651352
1222000000.0	-0.527933587867
1224000000.0	0.469828182638
1226000000.0	1.40396268769
1228000000.0	0.288130176085
1230000000.0	0.884316042097
1232000000.0	-0.953865728199
1234000000.0	0.34401782829
1236000000.0	-0.921777191213
1238000000.0	-0.0940068067764
1240000000.0	-0.294500759007
1242000000.0	-0.621300297672
1244000000.0	-0.42097872061
1246000000.0	-1.02597369969
1248000000.0	-0.683387460006
1250000000.0	-2.80241710247
1252000000.0	0.109269920995
1254000000.0	-0.0203660541161
1256000000.0	0.074547263876
1258000000.0	0.252488786062
1260000000.0	-0.0674396809911
1262000000.0	-1.24344096726
1264000000.0	-0.199481930649
1266000000.0	0.779053078531
1268000000.0	0.294541369622
1270000000.0	0.391334662506
1272000000.0	-0.0498726352798
1274000000.0	2.03516156397
1276000000.0	-0.934996379783
1278000000.0	0.414599748228
1280000000.0	0.462079215105
1282000000.0	-0.529009461138
1284000000.0	-0.140259694317
1286000000.0	0.0852846971364
1288000000.0	0.330596040791
1290000000.0	-1.00917362479
1292000000.0	1.15753839804
1294000000.0	0.457221989919
1296000000.0	-1.53267714121
1298000000.0	-3.3188540267
1300000000.0	11.3761878437
1302000000.0	-4.31088445108
1304000000.0	-4.46902486495
1306000000.0	0.423247615492
1308000000.0	0.920763614824
1310000000.0	0.413319931116
1312000000.0	0.680793865041
1314000000.0	-0.224586558001
1316000000.0	-0.230302665614
1318000000.0	-0.464334269971
1320000000.0	-0.403768441141
1322000000.0	0.910954229087
1324000000.0	-0.135408659833
1326000000.0	0.916384531888
1328000000.0	-1.34180420192
1330000000.0	-0.34597363822
1332000000.0	-0.853222303033
1334000000.0	0.668458881733
1336000000.0	1.57336037599
1338000000.0	1.34653737267
1340000000.0	-0.0395340581236
1342000000.0	-0.43934133304
1344000000.0	0.546369932292
1346000000.0	-0.0915371222986
1348000000.0	0.91292644281
1350000000.0	1.04678553912
1352000000.0	-0.619385120517
1354000000.0	-0.0361317239365
1356000000.0	-0.285294628266
1358000000.0	-0.316224793947
1360000000.0	-0.403663728288
1362000000.0	0.639745460807
1364000000.0	0.627055682092
1366000000.0	0.452653207966
1368000000.0	-0.686323840035
1370000000.0	1.05316907683
1372000000.0	2.29553055016
1374000000.0	4.63960154924
1376000000.0	-3.84282006365
1378000000.0	-0.0774276273809
1380000000.0	-2.05318123509
1382000000.0	-0.668267924867
1384000000.0	-0.0756494023295
1386000000.0	0.193948099262
1388000000.0	0.937120164638
1390000000.0	1.3213506615
1392000000.0	-0.200383968499
1394000000.0	-1.51267711237
1396000000.0	-1.10946073625
1398000000.0	-0.908098320244
1400000000.0	3.04766390571
1402000000.0	0.217930113767
1404000000.0	-1.95681051207
1406000000.0	-2.20740630521
1408000000.0	0.466878897547
1410000000.0	1.18961044284
1412000000.0	2.54753345211
1414000000.0	1.59173056646
1416000000.0	-0.955768231063
1418000000.0	-0.849139207663
1420000000.0	-0.753656813376
1422000000.0	0.0976488168099
1424000000.0	2.37909418234
1426000000.0	1.0942901721
1428000000.0	1.06997304838
1430000000.0	-1.64929115266
1432000000.0	-0.732052380776
1434000000.0	0.348418969604
1436000000.0	1.50667578094
1438000000.0	0.995287258243
1440000000.0	0.811683499966
1442000000.0	-2.00524134989
1444000000.0	-0.0907125430057
1446000000.0	-1.15559106835
1448000000.0	1.64630477868
1450000000.0	1.24587628927
1452000000.0	2.17811826023
1454000000.0	-1.49098636069
1456000000.0	-1.81329329233
1458000000.0	-1.394297148
1460000000.0	0.300409517982
1462000000.0	0.911113102456
1464000000.0	2.51561093665
1466000000.0	-0.0751857533001
1468000000.0	-1.96647118386
1470000000.0	-1.34129069023
1472000000.0	-0.190011552598
1474000000.0	1.02746254509
1476000000.0	2.34804821642
1478000000.0	-0.243554934255
1480000000.0	-3.44141605377
1482000000.0	-4.73309086328
1484000000.0	-0.619286295561
1486000000.0	1.46765561012
1488000000.0	5.26664495014
1490000000.0	6.6885747437
1492000000.0	2.70793315288
1494000000.0	-4.85314697232
1496000000.0	-16.1275473621
1498000000.0	-33.1164675938
1500000000.0	83.704516088
1502000000.0	-35.0767348
1504000000.0	-16.9773978321
1506000000.0	4.21776526431
1508000000.0	11.1415813633
1510000000.0	4.63924291614
1512000000.0	-4.29469937756
1514000000.0	-8.14058437541
1516000000.0	-3.28476848759
1518000000.0	3.80587308909
1520000000.0	6.9133862886
1522000000.0	3.97449416978
1524000000.0	-3.50310876796
1526000000.0	-3.40192013816
1528000000.0	-4.43124762346
1530000000.0	0.0479697756509
1532000000.0	2.69318677428
1534000000.0	2.32302573847
1536000000.0	1.83381934063
1538000000.0	-1.7476213771
1540000000.0	-2.12322346332
1542000000.0	0.789518874423
1544000000.0	2.15430541198
1546000000.0	1.25525251121
1548000000.0	0.505007303897
1550000000.0	-0.0174365778899
1552000000.0	-0.465130776144
1554000000.0	-0.920452046007
1556000000.0	1.53489801243
1558000000.0	1.72819921527
1560000000.0	1.01508093369
1562000000.0	-1.25233163322
1564000000.0	-1.76609043835
1566000000.0	-0.846462481725
1568000000.0	0.19470572594
1570000000.0	0.976630396867
1572000000.0	-0.0876273943634
1574000000.0	-0.621172121931
1576000000.0	-0.591505499391
1578000000.0	-0.401173465064
1580000000.0	0.416365722258
1582000000.0	1.21146215087
1584000000.0	1.52426199405
1586000000.0	0.797379255259
1588000000.0	0.434642466308
1590000000.0	-0.503449521583
1592000000.0	-1.12171388408
1594000000.0	0.152538491039
1596000000.0	1.85594293553
1598000000.0	1.54466407739
1600000000.0	-2.55059355244
1602000000.0	1.08334228892
1604000000.0	-0.710084942201
1606000000.0	0.851298652506
1608000000.0	1.0073179981
1610000000.0	0.957629502698
1612000000.0	0.4495919788
1614000000.0	-0.45691649031
1616000000.0	0.329483495672
1618000000.0	0.3380259897
1620000000.0	0.181730404185
1622000000.0	0.440568984521
1624000000.0	0.233127426939
1626000000.0	0.881835360023
1628000000.0	0.223448201588
1630000000.0	0.251331229511
1632000000.0	0.187637763065
1634000000.0	-0.736534364756
1636000000.0	0.536638521829
1638000000.0	-2.00361934094
1640000000.0	0.843974898028
1642000000.0	1.07051181023
1644000000.0	0.23437014207
1646000000.0	1.26893595951
1648000000.0	0.703956458868
1650000000.0	-0.92708864148
1652000000.0	-0.52812847809
1654000000.0	0.15377213769
1656000000.0	0.122407152671
1658000000.0	0.0259543389216
1660000000.0	-0.028527684827
1662000000.0	-0.425208785854
1664000000.0	-1.00297869747
1666000000.0	-0.818545448783
1668000000.0	0.479892271788
1670000000.0	0.208819818435
1672000000.0	0.2371427316
1674000000.0	0.513839098738
1676000000.0	-0.448367232348
1678000000.0	-0.247607943938
1680000000.0	-0.475895392506
1682000000.0	0.634645805515
1684000000.0	0.638438254092
1686000000.0	1.18876938256
1688000000.0	-0.341954670922
1690000000.0	-1.07996288727
1692000000.0	-0.687043102116
1694000000.0	-0.47054204647
1696000000.0	-0.747987456844
1698000000.0	-0.0922582850194
1700000000.0	3.45881081284
1702000000.0	-0.626538416183
1704000000.0	-0.605794455339
1706000000.0	0.422340074431
1708000000.0	0.399019700863
1710000000.0	0.259608453228
1712000000.0	-0.465834077549
1714000000.0	0.175405664019
1716000000.0	-0.286585278894
1718000000.0	-0.0629198220171
1720000000.0	0.288707838117
1722000000.0	-0.89558970839
1724000000.0	-0.918879599725
1726000000.0	-0.209581250612
1728000000.0	-0.572046741686
1730000000.0	0.248808444768
1732000000.0	-0.188547883633
1734000000.0	1.12593444615
1736000000.0	-0.126849515374
1738000000.0	-0.30489558244
1740000000.0	-0.0981326688475
1742000000.0	0.456290278504
1744000000.0	-0.336824128079
1746000000.0	-0.711887966839
1748000000.0	0.303343488594
1750000000.0	-5.63870309881
1752000000.0	0.299848986519
1754000000.0	-0.479458268808
1756000000.0	-0.624901129172
1758000000.0	-0.306010390346
1760000000.0	-0.889952617369
1762000000.0	1.01865538255
1764000000.0	0.754375426239
1766000000.0	-1.29908594237
1768000000.0	-0.437145321036
1770000000.0	0.0589793141684
1772000000.0	1.09575632266
1774000000.0	0.116506187561
1776000000.0	-0.928249030819
1778000000.0	-0.264989418151
1780000000.0	-0.0196490038135
1782000000.0	-0.786605202085
1784000000.0	-0.649593548454
1786000000.0	-0.103943246346
1788000000.0	-0.822889741082
1790000000.0	-0.288161364345
1792000000.0	-0.198222175431
1794000000.0	0.623794488319
1796000000.0	0.0656061575507
1798000000.0	1.15488175517
1800000000.0	-1.85255747224
1802000000.0	-0.260410581118
1804000000.0	-0.313776732478
1806000000.0	0.336551002684
1808000000.0	1.00942323473
1810000000.0	0.340128676402
1812000000.0	-0.0777932999981
1814000000.0	0.141498127223
1816000000.0	-1.13823458515
1818000000.0	-0.231334943931
1820000000.0	-0.500187480431
1822000000.0	0.249205043251
1824000000.0	0.339380907485
1826000000.0	-0.111978865947
1828000000.0	0.63713999671
1830000000.0	1.35689656606
1832000000.0	0.169728729986
1834000000.0	-0.0514062971298
1836000000.0	-1.23314171987
1838000000.0	-1.33175558228
1840000000.0	-0.635348698334
1842000000.0	0.320848785381
1844000000.0	0.59980834905
1846000000.0	0.239089739115
1848000000.0	-1.27540460474
1850000000.0	0.32759009862
1852000000.0	-0.310276050085
1854000000.0	0.101907348895
1856000000.0	-0.521093521917
1858000000.0	-1.64132515293
1860000000.0	0.419429836185
1862000000.0	-0.370750701701
1864000000.0	1.24965022262
1866000000.0	-0.118513502681
1868000000.0	1.10935178728
1870000000.0	-1.06091870592
1872000000.0	-1.5492597505
1874000000.0	0.351482731582
1876000000.0	-2.10994218611
1878000000.0	0.0673314340559
1880000000.0	1.75237778886
1882000000.0	0.38613261985
1884000000.0	-1.66952829372
1886000000.0	-1.85103368655
1888000000.0	-0.801102237521
1890000000.0	0.998230631553
1892000000.0	2.98154815977
1894000000.0	1.89500535178
1896000000.0	-5.25689559075
1898000000.0	-9.40211368979
1900000000.0	25.6070922738
1902000000.0	-11.7328713179
1904000000.0	-5.64896619242
1906000000.0	-0.0949943994921
1908000000.0	1.35525327764
1910000000.0	2.21482971319
1912000000.0	1.48888442102
1914000000.0	0.419693274421
1916000000.0	-0.2881982608
1918000000.0	-0.729616500084
1920000000.0	-1.60102232776
1922000000.0	-0.024572807369
1924000000.0	0.638758972934
1926000000.0	1.33419599172
1928000000.0	-0.401200458671
1930000000.0	-0.39848660987
1932000000.0	-0.521864390256
1934000000.0	-0.183010908649
1936000000.0	1.26752141592
1938000000.0	0.510877162747
1940000000.0	-0.473074964399
1942000000.0	0.577215510105
1944000000.0	-0.333868156416
1946000000.0	-0.41233715141
1948000000.0	1.1278784609
1950000000.0	0.862928796861
1952000000.0	0.271992154197
1954000000.0	-1.75775970062
1956000000.0	-0.502151162579
1958000000.0	-0.460690049389
1960000000.0	-1.00542394723
1962000000.0	0.458455528178
1964000000.0	-0.191232072832
1966000000.0	0.954144033027
1968000000.0	0.0916667771528
1970000000.0	0.719036082749
1972000000.0	0.15839093666
1974000000.0	-0.423351302545
1976000000.0	0.240981388895
1978000000.0	-0.704969785491
1980000000.0	0.594911527749
1982000000.0	-0.84148640519
1984000000.0	-0.02722703935
1986000000.0	-0.0626894416809
1988000000.0	0.560681380006
1990000000.0	0.788025599115
1992000000.0	0.454763443035
1994000000.0	-1.17437618302
1996000000.0	0.629935788926
1998000000.0	1.07378765097
2000000000.0	-1.0625
