0.0	-46.406285
2000000.0	4.11115217016
4000000.0	10.1668407654
6000000.0	5.89354676564
8000000.0	-2.88052539475
10000000.0	-9.45393013039
12000000.0	-7.92675983548
14000000.0	-1.96043437457
16000000.0	7.77359676032
18000000.0	17.7297349055
20000000.0	19.0457751998
22000000.0	5.5956320642
24000000.0	-15.5057093336
26000000.0	-28.2956222762
28000000.0	-23.3345317033
30000000.0	-5.42498206278
32000000.0	13.4200964443
34000000.0	18.4766604476
36000000.0	10.4299220921
38000000.0	0.13138517871
40000000.0	-12.6343225725
42000000.0	-17.475557042
44000000.0	-10.5818353985
46000000.0	1.04627773509
48000000.0	6.776624018
50000000.0	5.62858002022
52000000.0	-0.0204119620992
54000000.0	-6.00101334051
56000000.0	-6.54960558881
58000000.0	-1.1091920164
60000000.0	3.31391139711
62000000.0	5.97529817208
64000000.0	4.77519661522
66000000.0	-1.20604040724
68000000.0	-4.08262427619
70000000.0	-3.45057968393
72000000.0	2.25792852922
74000000.0	4.52674041752
76000000.0	4.42493788194
78000000.0	-1.69073445026
80000000.0	-4.11959897315
82000000.0	-2.62670876673
84000000.0	2.09140511716
86000000.0	6.55305334024
88000000.0	5.99219005623
90000000.0	0.0116960634204
92000000.0	-4.9684069794
94000000.0	-7.3793679036
96000000.0	-3.96759006657
98000000.0	1.61666534879
100000000.0	6.64984795193
102000000.0	7.11614957207
104000000.0	0.414956739276
106000000.0	-4.16003659534
108000000.0	-6.01372379024
110000000.0	-4.50961478558
112000000.0	0.31323304586
114000000.0	3.48068026191
116000000.0	3.39672928105
118000000.0	0.379473614957
120000000.0	-3.31092013176
122000000.0	-3.16997190352
124000000.0	-2.01858491148
126000000.0	4.13177592724
128000000.0	3.10983303068
130000000.0	0.0696169587745
132000000.0	-2.03205602924
134000000.0	-2.88560698844
136000000.0	-0.535067538075
138000000.0	2.70644538586
140000000.0	4.43282775737
142000000.0	2.52213827614
144000000.0	-0.815177978246
146000000.0	-4.07262653278
148000000.0	-3.82596144536
150000000.0	-0.713624180896
152000000.0	2.9794714067
154000000.0	4.65146003079
156000000.0	1.14469191719
158000000.0	-1.76844477063
160000000.0	-2.91274524227
162000000.0	-2.48884374159
164000000.0	0.509621422177
166000000.0	1.93808107072
168000000.0	1.05415430541
170000000.0	-0.542932011193
172000000.0	-2.66324087128
174000000.0	-1.33500880671
176000000.0	1.25927489884
178000000.0	2.61944947896
180000000.0	2.40771942533
182000000.0	-0.401282063448
184000000.0	-3.45324860608
186000000.0	-4.30760166829
188000000.0	-1.29300407186
190000000.0	2.64301773184
192000000.0	4.89710683325
194000000.0	2.63475141045
196000000.0	-1.00216188671
198000000.0	-3.78550091744
200000000.0	-4.21555927965
202000000.0	-1.02851625462
204000000.0	3.51070656349
206000000.0	4.50958190294
208000000.0	3.17590646679
210000000.0	-1.94606859043
212000000.0	-3.78832072689
214000000.0	-3.38233596071
216000000.0	1.2571251388
218000000.0	4.37927393903
220000000.0	2.92533011815
222000000.0	-0.236320209853
224000000.0	-3.85008466113
226000000.0	-3.39222327715
228000000.0	0.463384707075
230000000.0	4.48542745655
232000000.0	4.836162954
234000000.0	-0.263097996339
236000000.0	-4.95914683006
238000000.0	-6.67224597993
240000000.0	-1.58733864234
242000000.0	4.57970945733
244000000.0	7.85881215984
246000000.0	5.26891688589
248000000.0	-2.58745189798
250000000.0	-9.00901843801
252000000.0	-7.66958880536
254000000.0	-0.195847331329
256000000.0	7.76517084843
258000000.0	9.9403952594
260000000.0	4.23775677536
262000000.0	-3.8964216553
264000000.0	-9.32696668278
266000000.0	-8.14294735178
268000000.0	-0.969401152191
270000000.0	6.86536504253
272000000.0	9.22048298259
274000000.0	5.16552077907
276000000.0	-2.80364301912
278000000.0	-9.23352670091
280000000.0	-7.19994279746
282000000.0	3.63079298285
284000000.0	14.5526337306
286000000.0	12.8033733359
288000000.0	-11.630917019
290000000.0	-42.951769796
292000000.0	-43.6984942578
294000000.0	20.2858680521
296000000.0	152.142787877
298000000.0	300.059083245
300000000.0	-792.695118048
302000000.0	291.389537692
304000000.0	156.769200581
306000000.0	31.0860860403
308000000.0	-37.1640450835
310000000.0	-46.2953214001
312000000.0	-22.5801281089
314000000.0	2.4717306903
316000000.0	14.8111683921
318000000.0	11.8137397937
320000000.0	3.08999401499
322000000.0	-4.15314848614
324000000.0	-6.48049456441
326000000.0	-2.92940348572
328000000.0	3.87300606359
330000000.0	5.71238564746
332000000.0	3.68545044405
334000000.0	-1.39700612279
336000000.0	-7.15676454642
338000000.0	-6.01205115817
340000000.0	-0.444185355367
342000000.0	6.65409848566
344000000.0	8.75189989784
346000000.0	2.68703769973
348000000.0	-5.59521487282
350000000.0	-9.19171672869
352000000.0	-5.50838173197
354000000.0	2.58222632753
356000000.0	8.73188205372
358000000.0	6.53157846235
360000000.0	-0.536795395598
362000000.0	-6.06691547857
364000000.0	-6.65029329912
366000000.0	-1.79990669979
368000000.0	3.14854898515
370000000.0	5.54113646435
372000000.0	3.52383398468
374000000.0	-1.29725452175
376000000.0	-2.13255481991
378000000.0	-2.57539036703
380000000.0	-0.228533530011
382000000.0	1.71889735814
384000000.0	1.39267111471
386000000.0	0.346833965872
388000000.0	-1.68247764421
390000000.0	-2.35531479136
392000000.0	-0.405357624492
394000000.0	3.22417367788
396000000.0	3.40781399863
398000000.0	2.04720443987
400000000.0	-1.23775192448
402000000.0	-3.89443577964
404000000.0	-2.82279044121
406000000.0	-1.08137876714
408000000.0	1.77404756034
410000000.0	2.84098341532
412000000.0	2.31748495318
414000000.0	-0.907859511593
416000000.0	-2.36682171658
418000000.0	-1.6761975389
420000000.0	0.0297253941377
422000000.0	1.54310741551
424000000.0	2.11184121667
426000000.0	0.00493594069782
428000000.0	-1.50319287754
430000000.0	-1.78321234965
432000000.0	-1.00653595801
434000000.0	0.822799251401
436000000.0	1.58766006975
438000000.0	0.977402569151
440000000.0	-0.543194749724
442000000.0	-1.99615236491
444000000.0	-1.13550931855
446000000.0	-0.111529686769
448000000.0	1.62188956505
450000000.0	2.20793602966
452000000.0	0.431472353581
454000000.0	-1.39295201498
456000000.0	-1.14005147402
458000000.0	-1.64525341398
460000000.0	0.703982239811
462000000.0	2.65119779538
464000000.0	2.26935017974
466000000.0	0.417802927817
468000000.0	-1.62844334613
470000000.0	-2.0352134565
472000000.0	-0.109638012492
474000000.0	0.227281499192
476000000.0	1.25234703665
478000000.0	1.49916782758
480000000.0	0.881637288558
482000000.0	-1.62849258956
484000000.0	-0.634550769225
486000000.0	1.31442385531
488000000.0	1.62868382713
490000000.0	0.449882695588
492000000.0	-1.33654977387
494000000.0	-0.720562595599
496000000.0	-0.768319675264
498000000.0	-0.965203043554
500000000.0	2.25848273863
502000000.0	1.06096446177
504000000.0	2.34397862956
506000000.0	0.330351406073
508000000.0	-1.00512056469
510000000.0	-1.1891473933
512000000.0	-0.936217044216
514000000.0	0.773904649955
516000000.0	1.21943087204
518000000.0	0.315220384219
520000000.0	-0.144772225568
522000000.0	-0.270328819679
524000000.0	-0.606039010963
526000000.0	0.711933912552
528000000.0	0.434231483516
530000000.0	0.0980648687723
532000000.0	0.594257526808
534000000.0	0.284924699295
536000000.0	-0.510084315841
538000000.0	-0.708945377248
540000000.0	0.115336938442
542000000.0	-0.740171559858
544000000.0	0.707044856898
546000000.0	0.71210041076
548000000.0	-0.635988636635
550000000.0	-0.633390237953
552000000.0	0.339161565649
554000000.0	-0.509290583584
556000000.0	0.0585385436923
558000000.0	-0.357357421294
560000000.0	-0.457048726711
562000000.0	-0.16849590042
564000000.0	-1.24149389051
566000000.0	0.0591157955498
568000000.0	0.115759590697
570000000.0	1.07283170135
572000000.0	-0.5836035757
574000000.0	-0.642849890785
576000000.0	-0.587244495595
578000000.0	-0.355882856473
580000000.0	0.0319769531915
582000000.0	0.0646500043956
584000000.0	0.509423692256
586000000.0	-0.262376073575
588000000.0	0.295707202381
590000000.0	0.10747795559
592000000.0	1.19375880323
594000000.0	0.178803570643
596000000.0	-0.390777801405
598000000.0	-1.63750474638
600000000.0	3.00371032141
602000000.0	-0.542361830534
604000000.0	-0.926739444841
606000000.0	0.474859945926
608000000.0	0.453871245975
610000000.0	-0.149579859776
612000000.0	-0.492845044016
614000000.0	0.599115058439
616000000.0	-0.298277183425
618000000.0	0.229208055997
620000000.0	0.319315841351
622000000.0	0.0277631683068
624000000.0	-0.635563053425
626000000.0	0.733156751124
628000000.0	-0.220247078682
630000000.0	-0.689531502102
632000000.0	-0.658849602311
634000000.0	-0.50018445577
636000000.0	-0.296385652588
638000000.0	0.833797880191
640000000.0	-0.173022016544
642000000.0	1.15498991045
644000000.0	-0.56281296542
646000000.0	-1.68139291702
648000000.0	-0.81466428493
650000000.0	-0.892563236281
652000000.0	0.0938720493027
654000000.0	-0.444253093647
656000000.0	0.124038274125
658000000.0	-0.391997678015
660000000.0	0.0358719567971
662000000.0	-0.475324773623
664000000.0	-0.316273353953
666000000.0	-0.444451588546
668000000.0	-0.00694331155741
670000000.0	0.183721855798
672000000.0	-0.816594186462
674000000.0	0.800395226519
676000000.0	-0.551205248418
678000000.0	0.436788824827
680000000.0	0.894834576215
682000000.0	0.797688746528
684000000.0	-0.0287127099466
686000000.0	0.0657939940282
688000000.0	-0.849788321874
690000000.0	0.0778811775893
692000000.0	-0.22578627125
694000000.0	0.50449791045
696000000.0	0.540802334102
698000000.0	0.240828850878
700000000.0	-1.36447662865
702000000.0	0.21075276924
704000000.0	1.16670344632
706000000.0	0.710546114557
708000000.0	0.597259693494
710000000.0	-0.743047197186
712000000.0	-0.317535263028
714000000.0	-0.446112773611
716000000.0	-0.0534355568695
718000000.0	0.0625689554096
720000000.0	1.25422263668
722000000.0	0.783822007921
724000000.0	0.415626474578
726000000.0	-0.566757452585
728000000.0	0.595382450004
730000000.0	-0.397990202453
732000000.0	-0.264804958485
734000000.0	0.751569641665
736000000.0	-0.323122597365
738000000.0	-0.394586732559
740000000.0	-0.815069414391
742000000.0	-0.315107176632
744000000.0	0.686813038207
746000000.0	1.22915736654
748000000.0	1.31708671508
750000000.0	0.0779684116956
752000000.0	0.485520855364
754000000.0	-0.24075820686
756000000.0	-0.662678573867
758000000.0	-0.0698401568894
760000000.0	1.62164390909
762000000.0	1.60314655675
764000000.0	-0.931698257666
766000000.0	-1.42504931271
768000000.0	-1.25800382483
770000000.0	0.289962645411
772000000.0	0.188244760112
774000000.0	1.43005145424
776000000.0	0.40987538821
778000000.0	-0.785458469748
780000000.0	-0.723526712555
782000000.0	-0.601675544079
784000000.0	0.889364286894
786000000.0	0.650078206671
788000000.0	0.874182804798
790000000.0	-0.119861351934
792000000.0	-0.346586537177
794000000.0	-0.881403578066
796000000.0	0.846260388991
798000000.0	0.914849117161
800000000.0	0.435413637878
802000000.0	0.782308906945
804000000.0	-0.872211518882
806000000.0	-1.50149681485
808000000.0	-0.77776020951
810000000.0	0.669127877965
812000000.0	1.73712866434
814000000.0	1.65177167546
816000000.0	0.346488931243
818000000.0	-1.09933393188
820000000.0	-1.83786165173
822000000.0	-1.16116008207
824000000.0	0.686824202322
826000000.0	1.89161182774
828000000.0	1.26527957633
830000000.0	0.655657396092
832000000.0	-1.94574433116
834000000.0	-0.320536068411
836000000.0	-0.190898481814
838000000.0	1.19254429425
840000000.0	1.16308041048
842000000.0	0.552909824732
844000000.0	-1.01935308331
846000000.0	-1.13621194249
848000000.0	-0.332804485453
850000000.0	0.945740226088
852000000.0	2.94784252433
854000000.0	1.81044152618
856000000.0	-0.689136144286
858000000.0	-2.08184069819
860000000.0	-2.55678206587
862000000.0	-0.585237508261
864000000.0	2.92921067519
866000000.0	4.68264440962
868000000.0	2.37166239723
870000000.0	-0.447134407211
872000000.0	-4.46892917229
874000000.0	-5.39928370756
876000000.0	-1.01738395403
878000000.0	4.48381660698
880000000.0	7.69308693989
882000000.0	3.48610344262
884000000.0	-4.16687318793
886000000.0	-8.30548933563
888000000.0	-3.73845094791
890000000.0	5.68056853119
892000000.0	11.4800757669
894000000.0	2.91028696612
896000000.0	-19.7149191031
898000000.0	-43.1275347514
900000000.0	101.101676881
902000000.0	-33.2342114285
904000000.0	-20.3686049718
906000000.0	-8.51237662866
908000000.0	-0.20771592497
910000000.0	5.35378142737
912000000.0	8.46823494176
914000000.0	5.25357192936
916000000.0	-0.27976686584
918000000.0	-5.4336768515
920000000.0	-6.70992696468
922000000.0	-2.7314642352
924000000.0	2.80933139752
926000000.0	4.42094697662
928000000.0	2.70484856188
930000000.0	-0.962047936992
932000000.0	-3.88665164571
934000000.0	-2.31462823118
936000000.0	0.132043230993
938000000.0	2.1452434821
940000000.0	2.38398752928
942000000.0	-0.71487693096
944000000.0	-2.00960287812
946000000.0	-1.95956323175
948000000.0	-0.896245256384
950000000.0	1.11736680258
952000000.0	1.91597126823
954000000.0	0.157688970502
956000000.0	-1.4148506423
958000000.0	-2.05820917062
960000000.0	0.0479781042211
962000000.0	0.695456924212
964000000.0	1.26434333443
966000000.0	1.13267185004
968000000.0	0.724483944453
970000000.0	-1.49258802387
972000000.0	-0.266392667445
974000000.0	-1.19707938501
976000000.0	1.09737283291
978000000.0	0.479061142621
980000000.0	0.698163819777
982000000.0	0.227809067709
984000000.0	-0.308175799117
986000000.0	-0.772857023333
988000000.0	-0.149863847553
990000000.0	0.383790938084
992000000.0	1.13191128779
994000000.0	0.0300659800985
996000000.0	-1.26278540947
998000000.0	-0.236973502951
1000000000.0	1.906205
1002000000.0	0.790742640119
1004000000.0	0.61769300506
1006000000.0	0.70364225552
1008000000.0	-0.503404460907
1010000000.0	-0.778597557174
1012000000.0	-0.538346719287
1014000000.0	-0.580301285155
1016000000.0	0.350403007948
1018000000.0	1.19247143696
1020000000.0	0.862881525265
1022000000.0	-0.764794593072
1024000000.0	-1.1955899306
1026000000.0	-0.193312220353
1028000000.0	-0.190517765206
1030000000.0	0.902075099317
1032000000.0	-0.272144527701
1034000000.0	-0.0652178064148
1036000000.0	-0.780511528623
1038000000.0	-0.419694533046
1040000000.0	-0.458691191866
1042000000.0	0.382383833243
1044000000.0	0.849449596869
1046000000.0	0.674016742288
1048000000.0	-0.228124405659
1050000000.0	-0.306990670577
1052000000.0	-0.402505494066
1054000000.0	0.441184220065
1056000000.0	0.200366942958
1058000000.0	0.138972534917
1060000000.0	-0.010640796626
1062000000.0	-0.285892657533
1064000000.0	-0.519798302948
1066000000.0	-0.0138556772079
1068000000.0	0.284944504987
1070000000.0	-0.662657092671
1072000000.0	0.500830716128
1074000000.0	-0.85040497586
1076000000.0	0.0214669173618
1078000000.0	-0.101079548829
1080000000.0	-0.310161994009
1082000000.0	0.539122123123
1084000000.0	-0.181526393851
1086000000.0	-0.102167381368
1088000000.0	0.33506326159
1090000000.0	-1.1327407629
1092000000.0	0.0215508543115
1094000000.0	0.472421217741
1096000000.0	0.473072119414
1098000000.0	0.608365380255
1100000000.0	-1.00085854587
1102000000.0	1.28590645581
1104000000.0	-0.921264551375
1106000000.0	-0.121288297541
1108000000.0	1.06688663712
1110000000.0	-0.0125807442255
1112000000.0	-0.235283692829
1114000000.0	-0.640701558701
1116000000.0	0.00992126942012
1118000000.0	0.854239477734
1120000000.0	0.148429698063
1122000000.0	-0.106298119313
1124000000.0	0.55075874939
1126000000.0	-0.686791488123
1128000000.0	-0.0147905096218
1130000000.0	0.0856877647298
1132000000.0	-0.312338592581
1134000000.0	-0.0904464791177
1136000000.0	0.77134410218
1138000000.0	0.00759836736377
1140000000.0	0.274094535573
1142000000.0	-0.48440286364
1144000000.0	-0.160015766977
1146000000.0	-0.287828190075
1148000000.0	0.353554423659
1150000000.0	0.676228315832
1152000000.0	0.00830447114469
1154000000.0	-0.218847680433
1156000000.0	-0.344576906324
1158000000.0	0.205718128261
1160000000.0	0.195224442197
1162000000.0	-0.23666845488
1164000000.0	0.448812363274
1166000000.0	-0.456494483127
1168000000.0	-0.225479200924
1170000000.0	-0.338611412441
1172000000.0	-0.277433244383
1174000000.0	-0.151500871853
1176000000.0	0.00302735263051
1178000000.0	0.0501848256289
1180000000.0	0.455165334279
1182000000.0	0.432558833799
1184000000.0	0.278178750254
1186000000.0	0.85108707918
1188000000.0	0.723391413096
1190000000.0	-0.121645524706
1192000000.0	-0.494019567808
1194000000.0	-0.871484298546
1196000000.0	1.4591740219
1198000000.0	1.96716280334
1200000000.0	-4.50451307552
1202000000.0	1.19281079146
1204000000.0	1.57689952121
1206000000.0	1.20198914213
1208000000.0	-0.687178155964
1210000000.0	0.0197548791741
1212000000.0	-0.0565979047576
1214000000.0	0.140484230737
1216000000.0	0.276886087096
1218000000.0	-0.382029478145
1220000000.0	-0.12265339934
1222000000.0	0.579628563784
1224000000.0	-0.589146748998
1226000000.0	0.0999007269184
1228000000.0	0.48750658104
1230000000.0	-0.0442287715651
1232000000.0	-0.671894849615
1234000000.0	-0.261569971788
1236000000.0	0.232581123563
1238000000.0	0.0395100327748
1240000000.0	0.199404022248
1242000000.0	-0.0615380285613
1244000000.0	0.490101218119
1246000000.0	0.0578965254829
1248000000.0	-0.159479585561
1250000000.0	-2.02188902367
1252000000.0	0.643733323986
1254000000.0	0.0450046301244
1256000000.0	0.0574917239718
1258000000.0	0.1636749243
1260000000.0	-0.396226319672
1262000000.0	0.77484158897
1264000000.0	-0.27749082997
1266000000.0	-0.0184126895392
1268000000.0	1.01061651127
1270000000.0	0.571488382947
1272000000.0	0.414920422492
1274000000.0	0.603725241095
1276000000.0	0.286937543948
1278000000.0	0.331898027136
1280000000.0	-0.255514011619
1282000000.0	-0.404850932548
1284000000.0	0.175897019323
1286000000.0	-0.366644640565
1288000000.0	0.0653038008501
1290000000.0	0.172400442762
1292000000.0	0.697521332483
1294000000.0	-0.266323012481
1296000000.0	-1.48639049506
1298000000.0	-2.09992317165
1300000000.0	5.31994032581
1302000000.0	-2.35277853876
1304000000.0	-1.8816310092
1306000000.0	0.115010886654
1308000000.0	0.539010995766
1310000000.0	-0.123893535908
1312000000.0	0.366688867592
1314000000.0	0.07114170349
1316000000.0	0.0312284600013
1318000000.0	-0.17625489466
1320000000.0	0.441210934407
1322000000.0	-0.190994734873
1324000000.0	-0.231466125985
1326000000.0	0.321657328484
1328000000.0	0.312209112438
1330000000.0	-0.631324930032
1332000000.0	0.224842160255
1334000000.0	-0.116379764539
1336000000.0	-0.129676958255
1338000000.0	0.122978833906
1340000000.0	0.0239863152783
1342000000.0	-0.594313836948
1344000000.0	-0.334015264604
1346000000.0	-0.0206830967787
1348000000.0	0.522395117256
1350000000.0	-0.895410093182
1352000000.0	-0.628276103633
1354000000.0	-0.206007090425
1356000000.0	-0.224575867165
1358000000.0	-0.413362691256
1360000000.0	0.479513338442
1362000000.0	-0.749143717172
1364000000.0	-0.337818038623
1366000000.0	0.462750169916
1368000000.0	-0.539499625571
1370000000.0	-0.0418669608732
1372000000.0	-0.322366931728
1374000000.0	-0.420588337348
1376000000.0	0.158289330568
1378000000.0	-0.701276695158
1380000000.0	-0.0893405303847
1382000000.0	1.46244217789
1384000000.0	1.16073861423
1386000000.0	0.577854653373
1388000000.0	-0.59448883925
1390000000.0	0.490009740427
1392000000.0	-0.171284433149
1394000000.0	0.346185542449
1396000000.0	0.342881338978
1398000000.0	0.0478870612498
1400000000.0	0.499986321204
1402000000.0	-0.564187466064
1404000000.0	-0.604133403465
1406000000.0	0.64088088262
1408000000.0	0.302128644464
1410000000.0	-0.258590031889
1412000000.0	0.370787672089
1414000000.0	-0.738045207584
1416000000.0	0.100155623961
1418000000.0	-0.174592745933
1420000000.0	0.777000893504
1422000000.0	1.2495682891
1424000000.0	-0.0636199118846
1426000000.0	-1.04867007728
1428000000.0	-0.361412821744
1430000000.0	-0.928433164699
1432000000.0	-0.204207173774
1434000000.0	1.0656314105
1436000000.0	0.255877442811
1438000000.0	-0.389590505153
1440000000.0	-0.233391458417
1442000000.0	-0.298390728558
1444000000.0	-0.0915231144478
1446000000.0	-0.333007606478
1448000000.0	0.649121101357
1450000000.0	1.61888397666
1452000000.0	-0.368350935309
1454000000.0	-0.212083175731
1456000000.0	-1.01271528949
1458000000.0	-0.948595061728
1460000000.0	1.32210846831
1462000000.0	1.16945691903
1464000000.0	0.0729020221733
1466000000.0	-0.969549855589
1468000000.0	-1.88258905958
1470000000.0	-0.914419085711
1472000000.0	1.79205855922
1474000000.0	1.8329374972
1476000000.0	0.343529251771
1478000000.0	-0.783791161369
1480000000.0	-2.83869275031
1482000000.0	-1.86533192193
1484000000.0	0.0407408793677
1486000000.0	2.38816948375
1488000000.0	3.10105322282
1490000000.0	2.95264083215
1492000000.0	-0.0645509090501
1494000000.0	-1.93866035628
1496000000.0	-7.82415709173
1498000000.0	-13.4376928133
1500000000.0	39.1167772614
1502000000.0	-14.9212681125
1504000000.0	-8.32197444132
1506000000.0	0.30163497655
1508000000.0	4.14540595526
1510000000.0	2.14645734276
1512000000.0	-1.06802715107
1514000000.0	-2.81029399272
1516000000.0	-1.81200235884
1518000000.0	1.23446212786
1520000000.0	3.04526391084
1522000000.0	2.26527990727
1524000000.0	-0.719453153301
1526000000.0	-0.93264464776
1528000000.0	-0.715567347509
1530000000.0	-0.683191468699
1532000000.0	1.21852217165
1534000000.0	1.23456568835
1536000000.0	0.352086682895
1538000000.0	0.587744619714
1540000000.0	-0.839485106326
1542000000.0	-1.30121088642
1544000000.0	0.307117692629
1546000000.0	0.664580341351
1548000000.0	1.29846332122
1550000000.0	-0.0407853455985
1552000000.0	-0.502987376243
1554000000.0	-0.719606858259
1556000000.0	-0.371957221495
1558000000.0	0.615198898834
1560000000.0	0.407864134683
1562000000.0	0.762918312976
1564000000.0	-0.259775407632
1566000000.0	-0.987294814675
1568000000.0	-0.433235375982
1570000000.0	-0.351367019188
1572000000.0	0.706217207894
1574000000.0	1.14662321582
1576000000.0	-0.574822153332
1578000000.0	-0.03243044938
1580000000.0	-0.261214060536
1582000000.0	-0.718856999188
1584000000.0	-0.565618559794
1586000000.0	-0.189840218033
1588000000.0	0.445385191292
1590000000.0	0.110975641581
1592000000.0	-0.0786792146793
1594000000.0	-0.387830373203
1596000000.0	-0.636977553546
1598000000.0	0.0044677056293
1600000000.0	0.697391362122
1602000000.0	-0.0716378182171
1604000000.0	-0.0542181473307
1606000000.0	-0.0527320368502
1608000000.0	-0.115716329739
1610000000.0	0.471407445791
1612000000.0	0.496070298651
1614000000.0	0.16201884069
1616000000.0	-0.215607424681
1618000000.0	-0.379883968832
1620000000.0	0.0276378122452
1622000000.0	0.429031323281
1624000000.0	-0.666100607494
1626000000.0	0.655016538201
1628000000.0	-0.150175779045
1630000000.0	0.417083689867
1632000000.0	-0.262639839283
1634000000.0	0.573777456814
1636000000.0	0.14537787395
1638000000.0	0.199883955996
1640000000.0	0.811418119962
1642000000.0	0.529467864469
1644000000.0	-0.557171998122
1646000000.0	0.330877720654
1648000000.0	-0.241796279
1650000000.0	0.377889256492
1652000000.0	0.652349194331
1654000000.0	-0.140649948542
1656000000.0	1.04215263821
1658000000.0	-0.0344008506099
1660000000.0	-0.197583158431
1662000000.0	-0.32700499595
1664000000.0	-0.184531359054
1666000000.0	0.304386989114
1668000000.0	0.423077852832
1670000000.0	0.429104635292
1672000000.0	0.158398649802
1674000000.0	-0.199297793739
1676000000.0	-0.149767086328
1678000000.0	-0.101242916727
1680000000.0	0.604154764362
1682000000.0	-0.00537497881099
1684000000.0	-0.666388878862
1686000000.0	0.0858294671761
1688000000.0	0.229683326035
1690000000.0	0.456566117582
1692000000.0	0.327480265469
1694000000.0	0.555220505917
1696000000.0	0.286296160147
1698000000.0	-0.186741730193
1700000000.0	0.144252604711
1702000000.0	0.350275641016
1704000000.0	-0.424101169089
1706000000.0	-0.0821123950007
1708000000.0	-0.00484157976074
1710000000.0	-0.476765485454
1712000000.0	-0.401692963696
1714000000.0	0.863958601775
1716000000.0	0.410371596194
1718000000.0	0.328824442363
1720000000.0	-0.60981155463
1722000000.0	0.171512043794
1724000000.0	0.588759065339
1726000000.0	-0.326392049323
1728000000.0	0.0160637284494
1730000000.0	0.120541964472
1732000000.0	0.0707069348901
1734000000.0	-0.0505287614822
1736000000.0	0.259212363793
1738000000.0	-0.149294299795
1740000000.0	0.376511754476
1742000000.0	0.397100742863
1744000000.0	0.578104669172
1746000000.0	0.0264924445675
1748000000.0	0.258846270528
1750000000.0	-0.359480950018
1752000000.0	0.258893267944
1754000000.0	-0.234999479322
1756000000.0	-0.178638320866
1758000000.0	0.253067237571
1760000000.0	0.113922949149
1762000000.0	-0.207080152826
1764000000.0	0.632790163101
1766000000.0	0.418988925292
1768000000.0	0.327877500628
1770000000.0	0.354039038062
1772000000.0	-0.190364145451
1774000000.0	-0.157364306617
1776000000.0	1.06658092984
1778000000.0	0.162750331713
1780000000.0	0.168380343873
1782000000.0	0.242979503086
1784000000.0	-0.0618552569125
1786000000.0	0.500788990392
1788000000.0	-0.153663053133
1790000000.0	-0.481144883007
1792000000.0	1.00395567065
1794000000.0	0.510789117173
1796000000.0	0.343696791637
1798000000.0	-0.30903522021
1800000000.0	-0.491317362959
1802000000.0	0.712781125927
1804000000.0	0.376717037543
1806000000.0	-0.389356738115
1808000000.0	0.317501049706
1810000000.0	0.0243425683683
1812000000.0	-0.14394526217
1814000000.0	0.104767178088
1816000000.0	-0.384698245783
1818000000.0	0.106129164513
1820000000.0	-0.401068392612
1822000000.0	-0.198099009045
1824000000.0	-0.103375102953
1826000000.0	0.778616921403
1828000000.0	-0.203602476821
1830000000.0	0.36725224741
1832000000.0	0.407942918191
1834000000.0	-0.172185508932
1836000000.0	-0.735578199022
1838000000.0	0.409741952226
1840000000.0	-0.242801556151
1842000000.0	-0.423998776069
1844000000.0	-0.227382338488
1846000000.0	0.401676279173
1848000000.0	-0.0875265174547
1850000000.0	0.517415948939
1852000000.0	-0.321971140511
1854000000.0	-0.120711703319
1856000000.0	0.578888526045
1858000000.0	0.37286500492
1860000000.0	0.0304047015853
1862000000.0	0.0844539884209
1864000000.0	0.0265714022248
1866000000.0	-0.486785004475
1868000000.0	-0.0539116256653
1870000000.0	0.381596352742
1872000000.0	0.630596318404
1874000000.0	0.0691809420116
1876000000.0	0.850062338452
1878000000.0	-0.319757379618
1880000000.0	-0.344710319846
1882000000.0	0.340456062921
1884000000.0	0.627999631211
1886000000.0	0.575450861007
1888000000.0	0.0547580611504
1890000000.0	-1.13255233357
1892000000.0	-1.28033979617
1894000000.0	-0.360119844515
1896000000.0	3.05113700846
1898000000.0	6.38846307308
1900000000.0	-17.9682245414
1902000000.0	6.88292667427
1904000000.0	3.83172898178
1906000000.0	0.503234620912
1908000000.0	-1.0358934501
1910000000.0	-0.938568019925
1912000000.0	-0.314385681019
1914000000.0	-0.00451211671096
1916000000.0	0.268344158426
1918000000.0	0.271913432512
1920000000.0	-0.121326826137
1922000000.0	-0.181690698099
1924000000.0	-0.377042834634
1926000000.0	-0.00828907387199
1928000000.0	-0.248461335368
1930000000.0	-0.344693736975
1932000000.0	0.216749898945
1934000000.0	-0.242694466499
1936000000.0	0.180089559591
1938000000.0	-0.0241584890453
1940000000.0	-0.430513717938
1942000000.0	0.149765458622
1944000000.0	-0.41671516365
1946000000.0	0.13774410394
1948000000.0	-0.718020358987
1950000000.0	-0.0408400832865
1952000000.0	-0.151229062532
1954000000.0	0.655732562251
1956000000.0	0.241913347915
1958000000.0	0.0402064086154
1960000000.0	-0.160954093181
1962000000.0	1.10012638218
1964000000.0	-0.0105250268728
1966000000.0	0.0329854904716
1968000000.0	0.331724033354
1970000000.0	0.722141060724
1972000000.0	-0.609554626684
1974000000.0	0.362025940775
1976000000.0	0.146337930085
1978000000.0	0.120027916105
1980000000.0	-0.645468818523
1982000000.0	-0.417212043563
1984000000.0	0.247704969893
1986000000.0	0.179100164168
1988000000.0	-0.463028678316
1990000000.0	0.136496357231
1992000000.0	0.247253287634
1994000000.0	-0.22378320062
1996000000.0	0.257164642839
1998000000.0	0.772509368963
2000000000.0	-3.281245
