0.0	-2.50625
2000000.0	0.68833399193
4000000.0	1.14515861917
6000000.0	0.228580091007
8000000.0	0.345775946531
10000000.0	0.311104773846
12000000.0	-0.333687272215
14000000.0	-1.44755321868
16000000.0	-1.01046091185
18000000.0	-0.0839334254469
20000000.0	1.09064811985
22000000.0	1.51863253241
24000000.0	1.14722338198
26000000.0	0.398754733583
28000000.0	-0.778644586012
30000000.0	-1.40759140321
32000000.0	-1.67572426521
34000000.0	-0.584622686045
36000000.0	1.36669705705
38000000.0	1.77263477162
40000000.0	1.28098794274
42000000.0	0.525740430152
44000000.0	-0.404463490964
46000000.0	-1.09218557735
48000000.0	-0.864957670459
50000000.0	0.253054095025
52000000.0	0.954876629582
54000000.0	1.2989018792
56000000.0	0.739870831963
58000000.0	0.131250411089
60000000.0	-1.00744912479
62000000.0	-1.50512718724
64000000.0	-1.13254591141
66000000.0	0.104025411158
68000000.0	1.22458256466
70000000.0	1.69285315292
72000000.0	1.15563943652
74000000.0	-0.173462199721
76000000.0	-0.840487126662
78000000.0	-1.46160757182
80000000.0	-0.971656581288
82000000.0	-0.14015789322
84000000.0	0.797086409963
86000000.0	1.2033862531
88000000.0	0.988496090637
90000000.0	0.166929656128
92000000.0	-0.534228329656
94000000.0	-0.791984908598
96000000.0	-0.592689430964
98000000.0	0.04662718793
100000000.0	0.449527007409
102000000.0	0.665394393603
104000000.0	0.279772316115
106000000.0	-0.267081497537
108000000.0	-0.493106711101
110000000.0	-0.422647471817
112000000.0	-0.0816086740543
114000000.0	0.366204634776
116000000.0	0.418936347848
118000000.0	0.300869757565
120000000.0	0.0932254492295
122000000.0	-0.155021463725
124000000.0	0.0210620286228
126000000.0	-0.351000144387
128000000.0	0.0301605635968
130000000.0	0.270055627743
132000000.0	0.123028484549
134000000.0	-0.210502363011
136000000.0	-0.241019990237
138000000.0	-0.28269566543
140000000.0	0.0318495417501
142000000.0	0.360387306444
144000000.0	0.426731317854
146000000.0	0.270733526342
148000000.0	-0.245651360549
150000000.0	-0.740513254838
152000000.0	-0.877205710699
154000000.0	-0.213817214859
156000000.0	0.209062280565
158000000.0	0.809277088332
160000000.0	0.815149863376
162000000.0	0.392768631695
164000000.0	-0.42916760247
166000000.0	-0.879925637355
168000000.0	-0.568707116994
170000000.0	-0.341181609868
172000000.0	0.298327374639
174000000.0	0.564639325772
176000000.0	0.796374681072
178000000.0	0.238833238386
180000000.0	-0.217121507935
182000000.0	-0.733043342895
184000000.0	-0.556817494402
186000000.0	0.0652913422374
188000000.0	0.455927634889
190000000.0	0.630034559039
192000000.0	0.346544717293
194000000.0	-0.237313543875
196000000.0	-0.503122225992
198000000.0	-0.376023147533
200000000.0	-0.295063603812
202000000.0	0.357546784467
204000000.0	0.695846980163
206000000.0	0.623029716561
208000000.0	-0.0329688069118
210000000.0	-0.545142191475
212000000.0	-0.558262422485
214000000.0	-0.314216186598
216000000.0	0.113268162403
218000000.0	0.620912750868
220000000.0	0.469054507631
222000000.0	0.0476635638338
224000000.0	-0.516727925316
226000000.0	-0.581789712541
228000000.0	-0.327236674265
230000000.0	0.253912066683
232000000.0	0.819827899586
234000000.0	0.718316651217
236000000.0	0.333302958018
238000000.0	-0.371736862797
240000000.0	-1.27963988703
242000000.0	-1.0479450666
244000000.0	-0.19454863679
246000000.0	1.00504988243
248000000.0	1.85080802322
250000000.0	1.84234417978
252000000.0	-0.0119858004922
254000000.0	-1.74806489966
256000000.0	-2.22174953756
258000000.0	-1.24053822952
260000000.0	0.51004313816
262000000.0	1.88552414152
264000000.0	2.40702675184
266000000.0	1.50636137355
268000000.0	-0.393704380417
270000000.0	-2.16555983854
272000000.0	-3.33239901924
274000000.0	-2.66330251754
276000000.0	0.295557985734
278000000.0	3.78898887007
280000000.0	5.25484858879
282000000.0	2.73604817885
284000000.0	-2.44869748707
286000000.0	-5.82236229357
288000000.0	-5.44534924371
290000000.0	-1.63458269849
292000000.0	2.76573658864
294000000.0	6.56680302764
296000000.0	10.9974703541
298000000.0	17.0392677465
300000000.0	-61.1851669937
302000000.0	22.5831686226
304000000.0	13.8169809598
306000000.0	2.5144626833
308000000.0	-4.41715393169
310000000.0	-4.63770669976
312000000.0	-0.674155675181
314000000.0	2.45361835142
316000000.0	2.29561288324
318000000.0	0.0359075109671
320000000.0	-1.52924040146
322000000.0	-1.65730644461
324000000.0	-0.549283348421
326000000.0	0.389294811628
328000000.0	0.989468326974
330000000.0	1.4809056943
332000000.0	1.11800852133
334000000.0	0.0603008039917
336000000.0	-1.36690204949
338000000.0	-2.0682728764
340000000.0	-1.51072949489
342000000.0	0.324851614649
344000000.0	2.01175188057
346000000.0	2.2673078616
348000000.0	0.96737062246
350000000.0	-0.618680673177
352000000.0	-1.48924939949
354000000.0	-1.47114688061
356000000.0	-0.820466582903
358000000.0	0.130017362513
360000000.0	1.25920366824
362000000.0	1.50408601324
364000000.0	1.06101484661
366000000.0	0.016395987853
368000000.0	-0.921270749084
370000000.0	-1.31365860224
372000000.0	-0.841887950351
374000000.0	-0.0410258254505
376000000.0	0.889327540159
378000000.0	0.930156700963
380000000.0	0.524584940531
382000000.0	-0.0356833621169
384000000.0	-0.458593197877
386000000.0	-0.482362639288
388000000.0	-0.364635581253
390000000.0	-0.135604373078
392000000.0	0.243544490289
394000000.0	0.276604402728
396000000.0	0.140844104179
398000000.0	-0.0323604870197
400000000.0	-0.0336451391309
402000000.0	0.0185574255921
404000000.0	0.0465499874878
406000000.0	0.132768313454
408000000.0	0.136578393373
410000000.0	-0.240339825931
412000000.0	-0.344613957981
414000000.0	-0.0802701401661
416000000.0	0.0540794307466
418000000.0	0.266849440158
420000000.0	0.505932957546
422000000.0	0.228870352103
424000000.0	0.0100434739421
426000000.0	-0.446597275366
428000000.0	-0.426532002894
430000000.0	-0.3957283621
432000000.0	-0.0396212783858
434000000.0	0.512507666039
436000000.0	0.642547712351
438000000.0	0.329710905721
440000000.0	0.121751866083
442000000.0	-0.445009817438
444000000.0	-0.610971938035
446000000.0	-0.303925826436
448000000.0	-0.098696392456
450000000.0	0.361245756637
452000000.0	0.515274090596
454000000.0	0.460801668936
456000000.0	0.0617074845105
458000000.0	-0.277416996565
460000000.0	-0.507716023514
462000000.0	-0.416825586518
464000000.0	-0.117110779747
466000000.0	0.1796780938
468000000.0	0.360111003428
470000000.0	0.355254593131
472000000.0	0.0789856410384
474000000.0	-0.0936744520324
476000000.0	-0.0689430837806
478000000.0	-0.171564453302
480000000.0	-0.104406886262
482000000.0	0.0004305223969
484000000.0	0.0745806554211
486000000.0	0.0632836814395
488000000.0	0.105894379542
490000000.0	0.053429299847
492000000.0	0.00800234472766
494000000.0	0.183292974663
496000000.0	0.127770318475
498000000.0	0.1065392287
500000000.0	-0.016596886604
502000000.0	-0.222181233096
504000000.0	-0.0383750360252
506000000.0	-0.0116089815806
508000000.0	0.211796198303
510000000.0	0.197733795378
512000000.0	0.195288848545
514000000.0	-0.0862335933429
516000000.0	-0.179531184989
518000000.0	-0.137578361791
520000000.0	-0.20012330874
522000000.0	-0.00562257786671
524000000.0	0.283205455173
526000000.0	-0.0112773295418
528000000.0	0.258320520448
530000000.0	0.0926443334183
532000000.0	-0.147523333202
534000000.0	-0.0796379517332
536000000.0	-0.222408450471
538000000.0	0.101911299266
540000000.0	0.154108921761
542000000.0	0.14919783806
544000000.0	0.187519841977
546000000.0	0.0371100874242
548000000.0	0.0488062444811
550000000.0	-0.247674789054
552000000.0	-0.195482542659
554000000.0	-0.0275893607182
556000000.0	-0.0713401280919
558000000.0	-0.101891549309
560000000.0	0.131409352437
562000000.0	0.143448057492
564000000.0	0.130482104759
566000000.0	-0.018290015811
568000000.0	-0.0582289541953
570000000.0	-0.160771657363
572000000.0	0.0827571736014
574000000.0	-0.160153830057
576000000.0	-0.0322833476268
578000000.0	0.0475980648386
580000000.0	0.0774415939756
582000000.0	0.175510475879
584000000.0	0.0710378731649
586000000.0	-0.00530729059304
588000000.0	-0.168685682811
590000000.0	-0.182055274959
592000000.0	-0.183245138571
594000000.0	-0.0993527389761
596000000.0	0.155967149677
598000000.0	0.50391420891
600000000.0	-0.640432792092
602000000.0	0.186355855457
604000000.0	0.0991892321632
606000000.0	0.0136731166839
608000000.0	-0.286838560429
610000000.0	-0.259216789262
612000000.0	-0.0735492678851
614000000.0	-0.0365014683298
616000000.0	-0.025478184615
618000000.0	0.0646587499152
620000000.0	0.0665799880881
622000000.0	0.0127207282791
624000000.0	-0.33333748534
626000000.0	0.0578498241588
628000000.0	0.0179468522965
630000000.0	0.075022291492
632000000.0	0.01519852047
634000000.0	0.163617390601
636000000.0	0.0336017670265
638000000.0	0.100000403958
640000000.0	0.129374343818
642000000.0	-0.197685828812
644000000.0	-0.0610431968375
646000000.0	0.0207872242358
648000000.0	-0.0639399460292
650000000.0	0.0081434333596
652000000.0	0.0684150083469
654000000.0	0.0494446531661
656000000.0	0.111395275748
658000000.0	-0.00779575412923
660000000.0	-0.133816083289
662000000.0	-0.199726042761
664000000.0	-0.139149015964
666000000.0	-0.0112986611852
668000000.0	0.0339443075114
670000000.0	0.221402063863
672000000.0	0.174288604419
674000000.0	0.00325567863601
676000000.0	0.153855982164
678000000.0	-0.0340541552769
680000000.0	-0.122839310346
682000000.0	-0.133342780515
684000000.0	-0.0113905051015
686000000.0	-0.062403505499
688000000.0	0.0756198502014
690000000.0	-0.00212389446119
692000000.0	0.157668211704
694000000.0	0.0744923767112
696000000.0	-0.0663079233411
698000000.0	-0.00424459548288
700000000.0	-0.437501488515
702000000.0	0.224519265243
704000000.0	0.28186355402
706000000.0	0.0919893017017
708000000.0	-0.0131304191323
710000000.0	-0.0602344672144
712000000.0	-0.130644305911
714000000.0	0.0919580222513
716000000.0	0.0643309180876
718000000.0	0.0768603199508
720000000.0	0.0631134277171
722000000.0	-0.225798828101
724000000.0	-0.185590911716
726000000.0	0.256105261254
728000000.0	0.163471753686
730000000.0	0.143373822239
732000000.0	0.112248620184
734000000.0	0.00823784420359
736000000.0	-0.156356124452
738000000.0	-0.219244940446
740000000.0	-0.225295204249
742000000.0	0.0203286027607
744000000.0	0.274701684317
746000000.0	0.230513962114
748000000.0	0.134118310884
750000000.0	-0.349311669749
752000000.0	-0.142867769534
754000000.0	-0.22212583516
756000000.0	-0.211855695907
758000000.0	0.0307040210977
760000000.0	0.198307137992
762000000.0	0.138215777309
764000000.0	0.156409119327
766000000.0	0.000124596259259
768000000.0	-0.137158892544
770000000.0	-0.137776699785
772000000.0	-0.126912759969
774000000.0	0.0721011820822
776000000.0	0.0507847467366
778000000.0	0.205595675902
780000000.0	0.0805722585046
782000000.0	0.0741386133303
784000000.0	-0.0574523209183
786000000.0	-0.0428943024256
788000000.0	-0.0527850454277
790000000.0	0.0163937125003
792000000.0	-0.0873470064087
794000000.0	0.0819829416429
796000000.0	0.0652158038127
798000000.0	-0.151150550914
800000000.0	-0.332994501842
802000000.0	0.0844828871295
804000000.0	0.256472578916
806000000.0	0.348102752901
808000000.0	-0.0590542577926
810000000.0	-0.232593325861
812000000.0	-0.3189439074
814000000.0	-0.320313687478
816000000.0	-0.0510357968013
818000000.0	0.237048621591
820000000.0	0.375505060135
822000000.0	0.278962017954
824000000.0	0.0894899113404
826000000.0	-0.0706943724127
828000000.0	-0.405759044573
830000000.0	-0.353615402281
832000000.0	-0.17839121204
834000000.0	0.191033700533
836000000.0	0.370957322137
838000000.0	0.475264574843
840000000.0	0.106024652521
842000000.0	-0.334637426015
844000000.0	-0.532930685218
846000000.0	-0.272696146164
848000000.0	0.120563757668
850000000.0	0.146518976772
852000000.0	0.418855371604
854000000.0	0.12868920634
856000000.0	-0.0182259336533
858000000.0	-0.178185846628
860000000.0	-0.298658483901
862000000.0	-0.285491985032
864000000.0	0.184711880839
866000000.0	0.540869983929
868000000.0	0.46293140078
870000000.0	-0.128245261261
872000000.0	-0.720477787841
874000000.0	-0.877099285058
876000000.0	0.067429304912
878000000.0	0.556581849939
880000000.0	1.14853925184
882000000.0	0.762449329213
884000000.0	-0.122542382528
886000000.0	-0.906944377722
888000000.0	-1.96336889591
890000000.0	-2.27463042224
892000000.0	-1.05225724081
894000000.0	2.88385886468
896000000.0	9.01085046589
898000000.0	15.3316813805
900000000.0	-44.9583188394
902000000.0	14.3273013046
904000000.0	8.97370512471
906000000.0	3.2605918368
908000000.0	-0.685927157459
910000000.0	-2.10893840492
912000000.0	-2.1452188129
914000000.0	-1.37893416504
916000000.0	-0.220312161116
918000000.0	0.898292696838
920000000.0	1.3263061761
922000000.0	1.00393008901
924000000.0	-0.135427408528
926000000.0	-0.740205959557
928000000.0	-0.952963518357
930000000.0	-0.371015644315
932000000.0	0.362027562967
934000000.0	0.579761624513
936000000.0	0.263047099869
938000000.0	-0.0417173480376
940000000.0	-0.390707790501
942000000.0	-0.224883171851
944000000.0	-0.165662208392
946000000.0	0.0147735975898
948000000.0	0.235649540662
950000000.0	0.341211891884
952000000.0	0.0127924217005
954000000.0	-0.136510817859
956000000.0	-0.3831698496
958000000.0	-0.242927320686
960000000.0	0.103051135688
962000000.0	0.343988302041
964000000.0	0.321908139782
966000000.0	0.149644055467
968000000.0	-0.220009843691
970000000.0	-0.355967263166
972000000.0	-0.380756199207
974000000.0	-0.158176403235
976000000.0	0.108682209443
978000000.0	0.403084786762
980000000.0	0.41888054619
982000000.0	0.133974944478
984000000.0	-0.103925342038
986000000.0	-0.344392884766
988000000.0	-0.230144827813
990000000.0	-0.146499785858
992000000.0	0.201062749181
994000000.0	0.208877959057
996000000.0	0.284251158465
998000000.0	0.319774436332
1000000000.0	-0.478125
1002000000.0	-0.0651702385393
1004000000.0	-0.165444142723
1006000000.0	-0.171904400104
1008000000.0	0.0387281400404
1010000000.0	0.0833028801047
1012000000.0	0.0559102870537
1014000000.0	-0.0410110878673
1016000000.0	-0.0488778017942
1018000000.0	-0.133023774567
1020000000.0	-0.155938472607
1022000000.0	0.0242114242039
1024000000.0	0.108826866043
1026000000.0	0.151877990734
1028000000.0	-0.0122825836011
1030000000.0	-0.0609932376967
1032000000.0	0.000903312923621
1034000000.0	0.0722748075934
1036000000.0	-0.108612185162
1038000000.0	0.126548405751
1040000000.0	0.0188053331613
1042000000.0	-0.00773694462263
1044000000.0	-0.0605495222188
1046000000.0	-0.277743233444
1048000000.0	-0.11539117434
1050000000.0	0.0260757767899
1052000000.0	0.0843389554426
1054000000.0	0.188664939884
1056000000.0	0.0863448603745
1058000000.0	-0.073805038091
1060000000.0	-0.118452863287
1062000000.0	-0.121083927904
1064000000.0	-0.0694890867478
1066000000.0	-0.028686285822
1068000000.0	0.112495768119
1070000000.0	0.181862585462
1072000000.0	0.00881017362319
1074000000.0	0.0479747355614
1076000000.0	-0.13620123591
1078000000.0	-0.130766049275
1080000000.0	-0.0844266022608
1082000000.0	0.0339804809472
1084000000.0	0.0591519738456
1086000000.0	0.15360238801
1088000000.0	0.0593541806234
1090000000.0	0.00622088055036
1092000000.0	-0.0852239723212
1094000000.0	-0.0994371578707
1096000000.0	-0.131369420377
1098000000.0	-0.111882171348
1100000000.0	0.160363068674
1102000000.0	0.023199115753
1104000000.0	0.0232058746674
1106000000.0	-0.051321414776
1108000000.0	-0.0495388620973
1110000000.0	-0.134922852429
1112000000.0	-0.09278689354
1114000000.0	0.116275372152
1116000000.0	-0.0276532717438
1118000000.0	-0.0375328085335
1120000000.0	0.0697979120482
1122000000.0	-0.0149525280022
1124000000.0	-0.167672283412
1126000000.0	0.113486677761
1128000000.0	0.154966452149
1130000000.0	0.00560626773239
1132000000.0	0.0109417985331
1134000000.0	-0.220888352996
1136000000.0	-0.16086380271
1138000000.0	-0.104890134277
1140000000.0	0.110223280871
1142000000.0	0.115978947944
1144000000.0	0.110643750644
1146000000.0	0.00846372970154
1148000000.0	0.139356384677
1150000000.0	-0.255533607119
1152000000.0	-0.082098821951
1154000000.0	-0.106659000662
1156000000.0	-0.00458141121659
1158000000.0	0.0685529786736
1160000000.0	0.125838192247
1162000000.0	0.106463220543
1164000000.0	0.00156477638927
1166000000.0	-0.0294083879991
1168000000.0	-0.0697465872054
1170000000.0	-0.0784182610467
1172000000.0	-0.0926280170082
1174000000.0	-0.0498825697808
1176000000.0	0.234894959422
1178000000.0	0.0595778814906
1180000000.0	0.0583324421687
1182000000.0	0.00969281700895
1184000000.0	-0.102732684297
1186000000.0	-0.0226295929562
1188000000.0	0.0146836285841
1190000000.0	0.0126120389224
1192000000.0	0.0310021879718
1194000000.0	-0.122837810973
1196000000.0	-0.00658766754838
1198000000.0	-0.0611590446597
1200000000.0	0.263332639131
1202000000.0	0.0229071743978
1204000000.0	-0.0823096427016
1206000000.0	0.0497896597457
1208000000.0	-0.00972618564077
1210000000.0	-0.00833682397212
1212000000.0	-0.0851710538837
1214000000.0	-0.0630074670529
1216000000.0	0.0216786639964
1218000000.0	0.0376418384693
1220000000.0	0.0595569783493
1222000000.0	-0.0870038267732
1224000000.0	-0.0715975330647
1226000000.0	-0.0775639015421
1228000000.0	-0.0617505056989
1230000000.0	0.133071348793
1232000000.0	-0.0344507236305
1234000000.0	-0.0543408166136
1236000000.0	0.0831414986638
1238000000.0	0.0446097551438
1240000000.0	-0.00805089602637
1242000000.0	-0.0367328619626
1244000000.0	-0.0586265046572
1246000000.0	-0.0730556455158
1248000000.0	-0.0886294590618
1250000000.0	-0.518670832502
1252000000.0	0.0320437103315
1254000000.0	0.0994763551413
1256000000.0	-0.0149168152137
1258000000.0	0.0931086147609
1260000000.0	0.0210267882726
1262000000.0	-0.142838905037
1264000000.0	0.00147379753447
1266000000.0	-0.0818718310172
1268000000.0	0.118193734178
1270000000.0	0.0942670435554
1272000000.0	0.185493028973
1274000000.0	0.0732112958092
1276000000.0	-0.0292157472434
1278000000.0	-0.0649529885672
1280000000.0	-0.0712393433676
1282000000.0	-0.00163628314679
1284000000.0	0.0324834459385
1286000000.0	0.0650045662198
1288000000.0	0.165180330297
1290000000.0	0.138357297204
1292000000.0	-0.0759859613018
1294000000.0	-0.0470131665651
1296000000.0	-0.17769529055
1298000000.0	-0.339698422382
1300000000.0	1.63763071874
1302000000.0	-0.691308827239
1304000000.0	-0.355542169335
1306000000.0	0.00989136695735
1308000000.0	0.241238403117
1310000000.0	0.127645022574
1312000000.0	-0.0139869589373
1314000000.0	-0.0266091300571
1316000000.0	-0.076344272415
1318000000.0	-0.0899513508418
1320000000.0	0.0300030739136
1322000000.0	-0.0501058922953
1324000000.0	0.0810714298005
1326000000.0	0.0561410114288
1328000000.0	0.0990412490376
1330000000.0	-0.0445191932207
1332000000.0	0.0625155525377
1334000000.0	-0.0144981156369
1336000000.0	-0.0717015524612
1338000000.0	-0.0274201052032
1340000000.0	-0.0299246021197
1342000000.0	-0.0036698504333
1344000000.0	0.00482013232809
1346000000.0	-0.0655301765095
1348000000.0	-0.0393772335672
1350000000.0	0.0692184635866
1352000000.0	0.0706179232152
1354000000.0	-0.136061114227
1356000000.0	-0.00449037639712
1358000000.0	0.0185390029966
1360000000.0	-0.0450511512927
1362000000.0	0.0348932633185
1364000000.0	0.0649561792177
1366000000.0	-0.0249916126757
1368000000.0	0.117896616116
1370000000.0	-0.0424774945436
1372000000.0	-0.0399141171127
1374000000.0	0.323084253143
1376000000.0	-0.435503391678
1378000000.0	-0.0291695275178
1380000000.0	-0.0445327638302
1382000000.0	0.00445784032098
1384000000.0	0.0994378423961
1386000000.0	-0.04571977763
1388000000.0	0.0149254049437
1390000000.0	-0.0406676525874
1392000000.0	-0.142341697011
1394000000.0	-0.0642536240048
1396000000.0	0.0426510278836
1398000000.0	-0.0925341632838
1400000000.0	0.0647047847249
1402000000.0	-0.0808534543286
1404000000.0	0.0757538915243
1406000000.0	0.0528768409726
1408000000.0	-0.0766332690696
1410000000.0	0.0423599820214
1412000000.0	-0.037955197481
1414000000.0	-0.177716498492
1416000000.0	-0.120851907499
1418000000.0	0.0695476799434
1420000000.0	-0.00840868371654
1422000000.0	0.0478516850779
1424000000.0	0.0494166136534
1426000000.0	-0.085735690543
1428000000.0	-0.0582386686529
1430000000.0	-0.181412719207
1432000000.0	-0.0308932996305
1434000000.0	-0.0434025239812
1436000000.0	0.0389412070585
1438000000.0	0.217532938381
1440000000.0	0.174069392617
1442000000.0	-0.064355426612
1444000000.0	-0.173282538235
1446000000.0	-0.10593790733
1448000000.0	-0.227606483092
1450000000.0	-0.195822629092
1452000000.0	0.157664686975
1454000000.0	0.19891051401
1456000000.0	0.314597292099
1458000000.0	-0.0222930147782
1460000000.0	-0.108790879024
1462000000.0	-0.317840471384
1464000000.0	-0.159873679176
1466000000.0	-0.0487852845525
1468000000.0	0.0701943206088
1470000000.0	0.219113876171
1472000000.0	0.160463563547
1474000000.0	-0.0298534590575
1476000000.0	-0.00190107889924
1478000000.0	-0.232663713205
1480000000.0	-0.313174352911
1482000000.0	-0.0305731768204
1484000000.0	0.311807207513
1486000000.0	0.372635624965
1488000000.0	0.0366354348188
1490000000.0	-0.474326854419
1492000000.0	-0.46115306865
1494000000.0	0.00711520258912
1496000000.0	0.996290139738
1498000000.0	1.82187956727
1500000000.0	-3.9896531134
1502000000.0	0.850015059137
1504000000.0	0.566514229731
1506000000.0	0.68331212916
1508000000.0	0.568727676056
1510000000.0	0.0997228021125
1512000000.0	-0.601523887208
1514000000.0	-0.674737724393
1516000000.0	-0.383421142149
1518000000.0	0.0795185665355
1520000000.0	0.489695610223
1522000000.0	0.589337279021
1524000000.0	0.028203251048
1526000000.0	-0.117981241701
1528000000.0	-0.374474500521
1530000000.0	-0.230621768963
1532000000.0	-0.187445208685
1534000000.0	0.149736560677
1536000000.0	0.302150938674
1538000000.0	0.26065737864
1540000000.0	0.174203684571
1542000000.0	-0.121389038879
1544000000.0	-0.208574302878
1546000000.0	-0.268881246525
1548000000.0	-0.0661926889468
1550000000.0	0.0607757249384
1552000000.0	0.18939032207
1554000000.0	0.192248255605
1556000000.0	0.0407675853593
1558000000.0	-0.0894494314341
1560000000.0	-0.010464799164
1562000000.0	-0.0278815670155
1564000000.0	-0.250540766175
1566000000.0	0.081069940114
1568000000.0	0.10063834192
1570000000.0	0.0772216001194
1572000000.0	-0.0367422813676
1574000000.0	0.0520940781278
1576000000.0	-0.249537767868
1578000000.0	-0.030587853655
1580000000.0	0.105520233688
1582000000.0	0.000990037862519
1584000000.0	0.0468760111224
1586000000.0	-0.0852352719829
1588000000.0	0.0251769057338
1590000000.0	-0.0588785114036
1592000000.0	-0.040213230142
1594000000.0	-0.125215869815
1596000000.0	0.0473450548599
1598000000.0	0.0770712688929
1600000000.0	-0.0779429981582
1602000000.0	-0.136739509334
1604000000.0	-0.143338205107
1606000000.0	-0.0245180290143
1608000000.0	-0.0748210680235
1610000000.0	0.0951607224324
1612000000.0	0.0656431826095
1614000000.0	0.138511351629
1616000000.0	-0.0214301352702
1618000000.0	-0.0553641599852
1620000000.0	-0.0635816383956
1622000000.0	-0.035307580759
1624000000.0	0.170827000584
1626000000.0	-0.0342495604975
1628000000.0	-0.309475955502
1630000000.0	-0.0538459795856
1632000000.0	-0.0946932112761
1634000000.0	-0.0485476994478
1636000000.0	-0.0715603722812
1638000000.0	-0.176542568286
1640000000.0	-0.157076579725
1642000000.0	-0.0689583173035
1644000000.0	-0.0131339439186
1646000000.0	0.0196070257262
1648000000.0	0.035618561575
1650000000.0	-0.00489388990029
1652000000.0	0.0928484535942
1654000000.0	0.0129576939125
1656000000.0	0.0259845691693
1658000000.0	0.0478731095657
1660000000.0	0.0168592468038
1662000000.0	-0.0636265983895
1664000000.0	-0.150470679221
1666000000.0	-0.0906614795514
1668000000.0	-0.00897603279453
1670000000.0	-0.0954604363848
1672000000.0	0.0796910424945
1674000000.0	0.0432349339812
1676000000.0	-0.023741685649
1678000000.0	-0.0236648238043
1680000000.0	-0.11035159263
1682000000.0	0.0520240634087
1684000000.0	-0.068073798815
1686000000.0	-0.0200263354921
1688000000.0	0.0212275407316
1690000000.0	0.0860583316697
1692000000.0	0.0411795956881
1694000000.0	-0.0228142859369
1696000000.0	-0.0841992825653
1698000000.0	-0.031784140896
1700000000.0	0.161010688465
1702000000.0	-0.0197908992856
1704000000.0	-0.0324829977261
1706000000.0	0.0253307570477
1708000000.0	-0.0162802550451
1710000000.0	-0.0730261465693
1712000000.0	-0.0558554034766
1714000000.0	-0.0363946399074
1716000000.0	0.0615388870618
1718000000.0	0.0746047935712
1720000000.0	0.0664574078787
1722000000.0	-0.134509371806
1724000000.0	9.59909096398e-05
1726000000.0	-0.0446197775222
1728000000.0	0.0158482687219
1730000000.0	-0.0576991581046
1732000000.0	0.162958625029
1734000000.0	0.0424211662571
1736000000.0	0.082860280512
1738000000.0	0.000381329692202
1740000000.0	0.0180204053358
1742000000.0	0.021999452787
1744000000.0	-0.0167300332567
1746000000.0	-0.0215589414672
1748000000.0	-0.0270556804935
1750000000.0	-0.62436167753
1752000000.0	0.0394646798585
1754000000.0	0.0399968398418
1756000000.0	0.0249424506901
1758000000.0	0.036839598869
1760000000.0	-0.0961308441909
1762000000.0	0.117627244875
1764000000.0	0.0014244285908
1766000000.0	-0.130636466428
1768000000.0	-0.0472977208835
1770000000.0	0.0138993036386
1772000000.0	0.0159137312729
1774000000.0	0.0205991930838
1776000000.0	-0.00206668955726
1778000000.0	-0.0231469152239
1780000000.0	-0.105296900801
1782000000.0	0.0885476916534
1784000000.0	-0.0247103766388
1786000000.0	0.0555322902469
1788000000.0	0.0214639730035
1790000000.0	-0.0423765697523
1792000000.0	-0.0830210438953
1794000000.0	0.0862189296191
1796000000.0	-0.157767097486
1798000000.0	-0.189513242893
1800000000.0	0.739541611179
1802000000.0	-0.187855093074
1804000000.0	-0.149190804488
1806000000.0	-0.0820448777468
1808000000.0	0.0532732573939
1810000000.0	-0.00342331976206
1812000000.0	0.0620449333935
1814000000.0	0.100993350628
1816000000.0	-0.07773695335
1818000000.0	0.0476327497375
1820000000.0	-0.0570973448737
1822000000.0	-0.00670007697687
1824000000.0	0.0392557474224
1826000000.0	-0.00828115803312
1828000000.0	0.0420141744134
1830000000.0	0.103372615599
1832000000.0	0.036111611119
1834000000.0	-0.00238183875023
1836000000.0	-0.0980282716762
1838000000.0	0.031577432997
1840000000.0	-0.0229887631306
1842000000.0	-0.0168437039301
1844000000.0	-0.113061751109
1846000000.0	-0.0218371840699
1848000000.0	0.193929511997
1850000000.0	0.00973538630103
1852000000.0	0.0406253459174
1854000000.0	0.00209163763412
1856000000.0	0.000554249134182
1858000000.0	-0.0597667148285
1860000000.0	-0.0958507139777
1862000000.0	0.00885664856386
1864000000.0	-0.0166202515028
1866000000.0	-0.174089216564
1868000000.0	-0.183668315716
1870000000.0	0.013946226268
1872000000.0	0.0173414288708
1874000000.0	-0.115709584728
1876000000.0	0.0687430806824
1878000000.0	-0.0459718494101
1880000000.0	-0.155014292489
1882000000.0	-0.0970174780027
1884000000.0	0.0127918569858
1886000000.0	0.0993426080151
1888000000.0	0.0802940274926
1890000000.0	0.0586453559398
1892000000.0	0.0918378608176
1894000000.0	-0.278153322225
1896000000.0	-0.747617952233
1898000000.0	-1.35207384749
1900000000.0	4.39745583829
1902000000.0	-1.58352832616
1904000000.0	-0.894748766803
1906000000.0	-0.193860607924
1908000000.0	0.0785500317005
1910000000.0	0.2256270375
1912000000.0	0.168861292858
1914000000.0	0.164479914481
1916000000.0	0.0502697493651
1918000000.0	-0.122893995456
1920000000.0	-0.209175172267
1922000000.0	-0.168021729885
1924000000.0	0.00213508071997
1926000000.0	0.0860362597094
1928000000.0	0.0860880347785
1930000000.0	0.0412368430146
1932000000.0	0.0362403842466
1934000000.0	-0.0540565480096
1936000000.0	-0.245385516818
1938000000.0	0.0105007639
1940000000.0	0.00114497620808
1942000000.0	-0.0449841904798
1944000000.0	0.0229230181475
1946000000.0	-0.0307484982597
1948000000.0	-0.00593225468791
1950000000.0	-0.000360662111897
1952000000.0	-0.0494773573341
1954000000.0	-0.0387379382942
1956000000.0	0.107165333828
1958000000.0	0.141630828501
1960000000.0	0.0788409859321
1962000000.0	-0.0535343953286
1964000000.0	-0.0937232569439
1966000000.0	0.112756555653
1968000000.0	-0.0269129292455
1970000000.0	-0.0589525325496
1972000000.0	0.0506365225216
1974000000.0	0.162769809157
1976000000.0	-0.0128409608971
1978000000.0	0.0451286195467
1980000000.0	-0.0719710346951
1982000000.0	-0.0151721207636
1984000000.0	-0.0294766077777
1986000000.0	0.0711776084792
1988000000.0	-0.0395090396948
1990000000.0	-0.00407262226404
1992000000.0	-0.0569746815203
1994000000.0	-0.191056062448
1996000000.0	-0.135315564334
1998000000.0	-0.200571932154
2000000000.0	0.775
