0.0	-48.578245
2000000.0	3.97315195187
4000000.0	10.2757269447
6000000.0	7.83647829908
8000000.0	-3.86855492386
10000000.0	-8.37927626541
12000000.0	-9.36243084394
14000000.0	-3.37869908824
16000000.0	7.66077894387
18000000.0	15.9656457695
20000000.0	17.721792139
22000000.0	3.80502165926
24000000.0	-16.0481810832
26000000.0	-27.7955648645
28000000.0	-22.9686926324
30000000.0	-3.27043414964
32000000.0	13.3296390536
34000000.0	20.0644528146
36000000.0	9.95657521703
38000000.0	-1.65261467997
40000000.0	-14.2092764758
42000000.0	-14.8810856007
44000000.0	-9.67124865793
46000000.0	1.59592693578
48000000.0	6.78721318897
50000000.0	6.2719188429
52000000.0	-0.780696240171
54000000.0	-4.83058158192
56000000.0	-4.58150567101
58000000.0	0.166064642523
60000000.0	5.26443744021
62000000.0	6.31465282713
64000000.0	2.13267449581
66000000.0	-2.28431151571
68000000.0	-5.13524956992
70000000.0	-2.01767249088
72000000.0	3.99802702439
74000000.0	5.65779777371
76000000.0	4.93109470571
78000000.0	-0.754393357047
80000000.0	-6.80293383956
82000000.0	-6.04564739743
84000000.0	0.354993150431
86000000.0	4.68407888283
88000000.0	6.92647511184
90000000.0	2.45213390928
92000000.0	-3.36350732031
94000000.0	-6.76522553683
96000000.0	-4.29708354563
98000000.0	1.48335009624
100000000.0	4.97681003845
102000000.0	4.20280759336
104000000.0	-0.332000552452
106000000.0	-4.96180022455
108000000.0	-5.24830103615
110000000.0	-0.73812912282
112000000.0	4.4606460132
114000000.0	5.68406848687
116000000.0	4.40434770317
118000000.0	-2.69402514066
120000000.0	-6.71470934046
122000000.0	-4.73416304553
124000000.0	-0.363811061627
126000000.0	5.15826113866
128000000.0	6.06439636396
130000000.0	1.74862865074
132000000.0	-2.51067040242
134000000.0	-4.32861561964
136000000.0	-3.72365476206
138000000.0	1.5702421477
140000000.0	4.6569258025
142000000.0	4.73305374664
144000000.0	0.17328838655
146000000.0	-3.24026133002
148000000.0	-4.95473882802
150000000.0	-1.84155151694
152000000.0	1.9318815912
154000000.0	3.75968011051
156000000.0	2.18967907471
158000000.0	-0.881701438878
160000000.0	-3.06408011873
162000000.0	-2.90981004449
164000000.0	0.117887915343
166000000.0	3.1524752056
168000000.0	2.87657558838
170000000.0	0.104492967392
172000000.0	-3.77469045281
174000000.0	-4.23479713011
176000000.0	-2.07825085537
178000000.0	3.44205133588
180000000.0	6.59365793629
182000000.0	3.79732599609
184000000.0	-1.18247222949
186000000.0	-4.78112786991
188000000.0	-5.76929479037
190000000.0	-1.76570321644
192000000.0	3.45778498396
194000000.0	4.82455900267
196000000.0	2.82093935239
198000000.0	-1.20448752896
200000000.0	-3.09070904217
202000000.0	-3.34693792087
204000000.0	1.1957147537
206000000.0	4.18575660928
208000000.0	4.19378480115
210000000.0	-0.292756301791
212000000.0	-3.99444401353
214000000.0	-5.0282120401
216000000.0	-1.15166640374
218000000.0	4.06598608587
220000000.0	6.57813463545
222000000.0	3.12761938076
224000000.0	-1.82595850358
226000000.0	-6.53630864143
228000000.0	-5.6927138601
230000000.0	-0.988361883397
232000000.0	4.49278377691
234000000.0	5.55506969486
236000000.0	1.67985466111
238000000.0	-3.27963752708
240000000.0	-6.44852418041
242000000.0	-3.41935405613
244000000.0	1.6815463536
246000000.0	5.68456846449
248000000.0	5.44428993787
250000000.0	-2.09987077594
252000000.0	-5.26135840845
254000000.0	-6.59353402587
256000000.0	-1.99261697839
258000000.0	5.64815706142
260000000.0	10.3209235684
262000000.0	5.39419548287
264000000.0	-6.77785586777
266000000.0	-14.6414184982
268000000.0	-11.3263604159
270000000.0	2.94024199611
272000000.0	18.6222296108
274000000.0	21.3217532261
276000000.0	6.32664783818
278000000.0	-17.7297886648
280000000.0	-30.5276138986
282000000.0	-18.2542339898
284000000.0	11.4615554772
286000000.0	32.2730323168
288000000.0	24.177523458
290000000.0	-8.09362637101
292000000.0	-32.0842072573
294000000.0	-17.8322807453
296000000.0	35.5449527836
298000000.0	89.7416794001
300000000.0	-204.550361499
302000000.0	67.1700319681
304000000.0	44.0037471527
306000000.0	27.1948070481
308000000.0	8.12195942127
310000000.0	-14.6583576153
312000000.0	-27.7565851437
314000000.0	-23.8414781131
316000000.0	-3.26906446898
318000000.0	19.437102117
320000000.0	25.8247596684
322000000.0	12.9988054705
324000000.0	-7.95171691376
326000000.0	-18.878566513
328000000.0	-13.7689706489
330000000.0	0.93736603093
332000000.0	11.9813787472
334000000.0	11.0648026697
336000000.0	0.929362720078
338000000.0	-8.06912595395
340000000.0	-8.8841055839
342000000.0	-0.711743506553
344000000.0	6.16752428582
346000000.0	6.40488590271
348000000.0	1.28403142635
350000000.0	-4.99632884981
352000000.0	-6.33857648114
354000000.0	-1.54169409137
356000000.0	3.53873413726
358000000.0	6.83689506282
360000000.0	4.31335075445
362000000.0	-2.33287896557
364000000.0	-6.15848474839
366000000.0	-5.83266192476
368000000.0	-1.03578637909
370000000.0	4.30100372407
372000000.0	5.1577028264
374000000.0	3.17458415739
376000000.0	-0.777422581881
378000000.0	-4.60036286887
380000000.0	-3.16802989259
382000000.0	-1.56190896413
384000000.0	2.62114679518
386000000.0	3.1516426756
388000000.0	0.408781219327
390000000.0	-1.44533217704
392000000.0	-1.5013532405
394000000.0	-0.988195272637
396000000.0	1.12582688525
398000000.0	2.42703943643
400000000.0	1.836920926
402000000.0	-2.24512973872
404000000.0	-4.19638464502
406000000.0	-1.91299441761
408000000.0	0.855396043469
410000000.0	3.45991420142
412000000.0	3.48444985114
414000000.0	0.580746812058
416000000.0	-2.49740130188
418000000.0	-3.31765045994
420000000.0	-1.51367783123
422000000.0	1.53049050398
424000000.0	2.41996936695
426000000.0	1.92820703567
428000000.0	-0.0604400928496
430000000.0	-1.80394696919
432000000.0	-2.01094912273
434000000.0	-0.591891158842
436000000.0	1.49928341872
438000000.0	2.26754145383
440000000.0	0.62993443135
442000000.0	-1.0908038987
444000000.0	-2.56907331101
446000000.0	-0.646828873345
448000000.0	1.39507578732
450000000.0	1.50112971026
452000000.0	-0.102671735418
454000000.0	-0.659069094649
456000000.0	-1.92796637659
458000000.0	-1.29148681539
460000000.0	0.0902764964504
462000000.0	2.2851544181
464000000.0	1.62735094497
466000000.0	0.760528240705
468000000.0	-1.15666399495
470000000.0	-2.20146387942
472000000.0	-1.33130258968
474000000.0	0.127119990688
476000000.0	1.56044170803
478000000.0	2.5511688173
480000000.0	0.125022120463
482000000.0	-1.74738008553
484000000.0	-1.00866118995
486000000.0	0.238943627091
488000000.0	1.02123387384
490000000.0	0.918621359713
492000000.0	0.443515081496
494000000.0	-1.47245332483
496000000.0	-1.57123293963
498000000.0	-0.529476983786
500000000.0	1.97959875985
502000000.0	1.74063478242
504000000.0	2.40718734008
506000000.0	-0.305709858986
508000000.0	-1.4484537354
510000000.0	-0.987745066812
512000000.0	0.10579310824
514000000.0	1.59563214648
516000000.0	1.07751226784
518000000.0	0.357203365005
520000000.0	-1.01334381674
522000000.0	-0.44079079316
524000000.0	0.117134203793
526000000.0	-1.20823710038
528000000.0	1.41705078158
530000000.0	1.13416887928
532000000.0	-0.391294485486
534000000.0	-1.27221486584
536000000.0	-0.921391877389
538000000.0	-1.01360244006
540000000.0	1.26576733198
542000000.0	1.25444432899
544000000.0	0.355925737632
546000000.0	-0.630191683368
548000000.0	-1.40785378088
550000000.0	0.278670109555
552000000.0	0.755912912083
554000000.0	0.848166407941
556000000.0	1.79801141081
558000000.0	0.0217291284259
560000000.0	-1.1902808289
562000000.0	-0.956673184176
564000000.0	-0.0564016014524
566000000.0	0.617610320383
568000000.0	1.03826618789
570000000.0	1.79722226777
572000000.0	-0.693385900626
574000000.0	-0.884396749708
576000000.0	-0.690250785616
578000000.0	0.311040621928
580000000.0	1.03244448844
582000000.0	0.441912869612
584000000.0	-0.0290263562449
586000000.0	-0.409014919238
588000000.0	-0.800798081575
590000000.0	-0.639439362052
592000000.0	1.19248840755
594000000.0	0.824331935419
596000000.0	0.86494015923
598000000.0	0.299915699307
600000000.0	-1.86322100903
602000000.0	-0.431634893166
604000000.0	0.574508305285
606000000.0	0.286175341703
608000000.0	0.970047415229
610000000.0	-0.172007137532
612000000.0	-0.0962779478552
614000000.0	-0.43630622
616000000.0	-0.341310386259
618000000.0	0.252324651038
620000000.0	0.461627362743
622000000.0	-0.0494264854248
624000000.0	-1.61344384936
626000000.0	1.70780221926
628000000.0	-0.537752492445
630000000.0	0.0551335226908
632000000.0	0.422136369999
634000000.0	0.386323721922
636000000.0	1.14488142035
638000000.0	-0.328485847275
640000000.0	-0.963585590308
642000000.0	-0.698358446437
644000000.0	0.274231592881
646000000.0	0.938589604081
648000000.0	0.50462181686
650000000.0	-0.0448017494187
652000000.0	-0.145790455389
654000000.0	-0.318986215877
656000000.0	0.121342590901
658000000.0	0.34965221954
660000000.0	0.365400755303
662000000.0	0.857062541495
664000000.0	-0.0123496287047
666000000.0	-0.754270408227
668000000.0	-0.396070968729
670000000.0	-0.00783930505907
672000000.0	0.537007408892
674000000.0	0.313822918165
676000000.0	-0.0815206825236
678000000.0	0.0276435656762
680000000.0	-0.57363935382
682000000.0	-0.261313755582
684000000.0	0.708303743083
686000000.0	-0.226091091651
688000000.0	-0.0169346606998
690000000.0	-0.0733445383396
692000000.0	-0.0543665144294
694000000.0	-0.853469930515
696000000.0	0.51481407962
698000000.0	0.554404392835
700000000.0	0.110007875347
702000000.0	-0.332662615379
704000000.0	0.437223299357
706000000.0	-0.894587466935
708000000.0	0.104713736138
710000000.0	0.408178908487
712000000.0	-0.57808505893
714000000.0	0.340705107891
716000000.0	-0.302593084256
718000000.0	-0.987004314488
720000000.0	-0.669770035448
722000000.0	-0.715142810321
724000000.0	0.278475944215
726000000.0	0.655257406716
728000000.0	0.655025056801
730000000.0	0.0650195716996
732000000.0	-0.54684463649
734000000.0	-0.0460824373638
736000000.0	0.18357253288
738000000.0	-0.0645378492329
740000000.0	0.142915826573
742000000.0	0.067247490377
744000000.0	0.581394308983
746000000.0	-0.792624473778
748000000.0	-0.417281570798
750000000.0	0.686738232242
752000000.0	0.133064381771
754000000.0	-0.0355783653203
756000000.0	-0.0861486088009
758000000.0	0.779154053139
760000000.0	0.478823741619
762000000.0	-0.256773169343
764000000.0	0.298165539926
766000000.0	0.502382078419
768000000.0	0.566371063827
770000000.0	0.457625787537
772000000.0	-0.441585143722
774000000.0	-0.388594882934
776000000.0	-0.713390648866
778000000.0	0.994832833024
780000000.0	0.527728295432
782000000.0	0.654221155458
784000000.0	0.0129695461101
786000000.0	0.301262074157
788000000.0	-0.855197440222
790000000.0	-0.732870746787
792000000.0	0.629963685846
794000000.0	0.238883798727
796000000.0	0.0197077175927
798000000.0	-0.12672223048
800000000.0	0.658858946477
802000000.0	-0.601310337803
804000000.0	-0.738942517898
806000000.0	0.245225977126
808000000.0	0.0269695633031
810000000.0	-0.0287238663917
812000000.0	-0.461847864622
814000000.0	-0.787135881737
816000000.0	-0.184410640156
818000000.0	0.017032120225
820000000.0	0.93770554685
822000000.0	0.797037577826
824000000.0	0.484697666972
826000000.0	-0.995827790565
828000000.0	-1.6940697078
830000000.0	0.181931471105
832000000.0	0.435728758459
834000000.0	1.18168413119
836000000.0	0.170187311947
838000000.0	-0.265626965991
840000000.0	-0.610713835676
842000000.0	-1.36012240087
844000000.0	-0.300342969292
846000000.0	0.143009417215
848000000.0	1.03380059684
850000000.0	0.178981880479
852000000.0	-0.514263285554
854000000.0	-1.75076057292
856000000.0	-0.360263765611
858000000.0	-0.0532933464755
860000000.0	2.26425802478
862000000.0	1.88849361521
864000000.0	-1.95795114256
866000000.0	-3.46029085156
868000000.0	-3.18031992349
870000000.0	0.207456493786
872000000.0	4.90146720479
874000000.0	4.95797658545
876000000.0	3.25970938907
878000000.0	-4.55946293336
880000000.0	-8.27557751145
882000000.0	-4.68102874956
884000000.0	1.9387597579
886000000.0	9.2714124532
888000000.0	6.54219152953
890000000.0	-2.14862245557
892000000.0	-7.99148636259
894000000.0	-4.14542408175
896000000.0	10.7043132057
898000000.0	24.9429415263
900000000.0	-56.489032865
902000000.0	17.2347763926
904000000.0	12.6153590904
906000000.0	7.30711497001
908000000.0	3.08847024431
910000000.0	-4.25606348199
912000000.0	-7.84761836773
914000000.0	-6.41337129441
916000000.0	-0.480420316706
918000000.0	5.46380606754
920000000.0	7.8042000193
922000000.0	3.11136093871
924000000.0	-3.079201536
926000000.0	-5.42246585823
928000000.0	-3.49015269524
930000000.0	0.62229219859
932000000.0	3.56588586657
934000000.0	3.50944006825
936000000.0	0.36211213353
938000000.0	-2.59269305961
940000000.0	-2.68305308052
942000000.0	-0.0299137776476
944000000.0	2.61138891269
946000000.0	2.34367480371
948000000.0	-0.0517234390125
950000000.0	-1.48789720695
952000000.0	-1.12686367659
954000000.0	-0.314991965206
956000000.0	1.62102376077
958000000.0	2.29182363193
960000000.0	0.627256637826
962000000.0	-1.31942413078
964000000.0	-1.83787705945
966000000.0	-1.36682716623
968000000.0	0.572487694772
970000000.0	1.69029370346
972000000.0	1.68869073147
974000000.0	0.728732704137
976000000.0	-0.835565964613
978000000.0	-1.51893680294
980000000.0	-0.835494507943
982000000.0	0.568900681908
984000000.0	0.883425657907
986000000.0	0.562546833491
988000000.0	-0.581396828712
990000000.0	-0.662715760248
992000000.0	-1.23319218229
994000000.0	0.538485955992
996000000.0	1.32089747605
998000000.0	1.80207191213
1000000000.0	-2.54683
1002000000.0	0.0784455029884
1004000000.0	-1.13063214638
1006000000.0	-1.31574518312
1008000000.0	0.90102409277
1010000000.0	0.543749794368
1012000000.0	1.41333417946
1014000000.0	-0.158989151656
1016000000.0	-0.970234259713
1018000000.0	-0.721806083188
1020000000.0	-0.591809249026
1022000000.0	0.38463486713
1024000000.0	0.918578313648
1026000000.0	-0.400943932543
1028000000.0	-0.890916893375
1030000000.0	-1.07830656352
1032000000.0	-1.36423410364
1034000000.0	1.07214668455
1036000000.0	1.0110514871
1038000000.0	1.45724468965
1040000000.0	-0.340808189364
1042000000.0	-0.193882877408
1044000000.0	-0.562941660167
1046000000.0	-0.632562895687
1048000000.0	0.802623422633
1050000000.0	1.10453181085
1052000000.0	-0.418784320224
1054000000.0	-0.388667720309
1056000000.0	-0.63974305921
1058000000.0	-0.445616011565
1060000000.0	0.667240667943
1062000000.0	0.891818534088
1064000000.0	0.963555145411
1066000000.0	0.256328703041
1068000000.0	-0.142798618243
1070000000.0	0.185733718451
1072000000.0	0.417911305912
1074000000.0	0.472762542734
1076000000.0	0.8525114618
1078000000.0	0.780802738833
1080000000.0	-0.423492167925
1082000000.0	-0.352674919472
1084000000.0	-0.300588743039
1086000000.0	0.584471938163
1088000000.0	1.1010194892
1090000000.0	0.148766638226
1092000000.0	-0.0293658628928
1094000000.0	-1.05012852293
1096000000.0	-0.623083657285
1098000000.0	0.106283267155
1100000000.0	0.410252489833
1102000000.0	0.299012202806
1104000000.0	0.152314825723
1106000000.0	0.357350618026
1108000000.0	-0.961338501495
1110000000.0	-0.0904493874713
1112000000.0	-0.00634710968545
1114000000.0	0.601087796527
1116000000.0	0.50933337758
1118000000.0	-0.426336391998
1120000000.0	-1.15958221298
1122000000.0	-0.686437912768
1124000000.0	0.0500381805618
1126000000.0	0.586612661386
1128000000.0	0.319038994975
1130000000.0	-0.0684696641258
1132000000.0	-0.231582784423
1134000000.0	0.0103549507985
1136000000.0	-0.726606726818
1138000000.0	0.0572657421617
1140000000.0	0.125372572962
1142000000.0	1.1607679462
1144000000.0	-0.0637107658196
1146000000.0	-0.981726842344
1148000000.0	0.314389425388
1150000000.0	0.559067333211
1152000000.0	-0.342297326609
1154000000.0	-1.25362408757
1156000000.0	-0.224508021875
1158000000.0	0.0793178855494
1160000000.0	-0.486977927124
1162000000.0	-1.26362543516
1164000000.0	0.293483500934
1166000000.0	0.105442371489
1168000000.0	-0.455015529348
1170000000.0	0.0735745006906
1172000000.0	-0.371837576236
1174000000.0	-0.0866854978927
1176000000.0	0.0195538900206
1178000000.0	0.0372131409075
1180000000.0	0.450750400201
1182000000.0	0.20541553319
1184000000.0	-0.0765886418245
1186000000.0	-0.257699709797
1188000000.0	0.0713998819121
1190000000.0	-0.13649200555
1192000000.0	0.956823034304
1194000000.0	-0.00597979461462
1196000000.0	1.0106068968
1198000000.0	1.28893454281
1200000000.0	-4.102528426
1202000000.0	1.52140650131
1204000000.0	0.732471115902
1206000000.0	0.545979174182
1208000000.0	0.204919880458
1210000000.0	-0.525552120372
1212000000.0	-0.0652006986025
1214000000.0	-0.347723278942
1216000000.0	0.194916667512
1218000000.0	-0.205621529168
1220000000.0	-0.348617392744
1222000000.0	-0.329940753045
1224000000.0	0.980185685213
1226000000.0	-0.522006534903
1228000000.0	0.934353221376
1230000000.0	-0.160519806496
1232000000.0	-0.252864495903
1234000000.0	-0.888170040656
1236000000.0	-0.447889210282
1238000000.0	0.0728071814324
1240000000.0	-0.319193099197
1242000000.0	0.472795478276
1244000000.0	0.529826243163
1246000000.0	0.185670498339
1248000000.0	-0.22049476984
1250000000.0	3.16887023048
1252000000.0	-0.017351837065
1254000000.0	0.298779784243
1256000000.0	-0.448379615885
1258000000.0	-0.0615388079609
1260000000.0	-0.205012562251
1262000000.0	0.604492042935
1264000000.0	0.516998783641
1266000000.0	0.0505475861303
1268000000.0	0.25137873505
1270000000.0	-0.00850831569272
1272000000.0	0.482775820637
1274000000.0	-0.671296813528
1276000000.0	0.587501125643
1278000000.0	0.580202309463
1280000000.0	0.0360653879084
1282000000.0	0.0741643042872
1284000000.0	-0.101225052387
1286000000.0	-0.187472632755
1288000000.0	-0.243470311666
1290000000.0	0.125804100947
1292000000.0	0.430343290571
1294000000.0	0.607893506676
1296000000.0	1.08196390343
1298000000.0	0.125352648623
1300000000.0	-2.59099012238
1302000000.0	1.12049029065
1304000000.0	0.956269718762
1306000000.0	0.363348577207
1308000000.0	0.597475924891
1310000000.0	0.64784583612
1312000000.0	-0.0460289379888
1314000000.0	-0.000111240524743
1316000000.0	0.152864358899
1318000000.0	-0.819608100465
1320000000.0	-0.230088628901
1322000000.0	0.622889005168
1324000000.0	0.676838358127
1326000000.0	0.42394746021
1328000000.0	0.241247637736
1330000000.0	0.433673610851
1332000000.0	0.0911136743202
1334000000.0	-0.238300483637
1336000000.0	0.92546644861
1338000000.0	-0.710892532074
1340000000.0	-0.164044915193
1342000000.0	0.238819641614
1344000000.0	0.896758826341
1346000000.0	-0.261714236799
1348000000.0	0.0645330735877
1350000000.0	-0.215633832983
1352000000.0	0.0430071023559
1354000000.0	-0.0862455321128
1356000000.0	0.507424256799
1358000000.0	0.00669066597407
1360000000.0	-0.294811125212
1362000000.0	0.223993410932
1364000000.0	1.21924872255
1366000000.0	-0.185279451815
1368000000.0	0.728325402898
1370000000.0	0.482890132651
1372000000.0	-0.210157963473
1374000000.0	1.17818241516
1376000000.0	-1.98516774509
1378000000.0	-0.309706568603
1380000000.0	0.667033670062
1382000000.0	-0.153917342962
1384000000.0	-0.342765294102
1386000000.0	0.3449067843
1388000000.0	0.524398334789
1390000000.0	-0.29382397574
1392000000.0	0.356097980469
1394000000.0	0.280277890317
1396000000.0	0.829138183834
1398000000.0	-1.18336063316
1400000000.0	0.985382484507
1402000000.0	-0.763154585442
1404000000.0	-1.40325917486
1406000000.0	-0.0554080522623
1408000000.0	0.573589246571
1410000000.0	0.963246763262
1412000000.0	-0.219111764437
1414000000.0	-0.676675207038
1416000000.0	-0.394384019668
1418000000.0	0.520508247987
1420000000.0	0.296991655945
1422000000.0	0.241628038364
1424000000.0	-0.00384605264183
1426000000.0	-0.594603612188
1428000000.0	-0.276659971977
1430000000.0	-0.195674746526
1432000000.0	0.378622248405
1434000000.0	-0.153236296718
1436000000.0	0.542140414496
1438000000.0	0.38811102302
1440000000.0	-0.57651690108
1442000000.0	-0.1434958495
1444000000.0	-0.980534175324
1446000000.0	0.604678773604
1448000000.0	0.847155155747
1450000000.0	0.403457484042
1452000000.0	-0.451800488809
1454000000.0	-1.01114208094
1456000000.0	-0.252745605222
1458000000.0	0.798332780401
1460000000.0	0.799190751502
1462000000.0	0.806534558924
1464000000.0	-0.579309470583
1466000000.0	-1.36283270829
1468000000.0	-1.20886836304
1470000000.0	-0.43230222773
1472000000.0	1.7547368171
1474000000.0	1.97858299802
1476000000.0	1.28461364577
1478000000.0	-1.7381410375
1480000000.0	-2.8362188738
1482000000.0	-2.1729410938
1484000000.0	0.835092561719
1486000000.0	3.78714104759
1488000000.0	1.88227730274
1490000000.0	0.246830620799
1492000000.0	-2.76470390011
1494000000.0	-1.94119451034
1496000000.0	1.66103368632
1498000000.0	7.78463469156
1500000000.0	-16.9792987598
1502000000.0	4.42977802681
1504000000.0	2.94670275263
1506000000.0	3.50243731594
1508000000.0	1.64481776218
1510000000.0	-0.881157044027
1512000000.0	-2.69704788753
1514000000.0	-2.52540061102
1516000000.0	0.202646616543
1518000000.0	3.13238921094
1520000000.0	2.1977708789
1522000000.0	0.819068428646
1524000000.0	-0.508271827196
1526000000.0	-2.5212214783
1528000000.0	-1.80314326285
1530000000.0	0.561530369391
1532000000.0	2.02145866226
1534000000.0	0.979993518015
1536000000.0	-0.479312857509
1538000000.0	-1.86261955843
1540000000.0	-0.639812660075
1542000000.0	0.489010957522
1544000000.0	0.432964195386
1546000000.0	0.826052124486
1548000000.0	-0.655371360956
1550000000.0	-0.426533688738
1552000000.0	0.0501847427283
1554000000.0	-0.0631900709623
1556000000.0	0.457707282562
1558000000.0	0.432453834728
1560000000.0	1.01364819093
1562000000.0	-0.100508930076
1564000000.0	-0.0465290789902
1566000000.0	-0.43759314688
1568000000.0	0.418070088474
1570000000.0	0.569353684862
1572000000.0	0.710338207551
1574000000.0	0.314175609291
1576000000.0	0.208298697543
1578000000.0	-0.341779197387
1580000000.0	-0.523810920137
1582000000.0	-0.34732823789
1584000000.0	0.478764928308
1586000000.0	-0.0284226367889
1588000000.0	0.427707634433
1590000000.0	0.137531854838
1592000000.0	0.0755078211451
1594000000.0	-0.534683288415
1596000000.0	-0.149385675691
1598000000.0	1.13960832647
1600000000.0	-1.01818644648
1602000000.0	0.237694805691
1604000000.0	-0.344851952123
1606000000.0	0.0422938414686
1608000000.0	0.668677945016
1610000000.0	0.37710569579
1612000000.0	0.562376389201
1614000000.0	-0.388061606061
1616000000.0	0.501081112981
1618000000.0	-0.0254357730367
1620000000.0	0.445151386756
1622000000.0	0.538773525465
1624000000.0	0.109524285011
1626000000.0	-0.620153424893
1628000000.0	0.143953854222
1630000000.0	-0.866408440907
1632000000.0	-0.173973274659
1634000000.0	0.145796834729
1636000000.0	0.297156195951
1638000000.0	-0.123932268855
1640000000.0	-0.206180332558
1642000000.0	0.676160067986
1644000000.0	-0.519556123304
1646000000.0	-0.0871324156498
1648000000.0	0.399801189838
1650000000.0	-0.346391617462
1652000000.0	-0.597837564454
1654000000.0	-0.715518921999
1656000000.0	0.411026398215
1658000000.0	-0.0704292748936
1660000000.0	0.31652904367
1662000000.0	-0.0662658552341
1664000000.0	0.00345130934289
1666000000.0	0.12536222464
1668000000.0	0.401682105748
1670000000.0	-0.545895929688
1672000000.0	0.143934878
1674000000.0	-0.95571545205
1676000000.0	0.340302761706
1678000000.0	-0.485383485721
1680000000.0	0.143093077353
1682000000.0	-0.351890268205
1684000000.0	0.193988650309
1686000000.0	-0.251846202492
1688000000.0	0.117059995667
1690000000.0	0.110510282067
1692000000.0	-0.502669093464
1694000000.0	-0.502141136755
1696000000.0	0.508528508324
1698000000.0	0.352484601777
1700000000.0	-0.952954017246
1702000000.0	0.146759604948
1704000000.0	0.462955402709
1706000000.0	-0.542499127548
1708000000.0	0.0378711460654
1710000000.0	-0.137943715124
1712000000.0	0.671651637108
1714000000.0	0.156449833284
1716000000.0	0.346888491023
1718000000.0	0.0180376391063
1720000000.0	-0.0225838394612
1722000000.0	-0.383092205177
1724000000.0	-0.144883319593
1726000000.0	0.00562557730405
1728000000.0	0.0699605907868
1730000000.0	0.0307714223843
1732000000.0	-0.149561010707
1734000000.0	0.227322109092
1736000000.0	-0.268283024697
1738000000.0	-0.366568421294
1740000000.0	-0.114506297027
1742000000.0	0.041739773217
1744000000.0	0.371873448592
1746000000.0	0.0293822382645
1748000000.0	0.200775514305
1750000000.0	2.99434231322
1752000000.0	0.590404509217
1754000000.0	0.305568583044
1756000000.0	0.450369832484
1758000000.0	0.113868139616
1760000000.0	-0.12849368301
1762000000.0	-0.463337872486
1764000000.0	0.320747856558
1766000000.0	0.0665229744948
1768000000.0	0.429144733871
1770000000.0	0.613774247881
1772000000.0	-0.111771788667
1774000000.0	-0.781157515995
1776000000.0	-0.502804586385
1778000000.0	0.178233985607
1780000000.0	0.266750376576
1782000000.0	-0.53767747336
1784000000.0	-0.163324781482
1786000000.0	0.317210785712
1788000000.0	-0.307292990031
1790000000.0	-0.781050989495
1792000000.0	-0.259475981285
1794000000.0	0.775850680563
1796000000.0	-0.135490674432
1798000000.0	0.905469913439
1800000000.0	-2.4689974333
1802000000.0	1.19281911101
1804000000.0	1.02865071689
1806000000.0	0.441929637258
1808000000.0	0.205432799433
1810000000.0	-0.569227479508
1812000000.0	-0.29619353324
1814000000.0	0.279481522158
1816000000.0	0.0618379219352
1818000000.0	-0.360018927502
1820000000.0	0.0210395367003
1822000000.0	-0.847311729815
1824000000.0	0.208100759172
1826000000.0	0.00288495463902
1828000000.0	-0.0520666562351
1830000000.0	0.233810607124
1832000000.0	0.346754388071
1834000000.0	-0.345749967137
1836000000.0	-0.266816542701
1838000000.0	-0.47158572263
1840000000.0	-0.154108245908
1842000000.0	0.253502490175
1844000000.0	0.661628036998
1846000000.0	-0.907568787197
1848000000.0	0.0727247399316
1850000000.0	0.296204893189
1852000000.0	-0.0371652758175
1854000000.0	0.767633710758
1856000000.0	0.0600183494213
1858000000.0	0.756234133074
1860000000.0	-0.0634486192886
1862000000.0	0.0875848201957
1864000000.0	-0.175130033071
1866000000.0	0.0785144027356
1868000000.0	0.252377721132
1870000000.0	-0.464724760535
1872000000.0	0.00714044311219
1874000000.0	-0.0700947519659
1876000000.0	0.347106529631
1878000000.0	0.327909301656
1880000000.0	0.541959243061
1882000000.0	0.886285916078
1884000000.0	-0.0838670489267
1886000000.0	-0.916776665973
1888000000.0	-0.621683609767
1890000000.0	-1.01518228765
1892000000.0	0.474489715402
1894000000.0	0.599238622598
1896000000.0	1.78072176639
1898000000.0	1.24183952659
1900000000.0	-6.22653190033
1902000000.0	2.37159659593
1904000000.0	1.23075485682
1906000000.0	-0.155594884745
1908000000.0	-1.59389469069
1910000000.0	-0.408779324023
1912000000.0	0.235659236894
1914000000.0	1.13247333015
1916000000.0	0.483017058466
1918000000.0	0.0595596444384
1920000000.0	-0.369270308489
1922000000.0	-0.611947206022
1924000000.0	-0.0186459965377
1926000000.0	0.502454561824
1928000000.0	0.480847588779
1930000000.0	-0.0736349409525
1932000000.0	0.598054494961
1934000000.0	-0.193566771826
1936000000.0	0.0327713610443
1938000000.0	0.444283733233
1940000000.0	0.759829574034
1942000000.0	0.625623909471
1944000000.0	-0.397105413468
1946000000.0	-0.335461799553
1948000000.0	-0.792880210677
1950000000.0	-0.359903602179
1952000000.0	0.284519726287
1954000000.0	-0.125364488883
1956000000.0	0.45978311366
1958000000.0	-0.436438648818
1960000000.0	0.0327402093066
1962000000.0	-1.07372541878
1964000000.0	0.272083328932
1966000000.0	0.364252907465
1968000000.0	-0.326098556404
1970000000.0	0.241854289319
1972000000.0	0.421564786117
1974000000.0	-0.175647349587
1976000000.0	0.0338610653359
1978000000.0	-0.230242629876
1980000000.0	0.289298225094
1982000000.0	0.48599345099
1984000000.0	0.973524907243
1986000000.0	-0.0194138012475
1988000000.0	-0.123816486654
1990000000.0	0.138452074131
1992000000.0	-0.109401404908
1994000000.0	-0.339755440285
1996000000.0	-0.891614083574
1998000000.0	-0.5146452731
2000000000.0	3.671865
