0.0	-1.759375
2000000.0	0.399832129604
4000000.0	1.87390135608
6000000.0	0.557031777473
8000000.0	0.322335768415
10000000.0	0.0812207438868
12000000.0	-0.834344854342
14000000.0	-0.851269161886
16000000.0	0.66023391268
18000000.0	2.94296869587
20000000.0	4.2789622706
22000000.0	3.34569308775
24000000.0	1.06727690917
26000000.0	-1.53809524458
28000000.0	-3.24694247457
30000000.0	-4.06515154554
32000000.0	-3.00737261133
34000000.0	-0.463820235476
36000000.0	3.44546752528
38000000.0	4.75608676986
40000000.0	2.97991753156
42000000.0	1.23037626608
44000000.0	-0.852594803334
46000000.0	-2.16551128729
48000000.0	-1.89938829372
50000000.0	-0.686209434142
52000000.0	0.933108798326
54000000.0	1.60115863673
56000000.0	1.10170937028
58000000.0	0.0462673808176
60000000.0	-1.36660612912
62000000.0	-1.72754279601
64000000.0	-1.1186074276
66000000.0	0.160432891358
68000000.0	1.5149389013
70000000.0	1.70982388523
72000000.0	0.940874233123
74000000.0	-0.436874105783
76000000.0	-1.95816235267
78000000.0	-1.73024323378
80000000.0	-0.946495123064
82000000.0	0.298714218859
84000000.0	0.94121139196
86000000.0	0.943524571071
88000000.0	0.48642965289
90000000.0	0.0137932839491
92000000.0	-0.572860358047
94000000.0	-0.539237037135
96000000.0	-0.315368582448
98000000.0	-0.10423089849
100000000.0	0.00537491191944
102000000.0	-0.370584310605
104000000.0	-0.45603544884
106000000.0	-0.301824686582
108000000.0	0.520619878392
110000000.0	0.836322573172
112000000.0	1.07372563214
114000000.0	0.594290468936
116000000.0	-0.624328337186
118000000.0	-1.25965260686
120000000.0	-1.40874483065
122000000.0	-0.640922857694
124000000.0	0.639281494137
126000000.0	0.973372415625
128000000.0	1.6213283219
130000000.0	0.879708407305
132000000.0	-0.148647870748
134000000.0	-1.15970432158
136000000.0	-1.44821791225
138000000.0	-1.0960360147
140000000.0	-0.253734768697
142000000.0	0.645075839304
144000000.0	0.953554155092
146000000.0	0.805182797584
148000000.0	0.49960535879
150000000.0	-0.376909321472
152000000.0	-0.527494150341
154000000.0	-0.840281433013
156000000.0	-0.495422833105
158000000.0	-0.0200551942575
160000000.0	0.258679706781
162000000.0	0.24890205093
164000000.0	0.180016740674
166000000.0	0.233738791781
168000000.0	0.0581394805252
170000000.0	-0.240426816573
172000000.0	-0.187263183324
174000000.0	-0.428548336712
176000000.0	-0.372075037524
178000000.0	0.102780164046
180000000.0	0.41020216195
182000000.0	0.348582857668
184000000.0	0.308008557767
186000000.0	0.0222690339395
188000000.0	-0.308679407252
190000000.0	-0.47316801175
192000000.0	-0.299576816607
194000000.0	-0.082162783504
196000000.0	0.274567612039
198000000.0	0.44931391033
200000000.0	0.484866610062
202000000.0	0.0185978388347
204000000.0	-0.248294534714
206000000.0	-0.411952053858
208000000.0	-0.389906191182
210000000.0	-0.102028076977
212000000.0	0.0383567189595
214000000.0	0.154735253287
216000000.0	-0.177242034251
218000000.0	-0.0929873307478
220000000.0	0.0345814754376
222000000.0	0.416284780054
224000000.0	0.416389580982
226000000.0	0.260279765847
228000000.0	-0.463903115178
230000000.0	-0.857855923952
232000000.0	-0.88899983198
234000000.0	-0.239452423291
236000000.0	0.726147073985
238000000.0	1.20250174772
240000000.0	1.15635065283
242000000.0	0.63227836548
244000000.0	-0.397992822033
246000000.0	-1.4497622265
248000000.0	-1.71509710728
250000000.0	-0.574923775669
252000000.0	0.560322152573
254000000.0	2.14431952508
256000000.0	2.15553660425
258000000.0	0.759503942781
260000000.0	-1.37395094338
262000000.0	-2.52833760222
264000000.0	-1.72876486341
266000000.0	-0.0239725226015
268000000.0	1.30587814892
270000000.0	1.64265241205
272000000.0	1.14799603692
274000000.0	0.190182531858
276000000.0	-0.519142425733
278000000.0	-1.82648357948
280000000.0	-1.97068534217
282000000.0	-0.0832872708211
284000000.0	2.87289484697
286000000.0	3.52823982719
288000000.0	-0.656584042534
290000000.0	-7.12163944714
292000000.0	-8.01038927296
294000000.0	2.61924004461
296000000.0	22.4207112152
298000000.0	39.7895828721
300000000.0	-100.05271056
302000000.0	28.2702303071
304000000.0	16.9475839471
306000000.0	9.47855523242
308000000.0	3.72965944699
310000000.0	-2.43501570954
312000000.0	-7.86661186274
314000000.0	-8.52506223052
316000000.0	-3.40623083044
318000000.0	4.00369595569
320000000.0	7.93191570499
322000000.0	5.86210891409
324000000.0	0.31190443392
326000000.0	-4.41504089513
328000000.0	-5.21020401054
330000000.0	-2.83405317254
332000000.0	0.447637878488
334000000.0	2.85141230562
336000000.0	3.26939981033
338000000.0	2.07100235199
340000000.0	-0.109146048353
342000000.0	-2.23716026765
344000000.0	-2.92604930103
346000000.0	-1.55750645289
348000000.0	0.727208719236
350000000.0	2.44227689847
352000000.0	2.0531709806
354000000.0	0.551672010805
356000000.0	-1.4101765466
358000000.0	-1.96859477658
360000000.0	-1.20447915833
362000000.0	0.478189682741
364000000.0	1.4464965575
366000000.0	1.33798445345
368000000.0	0.383154719945
370000000.0	-0.716702058476
372000000.0	-1.44118176957
374000000.0	-1.09555280393
376000000.0	-0.242843318608
378000000.0	1.05178871668
380000000.0	1.5489460777
382000000.0	1.12381309513
384000000.0	-0.288669097689
386000000.0	-1.463617159
388000000.0	-1.6656791375
390000000.0	-0.82514235352
392000000.0	0.560229313618
394000000.0	1.49088032096
396000000.0	1.36264083865
398000000.0	0.47536054364
400000000.0	-0.497574600154
402000000.0	-1.52051907472
404000000.0	-1.32328500588
406000000.0	-0.209602195745
408000000.0	0.707518099264
410000000.0	1.25820514401
412000000.0	1.08513428255
414000000.0	0.016288295955
416000000.0	-0.685765150919
418000000.0	-1.12379816225
420000000.0	-0.759841694305
422000000.0	0.0657800625279
424000000.0	0.680065849997
426000000.0	0.941376181826
428000000.0	0.384768582887
430000000.0	-0.351673568122
432000000.0	-0.677126396259
434000000.0	-0.545799363159
436000000.0	-0.113775604751
438000000.0	0.330031295502
440000000.0	0.452386464552
442000000.0	0.381130890295
444000000.0	-0.28392972778
446000000.0	-0.629493835141
448000000.0	-0.481553794048
450000000.0	-0.208731075871
452000000.0	0.412687373019
454000000.0	0.680554939319
456000000.0	0.304671776824
458000000.0	-0.0547237796025
460000000.0	-0.495171218099
462000000.0	-0.428699452073
464000000.0	-0.271662445532
466000000.0	0.0643288958307
468000000.0	0.636208833031
470000000.0	0.544858205493
472000000.0	0.093554567169
474000000.0	-0.381966038411
476000000.0	-0.614859068567
478000000.0	-0.452272661894
480000000.0	-0.180080507168
482000000.0	0.40258227987
484000000.0	0.434661067457
486000000.0	0.451054305766
488000000.0	0.19869541387
490000000.0	-0.378289437373
492000000.0	-0.455811516925
494000000.0	-0.228691668382
496000000.0	0.106054176541
498000000.0	0.365096080278
500000000.0	0.660540772093
502000000.0	-0.0781512132498
504000000.0	-0.334571863058
506000000.0	-0.325610775585
508000000.0	-0.132841485965
510000000.0	0.0783313112629
512000000.0	0.180501095177
514000000.0	0.21279583155
516000000.0	0.075590590483
518000000.0	-0.340209485867
520000000.0	-0.346679888044
522000000.0	-0.0598160763772
524000000.0	-0.0526413772463
526000000.0	0.532173283155
528000000.0	0.435560187036
530000000.0	0.143262483038
532000000.0	-0.186845047429
534000000.0	-0.476320864242
536000000.0	-0.431099352682
538000000.0	-0.0548206494797
540000000.0	0.376681255554
542000000.0	0.510756488711
544000000.0	0.408655843928
546000000.0	0.0626793297176
548000000.0	-0.306907760311
550000000.0	-0.413930351483
552000000.0	-0.16161892904
554000000.0	0.140971028044
556000000.0	0.337816741388
558000000.0	0.395982361956
560000000.0	0.253184522362
562000000.0	-0.0583110437525
564000000.0	-0.475549166609
566000000.0	-0.384432570895
568000000.0	-0.044873585746
570000000.0	0.27240089606
572000000.0	0.279744029917
574000000.0	0.240314081739
576000000.0	-0.158562804915
578000000.0	-0.327270970551
580000000.0	-0.257670827428
582000000.0	-0.028415157479
584000000.0	0.180289925864
586000000.0	0.321542536755
588000000.0	0.108376864874
590000000.0	-0.0368516795144
592000000.0	-0.341634007014
594000000.0	-0.16388107636
596000000.0	-0.113656760779
598000000.0	0.271162245537
600000000.0	-0.200437871946
602000000.0	0.478450339496
604000000.0	0.250068362747
606000000.0	-0.212078842978
608000000.0	-0.536901235406
610000000.0	-0.350191009831
612000000.0	-0.0262478560882
614000000.0	0.275019700827
616000000.0	0.330502792741
618000000.0	0.186723065486
620000000.0	-0.155575341685
622000000.0	-0.393465867308
624000000.0	-0.408857622393
626000000.0	0.0755173882712
628000000.0	0.326946534184
630000000.0	0.40128691189
632000000.0	0.23556669959
634000000.0	0.164546229748
636000000.0	-0.229727550303
638000000.0	-0.364288265802
640000000.0	-0.13086102281
642000000.0	0.0516948561237
644000000.0	0.311563870481
646000000.0	0.359725166549
648000000.0	0.0890513203463
650000000.0	-0.263420952034
652000000.0	-0.264832425551
654000000.0	-0.0402894430555
656000000.0	0.0299781318387
658000000.0	0.281748247857
660000000.0	0.193643599289
662000000.0	0.250986520138
664000000.0	-0.154432897426
666000000.0	-0.185698432112
668000000.0	-0.201950755065
670000000.0	-0.0122608727284
672000000.0	0.148927697148
674000000.0	0.336078117969
676000000.0	0.159465897789
678000000.0	-0.0766091383784
680000000.0	-0.155148230863
682000000.0	-0.473109731086
684000000.0	-0.204979508064
686000000.0	0.00471337224853
688000000.0	0.293858201614
690000000.0	0.343485432459
692000000.0	0.204643299738
694000000.0	-0.0791190321426
696000000.0	-0.452553272133
698000000.0	-0.0850586820992
700000000.0	-0.643739845769
702000000.0	0.337943870582
704000000.0	0.394796537043
706000000.0	0.0864018920649
708000000.0	0.191863509337
710000000.0	-0.206145652258
712000000.0	-0.350782159912
714000000.0	-0.289560678201
716000000.0	-0.0527618750399
718000000.0	0.468477845347
720000000.0	0.229009743209
722000000.0	0.119375407165
724000000.0	-0.246728934241
726000000.0	-0.337679978935
728000000.0	-0.212332180551
730000000.0	-0.146462722749
732000000.0	0.301322600158
734000000.0	0.0722805455066
736000000.0	0.157484252539
738000000.0	-0.0823501823559
740000000.0	-0.303258229663
742000000.0	-0.313834885125
744000000.0	-0.145084830205
746000000.0	0.303942103373
748000000.0	0.402733900294
750000000.0	0.345626928349
752000000.0	0.0504139937496
754000000.0	-0.32021108267
756000000.0	-0.328265225989
758000000.0	-0.194813157459
760000000.0	0.0456312143626
762000000.0	0.23833684856
764000000.0	0.447439175112
766000000.0	0.229603934743
768000000.0	0.0129708000552
770000000.0	-0.377056967228
772000000.0	-0.434699487275
774000000.0	-0.0672967148408
776000000.0	0.152743542365
778000000.0	0.319132496434
780000000.0	0.431936371882
782000000.0	0.141358951607
784000000.0	-0.160243021179
786000000.0	-0.17347811179
788000000.0	-0.328893763943
790000000.0	0.0543862515799
792000000.0	0.1351694612
794000000.0	0.304464469597
796000000.0	0.23367330195
798000000.0	0.102466044518
800000000.0	-0.518235400717
802000000.0	-0.266721796452
804000000.0	0.105246960969
806000000.0	0.157977090816
808000000.0	0.307320121311
810000000.0	0.186680829085
812000000.0	-0.136789855552
814000000.0	-0.254589343164
816000000.0	-0.419337512439
818000000.0	-0.0447131711823
820000000.0	0.0784094627846
822000000.0	0.490503511272
824000000.0	0.468529173898
826000000.0	0.0974817861809
828000000.0	-0.353718145723
830000000.0	-0.619766514992
832000000.0	-0.231441593068
834000000.0	-0.0248987788127
836000000.0	0.466925417702
838000000.0	0.544474029552
840000000.0	0.447184803457
842000000.0	0.0264760423431
844000000.0	-0.376339121215
846000000.0	-0.628893864605
848000000.0	-0.432545191182
850000000.0	0.0251401000624
852000000.0	0.371117995388
854000000.0	0.602913340772
856000000.0	0.421215582794
858000000.0	-0.13325829578
860000000.0	-0.634845072423
862000000.0	-0.691585466378
864000000.0	-0.233748259433
866000000.0	0.471897684057
868000000.0	0.693702278446
870000000.0	0.247133420597
872000000.0	-0.104748491801
874000000.0	-0.414347453785
876000000.0	-0.393935085032
878000000.0	-0.118386766939
880000000.0	0.396471754245
882000000.0	0.56437511314
884000000.0	0.659775793891
886000000.0	0.322734121937
888000000.0	-1.30089661549
890000000.0	-2.78930548652
892000000.0	-2.42697611051
894000000.0	1.85276479334
896000000.0	9.47496909606
898000000.0	16.974682215
900000000.0	-44.0469897874
902000000.0	13.1913751949
904000000.0	7.8363634012
906000000.0	3.28586641014
908000000.0	0.406007246662
910000000.0	-1.52044004283
912000000.0	-2.49174561029
914000000.0	-2.58718004176
916000000.0	-0.778787542653
918000000.0	1.19614538152
920000000.0	2.14497990816
922000000.0	1.59707437323
924000000.0	0.0705046601541
926000000.0	-1.28009165852
928000000.0	-1.45350263829
930000000.0	-0.578143649054
932000000.0	0.180228266081
934000000.0	0.777045074962
936000000.0	0.750349482913
938000000.0	0.42885132991
940000000.0	0.0808878272061
942000000.0	-0.486545945944
944000000.0	-0.602912803416
946000000.0	-0.373376581156
948000000.0	0.000231879228456
950000000.0	0.553099538954
952000000.0	0.515908240185
954000000.0	0.200835878768
956000000.0	-0.273063518923
958000000.0	-0.539998462401
960000000.0	-0.312456949117
962000000.0	0.209548912396
964000000.0	0.299913083599
966000000.0	0.208869675995
968000000.0	-0.00448462798244
970000000.0	-0.182023543863
972000000.0	-0.341886266833
974000000.0	-0.354063517175
976000000.0	-0.0729300867337
978000000.0	0.184825633527
980000000.0	0.471080703902
982000000.0	0.417530401399
984000000.0	0.0482301978564
986000000.0	-0.284214622105
988000000.0	-0.442029628058
990000000.0	-0.399426122808
992000000.0	0.131575746937
994000000.0	0.0994238268992
996000000.0	0.252714731767
998000000.0	0.167406290818
1000000000.0	0.6375
1002000000.0	-0.490686194794
1004000000.0	-0.387468692801
1006000000.0	-0.0840229510414
1008000000.0	0.111591847463
1010000000.0	0.286457047197
1012000000.0	0.371008342942
1014000000.0	0.0981283937183
1016000000.0	-0.0861658075802
1018000000.0	-0.375424264156
1020000000.0	-0.222527978432
1022000000.0	-0.176233355128
1024000000.0	-0.0461076172007
1026000000.0	0.25911533573
1028000000.0	0.243328043754
1030000000.0	0.0906058138449
1032000000.0	-0.180138770546
1034000000.0	0.0256283665477
1036000000.0	-0.0243915687225
1038000000.0	0.0687063593481
1040000000.0	0.234006841854
1042000000.0	0.133356171234
1044000000.0	-0.0109966668245
1046000000.0	-0.300704406018
1048000000.0	-0.227780927227
1050000000.0	-0.202362970811
1052000000.0	0.209530922343
1054000000.0	0.235232749009
1056000000.0	0.113245642181
1058000000.0	0.105280602782
1060000000.0	-0.124685114676
1062000000.0	-0.253757193414
1064000000.0	-0.16777603601
1066000000.0	0.0778365000968
1068000000.0	0.245219808766
1070000000.0	0.0704556946995
1072000000.0	0.147001379479
1074000000.0	0.0643484398005
1076000000.0	-0.0913065367634
1078000000.0	-0.367927953057
1080000000.0	-0.199937801018
1082000000.0	-0.0341650624464
1084000000.0	0.125372346471
1086000000.0	0.244600736003
1088000000.0	0.288802080623
1090000000.0	-0.0363240505945
1092000000.0	-0.160983295561
1094000000.0	-0.221842114509
1096000000.0	-0.126215468375
1098000000.0	0.0441754780911
1100000000.0	0.243497496471
1102000000.0	-0.107870158447
1104000000.0	0.0142959261432
1106000000.0	-0.0644193602304
1108000000.0	-0.0881780448964
1110000000.0	0.00047840462934
1112000000.0	-0.0313110140739
1114000000.0	0.0573060871595
1116000000.0	0.158743815198
1118000000.0	-0.164907348896
1120000000.0	-0.113254973355
1122000000.0	-0.076801484817
1124000000.0	-0.0675841398507
1126000000.0	-0.0647578905842
1128000000.0	0.0790130633989
1130000000.0	0.00744511584236
1132000000.0	-0.0294949485367
1134000000.0	-0.0951212712433
1136000000.0	-0.225541728552
1138000000.0	-0.185911469891
1140000000.0	-0.0448158813113
1142000000.0	0.149448454354
1144000000.0	0.0272440846122
1146000000.0	0.0170538765751
1148000000.0	-0.092483518551
1150000000.0	-0.082439468156
1152000000.0	-0.286044420342
1154000000.0	-0.119860203863
1156000000.0	-0.0650885699177
1158000000.0	-0.0731023289165
1160000000.0	0.0773627513269
1162000000.0	-0.0283679162478
1164000000.0	0.083750563418
1166000000.0	-0.11825959796
1168000000.0	-0.179917177978
1170000000.0	-0.0649761463993
1172000000.0	-0.089949884189
1174000000.0	-0.202635596115
1176000000.0	0.14173502873
1178000000.0	0.00705419431136
1180000000.0	0.137847396757
1182000000.0	0.0837663461862
1184000000.0	-0.113878397153
1186000000.0	0.0894018627245
1188000000.0	-0.000211416066684
1190000000.0	0.149573650576
1192000000.0	0.0834753564158
1194000000.0	0.0425262970949
1196000000.0	-0.126584037655
1198000000.0	-0.0520563711842
1200000000.0	0.0928871001543
1202000000.0	0.0338549265636
1204000000.0	0.175762088364
1206000000.0	0.0148412596117
1208000000.0	-0.0876288965902
1210000000.0	-0.213476161567
1212000000.0	-0.0535215248041
1214000000.0	-0.0276758045379
1216000000.0	0.063473279437
1218000000.0	0.0811322105603
1220000000.0	-0.0657874536229
1222000000.0	0.0391681367066
1224000000.0	-0.137565911119
1226000000.0	0.00738590764877
1228000000.0	-0.0452690316195
1230000000.0	0.0398351373175
1232000000.0	0.0876393793339
1234000000.0	0.0730818811252
1236000000.0	0.0458810754749
1238000000.0	-0.0893241059604
1240000000.0	0.00543582885388
1242000000.0	-0.0653631184779
1244000000.0	0.0368200402029
1246000000.0	-0.0296414440381
1248000000.0	0.0190773651656
1250000000.0	0.401698783103
1252000000.0	0.129520198813
1254000000.0	0.0833751749795
1256000000.0	0.0157259382353
1258000000.0	0.000139279402535
1260000000.0	-0.153970789538
1262000000.0	-0.0899533105249
1264000000.0	0.0796465351651
1266000000.0	-0.128484670771
1268000000.0	-0.0446022147391
1270000000.0	-0.143491080422
1272000000.0	-0.0447733269134
1274000000.0	0.0854994824269
1276000000.0	0.0217035690145
1278000000.0	0.17426656065
1280000000.0	-0.136968976938
1282000000.0	0.130943335411
1284000000.0	0.00258387467034
1286000000.0	-0.108145172312
1288000000.0	0.00144019635877
1290000000.0	0.0774288212936
1292000000.0	0.0604876410082
1294000000.0	0.0917760041024
1296000000.0	0.297937006454
1298000000.0	0.598004309454
1300000000.0	-2.43468544012
1302000000.0	0.88151729625
1304000000.0	0.415286819766
1306000000.0	0.000958902507918
1308000000.0	0.0267267134154
1310000000.0	-0.085236607739
1312000000.0	-0.243854935251
1314000000.0	-0.175593066994
1316000000.0	-0.136432627633
1318000000.0	0.104918647324
1320000000.0	0.046435117861
1322000000.0	0.1521877135
1324000000.0	-0.152497620247
1326000000.0	-0.101340522719
1328000000.0	-0.0862495514343
1330000000.0	0.0149399110823
1332000000.0	0.13581388151
1334000000.0	0.0622798987243
1336000000.0	0.00688499047814
1338000000.0	0.0834877763724
1340000000.0	-0.172918428689
1342000000.0	-0.0240853645025
1344000000.0	-0.111954835197
1346000000.0	0.0532080902693
1348000000.0	0.0522450910762
1350000000.0	0.098990922432
1352000000.0	0.0523211443
1354000000.0	-0.0909450401855
1356000000.0	-0.0338355045155
1358000000.0	-0.115552314535
1360000000.0	-0.145682330799
1362000000.0	-0.0339376995924
1364000000.0	0.250673309045
1366000000.0	0.107707850617
1368000000.0	0.177720053418
1370000000.0	-0.107146286269
1372000000.0	-0.0164980900566
1374000000.0	0.168701223392
1376000000.0	-0.310749613659
1378000000.0	0.0465655630515
1380000000.0	0.204587907317
1382000000.0	0.00102947453872
1384000000.0	-0.0674236732266
1386000000.0	-0.0778175804554
1388000000.0	-0.154655060621
1390000000.0	-0.0795689188021
1392000000.0	0.0527217812894
1394000000.0	0.0997822493585
1396000000.0	0.100028996214
1398000000.0	0.123671624038
1400000000.0	-0.568641018491
1402000000.0	0.0316102264302
1404000000.0	0.0582135663832
1406000000.0	0.107231165217
1408000000.0	0.128997085587
1410000000.0	-0.103298671749
1412000000.0	-0.0616434599553
1414000000.0	-0.129535714264
1416000000.0	0.0063485469318
1418000000.0	-0.142575276907
1420000000.0	0.0754454443423
1422000000.0	0.118181354222
1424000000.0	0.213180512129
1426000000.0	-0.0255374426389
1428000000.0	-0.157485324118
1430000000.0	-0.264201819202
1432000000.0	-0.124664055289
1434000000.0	-0.0898641920707
1436000000.0	0.150672989628
1438000000.0	0.235471383979
1440000000.0	0.105351430912
1442000000.0	-0.00593855580495
1444000000.0	-0.0959760965986
1446000000.0	-0.163993440793
1448000000.0	-0.177602155203
1450000000.0	-0.0198436454121
1452000000.0	0.148933859968
1454000000.0	0.281640637027
1456000000.0	0.146377815174
1458000000.0	-0.0347396756146
1460000000.0	-0.337785757137
1462000000.0	-0.228617003979
1464000000.0	-0.104457344379
1466000000.0	0.232386831092
1468000000.0	0.244244961459
1470000000.0	0.00439062967497
1472000000.0	-0.271097198796
1474000000.0	-0.312661448642
1476000000.0	-0.101189045753
1478000000.0	0.0608332479439
1480000000.0	0.344915175859
1482000000.0	0.408222529325
1484000000.0	0.151458148206
1486000000.0	-0.0482632655656
1488000000.0	-0.894734454081
1490000000.0	-1.16768355574
1492000000.0	-1.06013639227
1494000000.0	0.957164213812
1496000000.0	4.56482987592
1498000000.0	8.23814499344
1500000000.0	-22.7667907721
1502000000.0	6.92243805484
1504000000.0	4.28533206586
1506000000.0	1.57267327799
1508000000.0	-0.271287462548
1510000000.0	-0.882680618406
1512000000.0	-0.948761409067
1514000000.0	-0.933052977589
1516000000.0	-0.190851140688
1518000000.0	0.597874312184
1520000000.0	0.870175081725
1522000000.0	0.446363791224
1524000000.0	-0.00457343390193
1526000000.0	-0.485487087537
1528000000.0	-0.607716600364
1530000000.0	-0.173983623018
1532000000.0	0.184494144107
1534000000.0	0.256713305751
1536000000.0	0.293548784497
1538000000.0	0.0132912769093
1540000000.0	-0.187786761943
1542000000.0	-0.0952826212328
1544000000.0	0.017664655831
1546000000.0	-0.0490869919439
1548000000.0	0.136137178543
1550000000.0	0.142874798774
1552000000.0	0.0188152751887
1554000000.0	-0.031911138821
1556000000.0	-0.192846217577
1558000000.0	-0.144740900723
1560000000.0	-0.00276778016894
1562000000.0	0.188409241759
1564000000.0	-0.0786494613432
1566000000.0	0.130813825961
1568000000.0	0.0032236925327
1570000000.0	-0.107469176971
1572000000.0	-0.204726309047
1574000000.0	-0.121880997305
1576000000.0	0.133902156352
1578000000.0	0.119717057566
1580000000.0	0.161126386206
1582000000.0	0.0616536234146
1584000000.0	0.024421719595
1586000000.0	-0.0397005459628
1588000000.0	-0.108996579703
1590000000.0	-0.0790849732196
1592000000.0	0.0149554788533
1594000000.0	0.0941602811848
1596000000.0	0.104300582383
1598000000.0	-0.0961633092246
1600000000.0	-0.0395770992832
1602000000.0	-0.152410773679
1604000000.0	-0.269617991071
1606000000.0	-0.0481614081212
1608000000.0	0.0762642687974
1610000000.0	0.0581431719356
1612000000.0	0.121925674208
1614000000.0	-0.0504956211065
1616000000.0	0.0235391103355
1618000000.0	-0.108354318367
1620000000.0	-0.00205521283066
1622000000.0	0.0186337734137
1624000000.0	0.0635854358567
1626000000.0	-0.0744024952104
1628000000.0	-0.0234825564786
1630000000.0	0.114074646337
1632000000.0	-0.19292724674
1634000000.0	0.130410813849
1636000000.0	0.0634458813808
1638000000.0	0.118953500053
1640000000.0	-0.0620485157108
1642000000.0	-0.110347080577
1644000000.0	0.00550137059298
1646000000.0	-0.172933433751
1648000000.0	-0.104402105585
1650000000.0	-0.0648804470238
1652000000.0	0.0674726235998
1654000000.0	0.0564093819948
1656000000.0	-0.0114049262592
1658000000.0	0.00481903259666
1660000000.0	-0.0362979644067
1662000000.0	-0.0947275754675
1664000000.0	-0.00785987697804
1666000000.0	0.0868952604266
1668000000.0	0.0030583256462
1670000000.0	0.123343382424
1672000000.0	0.00960457679223
1674000000.0	-0.0929398560519
1676000000.0	-0.124395563487
1678000000.0	-0.0920247508045
1680000000.0	0.0472007981039
1682000000.0	-0.0810245912036
1684000000.0	-0.0664316884323
1686000000.0	0.0168009205982
1688000000.0	0.00344825822307
1690000000.0	-0.166006579106
1692000000.0	-0.158418412012
1694000000.0	-0.0250950266976
1696000000.0	0.0806248852964
1698000000.0	0.0737886601409
1700000000.0	-0.254035765325
1702000000.0	-0.0573788767951
1704000000.0	0.00612707567897
1706000000.0	-0.0693361755146
1708000000.0	0.0805783706008
1710000000.0	0.13505926429
1712000000.0	-0.0861296809609
1714000000.0	0.0486451485949
1716000000.0	-0.0666662352926
1718000000.0	0.0226167841433
1720000000.0	0.0731564864897
1722000000.0	-0.0890792194734
1724000000.0	-0.0705879985182
1726000000.0	0.0838836717547
1728000000.0	0.0260394054152
1730000000.0	-0.0714099763466
1732000000.0	-0.0381281050935
1734000000.0	0.00735839305721
1736000000.0	-0.0932273311735
1738000000.0	0.0471757148761
1740000000.0	0.0489028516958
1742000000.0	0.0154361050186
1744000000.0	-0.00669706422436
1746000000.0	-0.0362999847875
1748000000.0	-0.126368994476
1750000000.0	-0.259901935784
1752000000.0	0.0117002921143
1754000000.0	0.0169200409488
1756000000.0	-0.00876768300746
1758000000.0	-0.0221195481152
1760000000.0	0.0232632168323
1762000000.0	0.0444507794363
1764000000.0	0.055486326398
1766000000.0	-0.0771031233144
1768000000.0	-0.0934523118167
1770000000.0	0.0565085162228
1772000000.0	0.105191764631
1774000000.0	0.0393396894306
1776000000.0	-0.082186717297
1778000000.0	0.0438114421558
1780000000.0	0.0483130658445
1782000000.0	0.0441380613518
1784000000.0	0.108756520003
1786000000.0	0.00776616169168
1788000000.0	0.0272025235913
1790000000.0	0.0196035987341
1792000000.0	0.0155238964335
1794000000.0	-0.0644289128365
1796000000.0	-0.227799193585
1798000000.0	-0.169850604609
1800000000.0	0.646712280376
1802000000.0	-0.294256469563
1804000000.0	-0.063286374503
1806000000.0	-0.0746388753009
1808000000.0	-0.0865726921387
1810000000.0	0.0300019751307
1812000000.0	-0.0502105325828
1814000000.0	-0.00936994584562
1816000000.0	0.0549431561795
1818000000.0	-0.0431272608402
1820000000.0	-0.106666342508
1822000000.0	-0.0412601747975
1824000000.0	0.0250256704197
1826000000.0	0.02953846025
1828000000.0	-0.00549089845039
1830000000.0	-0.0927502377909
1832000000.0	0.0204831032593
1834000000.0	0.0677948913934
1836000000.0	0.0984541309289
1838000000.0	0.03943260842
1840000000.0	-0.0629719404629
1842000000.0	-0.132597579741
1844000000.0	-0.085200052439
1846000000.0	0.0544577169389
1848000000.0	-0.0337547971271
1850000000.0	-0.088244070072
1852000000.0	0.0393486427113
1854000000.0	0.139932102745
1856000000.0	0.0294341727176
1858000000.0	-0.0584178065287
1860000000.0	-0.00854733059044
1862000000.0	-0.0805352014123
1864000000.0	0.03392696089
1866000000.0	-0.0012849644275
1868000000.0	0.0990652311906
1870000000.0	0.0284620849278
1872000000.0	-0.209427039712
1874000000.0	-0.0279485714469
1876000000.0	0.0284559035217
1878000000.0	0.0472936998524
1880000000.0	0.138741018696
1882000000.0	-0.0211634020832
1884000000.0	0.091209187347
1886000000.0	-0.269318335518
1888000000.0	-0.214652815912
1890000000.0	-0.243555008387
1892000000.0	-0.162276903804
1894000000.0	0.566805775958
1896000000.0	1.30584475713
1898000000.0	2.30559981645
1900000000.0	-7.17921100965
1902000000.0	2.87228134275
1904000000.0	1.53832473771
1906000000.0	0.328389525118
1908000000.0	-0.212850224931
1910000000.0	-0.238097618321
1912000000.0	-0.381204892888
1914000000.0	-0.0349928747122
1916000000.0	0.00166124910607
1918000000.0	0.228278204113
1920000000.0	0.163787369874
1922000000.0	0.108510429827
1924000000.0	-0.0645135252957
1926000000.0	-0.299246442538
1928000000.0	-0.124376960099
1930000000.0	-0.0631985693244
1932000000.0	0.071051444723
1934000000.0	0.0932468012132
1936000000.0	-0.0530993674746
1938000000.0	-0.123383462677
1940000000.0	-0.170269288067
1942000000.0	0.021388187263
1944000000.0	-0.029447783871
1946000000.0	-0.00175994701538
1948000000.0	0.0694793820715
1950000000.0	-0.0179105222113
1952000000.0	-0.0688032617271
1954000000.0	-0.0563964669624
1956000000.0	-0.0743899188584
1958000000.0	-0.0730048156336
1960000000.0	0.0162202457825
1962000000.0	0.139910907593
1964000000.0	0.12795588569
1966000000.0	-0.0138259253983
1968000000.0	0.0264408678317
1970000000.0	-0.0103218359058
1972000000.0	-0.179606795603
1974000000.0	-0.0833621446831
1976000000.0	0.0781775305479
1978000000.0	-0.0149381718226
1980000000.0	0.0748603184277
1982000000.0	0.0865031343882
1984000000.0	-0.177445309544
1986000000.0	0.0630652730868
1988000000.0	-0.0320359875732
1990000000.0	0.0128228439365
1992000000.0	0.0390195710308
1994000000.0	0.0265242465633
1996000000.0	-0.141021013604
1998000000.0	-0.0303044428326
2000000000.0	-0.128125
