0.0	-47.921875
2000000.0	3.2083522691
4000000.0	3.81133831483
6000000.0	2.30332427559
8000000.0	-4.28549286179
10000000.0	-4.42527073663
12000000.0	-4.35409634528
14000000.0	-2.15764962388
16000000.0	3.2917152041
18000000.0	10.3678527642
20000000.0	12.2632132505
22000000.0	5.42496610477
24000000.0	-6.07204838027
26000000.0	-15.2108238771
28000000.0	-12.1769332874
30000000.0	-1.6470254505
32000000.0	9.05099884851
34000000.0	13.5923383006
36000000.0	6.47488381201
38000000.0	0.347639288767
40000000.0	-7.16232236323
42000000.0	-8.55164266075
44000000.0	-4.05509999663
46000000.0	1.49149136127
48000000.0	3.99375715598
50000000.0	3.72034993593
52000000.0	0.407498343078
54000000.0	-2.6387642078
56000000.0	-4.17817143088
58000000.0	-0.317071337933
60000000.0	2.06715829371
62000000.0	3.87534939348
64000000.0	1.71873918994
66000000.0	-1.05440319714
68000000.0	-3.16436201626
70000000.0	-1.57208233073
72000000.0	1.39552011084
74000000.0	2.69578096159
76000000.0	0.943640160256
78000000.0	-1.19319191207
80000000.0	-3.08796998933
82000000.0	-1.69139727
84000000.0	1.91938505093
86000000.0	4.06440320304
88000000.0	3.28828287216
90000000.0	-0.848427616842
92000000.0	-4.35711957378
94000000.0	-5.56646092357
96000000.0	-2.95223038526
98000000.0	2.09911111481
100000000.0	5.44672195303
102000000.0	2.96967127307
104000000.0	0.433297362871
106000000.0	-3.58857220217
108000000.0	-4.41230934033
110000000.0	-2.59647003075
112000000.0	0.912596184883
114000000.0	2.85635995406
116000000.0	1.69094965533
118000000.0	-0.934616214972
120000000.0	-1.81312441584
122000000.0	-2.38711176629
124000000.0	-2.7842195235
126000000.0	3.56165031372
128000000.0	2.44023240219
130000000.0	-0.443938935239
132000000.0	-2.0887271705
134000000.0	-1.48454994538
136000000.0	-0.873346021308
138000000.0	3.15579372168
140000000.0	3.64384487675
142000000.0	1.53752693031
144000000.0	-2.37464943062
146000000.0	-4.02969969657
148000000.0	-2.47185430211
150000000.0	0.273290399914
152000000.0	3.24929258969
154000000.0	3.24738325336
156000000.0	1.4349283102
158000000.0	-1.76769419907
160000000.0	-2.98013655544
162000000.0	-1.49748696605
164000000.0	0.57260506584
166000000.0	2.26518460135
168000000.0	1.89018978195
170000000.0	0.782678833804
172000000.0	-1.71786746337
174000000.0	-1.01778584067
176000000.0	0.67770145955
178000000.0	2.29780521242
180000000.0	1.67767788365
182000000.0	0.0672744635551
184000000.0	-3.34305513336
186000000.0	-2.55237641889
188000000.0	-0.871615299662
190000000.0	1.35756217582
192000000.0	3.38062074882
194000000.0	2.12866435103
196000000.0	-0.399910088931
198000000.0	-3.94714940045
200000000.0	-4.62193699711
202000000.0	0.329332661953
204000000.0	2.46560568076
206000000.0	3.91957291756
208000000.0	2.13685748345
210000000.0	-0.119832149298
212000000.0	-3.17992463247
214000000.0	-3.14200381062
216000000.0	0.626600758438
218000000.0	2.2304823995
220000000.0	3.53456171221
222000000.0	0.358613904295
224000000.0	-2.2794831435
226000000.0	-3.80968187661
228000000.0	-0.483523122561
230000000.0	3.34590418648
232000000.0	4.40034375591
234000000.0	1.23281576536
236000000.0	-3.58051366717
238000000.0	-4.20024794816
240000000.0	-2.53449951353
242000000.0	2.27614039654
244000000.0	4.81962166534
246000000.0	3.04464490443
248000000.0	-1.9105609161
250000000.0	-3.17599257973
252000000.0	-6.55723358392
254000000.0	-1.75314787186
256000000.0	4.85646392815
258000000.0	6.23566726893
260000000.0	4.40552246676
262000000.0	-2.46374176796
264000000.0	-5.83532110336
266000000.0	-6.74636601751
268000000.0	-1.55356283552
270000000.0	4.27486663481
272000000.0	7.46012830427
274000000.0	5.693084132
276000000.0	-0.86918539469
278000000.0	-7.43196747864
280000000.0	-7.38781206558
282000000.0	0.305723381633
284000000.0	9.75583004613
286000000.0	9.69538200673
288000000.0	-5.76729538258
290000000.0	-25.5235812505
292000000.0	-27.0483386988
294000000.0	12.4855958915
296000000.0	92.8451449599
298000000.0	178.762705888
300000000.0	-478.905177616
302000000.0	172.710106324
304000000.0	95.9607151564
306000000.0	21.6364872007
308000000.0	-19.9932676189
310000000.0	-27.0963967125
312000000.0	-14.5611320592
314000000.0	0.538327077411
316000000.0	6.63216085922
318000000.0	6.4069162906
320000000.0	1.6337492728
322000000.0	-1.27366097771
324000000.0	-2.37599633336
326000000.0	-1.40239372265
328000000.0	1.91235223844
330000000.0	3.89671882252
332000000.0	3.10806919606
334000000.0	-1.72355559624
336000000.0	-4.41871490859
338000000.0	-4.230504959
340000000.0	0.0142572155025
342000000.0	4.74639200406
344000000.0	5.4790171227
346000000.0	2.29922752115
348000000.0	-2.65664360791
350000000.0	-5.09657111556
352000000.0	-3.18512237065
354000000.0	2.27729580359
356000000.0	5.03147584605
358000000.0	3.79714838428
360000000.0	-0.337904732409
362000000.0	-5.00657212769
364000000.0	-4.10813643584
366000000.0	-1.62924253724
368000000.0	3.18854680674
370000000.0	3.82673318294
372000000.0	2.7553177505
374000000.0	-0.223923342573
376000000.0	-3.78524280731
378000000.0	-1.76539381889
380000000.0	0.473275962347
382000000.0	1.78205006785
384000000.0	1.37829177258
386000000.0	-1.287173908
388000000.0	-1.45608185817
390000000.0	-1.61652428132
392000000.0	0.65207913687
394000000.0	1.80074930959
396000000.0	2.43083105385
398000000.0	0.778074044129
400000000.0	-0.719723529668
402000000.0	-2.47862192859
404000000.0	-1.41143017949
406000000.0	-0.152420091099
408000000.0	1.71458026284
410000000.0	1.26225156595
412000000.0	0.977767830194
414000000.0	-1.1430951877
416000000.0	-2.12645910151
418000000.0	-1.90192648901
420000000.0	0.690595742723
422000000.0	2.18071234879
424000000.0	0.804304907864
426000000.0	-0.951296425018
428000000.0	-0.751255867649
430000000.0	-1.53456997034
432000000.0	-0.273305167715
434000000.0	1.94782238801
436000000.0	2.07978412177
438000000.0	0.311200523431
440000000.0	-0.622173393048
442000000.0	-0.33345617116
444000000.0	-0.795131632455
446000000.0	0.532550257392
448000000.0	0.976026159281
450000000.0	0.432897809145
452000000.0	0.030843923383
454000000.0	-1.86904054614
456000000.0	-0.660250749228
458000000.0	-0.129960406766
460000000.0	1.16486418635
462000000.0	1.76669477571
464000000.0	0.603080754923
466000000.0	-0.983312130857
468000000.0	-0.559770032455
470000000.0	-1.34079694983
472000000.0	-0.685399115825
474000000.0	0.559926945932
476000000.0	0.297905332026
478000000.0	0.336630608814
480000000.0	-0.205587832815
482000000.0	-0.771703532297
484000000.0	-0.0256596538121
486000000.0	0.0767740954016
488000000.0	0.344479248469
490000000.0	0.669493139459
492000000.0	0.0618092181976
494000000.0	-1.30271747182
496000000.0	-1.1411665465
498000000.0	1.12290509539
500000000.0	-0.856755584371
502000000.0	0.817163891046
504000000.0	0.354267521271
506000000.0	-0.537834561728
508000000.0	-0.612765845938
510000000.0	-0.287764489194
512000000.0	0.435950208219
514000000.0	0.703373138872
516000000.0	0.694534671256
518000000.0	0.401300620588
520000000.0	-1.00801443971
522000000.0	-0.499200720075
524000000.0	-0.233027906907
526000000.0	0.899100279988
528000000.0	0.418172098911
530000000.0	0.355741401994
532000000.0	-0.318161187204
534000000.0	-0.89244092447
536000000.0	-0.675878003991
538000000.0	0.607837067243
540000000.0	0.93969063344
542000000.0	0.590372186814
544000000.0	0.482715183578
546000000.0	-0.136728101815
548000000.0	-0.310242457741
550000000.0	0.168227528756
552000000.0	0.494185821386
554000000.0	0.451101486201
556000000.0	-0.465423069319
558000000.0	-0.794362563489
560000000.0	-0.186807212908
562000000.0	-0.0147390580236
564000000.0	-0.564074927574
566000000.0	0.415899264405
568000000.0	0.54849666342
570000000.0	0.479702918512
572000000.0	-0.546648905187
574000000.0	-0.246734710867
576000000.0	-0.765320554281
578000000.0	0.330669744694
580000000.0	0.0645997034087
582000000.0	0.350027657973
584000000.0	-0.261060000695
586000000.0	-0.126020475539
588000000.0	0.492626795605
590000000.0	-0.118775418186
592000000.0	0.423120096851
594000000.0	0.273898038282
596000000.0	0.0107193510093
598000000.0	-0.923911857273
600000000.0	1.94098224343
602000000.0	-1.5019082577
604000000.0	-0.429006896919
606000000.0	0.107253276559
608000000.0	0.136270264747
610000000.0	-0.811115293683
612000000.0	0.000871405586778
614000000.0	-0.270216862957
616000000.0	0.166408593632
618000000.0	-0.316164164249
620000000.0	-0.00201715437093
622000000.0	-0.171031426728
624000000.0	-1.20884701786
626000000.0	1.32851640645
628000000.0	-1.06678693658
630000000.0	0.522165272304
632000000.0	1.51142440128
634000000.0	0.559769919429
636000000.0	0.165436171671
638000000.0	0.087980057419
640000000.0	0.166318322094
642000000.0	0.619255137388
644000000.0	-0.236903911234
646000000.0	-0.324882495119
648000000.0	-0.415144502992
650000000.0	0.383551832733
652000000.0	0.295431412671
654000000.0	0.177404157202
656000000.0	0.977025466805
658000000.0	0.229165091885
660000000.0	-0.0707574733411
662000000.0	0.336099865194
664000000.0	0.152171051378
666000000.0	-0.404078219824
668000000.0	-0.248952227034
670000000.0	0.153969103345
672000000.0	0.0154225639775
674000000.0	0.270192063637
676000000.0	-0.0854571218107
678000000.0	-0.971220402498
680000000.0	-0.44927540249
682000000.0	0.33267217727
684000000.0	-0.47656602725
686000000.0	0.22089690729
688000000.0	-0.689705764255
690000000.0	0.77821423773
692000000.0	-0.487609411867
694000000.0	-0.178662120758
696000000.0	0.144886450608
698000000.0	-0.138293264406
700000000.0	0.997675955582
702000000.0	0.175159643489
704000000.0	-0.0811189443549
706000000.0	-0.268108103126
708000000.0	0.924020387272
710000000.0	-0.21935156313
712000000.0	0.276787353754
714000000.0	-0.308417764713
716000000.0	-0.544425840025
718000000.0	-0.245999857473
720000000.0	0.513574037736
722000000.0	0.225579314
724000000.0	0.868739405078
726000000.0	0.139119553964
728000000.0	0.313296981494
730000000.0	-0.447936548607
732000000.0	-0.300497556946
734000000.0	-0.0348015764189
736000000.0	0.790791789523
738000000.0	-0.377937460114
740000000.0	0.778023525143
742000000.0	-0.419001852295
744000000.0	0.486479604618
746000000.0	0.111047735135
748000000.0	0.253712144686
750000000.0	1.93145516442
752000000.0	-0.530591794001
754000000.0	-0.568127222572
756000000.0	-0.49940081866
758000000.0	0.0226410032848
760000000.0	0.295018574611
762000000.0	0.513783015464
764000000.0	0.567581421891
766000000.0	-0.0701453852032
768000000.0	-0.164168769152
770000000.0	-0.30419391454
772000000.0	-0.200661783293
774000000.0	1.45634887204
776000000.0	-0.84821510123
778000000.0	0.271755031015
780000000.0	-0.5179799409
782000000.0	-0.120487124997
784000000.0	-0.18731691576
786000000.0	0.323105302184
788000000.0	-0.134500957397
790000000.0	0.586748023345
792000000.0	0.281082160221
794000000.0	0.00868204835997
796000000.0	-0.377440906212
798000000.0	-0.990801384102
800000000.0	0.69638880793
802000000.0	0.386744359826
804000000.0	-0.22879112036
806000000.0	0.388904403547
808000000.0	-0.713370679419
810000000.0	0.461207579858
812000000.0	0.931017229592
814000000.0	0.586972804882
816000000.0	0.658977420524
818000000.0	-0.555924125445
820000000.0	-1.17892279813
822000000.0	-1.14838197859
824000000.0	0.0623335956561
826000000.0	1.09595334809
828000000.0	1.3205273429
830000000.0	0.688403684888
832000000.0	-0.773886766276
834000000.0	-0.796385210039
836000000.0	-0.182889326308
838000000.0	0.493946093951
840000000.0	0.539870215742
842000000.0	0.664798338282
844000000.0	-0.421818408661
846000000.0	-0.84995975434
848000000.0	-0.669199682358
850000000.0	0.168748460486
852000000.0	1.16813966059
854000000.0	1.24096213224
856000000.0	-0.0033527884939
858000000.0	-0.626731474204
860000000.0	-1.36865375413
862000000.0	-1.32935237271
864000000.0	1.37649783771
866000000.0	2.78575080174
868000000.0	1.66589234858
870000000.0	0.238586927067
872000000.0	-2.77446317805
874000000.0	-4.17502308802
876000000.0	-1.52075568233
878000000.0	3.17196456583
880000000.0	4.94246407972
882000000.0	2.88572977127
884000000.0	-1.74905354128
886000000.0	-4.75437765918
888000000.0	-3.80622060077
890000000.0	0.812354910316
892000000.0	4.75218767853
894000000.0	2.13158381276
896000000.0	-4.51846663964
898000000.0	-12.0969072798
900000000.0	26.5427668904
902000000.0	-7.69653547085
904000000.0	-6.49593590627
906000000.0	-5.00412750774
908000000.0	-2.78985672098
910000000.0	2.47492821119
912000000.0	4.44269937856
914000000.0	4.70371059063
916000000.0	1.09999301058
918000000.0	-3.16501999578
920000000.0	-4.12865849924
922000000.0	-2.43686111091
924000000.0	1.13511180139
926000000.0	3.6386608653
928000000.0	2.18488119185
930000000.0	-0.508344165479
932000000.0	-2.40284793833
934000000.0	-1.95422087465
936000000.0	-0.147827931845
938000000.0	1.57699092522
940000000.0	1.50340792927
942000000.0	0.548132334449
944000000.0	-1.37993374021
946000000.0	-1.26293541149
948000000.0	-0.237986568514
950000000.0	0.360571728307
952000000.0	0.930344782932
954000000.0	0.634639666518
956000000.0	-0.329806824416
958000000.0	-0.503947596196
960000000.0	-0.874893645329
962000000.0	0.696166124455
964000000.0	2.12560918565
966000000.0	1.34064902083
968000000.0	0.47530881114
970000000.0	-0.348358485073
972000000.0	-0.748624403253
974000000.0	-0.357823405228
976000000.0	0.675529861736
978000000.0	-0.164064338132
980000000.0	0.912354104663
982000000.0	-0.199463307694
984000000.0	-0.206465576825
986000000.0	0.180398016536
988000000.0	-0.572120533221
990000000.0	-0.0594915720527
992000000.0	0.566669997394
994000000.0	0.496624607
996000000.0	-0.571735592555
998000000.0	-0.341657803777
1000000000.0	2.5
1002000000.0	-1.37636186032
1004000000.0	-0.236114729818
1006000000.0	0.319311924745
1008000000.0	-0.07980504969
1010000000.0	-0.966523384204
1012000000.0	-0.293044145682
1014000000.0	0.208053153149
1016000000.0	0.374432145231
1018000000.0	0.0806636790802
1020000000.0	0.632076117231
1022000000.0	-0.227508199441
1024000000.0	-0.987916496822
1026000000.0	-0.185567908921
1028000000.0	0.221552017957
1030000000.0	-0.139966898159
1032000000.0	0.534121597276
1034000000.0	0.691960190219
1036000000.0	-0.0314048222902
1038000000.0	-0.978066260523
1040000000.0	-0.319251390261
1042000000.0	0.610119174215
1044000000.0	0.644643775365
1046000000.0	-0.131862990145
1048000000.0	0.0188058269264
1050000000.0	-0.581629733931
1052000000.0	0.100038945967
1054000000.0	-0.121102379311
1056000000.0	0.0698006938337
1058000000.0	0.336694665466
1060000000.0	-0.0857768897112
1062000000.0	-0.475824043308
1064000000.0	-0.624296296867
1066000000.0	-0.457053635414
1068000000.0	0.428956270214
1070000000.0	0.539884937851
1072000000.0	0.744676264316
1074000000.0	-0.29638686325
1076000000.0	0.216695728445
1078000000.0	-0.956599614226
1080000000.0	0.16077557554
1082000000.0	0.416321336654
1084000000.0	0.356276023252
1086000000.0	0.268925696816
1088000000.0	-0.419508706923
1090000000.0	-0.408839273294
1092000000.0	-0.329279182059
1094000000.0	0.0185402892498
1096000000.0	-0.0771741527363
1098000000.0	-0.0367634151685
1100000000.0	0.294568887185
1102000000.0	-0.414471545193
1104000000.0	-0.516365480599
1106000000.0	-0.497813579919
1108000000.0	0.490432699033
1110000000.0	0.779446021549
1112000000.0	-0.0673121755109
1114000000.0	-0.938991078847
1116000000.0	-0.347065666231
1118000000.0	0.694203857132
1120000000.0	-0.322028311369
1122000000.0	-1.05515889527
1124000000.0	-0.763164530038
1126000000.0	0.19944772716
1128000000.0	-0.145453620844
1130000000.0	-0.121872721877
1132000000.0	0.187142209407
1134000000.0	0.138951831574
1136000000.0	-0.383923396825
1138000000.0	0.478017689647
1140000000.0	0.401812119912
1142000000.0	0.0824742865813
1144000000.0	1.14508590101
1146000000.0	-0.287138762615
1148000000.0	0.368875064052
1150000000.0	0.405231340674
1152000000.0	-0.225319759783
1154000000.0	-0.652006191091
1156000000.0	-0.299740859711
1158000000.0	0.426717721308
1160000000.0	0.45931982797
1162000000.0	-0.539918956632
1164000000.0	0.629404907625
1166000000.0	-0.411737146706
1168000000.0	-0.195090214262
1170000000.0	0.307461873202
1172000000.0	0.194318555845
1174000000.0	0.0794441334784
1176000000.0	0.0919061163697
1178000000.0	0.183838597394
1180000000.0	0.538471850625
1182000000.0	-0.275030947269
1184000000.0	0.690094928735
1186000000.0	0.21861749572
1188000000.0	0.263936000709
1190000000.0	-0.205388711822
1192000000.0	-0.353913636422
1194000000.0	-0.0548094807869
1196000000.0	0.124240201222
1198000000.0	-0.0729850701229
1200000000.0	-0.405276470332
1202000000.0	0.480832766288
1204000000.0	0.483038949218
1206000000.0	-0.333916502865
1208000000.0	0.628954773347
1210000000.0	-0.729047029129
1212000000.0	-0.518495751534
1214000000.0	-0.661134022372
1216000000.0	-0.397760605144
1218000000.0	0.272683970622
1220000000.0	0.585730176287
1222000000.0	-0.283922902947
1224000000.0	-1.2050648109
1226000000.0	-0.104162386513
1228000000.0	-0.348056499694
1230000000.0	0.522571956343
1232000000.0	-0.749125783257
1234000000.0	0.523258972431
1236000000.0	0.495699479028
1238000000.0	0.563517526331
1240000000.0	0.0245049899293
1242000000.0	-0.729964294694
1244000000.0	0.874173954989
1246000000.0	0.514050264168
1248000000.0	0.175864588861
1250000000.0	0.414088435782
1252000000.0	0.239381272901
1254000000.0	0.940608611742
1256000000.0	-0.168744285616
1258000000.0	-0.232573168022
1260000000.0	-0.593425414783
1262000000.0	-0.761686913806
1264000000.0	0.0262404150305
1266000000.0	0.111084991717
1268000000.0	-0.00859508193219
1270000000.0	0.564470511718
1272000000.0	0.130403049021
1274000000.0	-0.134580042376
1276000000.0	-0.559384376649
1278000000.0	0.377416662393
1280000000.0	-0.0692859847442
1282000000.0	0.0015287704058
1284000000.0	-0.185931110731
1286000000.0	-0.607067524632
1288000000.0	0.196528075459
1290000000.0	0.226282820401
1292000000.0	-0.57146795696
1294000000.0	0.517629074045
1296000000.0	-0.106808558972
1298000000.0	-0.43628977897
1300000000.0	1.55278845728
1302000000.0	-0.309686483861
1304000000.0	0.105488836108
1306000000.0	-0.456537941933
1308000000.0	-0.012348353954
1310000000.0	-0.272998791385
1312000000.0	0.867868978557
1314000000.0	0.434177799505
1316000000.0	-0.413038174511
1318000000.0	0.262870631291
1320000000.0	0.145871830285
1322000000.0	-0.290859500007
1324000000.0	0.0778415513433
1326000000.0	-0.198638675828
1328000000.0	1.09946302205
1330000000.0	0.108832236448
1332000000.0	0.795950155681
1334000000.0	0.310983792377
1336000000.0	0.479420718133
1338000000.0	0.357818104146
1340000000.0	0.151402543202
1342000000.0	-0.16355414342
1344000000.0	0.762368484552
1346000000.0	-0.586833855931
1348000000.0	0.430955833027
1350000000.0	0.405399965595
1352000000.0	-0.105414843528
1354000000.0	-0.126022930979
1356000000.0	0.492953629341
1358000000.0	0.74339710466
1360000000.0	0.10646961447
1362000000.0	0.213654376816
1364000000.0	-0.366901782107
1366000000.0	-0.142050074121
1368000000.0	0.760055450976
1370000000.0	0.784788587698
1372000000.0	1.458747828
1374000000.0	1.83855533904
1376000000.0	-1.67619968628
1378000000.0	-0.503773684174
1380000000.0	-0.602232106949
1382000000.0	-0.160703599674
1384000000.0	-0.549119061007
1386000000.0	-0.736684121796
1388000000.0	0.42223539798
1390000000.0	-0.325576827913
1392000000.0	-0.226985139207
1394000000.0	-0.405274830353
1396000000.0	0.642100705332
1398000000.0	0.44996240751
1400000000.0	0.624365557605
1402000000.0	-0.362898131726
1404000000.0	-0.406808063332
1406000000.0	-0.228147260888
1408000000.0	0.4800100257
1410000000.0	-0.299554905639
1412000000.0	0.256625605058
1414000000.0	-0.834764016091
1416000000.0	-0.00558142439379
1418000000.0	0.512155533334
1420000000.0	0.118341280417
1422000000.0	-0.280845277735
1424000000.0	-0.467219169913
1426000000.0	0.570793974479
1428000000.0	-0.32979697511
1430000000.0	-0.341016896069
1432000000.0	-0.341227470601
1434000000.0	-0.25437658276
1436000000.0	1.21941792069
1438000000.0	0.29623739423
1440000000.0	-0.366884189658
1442000000.0	-0.327382588801
1444000000.0	-1.48332120201
1446000000.0	-0.0297741049573
1448000000.0	0.469196097085
1450000000.0	0.58113078787
1452000000.0	0.469183788392
1454000000.0	0.227945184465
1456000000.0	-1.04498613744
1458000000.0	-0.485764450366
1460000000.0	0.804608030008
1462000000.0	0.206225665613
1464000000.0	-0.0957549889286
1466000000.0	0.199230066657
1468000000.0	-0.128561421997
1470000000.0	-0.37113377148
1472000000.0	-0.219699059618
1474000000.0	0.957082354891
1476000000.0	1.09556697036
1478000000.0	-0.992727518497
1480000000.0	0.102789794123
1482000000.0	-0.629818578765
1484000000.0	-1.08945698539
1486000000.0	0.0497351104235
1488000000.0	0.289273752607
1490000000.0	1.95770652482
1492000000.0	1.95242335389
1494000000.0	-2.4601508458
1496000000.0	-7.89904687702
1498000000.0	-15.7857136165
1500000000.0	44.9505055844
1502000000.0	-14.8113796384
1504000000.0	-7.67841071662
1506000000.0	-0.667403711802
1508000000.0	3.04297691239
1510000000.0	2.48951419689
1512000000.0	-0.171881120532
1514000000.0	-1.82224121216
1516000000.0	-1.56463645932
1518000000.0	0.275649321502
1520000000.0	1.3006275176
1522000000.0	0.346079934103
1524000000.0	-0.0191981961731
1526000000.0	-0.912986352558
1528000000.0	-1.30458448878
1530000000.0	-0.517820089961
1532000000.0	0.311839357882
1534000000.0	0.971879761633
1536000000.0	0.436717090351
1538000000.0	-0.301117045106
1540000000.0	-0.507177622583
1542000000.0	-1.04837629108
1544000000.0	-0.849124195939
1546000000.0	0.496342979943
1548000000.0	0.75728818061
1550000000.0	1.22825029632
1552000000.0	0.152966697786
1554000000.0	-0.583885557506
1556000000.0	0.0384736067335
1558000000.0	0.76239661177
1560000000.0	0.7114387025
1562000000.0	-0.180629604883
1564000000.0	-0.0427732635293
1566000000.0	-0.145337022565
1568000000.0	-0.430567772052
1570000000.0	0.565699309385
1572000000.0	0.077483661635
1574000000.0	0.081851075946
1576000000.0	-0.0117140146518
1578000000.0	0.0767845855371
1580000000.0	0.81002666317
1582000000.0	0.370763933203
1584000000.0	0.0960252865903
1586000000.0	0.253079578898
1588000000.0	0.871336891042
1590000000.0	0.0592931975872
1592000000.0	-0.113042016448
1594000000.0	-0.745239344072
1596000000.0	-0.309430552967
1598000000.0	0.285604123948
1600000000.0	-0.21201380793
1602000000.0	-0.143882743402
1604000000.0	1.00054564692
1606000000.0	-0.415491911259
1608000000.0	0.618452154818
1610000000.0	-0.464343263691
1612000000.0	-0.434352392659
1614000000.0	0.444083330466
1616000000.0	-0.00106863858878
1618000000.0	-0.208292716771
1620000000.0	-0.507135611743
1622000000.0	0.18321731655
1624000000.0	-0.1061425897
1626000000.0	0.295785866535
1628000000.0	0.363633469802
1630000000.0	0.316847692307
1632000000.0	0.027591760902
1634000000.0	-0.0273990209225
1636000000.0	0.360868946718
1638000000.0	0.0461121318185
1640000000.0	0.23613372848
1642000000.0	0.472557948026
1644000000.0	0.325793045142
1646000000.0	0.486843505057
1648000000.0	0.235041256111
1650000000.0	0.0561792171792
1652000000.0	-0.521600183545
1654000000.0	0.155981892222
1656000000.0	0.154993859035
1658000000.0	-0.556914064648
1660000000.0	0.251907747592
1662000000.0	-0.20161458695
1664000000.0	-0.254277532646
1666000000.0	0.0425748298561
1668000000.0	0.32503836197
1670000000.0	-0.125048395338
1672000000.0	-0.52318603909
1674000000.0	-0.263016471298
1676000000.0	-0.11217225267
1678000000.0	-0.182665197252
1680000000.0	-0.105935836255
1682000000.0	0.125229825629
1684000000.0	-0.501902188871
1686000000.0	0.432707626918
1688000000.0	0.518417590235
1690000000.0	0.458238850413
1692000000.0	-0.769097586843
1694000000.0	-0.276997466085
1696000000.0	0.498765333456
1698000000.0	0.308823606987
1700000000.0	-0.264612039615
1702000000.0	-0.0479546226811
1704000000.0	0.400667260706
1706000000.0	0.178182079712
1708000000.0	0.552725283416
1710000000.0	-0.311184892413
1712000000.0	-0.0941925653569
1714000000.0	0.503874658236
1716000000.0	-0.0716270552563
1718000000.0	-0.191518901898
1720000000.0	0.767539318267
1722000000.0	-0.185297963325
1724000000.0	-0.0865083021043
1726000000.0	-0.00775786211278
1728000000.0	0.301111671213
1730000000.0	-0.518798355979
1732000000.0	0.818375502664
1734000000.0	0.473030335568
1736000000.0	0.0564721362149
1738000000.0	-0.1263336659
1740000000.0	-0.386219131906
1742000000.0	-0.0385102591024
1744000000.0	-0.854421171655
1746000000.0	0.233834078908
1748000000.0	-0.142322138321
1750000000.0	-2.91955102048
1752000000.0	-0.102753892246
1754000000.0	-0.229522097796
1756000000.0	0.00820201928662
1758000000.0	0.37797613842
1760000000.0	-0.683392498169
1762000000.0	0.452394989955
1764000000.0	-0.501691287993
1766000000.0	0.640858568258
1768000000.0	-0.0415098619278
1770000000.0	-0.542814728644
1772000000.0	0.422280308991
1774000000.0	-0.57373964499
1776000000.0	0.398750243471
1778000000.0	-0.0416524546212
1780000000.0	-0.371857079
1782000000.0	-0.42261250407
1784000000.0	-0.019388803119
1786000000.0	0.311172248307
1788000000.0	-0.10601793724
1790000000.0	0.280416126287
1792000000.0	0.313955135937
1794000000.0	0.247549481958
1796000000.0	-0.278938403635
1798000000.0	0.495660159111
1800000000.0	-1.30278580392
1802000000.0	0.234270684045
1804000000.0	0.192830576595
1806000000.0	-0.333063087339
1808000000.0	-0.57837582452
1810000000.0	0.105533385487
1812000000.0	-0.331420136142
1814000000.0	-0.31572647544
1816000000.0	-0.357131905001
1818000000.0	0.0430854065575
1820000000.0	0.609462062012
1822000000.0	0.217852795102
1824000000.0	-0.0602812002679
1826000000.0	-0.394616675922
1828000000.0	0.195753545525
1830000000.0	0.311852015389
1832000000.0	-0.261205577421
1834000000.0	0.363982923766
1836000000.0	0.0636848284784
1838000000.0	0.0553686514662
1840000000.0	-0.316171307243
1842000000.0	-0.08424168689
1844000000.0	-0.0322132658601
1846000000.0	-0.0531719203752
1848000000.0	-0.418344617144
1850000000.0	-0.0974745532124
1852000000.0	-0.58508935945
1854000000.0	-0.446131899578
1856000000.0	0.0480499756173
1858000000.0	-0.113883884566
1860000000.0	0.0946407068945
1862000000.0	-0.0960503828519
1864000000.0	0.321002294979
1866000000.0	0.247617209385
1868000000.0	0.383510841052
1870000000.0	0.193069204839
1872000000.0	0.0239529381188
1874000000.0	0.315844668865
1876000000.0	-0.681561177969
1878000000.0	-0.187630438867
1880000000.0	0.0607236575719
1882000000.0	0.265126599017
1884000000.0	-0.101446400339
1886000000.0	-0.35816573823
1888000000.0	-0.35725088141
1890000000.0	-0.878325608443
1892000000.0	-0.0050148426629
1894000000.0	0.37421888156
1896000000.0	1.77227429568
1898000000.0	3.86699486415
1900000000.0	-10.539732488
1902000000.0	4.10290001564
1904000000.0	2.47853217579
1906000000.0	0.582906817157
1908000000.0	-1.48762926725
1910000000.0	-0.441162564053
1912000000.0	-0.204672061653
1914000000.0	0.492631254345
1916000000.0	0.290635783001
1918000000.0	0.234680159532
1920000000.0	-0.360358577366
1922000000.0	-0.192290057654
1924000000.0	-0.426537294324
1926000000.0	-0.160328047066
1928000000.0	-0.0058396272117
1930000000.0	-0.159374921156
1932000000.0	-0.703176377404
1934000000.0	0.313961190534
1936000000.0	0.136337080484
1938000000.0	-0.185425321415
1940000000.0	0.0157637970777
1942000000.0	-0.279351161272
1944000000.0	-0.573273038865
1946000000.0	0.164672643039
1948000000.0	0.005392137424
1950000000.0	0.0918460997953
1952000000.0	0.550203803378
1954000000.0	-0.109048169201
1956000000.0	0.0819497148774
1958000000.0	-0.631401809097
1960000000.0	0.342799096523
1962000000.0	0.270878138378
1964000000.0	-0.194406671694
1966000000.0	0.141457903446
1968000000.0	0.146478632136
1970000000.0	-0.203607345319
1972000000.0	0.169474913883
1974000000.0	-0.056688069706
1976000000.0	-0.234963598487
1978000000.0	-0.0693183891224
1980000000.0	0.48236439666
1982000000.0	0.26407786258
1984000000.0	0.503082417212
1986000000.0	-0.302336225729
1988000000.0	0.454747317118
1990000000.0	0.17450697951
1992000000.0	0.543303861451
1994000000.0	-0.354529648995
1996000000.0	-0.284700723747
1998000000.0	-0.727137639925
2000000000.0	1.234375
