0.0	-1.9875
2000000.0	0.598704895509
4000000.0	1.07798352399
6000000.0	-0.421631637684
8000000.0	-0.104513779188
10000000.0	0.592306118348
12000000.0	1.15610576633
14000000.0	1.90753148691
16000000.0	3.72838436319
18000000.0	4.98480877399
20000000.0	4.36593501229
22000000.0	2.51827078672
24000000.0	0.198959355036
26000000.0	-2.10536963737
28000000.0	-3.36207494401
30000000.0	-4.04666504367
32000000.0	-3.1906774114
34000000.0	-0.538812355971
36000000.0	2.89226160764
38000000.0	3.96074166769
40000000.0	3.67385495029
42000000.0	2.74300727825
44000000.0	0.669828223967
46000000.0	-1.15816699843
48000000.0	-2.4373721402
50000000.0	-2.1395967656
52000000.0	-1.24505332998
54000000.0	0.432812858603
56000000.0	1.3472480523
58000000.0	1.32478097864
60000000.0	0.427301039562
62000000.0	-0.608574313736
64000000.0	-1.06569479397
66000000.0	-0.925105643388
68000000.0	-0.443352075049
70000000.0	0.247449600067
72000000.0	0.315884172529
74000000.0	0.0438421247098
76000000.0	-0.568139289142
78000000.0	-0.860918586145
80000000.0	-0.596164116131
82000000.0	-0.134363485649
84000000.0	0.290315603209
86000000.0	0.403963687101
88000000.0	-0.0449784016006
90000000.0	-0.742969812647
92000000.0	-1.11804924282
94000000.0	-0.948334788334
96000000.0	-0.199361454865
98000000.0	0.528449168404
100000000.0	0.657095032347
102000000.0	0.659373822156
104000000.0	-0.108403340035
106000000.0	-0.95148086758
108000000.0	-1.25540114873
110000000.0	-0.979454038742
112000000.0	-0.517871292576
114000000.0	0.609875856216
116000000.0	0.83429122193
118000000.0	0.698816510942
120000000.0	0.304584145774
122000000.0	-0.488519159127
124000000.0	-0.927145844453
126000000.0	-0.0974987536969
128000000.0	-0.102354776215
130000000.0	0.154440840293
132000000.0	0.100561794072
134000000.0	0.00695524854537
136000000.0	-0.00800414963898
138000000.0	-0.00591942302994
140000000.0	0.281294836662
142000000.0	0.452154909651
144000000.0	0.339779119883
146000000.0	0.113096852655
148000000.0	-0.325147810672
150000000.0	-0.785657697258
152000000.0	-0.621561874996
154000000.0	-0.317059593278
156000000.0	0.357865916236
158000000.0	0.799271008771
160000000.0	0.986787451119
162000000.0	0.581777590296
164000000.0	-0.347515787569
166000000.0	-0.863585044225
168000000.0	-0.838442921836
170000000.0	-0.328145884704
172000000.0	0.352200633298
174000000.0	0.848233451986
176000000.0	0.784046121158
178000000.0	0.273516587678
180000000.0	-0.547911445359
182000000.0	-0.782494360346
184000000.0	-0.681165244407
186000000.0	-0.1357965397
188000000.0	0.569703518892
190000000.0	0.772649514982
192000000.0	0.423463526481
194000000.0	0.0356468536217
196000000.0	-0.508985999332
198000000.0	-0.675108621587
200000000.0	-0.59750169449
202000000.0	0.316880013034
204000000.0	0.647316886698
206000000.0	0.476981747042
208000000.0	0.219474997581
210000000.0	-0.406916732349
212000000.0	-0.533867020219
214000000.0	-0.4292532622
216000000.0	-0.0107476457497
218000000.0	0.446980437903
220000000.0	0.39194646972
222000000.0	0.050147433007
224000000.0	-0.223485338612
226000000.0	-0.599199164865
228000000.0	-0.571384000008
230000000.0	0.120080085467
232000000.0	0.669364526321
234000000.0	0.869911132739
236000000.0	0.277462646615
238000000.0	-0.465264858983
240000000.0	-1.00839971615
242000000.0	-0.888428273332
244000000.0	-0.135972445905
246000000.0	0.669165851213
248000000.0	1.34764648725
250000000.0	1.51360470107
252000000.0	0.0285694039157
254000000.0	-1.24850065132
256000000.0	-2.00303728657
258000000.0	-1.63932433888
260000000.0	0.215516402193
262000000.0	1.92309814645
264000000.0	2.59780585358
266000000.0	1.57868395545
268000000.0	-0.474334257326
270000000.0	-2.31910016232
272000000.0	-3.21759786172
274000000.0	-2.46082760899
276000000.0	0.146720630219
278000000.0	3.04000713825
280000000.0	4.86248048958
282000000.0	3.31834741476
284000000.0	-0.993384818995
286000000.0	-5.22606054659
288000000.0	-6.38365828401
290000000.0	-3.10213660335
292000000.0	2.03036663229
294000000.0	7.21963571453
296000000.0	12.2302712679
298000000.0	18.413424614
300000000.0	-63.2284580413
302000000.0	22.2580461047
304000000.0	13.1609973399
306000000.0	2.58583908698
308000000.0	-3.29785871806
310000000.0	-3.41064910742
312000000.0	-0.800131310311
314000000.0	0.844061859955
316000000.0	1.04883188994
318000000.0	0.269186332919
320000000.0	-0.330472174074
322000000.0	-0.677769517155
324000000.0	-0.705915824946
326000000.0	-0.292642247231
328000000.0	0.754658384537
330000000.0	1.35921712374
332000000.0	0.976532077917
334000000.0	-0.238675869808
336000000.0	-1.34434021827
338000000.0	-1.69176034728
340000000.0	-0.868351972391
342000000.0	0.58674799215
344000000.0	1.35698187314
346000000.0	1.5001818919
348000000.0	0.717399410837
350000000.0	-0.280034030863
352000000.0	-1.171572012
354000000.0	-1.55630738956
356000000.0	-0.861545107784
358000000.0	0.275615864359
360000000.0	1.1107104953
362000000.0	1.3949235417
364000000.0	0.626564204056
366000000.0	-0.188441990998
368000000.0	-1.04124614071
370000000.0	-1.07164403724
372000000.0	-0.577926141431
374000000.0	0.360972462401
376000000.0	0.521469571748
378000000.0	0.822782195495
380000000.0	0.369553925122
382000000.0	-0.104502383304
384000000.0	-0.494080536207
386000000.0	-0.804309984169
388000000.0	-0.376253947557
390000000.0	0.0707508369999
392000000.0	0.384704158481
394000000.0	0.391462018048
396000000.0	0.273848058235
398000000.0	-0.123772873591
400000000.0	-0.35995426527
402000000.0	-0.0988425711079
404000000.0	-0.0108164963556
406000000.0	-0.00767032401698
408000000.0	0.0988719249996
410000000.0	-0.0155891544964
412000000.0	-0.0941043557433
414000000.0	-0.0775413764564
416000000.0	0.000595216846941
418000000.0	0.247388441624
420000000.0	0.303178000197
422000000.0	0.152837318948
424000000.0	-0.142354690907
426000000.0	-0.40476861172
428000000.0	-0.453564934731
430000000.0	-0.16779919777
432000000.0	0.0765187643703
434000000.0	0.350942438262
436000000.0	0.486462053675
438000000.0	0.175346827786
440000000.0	-0.168812550777
442000000.0	-0.449180039909
444000000.0	-0.611739224454
446000000.0	-0.354173978873
448000000.0	0.147682341138
450000000.0	0.424465268384
452000000.0	0.58983023224
454000000.0	0.289855381876
456000000.0	0.00101263717416
458000000.0	-0.387637364461
460000000.0	-0.570259243088
462000000.0	-0.334103625701
464000000.0	0.0206304478522
466000000.0	0.395596728808
468000000.0	0.359205416938
470000000.0	0.428253687121
472000000.0	-0.0901432605644
474000000.0	-0.207882988261
476000000.0	-0.333419091293
478000000.0	-0.331440014652
480000000.0	-0.0350653245739
482000000.0	0.0466720005852
484000000.0	0.173609663076
486000000.0	0.0758534406578
488000000.0	0.015903388764
490000000.0	0.0699150180729
492000000.0	-0.176278237319
494000000.0	0.0290982788007
496000000.0	-0.159972085571
498000000.0	-0.041764107044
500000000.0	-0.233667927199
502000000.0	-0.150173473315
504000000.0	0.0257624187717
506000000.0	-0.00226297693403
508000000.0	0.330785840211
510000000.0	0.138743570056
512000000.0	0.14446905478
514000000.0	-0.0513519293574
516000000.0	-0.17392542579
518000000.0	-0.235364181609
520000000.0	-0.122289056667
522000000.0	0.0838329717485
524000000.0	0.174340222613
526000000.0	0.457687209353
528000000.0	0.240159407357
530000000.0	-0.0311247848339
532000000.0	-0.193266720398
534000000.0	-0.46827018377
536000000.0	-0.207438912724
538000000.0	-0.0211351695608
540000000.0	0.186025532722
542000000.0	0.22518257146
544000000.0	0.143788601722
546000000.0	0.0496239401481
548000000.0	-0.146912064747
550000000.0	-0.434953388106
552000000.0	-0.187760153923
554000000.0	-0.0400959021908
556000000.0	0.130016132049
558000000.0	0.189596449336
560000000.0	0.0615297145458
562000000.0	-0.0172025929069
564000000.0	-0.0977181299756
566000000.0	-0.106281399784
568000000.0	-0.0617921439224
570000000.0	-0.0786869292965
572000000.0	-0.186918311853
574000000.0	0.0315028542855
576000000.0	-0.101494445119
578000000.0	0.0353023293381
580000000.0	-0.031925731986
582000000.0	0.0415253446505
584000000.0	0.0201281418326
586000000.0	0.00138309135527
588000000.0	-0.099800175859
590000000.0	-0.120756830013
592000000.0	-0.198314541575
594000000.0	0.00103309427565
596000000.0	0.186975515384
598000000.0	0.273451738411
600000000.0	-0.509950924385
602000000.0	0.142850168658
604000000.0	0.0137815600964
606000000.0	-0.0691565087474
608000000.0	-0.086903202783
610000000.0	-0.288705281411
612000000.0	-0.0158567727838
614000000.0	0.0366458895866
616000000.0	0.167568744217
618000000.0	0.0543980319853
620000000.0	0.0792184352558
622000000.0	-0.115286100542
624000000.0	-0.357111318761
626000000.0	0.1245103253
628000000.0	0.0454858940825
630000000.0	0.0271012078796
632000000.0	0.0607390057183
634000000.0	0.0780728628188
636000000.0	0.135029238361
638000000.0	-0.0810393688789
640000000.0	0.00062198037925
642000000.0	0.0305480291309
644000000.0	-0.0102153232865
646000000.0	-0.123513813624
648000000.0	-0.0631461670886
650000000.0	0.0725368376842
652000000.0	0.0754779023186
654000000.0	0.0820980011479
656000000.0	0.113127473951
658000000.0	-0.0986855499791
660000000.0	-0.31862260834
662000000.0	0.00686148409626
664000000.0	-0.0136299887915
666000000.0	0.128268558811
668000000.0	-0.0799097061188
670000000.0	0.121688570548
672000000.0	0.13268686076
674000000.0	0.0507202513958
676000000.0	-0.00695477810906
678000000.0	-0.128040804913
680000000.0	-0.0780177020645
682000000.0	-0.0782333256886
684000000.0	0.00547702593209
686000000.0	0.18354872896
688000000.0	0.0578779271851
690000000.0	-0.0142277492876
692000000.0	-0.00268260621162
694000000.0	0.0680927679839
696000000.0	-0.0936810718693
698000000.0	-0.0853632209988
700000000.0	-0.454997178239
702000000.0	0.0930403585636
704000000.0	0.131299088103
706000000.0	0.0746823358243
708000000.0	-0.0158701957285
710000000.0	-0.0553892255053
712000000.0	-0.166144387544
714000000.0	0.0562323016189
716000000.0	0.00232734619388
718000000.0	-0.202016652698
720000000.0	0.0539978562595
722000000.0	0.0181666138345
724000000.0	0.0164629514159
726000000.0	0.197449223652
728000000.0	0.0727453377081
730000000.0	-0.00452954995185
732000000.0	-0.00947328662466
734000000.0	-0.128766823114
736000000.0	-0.176632759668
738000000.0	-0.0717209696691
740000000.0	-0.140206499718
742000000.0	-0.0309228794168
744000000.0	0.299091400804
746000000.0	0.194798140089
748000000.0	0.123301994268
750000000.0	0.0113794094018
752000000.0	-0.0577810946952
754000000.0	-0.262536489748
756000000.0	-0.131835333595
758000000.0	0.102355889012
760000000.0	0.126306124379
762000000.0	0.144734326304
764000000.0	0.00536048116541
766000000.0	-0.113196869939
768000000.0	-0.250135014965
770000000.0	-0.0925445738453
772000000.0	-0.214421083846
774000000.0	-0.0112834093362
776000000.0	0.12051071406
778000000.0	0.283054444117
780000000.0	0.0632938278057
782000000.0	-0.0800550994576
784000000.0	-0.20265497784
786000000.0	-0.167893700059
788000000.0	0.134107948604
790000000.0	0.052864737895
792000000.0	0.0843119155828
794000000.0	0.0142617511047
796000000.0	-0.188511404124
798000000.0	-0.263486076307
800000000.0	-0.0353944935039
802000000.0	-0.00725108171799
804000000.0	0.134378133677
806000000.0	0.0902175468428
808000000.0	0.121437688801
810000000.0	-0.0545562227872
812000000.0	-0.102676720641
814000000.0	-0.281867530466
816000000.0	0.0128295444721
818000000.0	-0.0308852267651
820000000.0	0.231547508781
822000000.0	0.303128578101
824000000.0	0.142005771657
826000000.0	-0.1141461822
828000000.0	-0.349867771689
830000000.0	-0.503662433112
832000000.0	-0.107051460702
834000000.0	0.192958385887
836000000.0	0.36446669627
838000000.0	0.368764072973
840000000.0	0.0700176370115
842000000.0	-0.16271877182
844000000.0	-0.326157704152
846000000.0	-0.385029818782
848000000.0	-0.253161070708
850000000.0	0.260092368872
852000000.0	0.383952550724
854000000.0	0.24960049903
856000000.0	0.00920481754556
858000000.0	-0.365013422662
860000000.0	-0.251020877501
862000000.0	-0.102381273408
864000000.0	0.173914517358
866000000.0	0.419824275699
868000000.0	0.302601076562
870000000.0	-0.0440920709454
872000000.0	-0.500964972406
874000000.0	-0.705622651727
876000000.0	-0.0254644661086
878000000.0	0.40493944937
880000000.0	1.01182693082
882000000.0	0.792039601126
884000000.0	0.107046926289
886000000.0	-0.914623398473
888000000.0	-1.68621503546
890000000.0	-1.81843399504
892000000.0	-0.82157388513
894000000.0	2.31470711059
896000000.0	7.26172635521
898000000.0	12.6987741965
900000000.0	-36.7416013349
902000000.0	11.2342328268
904000000.0	7.20687319563
906000000.0	3.11221863475
908000000.0	0.0332501843726
910000000.0	-1.72892400602
912000000.0	-2.17995727085
914000000.0	-1.69084839573
916000000.0	-0.265638795013
918000000.0	1.03280490386
920000000.0	1.43920206455
922000000.0	1.08369313419
924000000.0	-0.037691041764
926000000.0	-0.854417357599
928000000.0	-0.914480931195
930000000.0	-0.310263135824
932000000.0	0.0492144890096
934000000.0	0.280243563793
936000000.0	0.412048900365
938000000.0	0.191230264016
940000000.0	-0.0507492947414
942000000.0	-0.1951215633
944000000.0	-0.221507937894
946000000.0	-0.130442265405
948000000.0	0.0852959332568
950000000.0	0.117235817512
952000000.0	0.166392232659
954000000.0	-0.148989487048
956000000.0	-0.169046323777
958000000.0	-0.225838724575
960000000.0	0.0303218904517
962000000.0	0.280419265748
964000000.0	0.164228752186
966000000.0	0.0104411144476
968000000.0	0.00507938455201
970000000.0	-0.178495840131
972000000.0	-0.256337647807
974000000.0	-0.236715937456
976000000.0	-0.0791915802783
978000000.0	0.140839074305
980000000.0	0.351312874852
982000000.0	-0.0368736877
984000000.0	-0.176802448661
986000000.0	-0.380583709727
988000000.0	-0.224244566341
990000000.0	-0.132412807296
992000000.0	0.0174591724352
994000000.0	0.252480746549
996000000.0	0.191743007491
998000000.0	0.11873965402
1000000000.0	0.45
1002000000.0	-0.230172327556
1004000000.0	-0.121072889766
1006000000.0	-0.100654135186
1008000000.0	-0.0205754629957
1010000000.0	0.0774013360211
1012000000.0	0.167578267742
1014000000.0	0.140955236996
1016000000.0	0.103690422586
1018000000.0	-0.089411016359
1020000000.0	-0.121752046855
1022000000.0	-0.0833999261575
1024000000.0	0.054102619305
1026000000.0	-0.156709520154
1028000000.0	0.0762909598658
1030000000.0	-0.0753786936122
1032000000.0	-0.0661363961142
1034000000.0	-0.0362046885821
1036000000.0	-0.0865014691089
1038000000.0	0.0842857772557
1040000000.0	-0.0288713251954
1042000000.0	-0.131812174569
1044000000.0	-0.0565258376222
1046000000.0	-0.0643578738275
1048000000.0	0.0159902601385
1050000000.0	-0.0486658479329
1052000000.0	0.0394136369493
1054000000.0	0.0358641941923
1056000000.0	0.0594029745133
1058000000.0	-0.0391482361032
1060000000.0	-0.145524553149
1062000000.0	-0.00494000175766
1064000000.0	-0.0589208033734
1066000000.0	-0.0153857657422
1068000000.0	0.146216609401
1070000000.0	0.131141308274
1072000000.0	0.0300270479542
1074000000.0	-0.00116287596031
1076000000.0	-0.117778042648
1078000000.0	-0.0467317316484
1080000000.0	-0.0238164860359
1082000000.0	-0.0557504933225
1084000000.0	0.0469243828662
1086000000.0	-0.0823037910525
1088000000.0	0.130152704983
1090000000.0	0.0671951572439
1092000000.0	-0.0375805149113
1094000000.0	-0.148530525355
1096000000.0	-0.026822183055
1098000000.0	0.00804715762896
1100000000.0	0.069777803065
1102000000.0	-0.0117246588225
1104000000.0	-0.0442492699336
1106000000.0	0.0959914914377
1108000000.0	0.0141361517557
1110000000.0	-0.0932052277001
1112000000.0	-0.0712978206833
1114000000.0	-0.103889538543
1116000000.0	-0.0925250304774
1118000000.0	-0.091913768233
1120000000.0	-0.00896656169173
1122000000.0	-0.0147636442784
1124000000.0	0.0854303331481
1126000000.0	0.0712035158938
1128000000.0	0.00777182225039
1130000000.0	0.00154075741081
1132000000.0	-0.0885201292915
1134000000.0	-0.12510622775
1136000000.0	0.0409684378573
1138000000.0	0.125633937851
1140000000.0	0.00845581591289
1142000000.0	0.112125386902
1144000000.0	-0.0170597979862
1146000000.0	0.134607912637
1148000000.0	-0.138617656669
1150000000.0	-0.0510582194285
1152000000.0	-0.0399740126602
1154000000.0	-0.0906600574362
1156000000.0	-0.0700115739389
1158000000.0	0.0148327460059
1160000000.0	0.0777719303263
1162000000.0	0.0168915935646
1164000000.0	-0.00454462720354
1166000000.0	0.0167206667576
1168000000.0	-0.0798498134186
1170000000.0	-0.0994548923875
1172000000.0	0.0124354103844
1174000000.0	-0.118275442371
1176000000.0	0.106672251825
1178000000.0	0.0157441282274
1180000000.0	-0.0157653626735
1182000000.0	0.0993701757324
1184000000.0	-0.0219400730757
1186000000.0	-0.101991720448
1188000000.0	-0.0365413945159
1190000000.0	-0.0736327621708
1192000000.0	-0.0537681873751
1194000000.0	-0.150487738519
1196000000.0	-0.0606111765586
1198000000.0	0.00145183678799
1200000000.0	0.33182926527
1202000000.0	-0.114507328995
1204000000.0	-0.129571990691
1206000000.0	-0.0571010253197
1208000000.0	0.0137207602019
1210000000.0	-0.00321016482773
1212000000.0	-0.0522751585755
1214000000.0	-0.080278460278
1216000000.0	-0.0695931178159
1218000000.0	-0.0148938150704
1220000000.0	0.00667945300045
1222000000.0	0.00743462268548
1224000000.0	0.0918232131772
1226000000.0	-0.076480498685
1228000000.0	-0.00653056886081
1230000000.0	0.0791104856646
1232000000.0	0.0310535799712
1234000000.0	0.129465186363
1236000000.0	0.0366336919802
1238000000.0	0.0621048360129
1240000000.0	-0.142428511566
1242000000.0	-0.0754846588857
1244000000.0	-0.0121422109086
1246000000.0	0.0771518531644
1248000000.0	0.0546083940269
1250000000.0	0.33765603477
1252000000.0	0.0807575033454
1254000000.0	0.121051047901
1256000000.0	0.0748948069542
1258000000.0	-0.0243169193814
1260000000.0	-0.0768461479174
1262000000.0	-0.0810865006074
1264000000.0	-0.142614190131
1266000000.0	-0.12024000674
1268000000.0	-0.0158004870873
1270000000.0	0.0489171181547
1272000000.0	0.125199506965
1274000000.0	-0.141693097698
1276000000.0	0.109046969616
1278000000.0	0.0400354870099
1280000000.0	-0.175017385728
1282000000.0	-0.13464990328
1284000000.0	-0.0146395076933
1286000000.0	0.121989361846
1288000000.0	0.238370173414
1290000000.0	0.0401203510434
1292000000.0	0.146118360638
1294000000.0	-0.107879567756
1296000000.0	-0.229269434773
1298000000.0	-0.218194408264
1300000000.0	0.749006189232
1302000000.0	-0.312006928778
1304000000.0	-0.0969430264572
1306000000.0	-0.036005066207
1308000000.0	-0.0363992673123
1310000000.0	0.0680068365416
1312000000.0	-0.0913141999577
1314000000.0	-0.150758785328
1316000000.0	-0.0698599350025
1318000000.0	-0.0553891578058
1320000000.0	0.0295646076971
1322000000.0	0.180046467489
1324000000.0	-0.0197006201308
1326000000.0	0.00597134231729
1328000000.0	0.109207886248
1330000000.0	-0.108784640019
1332000000.0	-0.070019705459
1334000000.0	-0.0204584269274
1336000000.0	0.0283016412123
1338000000.0	0.00490742480978
1340000000.0	0.022082724744
1342000000.0	0.113400787909
1344000000.0	-0.140939656978
1346000000.0	-0.0152543755752
1348000000.0	-0.0156214267748
1350000000.0	0.0863774575511
1352000000.0	0.0233621922707
1354000000.0	0.0682153920212
1356000000.0	0.0102054709081
1358000000.0	0.0411579949142
1360000000.0	-0.0908654887743
1362000000.0	0.00519544697864
1364000000.0	0.143018808267
1366000000.0	0.098296616902
1368000000.0	-0.0220597786473
1370000000.0	-0.0237135952584
1372000000.0	0.0670025792156
1374000000.0	0.461993014311
1376000000.0	-0.466434785564
1378000000.0	-0.0635759976479
1380000000.0	0.00453192557542
1382000000.0	0.0770401848425
1384000000.0	-0.03982446664
1386000000.0	-0.107728167238
1388000000.0	-0.191064483561
1390000000.0	-0.155421293122
1392000000.0	-0.0243650267443
1394000000.0	-0.0278679626197
1396000000.0	0.036934014685
1398000000.0	0.0271229420744
1400000000.0	0.132481414205
1402000000.0	-0.0821695752735
1404000000.0	-0.191463808497
1406000000.0	-0.072736751413
1408000000.0	0.0337695249918
1410000000.0	-0.0755719676614
1412000000.0	0.187812273795
1414000000.0	-0.00729019491039
1416000000.0	0.0965040493635
1418000000.0	-0.0584469467552
1420000000.0	0.00883379979342
1422000000.0	-0.0353949143364
1424000000.0	-0.0912102818999
1426000000.0	0.0477109429794
1428000000.0	0.0701935132292
1430000000.0	0.0336867527783
1432000000.0	-0.114916235198
1434000000.0	0.0255614822223
1436000000.0	0.0222102122091
1438000000.0	0.12788464454
1440000000.0	0.17297381943
1442000000.0	0.00676778396821
1444000000.0	-0.186139058529
1446000000.0	-0.137714889461
1448000000.0	-0.00446729703514
1450000000.0	-0.208049800944
1452000000.0	-0.0331467925291
1454000000.0	0.208375815822
1456000000.0	0.185821808894
1458000000.0	0.0919809241713
1460000000.0	-0.179498966367
1462000000.0	-0.274979915647
1464000000.0	-0.183131963121
1466000000.0	-0.161840201632
1468000000.0	0.142278239723
1470000000.0	0.350112084646
1472000000.0	0.372702648945
1474000000.0	0.213295943097
1476000000.0	-0.00556345877645
1478000000.0	-0.257917335592
1480000000.0	-0.560968047797
1482000000.0	-0.261490917517
1484000000.0	0.147514365542
1486000000.0	0.514302668949
1488000000.0	0.449331775034
1490000000.0	0.0774863834491
1492000000.0	-0.0951562570596
1494000000.0	-0.560284344235
1496000000.0	-0.399405945342
1498000000.0	-0.443085496633
1500000000.0	2.9836679272
1502000000.0	-1.07143319158
1504000000.0	-0.558664246278
1506000000.0	0.0858278815715
1508000000.0	0.446757220088
1510000000.0	0.189406902334
1512000000.0	-0.192335220241
1514000000.0	-0.470889912769
1516000000.0	-0.190860489194
1518000000.0	0.142882432461
1520000000.0	0.213985200973
1522000000.0	0.233038369395
1524000000.0	-0.0311519996662
1526000000.0	-0.0436355577597
1528000000.0	-0.257082560078
1530000000.0	-0.202929095778
1532000000.0	-0.10599306565
1534000000.0	0.0992539807167
1536000000.0	0.127635448901
1538000000.0	0.134728159454
1540000000.0	0.120342275614
1542000000.0	-0.0543734140409
1544000000.0	-0.130132177592
1546000000.0	-0.131913674592
1548000000.0	-0.0996710900221
1550000000.0	-0.0548854081887
1552000000.0	0.145718054391
1554000000.0	0.148767712209
1556000000.0	0.0916547234908
1558000000.0	-0.0174946797571
1560000000.0	-0.0707990427682
1562000000.0	-0.167046899285
1564000000.0	-0.0232599233082
1566000000.0	0.168157842159
1568000000.0	0.0926519141188
1570000000.0	0.0208585004082
1572000000.0	-0.0138052145893
1574000000.0	-0.0353205423979
1576000000.0	0.00297019871263
1578000000.0	-0.0230803520354
1580000000.0	-0.0450513045253
1582000000.0	-0.134686192872
1584000000.0	0.0599225826876
1586000000.0	-0.0775327967866
1588000000.0	-0.00558175393937
1590000000.0	0.03946241427
1592000000.0	-0.021443520119
1594000000.0	0.0550713397955
1596000000.0	-0.0524188673108
1598000000.0	0.0220666140389
1600000000.0	0.0135194935039
1602000000.0	0.0584054871828
1604000000.0	-0.0197931019181
1606000000.0	0.00652076549714
1608000000.0	-0.133924446518
1610000000.0	-0.0312343112393
1612000000.0	-0.0607270845168
1614000000.0	0.0289946391836
1616000000.0	-0.0184777444045
1618000000.0	-0.119186410907
1620000000.0	-0.0625693238332
1622000000.0	0.0188266987497
1624000000.0	-0.311937607881
1626000000.0	0.152796736018
1628000000.0	0.184414451429
1630000000.0	0.0776318277631
1632000000.0	0.0887960569001
1634000000.0	0.0562767538417
1636000000.0	-0.07841962483
1638000000.0	-0.164642211346
1640000000.0	-0.052092192058
1642000000.0	0.140439964786
1644000000.0	-0.000750853763904
1646000000.0	-0.00887937708785
1648000000.0	-0.159954653578
1650000000.0	0.0435269873814
1652000000.0	-0.110921545205
1654000000.0	0.101501209623
1656000000.0	0.0579138112972
1658000000.0	-0.0112513508998
1660000000.0	-0.0179490086308
1662000000.0	-0.00308084082342
1664000000.0	-0.00384614550016
1666000000.0	-0.0654465349293
1668000000.0	-0.0178114008888
1670000000.0	-0.0830308301301
1672000000.0	0.0818071369443
1674000000.0	0.0747269548228
1676000000.0	0.00204272718377
1678000000.0	-0.124081016148
1680000000.0	-0.00733859928873
1682000000.0	-0.0379323953345
1684000000.0	0.101774702969
1686000000.0	0.116039744471
1688000000.0	0.0154826467719
1690000000.0	0.129752146864
1692000000.0	-0.0450493894977
1694000000.0	-0.0878580408406
1696000000.0	-0.0589412751221
1698000000.0	-0.0730093344211
1700000000.0	0.182885050524
1702000000.0	0.00260873777571
1704000000.0	-0.0420420617231
1706000000.0	0.00933730119191
1708000000.0	-0.0664534178078
1710000000.0	-0.0442350044418
1712000000.0	-0.0135892506205
1714000000.0	0.0159445584242
1716000000.0	-0.0312043246673
1718000000.0	-0.0168160138594
1720000000.0	-0.0530037991435
1722000000.0	-0.0172594080068
1724000000.0	0.059746599241
1726000000.0	0.108528727798
1728000000.0	0.0531059745936
1730000000.0	0.0769905029414
1732000000.0	-0.0114386606117
1734000000.0	-0.0134678414632
1736000000.0	-0.0884912607128
1738000000.0	-0.060997761325
1740000000.0	0.0132986992758
1742000000.0	-0.0364841480178
1744000000.0	0.0677942461133
1746000000.0	0.0621306857313
1748000000.0	-0.106930002732
1750000000.0	-0.475140145243
1752000000.0	-0.112652957733
1754000000.0	-0.0808881613561
1756000000.0	0.0126945384488
1758000000.0	0.058579890525
1760000000.0	0.0219495987758
1762000000.0	0.0359233743198
1764000000.0	-0.0795251505876
1766000000.0	-0.0692505613292
1768000000.0	-0.0595130749976
1770000000.0	-0.119805635091
1772000000.0	0.0751884421781
1774000000.0	-0.0556124606653
1776000000.0	-0.0695270550832
1778000000.0	0.0869835036751
1780000000.0	-0.0293369710226
1782000000.0	-0.139000762479
1784000000.0	-0.040925265595
1786000000.0	-0.0820010443041
1788000000.0	-0.00136118283179
1790000000.0	-0.00406221480864
1792000000.0	-0.102629531559
1794000000.0	-0.0481368422882
1796000000.0	-0.263407234444
1798000000.0	-0.144434458717
1800000000.0	0.681221204669
1802000000.0	-0.243021159964
1804000000.0	-0.108863311999
1806000000.0	-0.0227927480145
1808000000.0	-0.0519651503781
1810000000.0	0.139012072373
1812000000.0	0.0455926512245
1814000000.0	0.0404974039018
1816000000.0	-0.0162115568316
1818000000.0	0.0888830724769
1820000000.0	-0.0509914356231
1822000000.0	0.0821415971085
1824000000.0	-0.0988558864674
1826000000.0	0.0357636279348
1828000000.0	-0.0530557482918
1830000000.0	-0.0584890770339
1832000000.0	0.00301765249518
1834000000.0	0.07777348597
1836000000.0	-0.060521858716
1838000000.0	-0.0706005917696
1840000000.0	0.030924542938
1842000000.0	-0.00516983697942
1844000000.0	-0.0686510901778
1846000000.0	-0.0305959709934
1848000000.0	0.00989581698494
1850000000.0	-0.191110761532
1852000000.0	-0.022244904509
1854000000.0	-0.0880065791025
1856000000.0	0.0116542797639
1858000000.0	0.163868417774
1860000000.0	0.0405193854319
1862000000.0	-0.0101657974022
1864000000.0	0.0118415990654
1866000000.0	0.0625987283961
1868000000.0	0.200880541172
1870000000.0	0.0764341162073
1872000000.0	0.135934178507
1874000000.0	0.0157032882254
1876000000.0	-0.0487918715753
1878000000.0	-0.133935624915
1880000000.0	-0.287003126888
1882000000.0	-0.182594634124
1884000000.0	0.00920578862252
1886000000.0	0.113119618442
1888000000.0	0.211245221993
1890000000.0	0.207137929455
1892000000.0	-0.0725555773403
1894000000.0	-0.358454258923
1896000000.0	-1.00225083
1898000000.0	-1.48315725158
1900000000.0	4.61004247927
1902000000.0	-1.64793410689
1904000000.0	-0.936717380827
1906000000.0	-0.328825319951
1908000000.0	0.0526884019606
1910000000.0	0.156749053667
1912000000.0	0.235695371715
1914000000.0	0.131838874991
1916000000.0	-0.053679378235
1918000000.0	-0.0227668355472
1920000000.0	-0.194383294088
1922000000.0	-0.0777285034074
1924000000.0	-0.03857066357
1926000000.0	0.00918067970378
1928000000.0	-0.00407540070682
1930000000.0	-0.0876785617776
1932000000.0	0.0603948378969
1934000000.0	-0.0120840241708
1936000000.0	-0.0465566432439
1938000000.0	-0.0253031212801
1940000000.0	0.0512176177733
1942000000.0	0.100195726372
1944000000.0	-0.0726177653931
1946000000.0	-0.0341186879755
1948000000.0	-0.0627222300397
1950000000.0	-0.0102228175281
1952000000.0	-0.00309710346618
1954000000.0	0.0375204146207
1956000000.0	-0.0877619433922
1958000000.0	0.0392500981404
1960000000.0	-0.0571369291458
1962000000.0	0.0457277991022
1964000000.0	0.0285861928756
1966000000.0	-0.0793805705223
1968000000.0	0.00770828512683
1970000000.0	0.0129235756754
1972000000.0	0.00867410636599
1974000000.0	0.0397194312223
1976000000.0	-0.0483298481682
1978000000.0	-0.123581168267
1980000000.0	0.0447472314358
1982000000.0	0.0131806833114
1984000000.0	0.0177497448692
1986000000.0	-0.0052912659334
1988000000.0	-0.0239993902437
1990000000.0	-0.118825347589
1992000000.0	-0.00599030109786
1994000000.0	-0.244885171663
1996000000.0	-0.0363137375715
1998000000.0	-0.154924247741
2000000000.0	0.4625
