0.0	-45.68758
2000000.0	5.32372295385
4000000.0	8.92088634129
6000000.0	4.28530573057
8000000.0	-5.81677466782
10000000.0	-11.758201344
12000000.0	-13.0752360016
14000000.0	-7.46270601956
16000000.0	5.99228990779
18000000.0	18.5129791375
20000000.0	22.7919486553
22000000.0	10.5305537974
24000000.0	-10.4082752471
26000000.0	-27.0872689925
28000000.0	-23.3405256059
30000000.0	-3.61029353256
32000000.0	16.9677402695
34000000.0	22.706577355
36000000.0	12.467093413
38000000.0	0.402977320537
40000000.0	-13.8019603465
42000000.0	-18.4400465119
44000000.0	-6.8998103887
46000000.0	4.10752886525
48000000.0	10.3721205954
50000000.0	6.44283648402
52000000.0	-1.52986518945
54000000.0	-8.54980025629
56000000.0	-5.9930123778
58000000.0	0.830645229861
60000000.0	7.34835610773
62000000.0	6.33350752994
64000000.0	1.51201344986
66000000.0	-6.02503213704
68000000.0	-8.1202640865
70000000.0	-3.71725990873
72000000.0	4.68307782366
74000000.0	8.66382748266
76000000.0	6.73999546324
78000000.0	-1.66430182669
80000000.0	-8.42211016244
82000000.0	-8.47511271843
84000000.0	-1.51471642973
86000000.0	6.84863125203
88000000.0	9.18263985505
90000000.0	4.1363843151
92000000.0	-4.06251112745
94000000.0	-8.85531071351
96000000.0	-6.69974109179
98000000.0	1.62851892079
100000000.0	6.45858997813
102000000.0	8.53107534032
104000000.0	0.659383192611
106000000.0	-6.69321285719
108000000.0	-7.79724168142
110000000.0	-3.13671478724
112000000.0	4.29817167159
114000000.0	8.17752210186
116000000.0	5.89177478633
118000000.0	-1.34139822823
120000000.0	-6.6709383432
122000000.0	-7.31952040581
124000000.0	-0.69475761632
126000000.0	5.10630571292
128000000.0	6.31522464084
130000000.0	4.03699851285
132000000.0	-2.36703900292
134000000.0	-6.55267883834
136000000.0	-4.38851135835
138000000.0	1.41640051373
140000000.0	5.7393427125
142000000.0	5.61594617107
144000000.0	-0.36529141491
146000000.0	-4.88359989583
148000000.0	-7.04494009998
150000000.0	-2.62252917682
152000000.0	4.8670811368
154000000.0	7.27439431531
156000000.0	3.6844932018
158000000.0	-1.94610483601
160000000.0	-6.70185350728
162000000.0	-6.34324500349
164000000.0	0.268991090793
166000000.0	5.80391722307
168000000.0	6.7274725322
170000000.0	2.28650743966
172000000.0	-4.32712010715
174000000.0	-6.16940879454
176000000.0	-4.50145021366
178000000.0	2.71476329383
180000000.0	6.92088435418
182000000.0	5.87897015327
184000000.0	-0.654224249238
186000000.0	-6.58709325182
188000000.0	-7.00002605259
190000000.0	-1.90397058886
192000000.0	4.95470755647
194000000.0	7.31057240332
196000000.0	2.47095708017
198000000.0	-4.04762169549
200000000.0	-7.02671682217
202000000.0	-4.6269439073
204000000.0	2.6311808451
206000000.0	8.3755243437
208000000.0	6.13149401646
210000000.0	-0.513382358457
212000000.0	-8.58710922991
214000000.0	-8.7975739212
216000000.0	-3.08091331314
218000000.0	6.49861842663
220000000.0	9.82388660557
222000000.0	6.3674623757
224000000.0	-2.38792667386
226000000.0	-9.12471562833
228000000.0	-8.28971928961
230000000.0	-1.35500677734
232000000.0	6.47756890937
234000000.0	8.73833488763
236000000.0	2.99551048045
238000000.0	-4.64597365728
240000000.0	-6.95501774541
242000000.0	-4.41016029005
244000000.0	2.64136460995
246000000.0	7.73320424897
248000000.0	5.69484566352
250000000.0	-4.27885130155
252000000.0	-9.15780854325
254000000.0	-8.79473838853
256000000.0	-2.2743946039
258000000.0	10.0028656014
260000000.0	15.7608712432
262000000.0	7.79220171687
264000000.0	-11.0295658625
266000000.0	-22.385152335
268000000.0	-17.7988254125
270000000.0	5.43516147429
272000000.0	27.0272545606
274000000.0	29.3325461779
276000000.0	6.36781807281
278000000.0	-26.3253151453
280000000.0	-41.0071959586
282000000.0	-19.5608962418
284000000.0	21.3996934995
286000000.0	44.6735080129
288000000.0	24.7003628841
290000000.0	-24.5214047399
292000000.0	-54.9030754546
294000000.0	-19.5779422167
296000000.0	83.0635453866
298000000.0	187.536254493
300000000.0	-422.184692264
302000000.0	138.986717883
304000000.0	80.8366622109
306000000.0	36.2382750188
308000000.0	2.36513393084
310000000.0	-24.3257636181
312000000.0	-35.9805846423
314000000.0	-27.1479659785
316000000.0	-1.75608355402
318000000.0	23.4244176135
320000000.0	31.3313620037
322000000.0	15.1011390235
324000000.0	-9.9062333202
326000000.0	-26.3145728062
328000000.0	-18.0668399689
330000000.0	1.73992177116
332000000.0	16.3847688758
334000000.0	14.9906739249
336000000.0	2.00986987351
338000000.0	-12.2732399567
340000000.0	-12.1656804122
342000000.0	-0.99329417104
344000000.0	8.82608164599
346000000.0	9.5794327006
348000000.0	0.395117449652
350000000.0	-7.5892832702
352000000.0	-8.80483876946
354000000.0	-1.23545651104
356000000.0	6.02609121007
358000000.0	9.13681802641
360000000.0	4.09506100938
362000000.0	-4.38339538828
364000000.0	-8.88163488987
366000000.0	-6.72311182936
368000000.0	-0.344692196884
370000000.0	6.04895531554
372000000.0	7.90808607179
374000000.0	4.35219653226
376000000.0	-1.89909429711
378000000.0	-5.76044171439
380000000.0	-4.68781281696
382000000.0	-1.65659492499
384000000.0	2.87582459853
386000000.0	4.79469385852
388000000.0	2.1291676065
390000000.0	-1.08163899485
392000000.0	-2.8004813073
394000000.0	-1.20561705177
396000000.0	0.432489797405
398000000.0	2.28304917821
400000000.0	1.90274340799
402000000.0	-1.55207436078
404000000.0	-5.0768008091
406000000.0	-2.84806089551
408000000.0	0.687897293382
410000000.0	3.78365271617
412000000.0	4.01913574862
414000000.0	1.50191779899
416000000.0	-2.68213263337
418000000.0	-4.71910489602
420000000.0	-3.349953026
422000000.0	1.6884461917
424000000.0	3.71491316138
426000000.0	3.46698068594
428000000.0	0.991273707267
430000000.0	-2.77286146434
432000000.0	-2.75694250546
434000000.0	-1.52649473237
436000000.0	1.23967797936
438000000.0	2.29682384249
440000000.0	1.98391959947
442000000.0	-0.483714245025
444000000.0	-2.43714056279
446000000.0	-1.71299112679
448000000.0	-0.272051278444
450000000.0	2.18218312572
452000000.0	1.88627656371
454000000.0	0.39638769868
456000000.0	-2.4562333687
458000000.0	-1.74543572287
460000000.0	-0.117981492904
462000000.0	1.72268043973
464000000.0	2.7268153526
466000000.0	1.95683314257
468000000.0	-1.06411755692
470000000.0	-2.09500073792
472000000.0	-3.09580901091
474000000.0	-0.64068602656
476000000.0	2.39157960304
478000000.0	2.45343509095
480000000.0	1.2359818642
482000000.0	-0.899172610824
484000000.0	-1.88616940465
486000000.0	-1.9226349957
488000000.0	-0.839511286188
490000000.0	1.30074437193
492000000.0	1.10555065511
494000000.0	-0.137197808895
496000000.0	-1.79724917068
498000000.0	-1.29542409068
500000000.0	0.360437143411
502000000.0	0.893045410224
504000000.0	1.76366273033
506000000.0	0.613736245081
508000000.0	-0.982159203944
510000000.0	-1.56449709071
512000000.0	-2.19489581963
514000000.0	0.759095605811
516000000.0	1.96600451106
518000000.0	1.69575227578
520000000.0	0.40500116788
522000000.0	-1.37816267751
524000000.0	-2.04843189621
526000000.0	-1.25017171328
528000000.0	1.09133091603
530000000.0	1.65143600645
532000000.0	0.754500800363
534000000.0	-0.188485046849
536000000.0	-1.42262478096
538000000.0	-1.40517781805
540000000.0	-0.0404455792882
542000000.0	0.795219910753
544000000.0	0.894605268937
546000000.0	0.500545524822
548000000.0	-0.64853461437
550000000.0	-1.4372228665
552000000.0	-0.0653332096043
554000000.0	0.118022597421
556000000.0	1.33862047656
558000000.0	1.53738012849
560000000.0	-0.487330687247
562000000.0	-1.33549924304
564000000.0	-1.31479382003
566000000.0	-0.525494850672
568000000.0	0.815075242513
570000000.0	2.48327423944
572000000.0	1.43731523497
574000000.0	-0.696675184113
576000000.0	-0.791829985226
578000000.0	-0.759958765171
580000000.0	0.464780848839
582000000.0	0.888715280585
584000000.0	1.05673242759
586000000.0	-0.397206495985
588000000.0	-0.312527568222
590000000.0	-0.487981653112
592000000.0	0.164858207729
594000000.0	0.288249258195
596000000.0	0.355375677278
598000000.0	-1.14943233143
600000000.0	2.17330013642
602000000.0	-1.43377005256
604000000.0	-1.31389870613
606000000.0	-0.474742990933
608000000.0	0.901998925632
610000000.0	1.23880546504
612000000.0	0.0634111434096
614000000.0	-0.8045498246
616000000.0	-0.02609783559
618000000.0	-0.804706237658
620000000.0	-0.405057497632
622000000.0	-0.530437986018
624000000.0	-0.355786094734
626000000.0	1.59899877614
628000000.0	0.205109036133
630000000.0	-0.286882729186
632000000.0	-0.304446257817
634000000.0	0.382857801327
636000000.0	1.24120869864
638000000.0	1.60562375392
640000000.0	-0.648811502894
642000000.0	-0.51697634101
644000000.0	-1.15614047627
646000000.0	-0.221389568555
648000000.0	0.81550264945
650000000.0	0.802586376229
652000000.0	-0.0489606018992
654000000.0	-1.10098018669
656000000.0	-0.865218047534
658000000.0	-0.0586508471704
660000000.0	0.724912329721
662000000.0	0.415060727547
664000000.0	0.948819434176
666000000.0	-0.428673790062
668000000.0	-0.746018280886
670000000.0	-0.768566760913
672000000.0	0.547479711779
674000000.0	1.17462113506
676000000.0	0.923589264779
678000000.0	0.37851081341
680000000.0	-0.863117377435
682000000.0	-0.63538584057
684000000.0	-0.540617259996
686000000.0	0.0374760578663
688000000.0	0.875866982275
690000000.0	0.676847428019
692000000.0	0.234676631039
694000000.0	-0.604496073517
696000000.0	0.218461300444
698000000.0	1.45327565797
700000000.0	-1.49170938671
702000000.0	1.68305341639
704000000.0	0.41175803893
706000000.0	-0.723091355579
708000000.0	-0.516584136016
710000000.0	-1.05363990898
712000000.0	0.49997069408
714000000.0	0.184753964266
716000000.0	0.94255921617
718000000.0	-0.0413968629387
720000000.0	-0.543383388384
722000000.0	-0.634389463345
724000000.0	-0.0270581057487
726000000.0	1.25175308275
728000000.0	1.44980814467
730000000.0	0.75239269164
732000000.0	-1.14034982189
734000000.0	-1.61397481391
736000000.0	-1.85971359519
738000000.0	-0.331810069706
740000000.0	1.62291658304
742000000.0	0.185040432443
744000000.0	-0.164440197649
746000000.0	-0.202690791482
748000000.0	-1.08724186221
750000000.0	-0.469557773654
752000000.0	1.11689875829
754000000.0	0.406665462957
756000000.0	0.440650509092
758000000.0	-0.235827195409
760000000.0	-1.37246273378
762000000.0	-0.604856843999
764000000.0	0.163456475956
766000000.0	1.26880481563
768000000.0	0.815674844357
770000000.0	0.593112297511
772000000.0	-0.710359589274
774000000.0	-1.10008099992
776000000.0	-0.738073782998
778000000.0	0.380656434379
780000000.0	1.40745629441
782000000.0	1.0370816249
784000000.0	0.0890445107745
786000000.0	-0.437492123403
788000000.0	-1.1891197367
790000000.0	-1.08634184853
792000000.0	1.45325481246
794000000.0	1.45545988045
796000000.0	-0.506142140036
798000000.0	-1.62745269517
800000000.0	0.592067263253
802000000.0	-0.846656879704
804000000.0	0.384717023186
806000000.0	2.40166356307
808000000.0	1.91283029197
810000000.0	0.0773450563527
812000000.0	-1.95711318001
814000000.0	-1.91333802264
816000000.0	-0.495986623698
818000000.0	2.49554579324
820000000.0	1.47186710576
822000000.0	0.564409362217
824000000.0	-0.645049906342
826000000.0	-1.39133932669
828000000.0	-1.83576292029
830000000.0	-0.109831650396
832000000.0	1.82176057809
834000000.0	0.952857356273
836000000.0	0.791535944043
838000000.0	-1.14680948335
840000000.0	-1.1929440481
842000000.0	-0.243815580172
844000000.0	0.317491964246
846000000.0	1.5282462818
848000000.0	0.22199739644
850000000.0	-0.657619055976
852000000.0	-2.27079470864
854000000.0	-0.7660992224
856000000.0	0.424780013253
858000000.0	2.09993852569
860000000.0	4.08949033966
862000000.0	1.01223634858
864000000.0	-2.97308052971
866000000.0	-5.95531312406
868000000.0	-3.85950335612
870000000.0	1.18096699686
872000000.0	6.89211853887
874000000.0	7.20016353625
876000000.0	1.61980008933
878000000.0	-6.45315841147
880000000.0	-10.4674926016
882000000.0	-4.39316444516
884000000.0	6.74152356663
886000000.0	12.0906316625
888000000.0	4.81728458965
890000000.0	-11.5093567503
892000000.0	-18.7632708324
894000000.0	-3.02021131292
896000000.0	34.4596944411
898000000.0	75.009777584
900000000.0	-173.264847968
902000000.0	58.6388277172
904000000.0	32.3001768362
906000000.0	9.9799831798
908000000.0	-2.89902855206
910000000.0	-9.5150370019
912000000.0	-9.82941788745
914000000.0	-6.00093796986
916000000.0	0.320205621482
918000000.0	6.39222643992
920000000.0	7.03421581375
922000000.0	3.78820925569
924000000.0	-2.59393948987
926000000.0	-7.23629950892
928000000.0	-3.97415442826
930000000.0	1.50559009954
932000000.0	4.12749154187
934000000.0	3.40787130574
936000000.0	0.355183690521
938000000.0	-3.108537311
940000000.0	-2.99346465323
942000000.0	0.561944630799
944000000.0	2.38415234619
946000000.0	2.76071757316
948000000.0	0.37791550203
950000000.0	-3.0585001527
952000000.0	-2.34076045238
954000000.0	-0.933349426689
956000000.0	2.13166213812
958000000.0	3.35388834058
960000000.0	1.78360000981
962000000.0	-2.01578446216
964000000.0	-3.6315930568
966000000.0	-2.29257640915
968000000.0	0.871656498357
970000000.0	1.83465670567
972000000.0	1.66271073623
974000000.0	0.799577294447
976000000.0	-0.151661131512
978000000.0	-1.4850430281
980000000.0	-1.00029627728
982000000.0	0.120128455323
984000000.0	0.957428385676
986000000.0	1.50090607806
988000000.0	-0.046004566253
990000000.0	-0.342143180317
992000000.0	-1.04492308453
994000000.0	0.0299897218662
996000000.0	1.04793850858
998000000.0	1.30428862587
1000000000.0	4.156285
1002000000.0	-0.9325146223
1004000000.0	-1.45745793829
1006000000.0	-0.437536116932
1008000000.0	-0.304913405741
1010000000.0	1.51510162214
1012000000.0	1.37993689433
1014000000.0	0.0336145743158
1016000000.0	-1.4773997052
1018000000.0	-0.879575257877
1020000000.0	-0.914081896872
1022000000.0	0.327740277635
1024000000.0	0.757252086661
1026000000.0	1.05681329162
1028000000.0	-0.641546220061
1030000000.0	-0.234161503482
1032000000.0	-1.15561087836
1034000000.0	-0.150892252352
1036000000.0	0.400406970236
1038000000.0	1.20798235034
1040000000.0	0.655982081161
1042000000.0	-0.674720067034
1044000000.0	-0.272979175628
1046000000.0	-1.03998305782
1048000000.0	0.025027031501
1050000000.0	0.445124580982
1052000000.0	0.791893415737
1054000000.0	-0.492104762465
1056000000.0	-1.76663427364
1058000000.0	-0.929590117374
1060000000.0	0.230303342695
1062000000.0	1.13461168491
1064000000.0	0.728623261164
1066000000.0	0.687121674223
1068000000.0	-0.260723126989
1070000000.0	-0.789916907663
1072000000.0	-1.14769213122
1074000000.0	0.449410150504
1076000000.0	0.581510897419
1078000000.0	1.23788697863
1080000000.0	0.269226318498
1082000000.0	-0.25592259541
1084000000.0	-0.554413544229
1086000000.0	-0.361470993014
1088000000.0	-0.227866139177
1090000000.0	0.0766571372846
1092000000.0	0.506172255136
1094000000.0	-0.416801502203
1096000000.0	-0.582015585972
1098000000.0	0.231652912129
1100000000.0	0.317244410122
1102000000.0	-0.0161102325286
1104000000.0	0.443778384457
1106000000.0	0.183246673905
1108000000.0	-0.426933040387
1110000000.0	-0.564566491846
1112000000.0	-0.679815749752
1114000000.0	-0.0652207208059
1116000000.0	0.545361611186
1118000000.0	0.914138288605
1120000000.0	0.112154482719
1122000000.0	-0.957082478787
1124000000.0	-0.889983438612
1126000000.0	-0.273491025241
1128000000.0	0.507356185574
1130000000.0	1.07311471928
1132000000.0	0.138041802984
1134000000.0	-0.272388588419
1136000000.0	-0.461524840733
1138000000.0	-0.388590628544
1140000000.0	0.501270071903
1142000000.0	0.780198576056
1144000000.0	0.810378556109
1146000000.0	-0.0964771731627
1148000000.0	-0.247147656809
1150000000.0	0.351531189454
1152000000.0	-0.436127587489
1154000000.0	-0.129880534546
1156000000.0	1.19058481875
1158000000.0	0.112440812084
1160000000.0	-0.873798426222
1162000000.0	0.130196515182
1164000000.0	-0.382877257813
1166000000.0	-0.328262976937
1168000000.0	0.213450844398
1170000000.0	0.33422462308
1172000000.0	0.674863172545
1174000000.0	-1.99660037071
1176000000.0	0.548732815679
1178000000.0	-0.3549813022
1180000000.0	-0.114939083561
1182000000.0	0.40868339285
1184000000.0	0.223797637034
1186000000.0	-1.37808731223
1188000000.0	-0.487191218146
1190000000.0	0.0394815693742
1192000000.0	-0.241085704093
1194000000.0	0.0259997387126
1196000000.0	0.543392618976
1198000000.0	0.424950009267
1200000000.0	-1.73095090799
1202000000.0	-0.0101960140329
1204000000.0	0.243195162403
1206000000.0	-0.177948935227
1208000000.0	-0.0456462359791
1210000000.0	-1.00972084029
1212000000.0	-0.0117785417549
1214000000.0	-0.234486686012
1216000000.0	0.645387009241
1218000000.0	-0.229973512618
1220000000.0	0.329767822282
1222000000.0	-0.129620026229
1224000000.0	0.289394447238
1226000000.0	0.177919811764
1228000000.0	0.251012378485
1230000000.0	0.269557944168
1232000000.0	-0.125256301066
1234000000.0	0.444151617252
1236000000.0	0.429579943081
1238000000.0	0.795413334917
1240000000.0	-0.113033740595
1242000000.0	0.541291843428
1244000000.0	0.870536793492
1246000000.0	0.125983411326
1248000000.0	0.424050908141
1250000000.0	-2.42044152286
1252000000.0	0.770600279243
1254000000.0	0.421086297868
1256000000.0	-0.109129625067
1258000000.0	0.240606920083
1260000000.0	-0.152288228791
1262000000.0	0.503944633487
1264000000.0	0.175723727317
1266000000.0	-0.463141340526
1268000000.0	-0.0518464952755
1270000000.0	-0.338316888733
1272000000.0	0.390936992192
1274000000.0	0.65505573531
1276000000.0	0.632837931879
1278000000.0	-0.833247055592
1280000000.0	-0.0502443707448
1282000000.0	0.177779638867
1284000000.0	0.0451039247718
1286000000.0	1.21963810614
1288000000.0	-0.558106478021
1290000000.0	-0.510512903075
1292000000.0	-0.365435724121
1294000000.0	-0.0120410214653
1296000000.0	0.406207018432
1298000000.0	1.96586093741
1300000000.0	-6.1866964026
1302000000.0	2.59826724744
1304000000.0	1.42061080363
1306000000.0	0.111576656989
1308000000.0	-0.944901018009
1310000000.0	0.346483968777
1312000000.0	1.16812569363
1314000000.0	0.0890297405308
1316000000.0	0.349191686964
1318000000.0	-0.259987049431
1320000000.0	-0.794897142515
1322000000.0	-0.118827407522
1324000000.0	-0.349411637768
1326000000.0	0.190695889579
1328000000.0	0.160379470388
1330000000.0	-0.397420258489
1332000000.0	-0.107371056483
1334000000.0	-0.392265892695
1336000000.0	-0.337586903445
1338000000.0	0.0115243807893
1340000000.0	0.318031133253
1342000000.0	-0.062079149663
1344000000.0	0.0416704547222
1346000000.0	-0.538636792194
1348000000.0	-0.740303582998
1350000000.0	-0.122946270929
1352000000.0	0.933695800539
1354000000.0	0.857449502767
1356000000.0	-1.01156631805
1358000000.0	0.294345649508
1360000000.0	-0.7529454924
1362000000.0	0.691014778044
1364000000.0	-0.321500612638
1366000000.0	0.783534182782
1368000000.0	-0.914809281627
1370000000.0	-0.591289894021
1372000000.0	-0.974289112551
1374000000.0	-1.71498927194
1376000000.0	1.99010455891
1378000000.0	1.0219010644
1380000000.0	0.834937411894
1382000000.0	0.0320815265415
1384000000.0	-0.374801251008
1386000000.0	-0.505707335829
1388000000.0	-0.717283245314
1390000000.0	-0.461378774733
1392000000.0	0.3322895854
1394000000.0	0.364530878741
1396000000.0	-0.246330157883
1398000000.0	-1.04768484425
1400000000.0	1.73051714804
1402000000.0	0.0617302050608
1404000000.0	-0.141699706385
1406000000.0	0.743515657577
1408000000.0	0.312353709775
1410000000.0	-0.251175456008
1412000000.0	-0.71320802941
1414000000.0	-0.685510790763
1416000000.0	-0.268785877786
1418000000.0	1.27094275886
1420000000.0	0.623664187055
1422000000.0	-0.53411322658
1424000000.0	-0.615672134289
1426000000.0	-0.241233108619
1428000000.0	-0.187379037793
1430000000.0	0.587338627914
1432000000.0	0.495479112682
1434000000.0	0.751053015832
1436000000.0	-0.288754869455
1438000000.0	-0.667751002052
1440000000.0	0.0395988145243
1442000000.0	0.120879742016
1444000000.0	1.24224030632
1446000000.0	1.39633541641
1448000000.0	-0.592530975484
1450000000.0	-0.135132584643
1452000000.0	-0.913014548339
1454000000.0	-0.0781310216477
1456000000.0	-0.139470574006
1458000000.0	1.28712565981
1460000000.0	1.49337094758
1462000000.0	0.197175138909
1464000000.0	-0.303230238409
1466000000.0	-2.64245628603
1468000000.0	-0.265530123025
1470000000.0	0.327893215167
1472000000.0	1.50274115216
1474000000.0	2.7004288687
1476000000.0	-0.0811689501485
1478000000.0	-1.66773814325
1480000000.0	-2.66238199372
1482000000.0	-1.64716653325
1484000000.0	3.75510980785
1486000000.0	3.95275456236
1488000000.0	1.22016409211
1490000000.0	-4.42504240124
1492000000.0	-7.31468498347
1494000000.0	-0.530376240537
1496000000.0	15.5428442844
1498000000.0	33.9373650361
1500000000.0	-79.4541771434
1502000000.0	26.13017641
1504000000.0	14.3637492236
1506000000.0	4.96152469525
1508000000.0	-1.59537285161
1510000000.0	-3.70313142579
1512000000.0	-3.52953713259
1514000000.0	-1.73629159519
1516000000.0	1.00468288875
1518000000.0	2.61697250531
1520000000.0	2.79586926567
1522000000.0	1.00448956949
1524000000.0	-1.12164695166
1526000000.0	-2.33024784218
1528000000.0	-1.59956290943
1530000000.0	1.75947076241
1532000000.0	1.65223306753
1534000000.0	1.26435210684
1536000000.0	-0.470982817985
1538000000.0	-1.31101945816
1540000000.0	-1.21917632562
1542000000.0	0.468682078564
1544000000.0	0.725758893097
1546000000.0	1.12958949843
1548000000.0	-0.266681680244
1550000000.0	-0.772880522106
1552000000.0	0.163594734525
1554000000.0	-0.277411605445
1556000000.0	0.441702813208
1558000000.0	1.45424796075
1560000000.0	0.462089745483
1562000000.0	-0.389556045257
1564000000.0	-1.02668770732
1566000000.0	-0.25195783432
1568000000.0	0.00975545459408
1570000000.0	0.716863475977
1572000000.0	0.428545247614
1574000000.0	0.154695770252
1576000000.0	0.545324871202
1578000000.0	-0.142963930608
1580000000.0	0.130294379333
1582000000.0	0.374522960612
1584000000.0	0.824258211584
1586000000.0	0.487480860342
1588000000.0	0.176429457554
1590000000.0	-0.660572638348
1592000000.0	-0.351127487845
1594000000.0	-0.674018489297
1596000000.0	0.568073746287
1598000000.0	0.978945064525
1600000000.0	-0.561089763253
1602000000.0	-0.00896350647368
1604000000.0	-0.663479702596
1606000000.0	0.611154538723
1608000000.0	-0.551376889515
1610000000.0	0.767102208392
1612000000.0	0.608775764032
1614000000.0	0.532618771737
1616000000.0	-0.495956725793
1618000000.0	-0.144050196515
1620000000.0	-0.0341406546817
1622000000.0	-0.24005988209
1624000000.0	0.819047228178
1626000000.0	0.637970468794
1628000000.0	0.123069205875
1630000000.0	-0.16846059447
1632000000.0	0.693298518335
1634000000.0	0.28017144728
1636000000.0	0.956884564625
1638000000.0	0.361037397456
1640000000.0	-0.112472168376
1642000000.0	0.393776956784
1644000000.0	-0.124623445006
1646000000.0	-0.356859407467
1648000000.0	0.537112596415
1650000000.0	0.155061942196
1652000000.0	0.385364917353
1654000000.0	0.112097840255
1656000000.0	-0.734249258074
1658000000.0	-0.770377413901
1660000000.0	0.00813913236936
1662000000.0	0.503171611682
1664000000.0	0.346532983151
1666000000.0	0.273830147692
1668000000.0	0.377671556083
1670000000.0	0.166350194613
1672000000.0	0.477856688762
1674000000.0	-0.359908959228
1676000000.0	-0.310749304296
1678000000.0	0.17143497495
1680000000.0	0.915397315852
1682000000.0	-0.271399043513
1684000000.0	-0.0641633533721
1686000000.0	0.0511285032717
1688000000.0	-0.34240906828
1690000000.0	0.153278256584
1692000000.0	0.3361312791
1694000000.0	0.465541850025
1696000000.0	-1.3842769487
1698000000.0	-0.757564614258
1700000000.0	1.70570842256
1702000000.0	0.297139651163
1704000000.0	0.168512170147
1706000000.0	-0.302720121486
1708000000.0	0.430682809425
1710000000.0	-0.617551945242
1712000000.0	-0.96396970625
1714000000.0	1.25657184158
1716000000.0	0.0510598510146
1718000000.0	0.0786706886158
1720000000.0	-0.396191864802
1722000000.0	0.0310140115915
1724000000.0	0.207441475044
1726000000.0	-0.127705128001
1728000000.0	1.29962333291
1730000000.0	-0.447614756821
1732000000.0	0.129990802917
1734000000.0	0.435837640364
1736000000.0	0.186147773372
1738000000.0	0.554760544074
1740000000.0	0.929134780595
1742000000.0	-0.107765789294
1744000000.0	0.218536519877
1746000000.0	-0.888973400199
1748000000.0	0.161121579566
1750000000.0	-2.45606940193
1752000000.0	0.0160600216931
1754000000.0	-0.101849811302
1756000000.0	0.00797461887186
1758000000.0	4.57753945291e-05
1760000000.0	0.356795254647
1762000000.0	-0.16960434417
1764000000.0	0.518327692753
1766000000.0	-0.307985909954
1768000000.0	0.554740008368
1770000000.0	0.664829260833
1772000000.0	0.274887670696
1774000000.0	0.0886622337338
1776000000.0	1.13335566512
1778000000.0	0.263838296152
1780000000.0	0.106149225787
1782000000.0	0.155838800177
1784000000.0	0.422302030803
1786000000.0	-0.908771152675
1788000000.0	0.48309660345
1790000000.0	-0.0837677857237
1792000000.0	-0.0790806591599
1794000000.0	1.04808420288
1796000000.0	-0.121630257131
1798000000.0	-0.77219649125
1800000000.0	0.763289537702
1802000000.0	-0.652121359201
1804000000.0	-0.153737620271
1806000000.0	0.148297615043
1808000000.0	0.446189481837
1810000000.0	0.60709976254
1812000000.0	-0.925691592481
1814000000.0	0.654596437598
1816000000.0	-0.135967872144
1818000000.0	0.347607773046
1820000000.0	0.233115118999
1822000000.0	-0.683336354387
1824000000.0	0.471372452925
1826000000.0	-0.628933156644
1828000000.0	-0.212157736698
1830000000.0	0.85931833448
1832000000.0	-0.483216549645
1834000000.0	0.643767305789
1836000000.0	0.750105908003
1838000000.0	-0.0975034133463
1840000000.0	-0.0594435851732
1842000000.0	0.813727272473
1844000000.0	-0.191856387247
1846000000.0	0.821190882989
1848000000.0	-0.742427102251
1850000000.0	-1.20872849675
1852000000.0	-0.0473528811468
1854000000.0	0.102795459792
1856000000.0	0.206788665285
1858000000.0	-0.137425226047
1860000000.0	-0.708653032768
1862000000.0	-0.128139998214
1864000000.0	-0.323205913124
1866000000.0	-0.231203034811
1868000000.0	0.527702665268
1870000000.0	0.0596351115667
1872000000.0	0.0957185777356
1874000000.0	-0.181388997293
1876000000.0	0.422044486529
1878000000.0	-0.164677978028
1880000000.0	0.1515498068
1882000000.0	0.946187972132
1884000000.0	-0.0218610923589
1886000000.0	0.32430161364
1888000000.0	-0.584625084645
1890000000.0	-1.64111102701
1892000000.0	-0.323259684943
1894000000.0	1.07401904846
1896000000.0	4.25589768248
1898000000.0	7.58134683817
1900000000.0	-22.1989567895
1902000000.0	9.42041194392
1904000000.0	4.72326972436
1906000000.0	0.357821442086
1908000000.0	-1.97234000221
1910000000.0	-1.31192821188
1912000000.0	-0.0764995058604
1914000000.0	1.67752304214
1916000000.0	0.915049758939
1918000000.0	-0.265773052913
1920000000.0	-0.153708048695
1922000000.0	-0.58047281242
1924000000.0	0.761975740038
1926000000.0	0.614523743669
1928000000.0	0.955635642499
1930000000.0	0.370778333274
1932000000.0	0.6123717183
1934000000.0	-0.421298944382
1936000000.0	0.305855765529
1938000000.0	-0.412544854913
1940000000.0	-0.134612716679
1942000000.0	-0.134811357671
1944000000.0	-0.425199614468
1946000000.0	0.259837262356
1948000000.0	0.0692575288315
1950000000.0	-0.0241613019854
1952000000.0	0.221615838748
1954000000.0	-0.0327077269337
1956000000.0	-0.263544709516
1958000000.0	0.473788350077
1960000000.0	-0.242969317399
1962000000.0	-0.720328000625
1964000000.0	-0.102115253975
1966000000.0	0.915979199536
1968000000.0	0.620001899503
1970000000.0	-0.0286025474254
1972000000.0	0.186837652482
1974000000.0	0.132108702249
1976000000.0	-0.240717844296
1978000000.0	0.162819268257
1980000000.0	0.227292960849
1982000000.0	0.150961262723
1984000000.0	-0.479851383857
1986000000.0	0.110809113342
1988000000.0	0.271662720491
1990000000.0	0.544788647861
1992000000.0	1.35734383648
1994000000.0	0.585027782563
1996000000.0	0.0478256241052
1998000000.0	0.38728797875
2000000000.0	-0.18751
