0.0	-2.9
2000000.0	0.711935795531
4000000.0	1.18811184987
6000000.0	0.461687429364
8000000.0	0.392480215355
10000000.0	0.263771581042
12000000.0	-0.72448896212
14000000.0	-1.29650282447
16000000.0	-1.26658716287
18000000.0	0.0267121730991
20000000.0	1.18889093571
22000000.0	1.62428255331
24000000.0	1.10541654278
26000000.0	0.341088534309
28000000.0	-0.671687395477
30000000.0	-1.68206686857
32000000.0	-1.97087917351
34000000.0	-0.679747446388
36000000.0	1.51804900225
38000000.0	2.14901720026
40000000.0	1.45999047432
42000000.0	0.910550430381
44000000.0	-0.306191515589
46000000.0	-1.26177069966
48000000.0	-1.13872723335
50000000.0	-0.302248756851
52000000.0	0.64235753057
54000000.0	1.53318534613
56000000.0	1.37502097583
58000000.0	0.619639091883
60000000.0	-0.725567835553
62000000.0	-1.76737141669
64000000.0	-1.54502584177
66000000.0	-0.587685063075
68000000.0	1.02346004538
70000000.0	1.77699208022
72000000.0	1.64161239374
74000000.0	0.639342345511
76000000.0	-0.703559804515
78000000.0	-1.60947664644
80000000.0	-1.59124413306
82000000.0	-0.714299654042
84000000.0	0.488415452144
86000000.0	1.23703483925
88000000.0	1.4400479964
90000000.0	0.513278896606
92000000.0	-0.391424730395
94000000.0	-0.95402964168
96000000.0	-0.946294315897
98000000.0	-0.38660497802
100000000.0	0.365910280256
102000000.0	0.719364626078
104000000.0	0.461299607082
106000000.0	0.0606145004566
108000000.0	-0.378835346786
110000000.0	-0.528941783837
112000000.0	-0.156189103306
114000000.0	0.274358050398
116000000.0	0.710120416196
118000000.0	0.434877048414
120000000.0	0.031395011333
122000000.0	-0.345203065116
124000000.0	-0.368048892253
126000000.0	-0.75208270608
128000000.0	0.130795222662
130000000.0	0.627736148787
132000000.0	0.705900317604
134000000.0	0.237819315037
136000000.0	-0.378179250925
138000000.0	-0.897546364151
140000000.0	-0.750134708757
142000000.0	-0.227355785144
144000000.0	0.461471229773
146000000.0	1.03776768737
148000000.0	0.824266978497
150000000.0	0.0169290368049
152000000.0	-0.725588920386
154000000.0	-1.0679155003
156000000.0	-0.833249563916
158000000.0	-0.162763792867
160000000.0	0.691523864614
162000000.0	1.26333748337
164000000.0	1.00964304467
166000000.0	0.309057487894
168000000.0	-0.860508137578
170000000.0	-1.31015850216
172000000.0	-1.13003873732
174000000.0	-0.148881082272
176000000.0	0.692786732771
178000000.0	1.04471714397
180000000.0	0.750708228904
182000000.0	0.271343508631
184000000.0	-0.511439154529
186000000.0	-0.835884325341
188000000.0	-0.751432247361
190000000.0	-0.266695572711
192000000.0	0.257619831737
194000000.0	0.588721576378
196000000.0	0.40783805401
198000000.0	-0.0557714620736
200000000.0	-0.562715868802
202000000.0	-0.161051352397
204000000.0	-0.0192961097991
206000000.0	0.248778414211
208000000.0	0.503029605036
210000000.0	0.113252901812
212000000.0	-0.393425567964
214000000.0	-0.582922964325
216000000.0	-0.5970150905
218000000.0	-0.0649214781147
220000000.0	0.558472292168
222000000.0	0.865393298559
224000000.0	0.744178059407
226000000.0	0.118048547058
228000000.0	-1.01078184469
230000000.0	-1.32947219093
232000000.0	-0.939708712984
234000000.0	-0.0532623566621
236000000.0	1.24754170544
238000000.0	1.57564891983
240000000.0	0.99480348763
242000000.0	-0.0688319731431
244000000.0	-1.13033722223
246000000.0	-1.82244329507
248000000.0	-1.46267914265
250000000.0	0.200224046369
252000000.0	1.40368994652
254000000.0	2.17184221233
256000000.0	1.78043044422
258000000.0	-0.0294041289852
260000000.0	-1.86909860117
262000000.0	-2.33431124718
264000000.0	-1.28009148353
266000000.0	0.459347599336
268000000.0	1.51194814122
270000000.0	1.76611531834
272000000.0	1.15981448884
274000000.0	0.400981011219
276000000.0	-0.899481532203
278000000.0	-2.15363870744
280000000.0	-1.93219403719
282000000.0	-0.244229928637
284000000.0	2.33937315286
286000000.0	2.95001816303
288000000.0	0.0833567838723
290000000.0	-4.04609983908
292000000.0	-4.68885354353
294000000.0	1.32271992713
296000000.0	11.5619115548
298000000.0	19.8006164675
300000000.0	-50.4994988384
302000000.0	13.2842719946
304000000.0	8.87533713528
306000000.0	5.33877616264
308000000.0	3.01650568285
310000000.0	-0.659694712893
312000000.0	-4.56830922239
314000000.0	-5.74712675539
316000000.0	-2.84186202022
318000000.0	1.91670473798
320000000.0	4.90630341918
322000000.0	4.02894738437
324000000.0	0.716599343827
326000000.0	-2.12323038719
328000000.0	-3.22735921042
330000000.0	-2.30617675246
332000000.0	-0.712957812163
334000000.0	0.87513265963
336000000.0	2.05808595323
338000000.0	2.16845721972
340000000.0	1.11045713053
342000000.0	-0.528448684324
344000000.0	-2.04650341997
346000000.0	-1.89531846236
348000000.0	-0.595028481228
350000000.0	0.886835368252
352000000.0	1.6419757943
354000000.0	1.19538686057
356000000.0	0.138480332485
358000000.0	-0.690360472268
360000000.0	-0.955419217956
362000000.0	-0.581767512886
364000000.0	-0.115708635455
366000000.0	0.367188761438
368000000.0	0.675666269879
370000000.0	0.494904475776
372000000.0	-0.111154196861
374000000.0	-0.562865754281
376000000.0	-0.610157515938
378000000.0	-0.0820361567481
380000000.0	0.631027096982
382000000.0	0.796969661268
384000000.0	0.350041229175
386000000.0	-0.326424967431
388000000.0	-0.68672312376
390000000.0	-0.653837749367
392000000.0	-0.182322342597
394000000.0	0.31294983385
396000000.0	0.727245497528
398000000.0	0.726938622948
400000000.0	0.126532239285
402000000.0	-0.446155720938
404000000.0	-0.778802513373
406000000.0	-0.574405689715
408000000.0	-0.169364202273
410000000.0	0.37499945897
412000000.0	0.867820337524
414000000.0	0.60232584138
416000000.0	0.0750616091699
418000000.0	-0.445955689183
420000000.0	-0.906991094758
422000000.0	-0.456407871819
424000000.0	0.0738931304855
426000000.0	0.517402842757
428000000.0	0.758535912464
430000000.0	0.570976164715
432000000.0	0.0192924992154
434000000.0	-0.318380015729
436000000.0	-0.580452610064
438000000.0	-0.478161315669
440000000.0	0.0460307833968
442000000.0	0.364338027563
444000000.0	0.394798568823
446000000.0	0.227258614817
448000000.0	-0.0184668366283
450000000.0	-0.462244527452
452000000.0	-0.301469122209
454000000.0	-0.0800230140234
456000000.0	0.098873681467
458000000.0	0.300825938856
460000000.0	0.225178412493
462000000.0	0.120692498178
464000000.0	-0.180256679417
466000000.0	-0.350416745746
468000000.0	-0.236260286458
470000000.0	0.159987780296
472000000.0	0.418165245752
474000000.0	0.399525321419
476000000.0	0.0109920613308
478000000.0	-0.254361383107
480000000.0	-0.387368201392
482000000.0	-0.354390887343
484000000.0	0.0486767706425
486000000.0	0.256703970376
488000000.0	0.406816290383
490000000.0	0.223407473365
492000000.0	-0.000392444742501
494000000.0	-0.398680344754
496000000.0	-0.529026399627
498000000.0	-0.410107169628
500000000.0	-0.092108816153
502000000.0	0.0865981989979
504000000.0	0.401268516142
506000000.0	0.194173307155
508000000.0	-0.118638595315
510000000.0	-0.465370142677
512000000.0	-0.357025890628
514000000.0	-0.231471586267
516000000.0	0.106638183512
518000000.0	0.282481539335
520000000.0	0.3110717653
522000000.0	0.246012253274
524000000.0	0.0606985502025
526000000.0	-0.328364132401
528000000.0	-0.260330399709
530000000.0	-0.136395499558
532000000.0	0.042020351398
534000000.0	0.133237226515
536000000.0	0.257682319542
538000000.0	0.0821726665851
540000000.0	-0.144046476086
542000000.0	-0.153467626648
544000000.0	-0.199042834221
546000000.0	0.0134843140512
548000000.0	-0.136488608856
550000000.0	0.1845807266
552000000.0	0.147894237352
554000000.0	-0.0852532319082
556000000.0	-0.177028969482
558000000.0	-0.266379760801
560000000.0	0.0940282494907
562000000.0	0.232013924576
564000000.0	0.295073372469
566000000.0	0.0682028438555
568000000.0	-0.0545133112562
570000000.0	-0.233037875352
572000000.0	-0.213793478237
574000000.0	-0.167892531878
576000000.0	0.175382714212
578000000.0	0.362296705591
580000000.0	0.253837031776
582000000.0	0.24831602923
584000000.0	-0.00501604851856
586000000.0	-0.323519326889
588000000.0	-0.27358888856
590000000.0	0.0103240520052
592000000.0	0.113780533545
594000000.0	0.27881762329
596000000.0	0.331208117518
598000000.0	0.372266437972
600000000.0	-0.981777799289
602000000.0	0.145785615984
604000000.0	0.0309299012569
606000000.0	0.10248414027
608000000.0	-0.0340150632365
610000000.0	0.224708333374
612000000.0	0.0838489225193
614000000.0	0.0287058771828
616000000.0	0.0926021754759
618000000.0	-0.168372972949
620000000.0	-0.0766295981627
622000000.0	0.0329439119814
624000000.0	0.26321784307
626000000.0	-0.0947883901699
628000000.0	-0.162358345887
630000000.0	-0.0856819456431
632000000.0	-0.0858349658954
634000000.0	-0.0747934901861
636000000.0	0.15990938343
638000000.0	0.0105055078128
640000000.0	0.00734363057186
642000000.0	-0.033962386415
644000000.0	0.00688318085195
646000000.0	-0.103166551627
648000000.0	-0.330090197221
650000000.0	0.0705864059562
652000000.0	0.160588903966
654000000.0	0.0786206810924
656000000.0	0.096265492843
658000000.0	-0.000698189349233
660000000.0	-0.0667750965881
662000000.0	-0.247964952379
664000000.0	-0.182537838671
666000000.0	0.070872476754
668000000.0	0.111454451478
670000000.0	0.268242720487
672000000.0	0.102151254664
674000000.0	0.0877024608121
676000000.0	-0.0691596106134
678000000.0	-0.135876006834
680000000.0	-0.251073330652
682000000.0	-0.15763881537
684000000.0	0.178578968664
686000000.0	0.274575836216
688000000.0	0.193535379899
690000000.0	0.0527653338615
692000000.0	-0.0241070375391
694000000.0	-0.0437796586006
696000000.0	-0.142831888491
698000000.0	-0.0130119127221
700000000.0	-0.0294519445954
702000000.0	0.196024609965
704000000.0	0.117067440937
706000000.0	0.0538180670622
708000000.0	-0.0499845951139
710000000.0	0.0103480106254
712000000.0	-0.0718328181489
714000000.0	0.0327801482341
716000000.0	0.0710238842871
718000000.0	-0.0333484661561
720000000.0	0.0737120012313
722000000.0	-0.0514721636563
724000000.0	-0.0686270029869
726000000.0	-0.0297034133708
728000000.0	0.0779405710703
730000000.0	0.0642357286151
732000000.0	0.174737721882
734000000.0	-0.0825596678973
736000000.0	-0.0159459678366
738000000.0	-0.181424788469
740000000.0	-0.141325554912
742000000.0	0.0512645861719
744000000.0	0.0301323846992
746000000.0	0.152503711243
748000000.0	0.207221304225
750000000.0	0.3108251199
752000000.0	-0.0792275559239
754000000.0	-0.266112544368
756000000.0	-0.116139176668
758000000.0	-0.0548103911885
760000000.0	0.0755826335368
762000000.0	0.0855782723441
764000000.0	0.261434278037
766000000.0	0.0146597707624
768000000.0	-0.111103416159
770000000.0	-0.120887677188
772000000.0	-0.313142428336
774000000.0	-0.13712631414
776000000.0	0.0989967137326
778000000.0	0.270194579345
780000000.0	0.167116137391
782000000.0	0.213948269489
784000000.0	-0.0173990591295
786000000.0	-0.0882156608281
788000000.0	-0.121924330679
790000000.0	0.0091783957201
792000000.0	0.0131106592205
794000000.0	0.191014438981
796000000.0	0.0380484350727
798000000.0	-0.0504769684611
800000000.0	-0.207161862711
802000000.0	0.0267461026887
804000000.0	-0.0433316273704
806000000.0	0.0851430324343
808000000.0	0.0287290071614
810000000.0	0.116764643084
812000000.0	0.00443041071091
814000000.0	-0.0387163724662
816000000.0	-0.282541979318
818000000.0	0.0521992026658
820000000.0	0.178324377708
822000000.0	0.10246352899
824000000.0	0.0989205659605
826000000.0	0.116546753194
828000000.0	-0.199791747999
830000000.0	-0.271255802347
832000000.0	-0.202106995276
834000000.0	-0.158663026763
836000000.0	0.175552980455
838000000.0	0.424096242826
840000000.0	0.286905211258
842000000.0	-0.00546738192824
844000000.0	-0.260325611647
846000000.0	-0.306564443534
848000000.0	-0.387877898536
850000000.0	-0.204426139576
852000000.0	0.242282652324
854000000.0	0.518257273068
856000000.0	0.567522314939
858000000.0	0.108439308382
860000000.0	-0.30939441824
862000000.0	-0.616756053152
864000000.0	-0.337705896067
866000000.0	0.0925517536066
868000000.0	0.239826091462
870000000.0	0.460313321875
872000000.0	0.407343650011
874000000.0	0.335079860844
876000000.0	-0.332507580239
878000000.0	-0.633173829114
880000000.0	-0.710567780841
882000000.0	-0.112121946106
884000000.0	0.519288980466
886000000.0	0.922045058627
888000000.0	0.250952041602
890000000.0	-1.18080513809
892000000.0	-1.42151440756
894000000.0	0.302870149795
896000000.0	3.03887493149
898000000.0	5.23568164342
900000000.0	-12.9505919456
902000000.0	3.11730947901
904000000.0	2.1333811349
906000000.0	1.42077076503
908000000.0	0.941070119753
910000000.0	0.161391123198
912000000.0	-1.26181789144
914000000.0	-1.56161706782
916000000.0	-1.10197344893
918000000.0	0.671195357941
920000000.0	1.42896229101
922000000.0	1.15893839922
924000000.0	0.201808887118
926000000.0	-0.430153070845
928000000.0	-0.95526965528
930000000.0	-0.693967450185
932000000.0	-0.244640684095
934000000.0	0.187293087964
936000000.0	0.624879418365
938000000.0	0.549778600502
940000000.0	0.242523087897
942000000.0	-0.25874568263
944000000.0	-0.593657340491
946000000.0	-0.580070616885
948000000.0	-0.164467299006
950000000.0	0.183718481053
952000000.0	0.545705318619
954000000.0	0.33435981599
956000000.0	0.0629958659034
958000000.0	-0.18903682682
960000000.0	-0.240433286548
962000000.0	0.0112346615339
964000000.0	0.067640999185
966000000.0	0.230373483849
968000000.0	0.13387829195
970000000.0	0.0117312356414
972000000.0	-0.119811442982
974000000.0	-0.223405425785
976000000.0	-0.176883128966
978000000.0	-0.102983234076
980000000.0	0.186826283026
982000000.0	0.358820073091
984000000.0	0.108874563794
986000000.0	0.0149166141201
988000000.0	-0.285304333407
990000000.0	-0.158210747612
992000000.0	-0.0392626940857
994000000.0	0.0939893309821
996000000.0	0.190785337862
998000000.0	0.279117938174
1000000000.0	-0.91875
1002000000.0	-0.129448625749
1004000000.0	-0.323220946921
1006000000.0	-0.209628693605
1008000000.0	-0.0423235131613
1010000000.0	0.264920907959
1012000000.0	0.274073444575
1014000000.0	0.216155526928
1016000000.0	-0.121843113467
1018000000.0	-0.166995864456
1020000000.0	-0.305528702524
1022000000.0	-0.155108739585
1024000000.0	0.0693015557685
1026000000.0	0.110801775865
1028000000.0	0.191113774056
1030000000.0	0.145470595367
1032000000.0	0.0175812607931
1034000000.0	-0.134318895609
1036000000.0	-0.161904831468
1038000000.0	-0.214496659677
1040000000.0	0.0637770974171
1042000000.0	0.144193481794
1044000000.0	0.105163169879
1046000000.0	-0.0152031146194
1048000000.0	-0.129427726413
1050000000.0	-0.138665029194
1052000000.0	-0.205103910873
1054000000.0	0.0292391541109
1056000000.0	-0.0462801317
1058000000.0	0.187134126546
1060000000.0	0.00879054030174
1062000000.0	-0.0743678043109
1064000000.0	-0.0298409567482
1066000000.0	-0.0927975759488
1068000000.0	-0.0390605560521
1070000000.0	0.157391270156
1072000000.0	0.176078578371
1074000000.0	0.19720646149
1076000000.0	0.129106964173
1078000000.0	-0.0758342083003
1080000000.0	-0.239505241464
1082000000.0	-0.0770635117786
1084000000.0	0.0665921591909
1086000000.0	0.198936633195
1088000000.0	0.189356456853
1090000000.0	0.11679765396
1092000000.0	-0.00635306425949
1094000000.0	-0.0205077543546
1096000000.0	-0.184530082439
1098000000.0	-0.120538131044
1100000000.0	0.0449415180594
1102000000.0	0.157216191067
1104000000.0	0.129335094588
1106000000.0	0.0737951907592
1108000000.0	-0.0794311152585
1110000000.0	-0.182042423616
1112000000.0	-0.0990131428264
1114000000.0	-0.0654844373968
1116000000.0	0.133994233451
1118000000.0	0.0636703236955
1120000000.0	-0.0100548240728
1122000000.0	-0.0126703434984
1124000000.0	-0.00980860469285
1126000000.0	-0.0922730881666
1128000000.0	-0.0104516392942
1130000000.0	-0.0141308443761
1132000000.0	0.000661076059117
1134000000.0	0.128083946734
1136000000.0	0.0902949116049
1138000000.0	-0.0219629102388
1140000000.0	-0.0878864522805
1142000000.0	-0.00964461626491
1144000000.0	0.0628952358173
1146000000.0	-0.0282355117408
1148000000.0	0.0903566301155
1150000000.0	-0.0685893449182
1152000000.0	-0.0849224949085
1154000000.0	-0.0102603237729
1156000000.0	0.0399532133894
1158000000.0	-0.0235261839682
1160000000.0	0.0764514149311
1162000000.0	0.0305813251382
1164000000.0	0.0175683281871
1166000000.0	0.0232611224469
1168000000.0	0.00415173351587
1170000000.0	-0.0288763949704
1172000000.0	-0.109040021849
1174000000.0	-0.082919566711
1176000000.0	0.0200264626535
1178000000.0	0.0576680165944
1180000000.0	0.054086762627
1182000000.0	0.0969868095663
1184000000.0	-0.0622018311776
1186000000.0	-0.180053658865
1188000000.0	0.00909552272439
1190000000.0	0.00303739715872
1192000000.0	0.188960636906
1194000000.0	0.163704456807
1196000000.0	0.193561320984
1198000000.0	0.30171825527
1200000000.0	-0.760907239285
1202000000.0	0.32281880057
1204000000.0	0.13730045852
1206000000.0	-0.0111719738291
1208000000.0	-0.0514186565929
1210000000.0	-0.0587801200177
1212000000.0	0.0668734572343
1214000000.0	0.0299928418896
1216000000.0	-0.0355888224686
1218000000.0	0.0592789098894
1220000000.0	-0.0134154010515
1222000000.0	0.0612754150725
1224000000.0	-0.128115493782
1226000000.0	0.151238230189
1228000000.0	-0.022090174311
1230000000.0	-0.0200410716002
1232000000.0	-0.0413235644132
1234000000.0	0.0904293453427
1236000000.0	0.0451266144171
1238000000.0	0.0576283351217
1240000000.0	0.0430401162258
1242000000.0	-0.160069286554
1244000000.0	-0.0256800954847
1246000000.0	0.0802569273005
1248000000.0	-0.0229184279724
1250000000.0	-0.361789675728
1252000000.0	-0.00266330511832
1254000000.0	0.100500936268
1256000000.0	0.0262889026367
1258000000.0	-0.159332211942
1260000000.0	-0.0912756878344
1262000000.0	-0.052924853407
1264000000.0	0.0591459313397
1266000000.0	0.0836519642892
1268000000.0	0.0563097285228
1270000000.0	0.0336851269539
1272000000.0	-0.00288613075688
1274000000.0	-0.0952333981702
1276000000.0	0.0164161542656
1278000000.0	-0.0393854564672
1280000000.0	0.0565071817491
1282000000.0	0.18047584556
1284000000.0	-0.0276980912685
1286000000.0	0.145053972061
1288000000.0	-0.0188176522905
1290000000.0	-0.032031110394
1292000000.0	0.0108104850296
1294000000.0	0.156244819309
1296000000.0	0.154233764298
1298000000.0	0.489522404993
1300000000.0	-1.45002068396
1302000000.0	0.593981642954
1304000000.0	0.404360309926
1306000000.0	0.128930805997
1308000000.0	-0.121455445713
1310000000.0	-0.150725667357
1312000000.0	-0.0823087306886
1314000000.0	0.0351500117711
1316000000.0	0.10542149552
1318000000.0	0.0921334472612
1320000000.0	0.0252486158643
1322000000.0	0.138648478376
1324000000.0	0.015293701432
1326000000.0	0.0305835903054
1328000000.0	0.126321020302
1330000000.0	0.0564873971395
1332000000.0	0.115031116375
1334000000.0	0.0237744936601
1336000000.0	-0.00469486639516
1338000000.0	-0.000140144820703
1340000000.0	-0.0342359138912
1342000000.0	-0.13954032398
1344000000.0	-0.108871636484
1346000000.0	0.0312961958209
1348000000.0	0.0927768412207
1350000000.0	0.0291058708856
1352000000.0	-0.012787134705
1354000000.0	-0.100664808528
1356000000.0	0.0725025324718
1358000000.0	-0.00811816893075
1360000000.0	0.0716413629495
1362000000.0	0.0189206641158
1364000000.0	0.160462182662
1366000000.0	0.00813749766282
1368000000.0	-0.0499034149078
1370000000.0	-0.00397156373765
1372000000.0	-0.10284578875
1374000000.0	0.301764124827
1376000000.0	-0.219668857949
1378000000.0	-0.00382333392569
1380000000.0	-0.0743845598027
1382000000.0	-0.0311947877918
1384000000.0	-0.043236388779
1386000000.0	-0.0774534880393
1388000000.0	-0.0741471103138
1390000000.0	0.0415670277072
1392000000.0	-0.108320028577
1394000000.0	0.015664630456
1396000000.0	0.022072116892
1398000000.0	-0.0470805358421
1400000000.0	-0.130133230379
1402000000.0	0.0999887152915
1404000000.0	-0.107975070559
1406000000.0	-0.00933501519015
1408000000.0	0.0208848358555
1410000000.0	-0.0720506089207
1412000000.0	-0.000327225233242
1414000000.0	-0.233131861479
1416000000.0	-0.0649186267158
1418000000.0	0.125565425648
1420000000.0	-0.0352785465354
1422000000.0	0.143560883867
1424000000.0	-0.0986560373894
1426000000.0	0.0676981352797
1428000000.0	-0.0339947003968
1430000000.0	-0.221757994508
1432000000.0	-0.135597224542
1434000000.0	-0.0915516942887
1436000000.0	0.260318352779
1438000000.0	0.19504395537
1440000000.0	0.102072987566
1442000000.0	-0.0921600581987
1444000000.0	-0.0997869794846
1446000000.0	-0.120851439788
1448000000.0	-0.135129672457
1450000000.0	-0.267030696829
1452000000.0	-0.0478037267827
1454000000.0	0.0974187194703
1456000000.0	0.332388461356
1458000000.0	0.0313540086066
1460000000.0	-0.107677441305
1462000000.0	-0.131688497699
1464000000.0	-0.21095882159
1466000000.0	-0.0671083069373
1468000000.0	0.0567133980288
1470000000.0	0.241784039875
1472000000.0	0.124391680564
1474000000.0	0.044430315301
1476000000.0	-0.0242382009193
1478000000.0	-0.215824589292
1480000000.0	-0.187135083387
1482000000.0	-0.0773094217055
1484000000.0	0.291268381226
1486000000.0	0.40683606012
1488000000.0	-0.0186309866062
1490000000.0	-0.565027296033
1492000000.0	-0.634266012722
1494000000.0	0.141491880874
1496000000.0	1.56069588588
1498000000.0	2.82050775265
1500000000.0	-7.50789118385
1502000000.0	1.80276490425
1504000000.0	1.1302415177
1506000000.0	0.844655537226
1508000000.0	0.565272533882
1510000000.0	-0.126563440428
1512000000.0	-0.755351703916
1514000000.0	-0.728938712106
1516000000.0	-0.427108228774
1518000000.0	0.139867088926
1520000000.0	0.578573574528
1522000000.0	0.526157339663
1524000000.0	-0.107663465933
1526000000.0	-0.275970317007
1528000000.0	-0.354418563572
1530000000.0	-0.262134260722
1532000000.0	-0.212799801787
1534000000.0	0.0410339582144
1536000000.0	0.146246338554
1538000000.0	0.329201925076
1540000000.0	0.172301179206
1542000000.0	0.00597528625247
1544000000.0	-0.297816413424
1546000000.0	-0.274749643784
1548000000.0	-0.146506378129
1550000000.0	0.159020491457
1552000000.0	0.246750521652
1554000000.0	0.117830813905
1556000000.0	-0.0719833569652
1558000000.0	-0.0473489679617
1560000000.0	0.0149861436373
1562000000.0	-0.0128021634305
1564000000.0	-0.0485909598442
1566000000.0	0.0438441794082
1568000000.0	0.024931841345
1570000000.0	0.0338157090726
1572000000.0	-0.0552990080406
1574000000.0	-0.00908291428168
1576000000.0	0.0628928591754
1578000000.0	0.058154470991
1580000000.0	0.0903816660929
1582000000.0	0.165604301466
1584000000.0	0.0420317683481
1586000000.0	-0.0489878584522
1588000000.0	-0.127666473989
1590000000.0	0.0799495869143
1592000000.0	-0.0733492352311
1594000000.0	0.0440822150159
1596000000.0	0.0810082346663
1598000000.0	0.248357236337
1600000000.0	-0.249088137289
1602000000.0	-0.000639025283638
1604000000.0	-0.0105241150071
1606000000.0	0.00774907958727
1608000000.0	-0.0948590160485
1610000000.0	0.0457829346811
1612000000.0	0.0462677883544
1614000000.0	-0.0897246801932
1616000000.0	-0.0525180082649
1618000000.0	-0.12432895253
1620000000.0	-0.119391034949
1622000000.0	-0.0845566441502
1624000000.0	-0.0767141677735
1626000000.0	0.194994562366
1628000000.0	0.0345019198206
1630000000.0	0.145863539759
1632000000.0	-0.0314487992131
1634000000.0	0.00381427088197
1636000000.0	-0.117525532201
1638000000.0	-0.00277867988808
1640000000.0	-0.0104784934713
1642000000.0	0.142583048581
1644000000.0	-0.0935462414148
1646000000.0	0.0131472834325
1648000000.0	0.117437303334
1650000000.0	-0.127671127922
1652000000.0	0.00172130770303
1654000000.0	-0.0505164113988
1656000000.0	0.083906192398
1658000000.0	0.0608293456537
1660000000.0	0.0211777303294
1662000000.0	0.0392593079082
1664000000.0	-0.0603272058315
1666000000.0	0.0233720352631
1668000000.0	-0.0324078501471
1670000000.0	0.0635261023385
1672000000.0	0.0543808632783
1674000000.0	0.000158262211749
1676000000.0	0.0118767559938
1678000000.0	0.0434053112226
1680000000.0	-0.100987553171
1682000000.0	-0.134860127631
1684000000.0	0.0425908721131
1686000000.0	0.0450025043129
1688000000.0	0.131450406355
1690000000.0	-0.0129398504903
1692000000.0	0.00451134551868
1694000000.0	-0.0341697478795
1696000000.0	-0.171597046291
1698000000.0	-0.139223882401
1700000000.0	0.207189476306
1702000000.0	-0.141050806505
1704000000.0	-0.13065616963
1706000000.0	0.0900829661762
1708000000.0	-0.0904100359788
1710000000.0	0.0102195531821
1712000000.0	0.073023058216
1714000000.0	0.0406271133409
1716000000.0	0.0344264614826
1718000000.0	-0.091056499408
1720000000.0	-0.168765451402
1722000000.0	-0.00145622343405
1724000000.0	-0.130590030419
1726000000.0	0.0158688500495
1728000000.0	-0.0953197844888
1730000000.0	0.070610981789
1732000000.0	-0.0134078187943
1734000000.0	-0.188072004066
1736000000.0	-0.00499874449121
1738000000.0	-0.0301383841296
1740000000.0	-0.139836432611
1742000000.0	-0.0080495734388
1744000000.0	-0.222838610234
1746000000.0	0.0869746686292
1748000000.0	0.0187833380339
1750000000.0	0.43824050946
1752000000.0	0.0396135648196
1754000000.0	0.0520380923409
1756000000.0	0.044180280953
1758000000.0	0.0685426285085
1760000000.0	0.115745823485
1762000000.0	0.0105805930528
1764000000.0	-0.00246713248952
1766000000.0	-0.0567006989468
1768000000.0	-0.0100096161136
1770000000.0	-0.0435014936137
1772000000.0	-0.0764569645641
1774000000.0	0.00739720707078
1776000000.0	-0.0670514364304
1778000000.0	0.111681229318
1780000000.0	0.0875732023511
1782000000.0	-0.0325316712854
1784000000.0	-0.0540495691082
1786000000.0	-0.0125369643992
1788000000.0	-0.0604760078544
1790000000.0	0.0194692972311
1792000000.0	0.00564208378634
1794000000.0	-0.0631462327367
1796000000.0	0.0362646428432
1798000000.0	0.0784408269717
1800000000.0	-0.23474810153
1802000000.0	0.184118765472
1804000000.0	0.0607846389071
1806000000.0	0.0487316668947
1808000000.0	-0.0720999957543
1810000000.0	0.0521322439576
1812000000.0	0.0388397710162
1814000000.0	0.0375354216725
1816000000.0	-0.0246520399192
1818000000.0	0.0745883684824
1820000000.0	-0.0358049967576
1822000000.0	0.00645905250837
1824000000.0	0.00739710592702
1826000000.0	-0.0648715969428
1828000000.0	-0.0420539940779
1830000000.0	0.0288551846582
1832000000.0	0.00274810003069
1834000000.0	-0.0824227790827
1836000000.0	0.0439355355231
1838000000.0	0.142009138074
1840000000.0	-0.00498630617853
1842000000.0	-0.018330558952
1844000000.0	0.0642709733577
1846000000.0	0.00601166861159
1848000000.0	0.105721709807
1850000000.0	-0.0349005259512
1852000000.0	0.0143298857869
1854000000.0	-0.0769196960438
1856000000.0	-0.0396553024989
1858000000.0	0.0361948631699
1860000000.0	0.0684415198592
1862000000.0	0.0997508945606
1864000000.0	0.0702510159974
1866000000.0	0.00257413909895
1868000000.0	0.0654149744266
1870000000.0	0.0241928064129
1872000000.0	-0.0205128296754
1874000000.0	0.134790619382
1876000000.0	-0.141350662741
1878000000.0	0.0995108608668
1880000000.0	0.072183939354
1882000000.0	-0.0433001859764
1884000000.0	-0.292316226557
1886000000.0	-0.161373865282
1888000000.0	-0.160006201495
1890000000.0	0.0656381503312
1892000000.0	0.00128944434084
1894000000.0	0.316878449081
1896000000.0	0.33725464215
1898000000.0	0.556109599999
1900000000.0	-2.58847786208
1902000000.0	1.06742730556
1904000000.0	0.544949078656
1906000000.0	0.111418339186
1908000000.0	-0.182671703433
1910000000.0	-0.270242027458
1912000000.0	-0.110142858332
1914000000.0	0.0641018014934
1916000000.0	-0.0146207810169
1918000000.0	0.0194400042819
1920000000.0	0.0239844048524
1922000000.0	-0.0951546866239
1924000000.0	0.0562290735773
1926000000.0	-0.0172321493696
1928000000.0	0.104365966234
1930000000.0	0.107314271979
1932000000.0	0.0614654539397
1934000000.0	-0.00664287509006
1936000000.0	-0.0322807327614
1938000000.0	-0.034049825305
1940000000.0	-0.0176321425258
1942000000.0	0.040820607431
1944000000.0	0.0248474941983
1946000000.0	0.175479197962
1948000000.0	0.048446948097
1950000000.0	-0.0750002323154
1952000000.0	0.0182437167969
1954000000.0	-0.110930471265
1956000000.0	-0.101725649053
1958000000.0	-0.0840974693498
1960000000.0	0.0445974553492
1962000000.0	0.0146881396753
1964000000.0	0.186725554943
1966000000.0	-0.00162022802289
1968000000.0	-0.0232218136207
1970000000.0	-0.156141337641
1972000000.0	-0.0418719772616
1974000000.0	-0.0471553825
1976000000.0	0.0229852427215
1978000000.0	0.0521792830613
1980000000.0	0.0249470809405
1982000000.0	0.00488799813184
1984000000.0	-0.170937595235
1986000000.0	-0.0611193355101
1988000000.0	-0.0997476052131
1990000000.0	0.0157767995493
1992000000.0	0.0983934467239
1994000000.0	0.0418175916187
1996000000.0	0.125851524933
1998000000.0	0.108010101661
2000000000.0	-0.6375
