0.0	-1.865625
2000000.0	0.555063247308
4000000.0	1.38671738731
6000000.0	0.375981832957
8000000.0	0.13922069417
10000000.0	-0.0885383886401
12000000.0	-0.597665886593
14000000.0	-1.14857838146
16000000.0	0.468178812764
18000000.0	2.55254113184
20000000.0	3.80303299193
22000000.0	3.44029404318
24000000.0	1.91184429839
26000000.0	-0.0575496207101
28000000.0	-1.94919645707
30000000.0	-3.54490419125
32000000.0	-3.96389965095
34000000.0	-1.95900101666
36000000.0	1.87783988289
38000000.0	3.37298153692
40000000.0	3.27214512831
42000000.0	2.82159613258
44000000.0	0.605148190618
46000000.0	-1.36511611477
48000000.0	-1.96196197519
50000000.0	-0.970820426893
52000000.0	0.136550347006
54000000.0	1.46273890234
56000000.0	1.54727197614
58000000.0	0.697053696087
60000000.0	-0.82379681261
62000000.0	-1.93912687219
64000000.0	-1.76428875376
66000000.0	-0.209621741056
68000000.0	1.36179504695
70000000.0	2.03345860332
72000000.0	1.80244507218
74000000.0	0.388749734388
76000000.0	-1.33126247094
78000000.0	-1.90792387596
80000000.0	-1.85412128618
82000000.0	-0.524446380238
84000000.0	0.77058157861
86000000.0	1.48270736343
88000000.0	1.22412173795
90000000.0	0.394861505793
92000000.0	-0.803469867127
94000000.0	-1.0960290831
96000000.0	-0.873013159043
98000000.0	-0.155515194531
100000000.0	0.342613386015
102000000.0	0.612080192244
104000000.0	-0.0757593566058
106000000.0	-0.575121275549
108000000.0	-0.571571683029
110000000.0	-0.319493086065
112000000.0	0.317111375225
114000000.0	0.836738179992
116000000.0	0.664000994396
118000000.0	0.217024494025
120000000.0	-0.660679775781
122000000.0	-1.19776023922
124000000.0	-1.34765615577
126000000.0	-0.143313653634
128000000.0	0.444146233561
130000000.0	1.01274603542
132000000.0	1.04541849525
134000000.0	0.325312618314
136000000.0	-0.562411441617
138000000.0	-0.987108882304
140000000.0	-0.671018138314
142000000.0	-0.176209352613
144000000.0	0.461352033062
146000000.0	0.663855669075
148000000.0	0.455721927979
150000000.0	0.0625557585213
152000000.0	-0.569615574624
154000000.0	-0.825531419989
156000000.0	-0.226778981872
158000000.0	0.49057601643
160000000.0	0.810168244488
162000000.0	0.571861685798
164000000.0	0.0561956579397
166000000.0	-0.668069895017
168000000.0	-0.820359797147
170000000.0	-0.767579579613
172000000.0	0.171719600556
174000000.0	1.04271600809
176000000.0	0.885199018685
178000000.0	0.487165240756
180000000.0	-0.293372623711
182000000.0	-0.975368002274
184000000.0	-0.942400018196
186000000.0	-0.373012407052
188000000.0	0.709382317176
190000000.0	0.96557496192
192000000.0	0.819836700827
194000000.0	0.0617754270805
196000000.0	-0.835780212604
198000000.0	-1.1107104809
200000000.0	-0.952404561109
202000000.0	0.1690906522
204000000.0	1.10718603684
206000000.0	1.45910155699
208000000.0	0.698980093755
210000000.0	-0.610964586352
212000000.0	-1.29299893149
214000000.0	-1.42328715689
216000000.0	-0.51799277133
218000000.0	0.778030647569
220000000.0	1.47043197502
222000000.0	1.23973345507
224000000.0	0.310638918645
226000000.0	-0.821949993362
228000000.0	-1.66275900443
230000000.0	-1.32671080678
232000000.0	-0.157400143413
234000000.0	1.12991511377
236000000.0	1.8564023161
238000000.0	1.26909705579
240000000.0	-0.483203122395
242000000.0	-1.79249736325
244000000.0	-1.97505975481
246000000.0	-0.63416983127
248000000.0	1.15624830579
250000000.0	2.41562803934
252000000.0	1.59329497878
254000000.0	-0.153620339161
256000000.0	-1.70535266797
258000000.0	-2.39253353596
260000000.0	-1.58718578797
262000000.0	0.120618352723
264000000.0	2.5947897365
266000000.0	3.66390856257
268000000.0	2.35051130237
270000000.0	-1.50846883619
272000000.0	-5.09649446138
274000000.0	-5.45271222688
276000000.0	-1.42803506319
278000000.0	4.57517263031
280000000.0	7.87532691989
282000000.0	5.82031044186
284000000.0	-0.19795218257
286000000.0	-6.74160451449
288000000.0	-10.827345105
290000000.0	-11.0949775334
292000000.0	-4.39119399046
294000000.0	14.2299009691
296000000.0	44.7834646244
298000000.0	77.8159265094
300000000.0	-228.889474873
302000000.0	77.6986227393
304000000.0	46.0935179945
306000000.0	14.2715463581
308000000.0	-5.51407719325
310000000.0	-11.7520991327
312000000.0	-10.1102951034
314000000.0	-5.59401903908
316000000.0	0.264961619493
318000000.0	4.9943700661
320000000.0	6.8726973601
322000000.0	4.23979649709
324000000.0	-1.03191360367
326000000.0	-4.84589904093
328000000.0	-4.55651143004
330000000.0	-1.24229484489
332000000.0	1.97730290513
334000000.0	3.0635089941
336000000.0	1.79602022573
338000000.0	-0.187106245992
340000000.0	-1.43076178096
342000000.0	-1.67472029617
344000000.0	-0.860583350197
346000000.0	0.318970045637
348000000.0	1.36177672184
350000000.0	1.48284339262
352000000.0	0.500048894373
354000000.0	-0.710132458349
356000000.0	-1.74635801033
358000000.0	-1.35692365115
360000000.0	0.185869763968
362000000.0	1.46877589535
364000000.0	1.657466677
366000000.0	0.972331465987
368000000.0	-0.532010207359
370000000.0	-1.5388002618
372000000.0	-1.69410870197
374000000.0	-0.731909089577
376000000.0	0.39071690743
378000000.0	1.56642477378
380000000.0	1.53957267018
382000000.0	0.828750756668
384000000.0	-0.524392054921
386000000.0	-1.58910142746
388000000.0	-1.56518037223
390000000.0	-0.83076980292
392000000.0	0.522486493787
394000000.0	1.29128261107
396000000.0	1.51148530286
398000000.0	0.409684806926
400000000.0	-0.264312874832
402000000.0	-1.23423482264
404000000.0	-1.12136320812
406000000.0	-0.641881060964
408000000.0	0.233077866843
410000000.0	1.08311249491
412000000.0	0.854224075446
414000000.0	0.403783347543
416000000.0	-0.296703127589
418000000.0	-0.838567323318
420000000.0	-0.818831816611
422000000.0	-0.306609656544
424000000.0	0.369405453723
426000000.0	0.485490703426
428000000.0	0.386982445993
430000000.0	0.118619321917
432000000.0	-0.284262900091
434000000.0	-0.406131101553
436000000.0	-0.19055391009
438000000.0	0.111385225415
440000000.0	0.213643170469
442000000.0	0.186970922019
444000000.0	-0.0246523230634
446000000.0	-0.362393897811
448000000.0	-0.46669687976
450000000.0	-0.147602196948
452000000.0	0.278210190983
454000000.0	0.407384189744
456000000.0	0.367368244542
458000000.0	0.0777909907723
460000000.0	-0.435969644377
462000000.0	-0.518768264913
464000000.0	-0.60618751979
466000000.0	-0.111874771338
468000000.0	0.403180563325
470000000.0	0.704127966006
472000000.0	0.565258019224
474000000.0	0.0869305597192
476000000.0	-0.596465596088
478000000.0	-0.70194651098
480000000.0	-0.507897929601
482000000.0	-0.135059464425
484000000.0	0.582669018584
486000000.0	0.629515499469
488000000.0	0.556677365292
490000000.0	0.0811715675037
492000000.0	-0.391794239362
494000000.0	-0.619151164089
496000000.0	-0.377695228083
498000000.0	-0.130413593946
500000000.0	0.206453924239
502000000.0	0.529101473558
504000000.0	0.268663814011
506000000.0	-0.0934797213869
508000000.0	-0.163309805137
510000000.0	-0.520338518211
512000000.0	-0.176844888125
514000000.0	-0.00737986316941
516000000.0	0.0129440360035
518000000.0	0.147545761524
520000000.0	0.201527883014
522000000.0	-0.234638363096
524000000.0	0.0589967018023
526000000.0	-0.11035041722
528000000.0	-0.0580360853464
530000000.0	0.19980399793
532000000.0	0.0296232642343
534000000.0	-0.169425318951
536000000.0	-0.154028452015
538000000.0	-0.16559938151
540000000.0	-0.0515869697787
542000000.0	0.254920035398
544000000.0	0.199128108889
546000000.0	0.16000828216
548000000.0	0.0440932479383
550000000.0	-0.173397444894
552000000.0	-0.285714042652
554000000.0	-0.126366274729
556000000.0	-0.0877706724882
558000000.0	0.173999457146
560000000.0	0.223654045045
562000000.0	0.259343338494
564000000.0	0.21086553703
566000000.0	-0.0827557082856
568000000.0	-0.209853223685
570000000.0	-0.353028693896
572000000.0	-0.183432820182
574000000.0	0.158815676507
576000000.0	0.21702805654
578000000.0	0.191257162329
580000000.0	0.0730264834692
582000000.0	-0.0679110712981
584000000.0	-0.338742809211
586000000.0	-0.304719570806
588000000.0	-0.088210580858
590000000.0	0.043012939072
592000000.0	0.103976502842
594000000.0	0.0599126091554
596000000.0	-0.0979978842225
598000000.0	-0.450462746905
600000000.0	1.19709546872
602000000.0	-0.823148144716
604000000.0	-0.44468957448
606000000.0	-0.352184092585
608000000.0	0.133794610547
610000000.0	0.161435983128
612000000.0	0.181894486264
614000000.0	0.245128482598
616000000.0	-0.108396377872
618000000.0	-0.113849700638
620000000.0	-0.101526523024
622000000.0	-0.222907967456
624000000.0	-0.331062770074
626000000.0	0.452163860402
628000000.0	0.173295485718
630000000.0	0.113044843855
632000000.0	0.0334597700452
634000000.0	0.0590695575506
636000000.0	0.183411467333
638000000.0	-0.0294884132847
640000000.0	-0.139403423365
642000000.0	-0.166321490378
644000000.0	-0.0937847914933
646000000.0	0.116711833537
648000000.0	0.114413889773
650000000.0	0.0576888389843
652000000.0	0.214783464848
654000000.0	0.0598647599734
656000000.0	0.197756609094
658000000.0	-0.170814112522
660000000.0	-0.065711362314
662000000.0	-0.110393587984
664000000.0	0.0140024283115
666000000.0	0.123375845998
668000000.0	0.303274757674
670000000.0	0.132217286825
672000000.0	0.122165141199
674000000.0	-0.0854511253814
676000000.0	-0.0422607101092
678000000.0	-0.178903158226
680000000.0	-0.0731289377187
682000000.0	-0.0769697706713
684000000.0	0.0190827035196
686000000.0	0.0966265702942
688000000.0	0.261998797008
690000000.0	0.116248633436
692000000.0	-0.0305407906454
694000000.0	-0.195494952681
696000000.0	-0.138340663413
698000000.0	-0.0990904772568
700000000.0	-0.271397326368
702000000.0	0.232657553844
704000000.0	0.266389109253
706000000.0	0.130064836084
708000000.0	0.0184537503704
710000000.0	-0.0577860099985
712000000.0	-0.23185562592
714000000.0	-0.183893002991
716000000.0	-0.215158354493
718000000.0	-0.0134951192823
720000000.0	0.164772734469
722000000.0	0.270302278104
724000000.0	0.139858987302
726000000.0	-0.0392843162336
728000000.0	-0.344645852853
730000000.0	-0.177937610279
732000000.0	-0.154117699504
734000000.0	-0.162867552241
736000000.0	-0.0258984841051
738000000.0	0.199629627954
740000000.0	0.132855825144
742000000.0	0.295233280821
744000000.0	-0.0332413819849
746000000.0	-0.222674964613
748000000.0	-0.116395125517
750000000.0	0.170219121614
752000000.0	-0.0278287490344
754000000.0	0.175902646889
756000000.0	0.000342491229684
758000000.0	-0.131213314758
760000000.0	0.00904723901671
762000000.0	-0.255648513562
764000000.0	-0.00457895761038
766000000.0	0.17122748897
768000000.0	-0.0203145779364
770000000.0	0.0966310638291
772000000.0	-0.194126642003
774000000.0	-0.207306210546
776000000.0	-0.0720830845512
778000000.0	0.130116477435
780000000.0	0.0633847053458
782000000.0	0.194283319093
784000000.0	0.141279826222
786000000.0	-0.156606848717
788000000.0	-0.326176531513
790000000.0	-0.0999974583557
792000000.0	-0.143285601808
794000000.0	0.171918748894
796000000.0	0.278697727319
798000000.0	0.173875698384
800000000.0	0.613514640973
802000000.0	-0.230269815236
804000000.0	-0.392461252454
806000000.0	-0.464640017351
808000000.0	-0.164642164136
810000000.0	0.120459297462
812000000.0	0.368542499072
814000000.0	0.501205119344
816000000.0	0.30616823326
818000000.0	-0.119697385725
820000000.0	-0.466770130776
822000000.0	-0.559020018951
824000000.0	-0.309686416433
826000000.0	0.167087064778
828000000.0	0.321810933102
830000000.0	0.543042235374
832000000.0	0.226363187898
834000000.0	0.0311742738184
836000000.0	-0.558404328205
838000000.0	-0.5978727681
840000000.0	0.035879996223
842000000.0	0.34449226424
844000000.0	0.369289131375
846000000.0	0.367745583237
848000000.0	-0.259594151952
850000000.0	-0.261612000195
852000000.0	-0.465392486657
854000000.0	-0.14377398866
856000000.0	0.114148326254
858000000.0	0.493305270625
860000000.0	0.415811803924
862000000.0	0.16014647554
864000000.0	-0.544620017337
866000000.0	-0.770689489696
868000000.0	-0.7471007528
870000000.0	0.356231935441
872000000.0	1.0683266815
874000000.0	0.914037597625
876000000.0	0.457963107068
878000000.0	-0.855965184619
880000000.0	-1.72147719334
882000000.0	-1.27520905074
884000000.0	-0.278625566378
886000000.0	0.953116657436
888000000.0	2.55153420118
890000000.0	3.31528648812
892000000.0	2.09992210672
894000000.0	-3.10711117717
896000000.0	-11.954256211
898000000.0	-21.495631407
900000000.0	58.3512252601
902000000.0	-18.625008565
904000000.0	-11.0562714083
906000000.0	-3.85159619085
908000000.0	0.551958103126
910000000.0	2.325987508
912000000.0	2.72477919747
914000000.0	2.01792938365
916000000.0	0.385898874094
918000000.0	-1.22034860016
920000000.0	-2.0987139941
922000000.0	-1.2963492915
924000000.0	0.0853884800568
926000000.0	1.35650731585
928000000.0	1.51567560698
930000000.0	0.444199818159
932000000.0	-0.238066046838
934000000.0	-0.861730537006
936000000.0	-0.694321818071
938000000.0	-0.298826546211
940000000.0	0.167361353014
942000000.0	0.537280120608
944000000.0	0.603102077848
946000000.0	0.178066986404
948000000.0	-0.157563008445
950000000.0	-0.682381318471
952000000.0	-0.42895860465
954000000.0	-0.104188211173
956000000.0	0.358134710343
958000000.0	0.404970125254
960000000.0	0.238755092403
962000000.0	-0.129683554227
964000000.0	-0.387171366437
966000000.0	-0.349947025975
968000000.0	-0.183525180711
970000000.0	0.0772082883697
972000000.0	0.404236080746
974000000.0	0.237883728623
976000000.0	0.114222890844
978000000.0	-0.10255498367
980000000.0	-0.194472809244
982000000.0	-0.265456556037
984000000.0	-0.0551420737129
986000000.0	0.16537180626
988000000.0	0.350130266512
990000000.0	0.219036007761
992000000.0	-0.0659069596466
994000000.0	-0.234252827748
996000000.0	-0.382973968467
998000000.0	-0.314872106745
1000000000.0	-0.65625
1002000000.0	0.274474860634
1004000000.0	0.166146876399
1006000000.0	0.224727788015
1008000000.0	-0.125388702699
1010000000.0	-0.353103477608
1012000000.0	-0.224040639442
1014000000.0	-0.162990581062
1016000000.0	0.0240704892587
1018000000.0	0.338878575476
1020000000.0	0.195974126134
1022000000.0	0.117711276529
1024000000.0	-0.00723070197223
1026000000.0	-0.206324984028
1028000000.0	-0.120185512049
1030000000.0	-0.115068542714
1032000000.0	0.0459822123064
1034000000.0	0.190786311127
1036000000.0	0.109273264406
1038000000.0	0.0327117930426
1040000000.0	-0.109947178091
1042000000.0	-0.0863908272769
1044000000.0	-0.0583164714973
1046000000.0	0.0409060734288
1048000000.0	0.131732108524
1050000000.0	0.0844004825257
1052000000.0	0.074483522712
1054000000.0	-0.0568465144973
1056000000.0	-0.0953943361633
1058000000.0	-0.181255272595
1060000000.0	-0.104337810473
1062000000.0	0.0573501328839
1064000000.0	0.204728208495
1066000000.0	0.0173845546905
1068000000.0	0.0488970157327
1070000000.0	-0.127214470098
1072000000.0	-0.141944738489
1074000000.0	0.0666545892334
1076000000.0	0.0419460945971
1078000000.0	0.041354721377
1080000000.0	0.163285125017
1082000000.0	-0.0258902360159
1084000000.0	-0.257499532513
1086000000.0	-0.102485517455
1088000000.0	-0.0879362175038
1090000000.0	0.000644288337879
1092000000.0	0.113094422687
1094000000.0	0.118806563033
1096000000.0	0.113004033978
1098000000.0	0.0724725112937
1100000000.0	-0.194598590515
1102000000.0	-0.119176693857
1104000000.0	-0.119671900884
1106000000.0	0.0611909938278
1108000000.0	0.0308176683071
1110000000.0	0.136548259249
1112000000.0	-0.101363826629
1114000000.0	-0.0317778585901
1116000000.0	-0.000930140960093
1118000000.0	-0.246053507836
1120000000.0	-0.141963492973
1122000000.0	0.101612617627
1124000000.0	0.0739583250751
1126000000.0	-0.0176945447472
1128000000.0	0.0913620088597
1130000000.0	-0.150759204854
1132000000.0	-0.009319294276
1134000000.0	-0.0939265035985
1136000000.0	-0.0444393044213
1138000000.0	-0.0277641922605
1140000000.0	0.13377216048
1142000000.0	0.0679474765715
1144000000.0	-0.0415778055968
1146000000.0	0.0468390200186
1148000000.0	-0.0723468551659
1150000000.0	0.0086918459874
1152000000.0	0.0160648463104
1154000000.0	-0.142309450796
1156000000.0	-0.0350669102408
1158000000.0	0.0410736414101
1160000000.0	0.0174392729448
1162000000.0	0.0216243879539
1164000000.0	0.0198777821218
1166000000.0	0.071870153364
1168000000.0	0.00805998061576
1170000000.0	-0.0697385075424
1172000000.0	-0.0295063420984
1174000000.0	0.0916899905905
1176000000.0	-0.280710300462
1178000000.0	-0.011128969624
1180000000.0	0.045652959994
1182000000.0	0.101071412293
1184000000.0	0.0357707719246
1186000000.0	-0.0901151410707
1188000000.0	-0.0495611109481
1190000000.0	-0.202679752611
1192000000.0	0.0606625903719
1194000000.0	0.0592219875776
1196000000.0	0.280519258005
1198000000.0	0.525556730025
1200000000.0	-1.47318712517
1202000000.0	0.481914832578
1204000000.0	0.204004665283
1206000000.0	0.202465361064
1208000000.0	-0.117121305314
1210000000.0	-0.0597015457788
1212000000.0	-0.129933001634
1214000000.0	-0.234622807529
1216000000.0	0.0611320110515
1218000000.0	0.125121072543
1220000000.0	-0.0152130388141
1222000000.0	-0.00821208099958
1224000000.0	0.120860253589
1226000000.0	-0.12552530266
1228000000.0	-0.0277437256812
1230000000.0	-0.0467765144899
1232000000.0	-0.0141027902061
1234000000.0	0.0634633805434
1236000000.0	-0.0329340422871
1238000000.0	0.262131291442
1240000000.0	-0.0245326117343
1242000000.0	0.11583408614
1244000000.0	-0.0991238377163
1246000000.0	-0.00198526388331
1248000000.0	-0.0393964766122
1250000000.0	-0.451612292371
1252000000.0	0.0261902066521
1254000000.0	0.071645081578
1256000000.0	-0.0633578407437
1258000000.0	-0.115287506891
1260000000.0	-0.0410167659365
1262000000.0	0.0160572601728
1264000000.0	-0.161776304197
1266000000.0	-0.0842445076717
1268000000.0	-0.0988334447728
1270000000.0	0.0263218943036
1272000000.0	-0.119151298488
1274000000.0	0.0429303124984
1276000000.0	0.00601809801671
1278000000.0	0.0566096939793
1280000000.0	0.0282780491248
1282000000.0	-0.0306442765881
1284000000.0	-0.0710803410691
1286000000.0	-0.0487431427089
1288000000.0	-0.162111443197
1290000000.0	-0.0109850131363
1292000000.0	0.185854427746
1294000000.0	0.208881525218
1296000000.0	0.241293008194
1298000000.0	0.160631005084
1300000000.0	-1.3178624295
1302000000.0	0.55470590696
1304000000.0	0.326509924496
1306000000.0	0.158201096162
1308000000.0	-0.217577907652
1310000000.0	-0.17231417563
1312000000.0	-0.0350863484531
1314000000.0	0.0386397742477
1316000000.0	-0.0145995045604
1318000000.0	0.045617409686
1320000000.0	-0.194409171094
1322000000.0	0.0133993183843
1324000000.0	-0.11616719688
1326000000.0	0.0215017136564
1328000000.0	0.120410400567
1330000000.0	-0.0174153430852
1332000000.0	-0.1178880522
1334000000.0	0.0158733575686
1336000000.0	-0.0467646083321
1338000000.0	-0.0768852778481
1340000000.0	-0.161603347824
1342000000.0	-0.225517653418
1344000000.0	0.00768374057447
1346000000.0	0.10140581054
1348000000.0	0.119428312573
1350000000.0	0.034544232586
1352000000.0	-0.0467790506963
1354000000.0	-0.220518219033
1356000000.0	-0.103635768009
1358000000.0	0.0156044304025
1360000000.0	-0.0888045165301
1362000000.0	0.113913659717
1364000000.0	0.138585756326
1366000000.0	-0.0681602347448
1368000000.0	0.0604321701084
1370000000.0	-0.19130771255
1372000000.0	-0.197609925046
1374000000.0	-0.212255702779
1376000000.0	0.411820238699
1378000000.0	0.00757786104446
1380000000.0	0.136118817857
1382000000.0	-0.0829550660908
1384000000.0	-0.0199312594655
1386000000.0	0.0978974950217
1388000000.0	-0.00548037199688
1390000000.0	-0.00288174145972
1392000000.0	0.00981990114622
1394000000.0	0.159007254063
1396000000.0	0.0315876312154
1398000000.0	-4.59639236792e-05
1400000000.0	-0.275404324065
1402000000.0	0.166772284714
1404000000.0	0.0375125783865
1406000000.0	0.0499836272425
1408000000.0	0.0922663082963
1410000000.0	-0.015777722162
1412000000.0	0.0492869092943
1414000000.0	-0.0439490409912
1416000000.0	-0.100322932788
1418000000.0	0.0893082561101
1420000000.0	0.10254267775
1422000000.0	0.209980133842
1424000000.0	0.133578857693
1426000000.0	-0.062270409072
1428000000.0	-0.250456319565
1430000000.0	-0.363242492932
1432000000.0	0.087613813461
1434000000.0	-0.0484151739893
1436000000.0	0.337097469127
1438000000.0	0.331738717593
1440000000.0	0.090331547471
1442000000.0	-0.216269773526
1444000000.0	-0.197217561468
1446000000.0	-0.286684593278
1448000000.0	-0.0639171821891
1450000000.0	-0.0477773669709
1452000000.0	0.201065809941
1454000000.0	0.180212083773
1456000000.0	0.0248013427232
1458000000.0	-0.113884915611
1460000000.0	-0.199783928834
1462000000.0	-0.292801637853
1464000000.0	0.0711962815395
1466000000.0	0.296325544715
1468000000.0	0.302409271085
1470000000.0	-0.0364596646008
1472000000.0	-0.24436052042
1474000000.0	-0.192617223827
1476000000.0	-0.144379739821
1478000000.0	0.187985625999
1480000000.0	0.208962145566
1482000000.0	0.318795126721
1484000000.0	0.143036224943
1486000000.0	0.0447020796867
1488000000.0	-0.486918738788
1490000000.0	-1.24332773905
1492000000.0	-0.842897715932
1494000000.0	0.815474739943
1496000000.0	3.95078860734
1498000000.0	7.17991064534
1500000000.0	-18.9252039242
1502000000.0	5.48114550114
1504000000.0	3.26682262619
1506000000.0	1.31895513204
1508000000.0	0.363371275697
1510000000.0	-0.402959849639
1512000000.0	-0.952222355192
1514000000.0	-0.917206561453
1516000000.0	-0.304757751519
1518000000.0	0.414854363862
1520000000.0	0.953510831946
1522000000.0	0.814049291842
1524000000.0	0.0163997377621
1526000000.0	-0.323751572729
1528000000.0	-0.516459650224
1530000000.0	-0.466872583967
1532000000.0	-0.111020059749
1534000000.0	0.127923307316
1536000000.0	0.285078150085
1538000000.0	0.299881313028
1540000000.0	0.136591585125
1542000000.0	-0.12607578309
1544000000.0	-0.303482476087
1546000000.0	-0.167439257928
1548000000.0	0.0421310581089
1550000000.0	0.137009190024
1552000000.0	0.150256233689
1554000000.0	0.0100844412106
1556000000.0	-0.15605122132
1558000000.0	-0.209757965493
1560000000.0	0.0227025631413
1562000000.0	0.257485706175
1564000000.0	0.131561710088
1566000000.0	-0.0418984404816
1568000000.0	0.0616137213679
1570000000.0	-0.0561992166966
1572000000.0	-0.185316042615
1574000000.0	-0.107918102247
1576000000.0	-0.027118946524
1578000000.0	0.0093242665068
1580000000.0	0.172423185065
1582000000.0	0.0994244805131
1584000000.0	0.166980633801
1586000000.0	-0.0497568838213
1588000000.0	-0.135938707431
1590000000.0	-0.206614822017
1592000000.0	-0.0460103708626
1594000000.0	0.163986682062
1596000000.0	0.143556828363
1598000000.0	0.185392615695
1600000000.0	0.0614853590274
1602000000.0	0.0497058480993
1604000000.0	-0.15226256989
1606000000.0	-0.056210200633
1608000000.0	0.0962657835034
1610000000.0	0.177949055693
1612000000.0	0.158953857308
1614000000.0	0.103977481535
1616000000.0	0.0105632613923
1618000000.0	0.0123611967129
1620000000.0	0.0580884080789
1622000000.0	-0.0900891350264
1624000000.0	0.0583216816914
1626000000.0	-0.147337481326
1628000000.0	0.0528953823448
1630000000.0	-0.0630308171999
1632000000.0	-0.0539472371463
1634000000.0	0.0456380541558
1636000000.0	-0.130824266176
1638000000.0	-0.0388198289925
1640000000.0	-0.117824689081
1642000000.0	-0.087823179712
1644000000.0	0.0523973285908
1646000000.0	-0.00418426552795
1648000000.0	0.0724777155074
1650000000.0	-0.0756941762594
1652000000.0	0.00501884932193
1654000000.0	-0.0111066011813
1656000000.0	0.0947462145595
1658000000.0	-0.0498482941153
1660000000.0	0.0945218151401
1662000000.0	-0.0224256062767
1664000000.0	0.0198462219041
1666000000.0	0.00568649527909
1668000000.0	-0.10677592337
1670000000.0	0.0170725112263
1672000000.0	0.0674347000585
1674000000.0	-0.0335027348499
1676000000.0	0.0792012388127
1678000000.0	0.032946323139
1680000000.0	-0.109015685111
1682000000.0	-0.120996648844
1684000000.0	0.0124484129172
1686000000.0	0.0114504462826
1688000000.0	0.101922372719
1690000000.0	0.0966629655274
1692000000.0	-0.0408809356031
1694000000.0	-0.0646426726072
1696000000.0	0.0378357310619
1698000000.0	-0.121472563684
1700000000.0	-0.17733485808
1702000000.0	0.131181119348
1704000000.0	0.162125892186
1706000000.0	-0.0011192684262
1708000000.0	0.0288800553594
1710000000.0	-0.0966346212193
1712000000.0	-0.056723664477
1714000000.0	0.0415874177482
1716000000.0	-0.0718107091122
1718000000.0	-0.00630721155331
1720000000.0	0.0319106048375
1722000000.0	-0.153632489046
1724000000.0	0.0695419358786
1726000000.0	0.119049597197
1728000000.0	-0.129750161528
1730000000.0	-0.033629800267
1732000000.0	-0.0822889272214
1734000000.0	-0.0810149297841
1736000000.0	-0.146468943806
1738000000.0	-0.100722202253
1740000000.0	-0.040048268517
1742000000.0	-0.0990999657757
1744000000.0	0.036182538717
1746000000.0	-0.0413714414379
1748000000.0	0.0587146991769
1750000000.0	0.440765131418
1752000000.0	0.0578359834618
1754000000.0	0.250315647201
1756000000.0	-0.0585106136447
1758000000.0	0.0106396498392
1760000000.0	0.0679608305556
1762000000.0	0.0140242142141
1764000000.0	0.0379549912279
1766000000.0	-0.0646533905753
1768000000.0	-0.0293676254179
1770000000.0	0.0370705351353
1772000000.0	-0.0413047272022
1774000000.0	-0.0402004595176
1776000000.0	0.0647258784154
1778000000.0	-0.00346239235695
1780000000.0	0.0149771220698
1782000000.0	-0.0197880047862
1784000000.0	-0.0438528024242
1786000000.0	-0.0103304480471
1788000000.0	-0.0664968649222
1790000000.0	-0.0275085816994
1792000000.0	0.0409021635746
1794000000.0	0.0273748860759
1796000000.0	-0.25548169328
1798000000.0	-0.270591198477
1800000000.0	0.811963416453
1802000000.0	-0.286787955085
1804000000.0	-0.221543100951
1806000000.0	-0.261293224714
1808000000.0	-0.00430642795275
1810000000.0	0.110516021607
1812000000.0	0.104354439183
1814000000.0	0.0483938871887
1816000000.0	-0.0838735982557
1818000000.0	-0.0948840785554
1820000000.0	0.035332556681
1822000000.0	-0.0679759769552
1824000000.0	-0.0278362186046
1826000000.0	0.160772550662
1828000000.0	-0.0489805173811
1830000000.0	-0.0312950953413
1832000000.0	0.000902687983649
1834000000.0	0.0721879192538
1836000000.0	-0.0313382333386
1838000000.0	-0.127096393791
1840000000.0	0.110568870185
1842000000.0	0.14505119855
1844000000.0	-0.0274606937348
1846000000.0	-0.0564098590309
1848000000.0	-0.0153470119466
1850000000.0	-0.0871720074351
1852000000.0	-0.0169876130322
1854000000.0	-0.043411484052
1856000000.0	0.114298162306
1858000000.0	-0.0166044241149
1860000000.0	-0.0970161255332
1862000000.0	-0.052591985828
1864000000.0	-0.105703559016
1866000000.0	-0.187704237883
1868000000.0	-0.0231018963337
1870000000.0	-0.0517606366349
1872000000.0	0.0629782925291
1874000000.0	-0.00149897423049
1876000000.0	0.0334385077365
1878000000.0	-0.140175436676
1880000000.0	-0.216682432364
1882000000.0	-0.0433140487516
1884000000.0	0.0964808852357
1886000000.0	0.278876576347
1888000000.0	0.46789115189
1890000000.0	0.00991329162192
1892000000.0	-0.128236986414
1894000000.0	-0.401839149143
1896000000.0	-0.602037972156
1898000000.0	-1.03548481902
1900000000.0	4.06307943168
1902000000.0	-1.77236215887
1904000000.0	-1.0225683211
1906000000.0	-0.124857114299
1908000000.0	0.237142295431
1910000000.0	0.396610346329
1912000000.0	0.153752162791
1914000000.0	-0.0838172796407
1916000000.0	-0.230748396788
1918000000.0	-0.00230422469687
1920000000.0	-0.0298637782024
1922000000.0	0.149744349451
1924000000.0	-0.128692121303
1926000000.0	0.0904625379275
1928000000.0	-0.0253883910378
1930000000.0	-0.0223084387852
1932000000.0	-0.130155038219
1934000000.0	-0.180006372285
1936000000.0	0.0235915072013
1938000000.0	0.0650114097258
1940000000.0	0.0517650026506
1942000000.0	0.13185730285
1944000000.0	-0.104312096789
1946000000.0	-0.141368672686
1948000000.0	-0.0895479177174
1950000000.0	0.00372319681441
1952000000.0	0.139402935793
1954000000.0	0.177177178423
1956000000.0	0.011637784757
1958000000.0	0.042979540149
1960000000.0	0.0857317994744
1962000000.0	-0.190263805285
1964000000.0	-0.105719421263
1966000000.0	0.0306655779918
1968000000.0	-0.0942007990034
1970000000.0	0.150440218879
1972000000.0	0.0255345470882
1974000000.0	0.0144849715358
1976000000.0	-0.14211732692
1978000000.0	-0.015966952479
1980000000.0	-0.0557145394192
1982000000.0	0.0678357651631
1984000000.0	0.0933899057747
1986000000.0	0.0160200889567
1988000000.0	-0.119405180684
1990000000.0	0.154989253645
1992000000.0	0.0217396604903
1994000000.0	0.0283190622641
1996000000.0	0.168051519518
1998000000.0	0.0765902881998
2000000000.0	-0.384375
