0.0	-10.24375
2000000.0	-1.4806710458
4000000.0	0.44433170511
6000000.0	-2.03955223094
8000000.0	-2.52134737881
10000000.0	-2.23333960057
12000000.0	-3.10948288525
14000000.0	-2.51313090716
16000000.0	0.554185736765
18000000.0	5.56949491983
20000000.0	7.47032235217
22000000.0	6.1217929101
24000000.0	1.39936772045
26000000.0	-2.77683040847
28000000.0	-6.80372012718
30000000.0	-9.58023525059
32000000.0	-9.39937602243
34000000.0	-4.2372394154
36000000.0	3.24332520642
38000000.0	7.45392004692
40000000.0	6.36920660838
42000000.0	5.08810566292
44000000.0	0.96203027866
46000000.0	-2.84543014377
48000000.0	-4.1806514361
50000000.0	-2.96913734369
52000000.0	-0.510828320045
54000000.0	2.08580977984
56000000.0	2.82032958848
58000000.0	1.69527102887
60000000.0	-0.137235944634
62000000.0	-1.72604631886
64000000.0	-1.65585997526
66000000.0	-0.0827159665877
68000000.0	2.27477579349
70000000.0	3.44862708213
72000000.0	2.39495272544
74000000.0	0.576772221537
76000000.0	-1.1936628803
78000000.0	-1.86426668703
80000000.0	-1.30066009173
82000000.0	0.673089673165
84000000.0	1.40365643246
86000000.0	2.05055362302
88000000.0	1.10419518076
90000000.0	0.0491371111786
92000000.0	-0.799814177004
94000000.0	-0.482000851033
96000000.0	0.202849636135
98000000.0	0.882047130292
100000000.0	1.57229293092
102000000.0	0.585055603015
104000000.0	-0.759579684883
106000000.0	-1.17946997862
108000000.0	-0.937248831761
110000000.0	0.331418009176
112000000.0	1.00032690123
114000000.0	1.87819239371
116000000.0	0.989039928661
118000000.0	0.0639335340408
120000000.0	-0.840243165063
122000000.0	-1.39323630867
124000000.0	-1.20787523741
126000000.0	0.149925869483
128000000.0	0.602330624021
130000000.0	1.10388255525
132000000.0	0.87172324518
134000000.0	0.0108911988833
136000000.0	-0.486259502907
138000000.0	-0.697267203173
140000000.0	-0.244223805547
142000000.0	0.471819966538
144000000.0	0.918044166531
146000000.0	0.940329376259
148000000.0	0.50816374251
150000000.0	-0.550014179676
152000000.0	-0.567076034121
154000000.0	-0.712633851871
156000000.0	-0.512568580995
158000000.0	0.151222183482
160000000.0	0.742168642253
162000000.0	0.754715864099
164000000.0	0.257013551624
166000000.0	-0.186544182544
168000000.0	-0.744876909802
170000000.0	-0.923162929731
172000000.0	-0.791001774189
174000000.0	-0.0679086483922
176000000.0	0.418570574078
178000000.0	0.66421151552
180000000.0	0.479996360953
182000000.0	0.253020913548
184000000.0	-0.0513914605039
186000000.0	-0.369366599332
188000000.0	-0.704142081353
190000000.0	-0.34363802999
192000000.0	0.00183975568586
194000000.0	0.164344821917
196000000.0	0.319324699558
198000000.0	0.234682661588
200000000.0	-0.100528574762
202000000.0	-0.0489673112976
204000000.0	0.236777016837
206000000.0	0.174174357226
208000000.0	0.229173044441
210000000.0	-0.0653752929244
212000000.0	-0.174143852574
214000000.0	-0.264281580934
216000000.0	-0.310709573841
218000000.0	-0.120367349015
220000000.0	0.492302904211
222000000.0	1.2662621687
224000000.0	0.499608385622
226000000.0	0.171347344446
228000000.0	-0.812409406254
230000000.0	-1.56912518507
232000000.0	-0.911404274977
234000000.0	-0.078271335966
236000000.0	1.13308529998
238000000.0	2.09080735659
240000000.0	1.17741773932
242000000.0	-0.0466139378879
244000000.0	-1.50621223642
246000000.0	-2.30004274146
248000000.0	-1.51130930121
250000000.0	-1.12507326941
252000000.0	1.6206574149
254000000.0	2.66632210118
256000000.0	2.31131055758
258000000.0	0.11649736543
260000000.0	-2.48499155244
262000000.0	-3.67610110271
264000000.0	-1.37784948591
266000000.0	1.17685570713
268000000.0	3.25531916484
270000000.0	2.70669934802
272000000.0	0.521877862209
274000000.0	-1.67784769762
276000000.0	-1.84821817571
278000000.0	-1.92533526622
280000000.0	-1.31604455932
282000000.0	0.791005641746
284000000.0	5.22766109147
286000000.0	6.24546006248
288000000.0	-0.83605141805
290000000.0	-13.1383197574
292000000.0	-16.8417990596
294000000.0	1.78734868077
296000000.0	38.6579066123
298000000.0	70.011147004
300000000.0	-151.35599402
302000000.0	37.8460902766
304000000.0	19.3322381153
306000000.0	12.2547730956
308000000.0	8.94228646087
310000000.0	0.340364352103
312000000.0	-10.8861679199
314000000.0	-14.1183024625
316000000.0	-6.20120225727
318000000.0	5.34754822602
320000000.0	11.9014415309
322000000.0	8.06612529658
324000000.0	-0.0796430829679
326000000.0	-5.68560144265
328000000.0	-6.47664289374
330000000.0	-3.96939238857
332000000.0	-0.109573337519
334000000.0	3.23359340422
336000000.0	4.83555921269
338000000.0	3.57698710574
340000000.0	0.356262265031
342000000.0	-3.26520771688
344000000.0	-4.60600521542
346000000.0	-2.72361991213
348000000.0	0.873733367314
350000000.0	3.92216928306
352000000.0	3.63173848788
354000000.0	0.701937550252
356000000.0	-2.03445333905
358000000.0	-3.10939510419
360000000.0	-2.31935823341
362000000.0	0.0915160256603
364000000.0	1.86626085563
366000000.0	2.61924868192
368000000.0	1.73442785415
370000000.0	-0.413857664647
372000000.0	-2.23299335949
374000000.0	-2.56875718257
376000000.0	-0.506251211728
378000000.0	1.19886767008
380000000.0	2.66042989214
382000000.0	2.11351853587
384000000.0	0.333405974905
386000000.0	-1.8024372691
388000000.0	-2.66911226085
390000000.0	-1.62700723668
392000000.0	0.253048309204
394000000.0	1.88864144907
396000000.0	2.39147429721
398000000.0	1.3339161719
400000000.0	-0.318217844094
402000000.0	-2.32880791351
404000000.0	-2.15456276129
406000000.0	-0.797798730529
408000000.0	0.688860780403
410000000.0	2.08211703461
412000000.0	1.84106060172
414000000.0	0.697784628429
416000000.0	-0.8076482932
418000000.0	-1.88661239846
420000000.0	-1.67386505819
422000000.0	-0.304303962627
424000000.0	1.24318302683
426000000.0	1.74892626433
428000000.0	1.15900105316
430000000.0	-0.398611339731
432000000.0	-1.2873488331
434000000.0	-1.61273727675
436000000.0	-0.90805182251
438000000.0	0.330363447706
440000000.0	1.17389400625
442000000.0	1.06308242919
444000000.0	0.0173286449122
446000000.0	-1.06479136708
448000000.0	-1.2621508921
450000000.0	-0.785234147841
452000000.0	0.468143080913
454000000.0	1.1941000382
456000000.0	1.11283757646
458000000.0	0.484419686843
460000000.0	-0.758558739986
462000000.0	-1.28527983438
464000000.0	-0.86827253205
466000000.0	0.00571105846766
468000000.0	0.529387309219
470000000.0	1.40577736855
472000000.0	0.951241040231
474000000.0	-0.17126796247
476000000.0	-0.847735050662
478000000.0	-1.22166912683
480000000.0	-0.692715827683
482000000.0	0.290226273791
484000000.0	0.959745637074
486000000.0	1.0865897191
488000000.0	0.656200183114
490000000.0	-0.363948700465
492000000.0	-0.996668089335
494000000.0	-0.783420543843
496000000.0	-0.414044827326
498000000.0	0.858386781612
500000000.0	1.28276174541
502000000.0	0.772599868424
504000000.0	0.280137781359
506000000.0	-0.675387667583
508000000.0	-0.887217318417
510000000.0	-0.345773746439
512000000.0	0.175654476868
514000000.0	0.838417322378
516000000.0	0.605376324441
518000000.0	0.0091371468374
520000000.0	-0.42927995012
522000000.0	-0.488881916044
524000000.0	-0.380359640865
526000000.0	-0.1741572947
528000000.0	0.400749078517
530000000.0	0.592831174046
532000000.0	0.22247350521
534000000.0	-0.189298071917
536000000.0	-0.682692910182
538000000.0	-0.711165880447
540000000.0	0.126571757585
542000000.0	0.289588601892
544000000.0	0.677096865273
546000000.0	0.418136293054
548000000.0	-0.00803013814096
550000000.0	-0.511830437428
552000000.0	-0.542887771779
554000000.0	-0.294286197199
556000000.0	0.405167336406
558000000.0	0.568719198536
560000000.0	0.445081309495
562000000.0	0.141385720247
564000000.0	-0.302177297248
566000000.0	-0.438969915022
568000000.0	-0.620546129835
570000000.0	0.0465637572033
572000000.0	0.359607397329
574000000.0	0.298189537631
576000000.0	0.476002890202
578000000.0	0.152166943233
580000000.0	-0.345870999346
582000000.0	-0.276296867308
584000000.0	-0.284448642133
586000000.0	0.286508582863
588000000.0	0.364577270662
590000000.0	0.260785840019
592000000.0	-0.165469348154
594000000.0	-0.404982616053
596000000.0	-0.652144367813
598000000.0	-0.485117869145
600000000.0	0.547554679309
602000000.0	0.481305383199
604000000.0	0.450641918271
606000000.0	-0.0784611888313
608000000.0	-0.515389251405
610000000.0	-0.880193905287
612000000.0	-0.262155212975
614000000.0	0.0705909440533
616000000.0	0.514537032082
618000000.0	0.63008615189
620000000.0	0.0872905174168
622000000.0	-0.119175397956
624000000.0	-0.397454395326
626000000.0	-0.631743105205
628000000.0	-0.244360533905
630000000.0	0.422320711507
632000000.0	0.500991453065
634000000.0	0.651402648667
636000000.0	0.31734619486
638000000.0	-0.226771783806
640000000.0	-0.616128227465
642000000.0	-0.312572013042
644000000.0	0.00021691776372
646000000.0	0.58863985391
648000000.0	0.503236326809
650000000.0	0.310088754396
652000000.0	0.062321742954
654000000.0	-0.504837767489
656000000.0	-0.419367519058
658000000.0	-0.154789752584
660000000.0	0.301623706371
662000000.0	0.487290449081
664000000.0	0.0440157095387
666000000.0	0.0260936923736
668000000.0	-0.636891771784
670000000.0	-0.341354588701
672000000.0	-0.309758051199
674000000.0	0.404426958775
676000000.0	0.311047041879
678000000.0	0.419966114518
680000000.0	-0.0337109012252
682000000.0	-0.0793893646484
684000000.0	-0.905468668506
686000000.0	-0.570074849481
688000000.0	-0.0665118545362
690000000.0	0.834175730992
692000000.0	0.790044460606
694000000.0	0.368521692346
696000000.0	0.0979535229045
698000000.0	-0.285545993713
700000000.0	-2.31485007445
702000000.0	0.596270711148
704000000.0	0.785840910969
706000000.0	0.569057713103
708000000.0	0.117117012706
710000000.0	0.13894266404
712000000.0	-0.633917586322
714000000.0	-0.529786186353
716000000.0	-0.721899749483
718000000.0	0.100990949375
720000000.0	0.858194828667
722000000.0	0.385098509904
724000000.0	0.0566670375965
726000000.0	-0.260191653955
728000000.0	-0.583238514451
730000000.0	-0.54715042685
732000000.0	0.167141464809
734000000.0	0.518902589373
736000000.0	0.491423582191
738000000.0	0.131295419028
740000000.0	-0.00275137087535
742000000.0	-0.724325356892
744000000.0	-0.482422164252
746000000.0	0.0951904317745
748000000.0	0.387066430573
750000000.0	1.16125547623
752000000.0	0.464328716019
754000000.0	-0.206712917786
756000000.0	-0.62480817959
758000000.0	-0.730086026398
760000000.0	-0.465131581815
762000000.0	0.0298126649338
764000000.0	0.588684223255
766000000.0	0.945459777554
768000000.0	0.0374523370352
770000000.0	-0.114661925045
772000000.0	-0.632832246425
774000000.0	-0.416405348089
776000000.0	-0.152746721442
778000000.0	0.45749644174
780000000.0	0.552524965581
782000000.0	0.473103191075
784000000.0	0.198884971042
786000000.0	-0.351895750551
788000000.0	-0.860401525464
790000000.0	-0.411952220205
792000000.0	-0.0117733952951
794000000.0	0.560989258612
796000000.0	0.316281578694
798000000.0	0.114008387431
800000000.0	-0.245307647469
802000000.0	-0.820322501028
804000000.0	-0.277564043141
806000000.0	0.227506957655
808000000.0	0.624776617472
810000000.0	0.571734489003
812000000.0	0.214955146246
814000000.0	-0.500912625735
816000000.0	-0.665756352809
818000000.0	-0.671280482726
820000000.0	-0.246423594076
822000000.0	0.897992991382
824000000.0	0.752365986097
826000000.0	0.515919359114
828000000.0	-0.0930237400318
830000000.0	-0.661065181853
832000000.0	-0.904338909351
834000000.0	-0.44386006436
836000000.0	0.443576505162
838000000.0	1.29315100384
840000000.0	0.704993226829
842000000.0	0.302112945426
844000000.0	-0.547364084196
846000000.0	-0.950191505752
848000000.0	-0.615817360423
850000000.0	-0.353680730473
852000000.0	0.589747717133
854000000.0	1.09968655128
856000000.0	0.927901181844
858000000.0	0.153311540324
860000000.0	-0.982633993901
862000000.0	-1.4473265537
864000000.0	-0.213624623156
866000000.0	1.10204089821
868000000.0	1.5343986699
870000000.0	0.921338558457
872000000.0	-0.543053457819
874000000.0	-1.56876330566
876000000.0	-0.857345866913
878000000.0	-0.0214295741062
880000000.0	0.321715372561
882000000.0	1.23127478501
884000000.0	1.7245644621
886000000.0	1.18822218245
888000000.0	-1.32400831491
890000000.0	-5.1972683529
892000000.0	-5.3365865858
894000000.0	1.46509405895
896000000.0	16.1135758367
898000000.0	30.4602587649
900000000.0	-70.6600568644
902000000.0	21.2518540893
904000000.0	11.0389842606
906000000.0	4.26739134814
908000000.0	0.924003210893
910000000.0	-1.85407918652
912000000.0	-3.67708556429
914000000.0	-3.86655462866
916000000.0	-0.990481677465
918000000.0	2.06047138279
920000000.0	3.26379612298
922000000.0	2.25246198414
924000000.0	-0.5413405724
926000000.0	-2.02201884039
928000000.0	-2.04267930914
930000000.0	-0.752256097965
932000000.0	0.582775342143
934000000.0	1.0081871097
936000000.0	0.888645543801
938000000.0	0.578340149219
940000000.0	-0.240879553755
942000000.0	-0.802087755635
944000000.0	-0.874880987455
946000000.0	-0.310460381119
948000000.0	0.59046803319
950000000.0	0.755395174679
952000000.0	0.538235829661
954000000.0	0.0167986827818
956000000.0	-0.493273679164
958000000.0	-0.615614105921
960000000.0	-0.182347811254
962000000.0	0.283635472364
964000000.0	0.469223865108
966000000.0	0.110180811374
968000000.0	-0.063949740527
970000000.0	-0.344749740751
972000000.0	-0.581809189486
974000000.0	-0.559596093105
976000000.0	0.118162386692
978000000.0	0.622402356993
980000000.0	0.478602282769
982000000.0	0.345660385079
984000000.0	-0.0201904372095
986000000.0	-0.55270032084
988000000.0	-0.570998817036
990000000.0	-0.245993430075
992000000.0	0.189674248976
994000000.0	0.0733774970778
996000000.0	0.24246260302
998000000.0	-0.232219069598
1000000000.0	-1.25
1002000000.0	-0.971930678952
1004000000.0	-0.62449161613
1006000000.0	-0.00843464669441
1008000000.0	0.0957316225893
1010000000.0	0.59518091035
1012000000.0	0.540651509165
1014000000.0	0.0169018087773
1016000000.0	-0.156787158201
1018000000.0	-0.185939951401
1020000000.0	-0.142943629531
1022000000.0	-0.126388453629
1024000000.0	0.113461752353
1026000000.0	0.0869646731569
1028000000.0	0.115937245342
1030000000.0	0.11827792384
1032000000.0	-0.0539916491446
1034000000.0	-0.0182844345038
1036000000.0	-0.0464167565092
1038000000.0	-0.0612816900605
1040000000.0	0.160746091298
1042000000.0	0.0514506120496
1044000000.0	-0.0932008319976
1046000000.0	-0.24608336203
1048000000.0	-0.000115781315224
1050000000.0	-0.153157754638
1052000000.0	0.0537540005083
1054000000.0	0.0043441735586
1056000000.0	0.0794680245206
1058000000.0	-0.0216315016982
1060000000.0	-0.132727039469
1062000000.0	-0.107768156226
1064000000.0	0.0230382442532
1066000000.0	-0.0691226160157
1068000000.0	0.0342671875292
1070000000.0	0.253602849354
1072000000.0	-0.0530422411566
1074000000.0	-0.128489614929
1076000000.0	0.0627011498064
1078000000.0	-0.0627128088815
1080000000.0	0.133844826834
1082000000.0	-0.031027641828
1084000000.0	-0.217460965606
1086000000.0	0.213863361651
1088000000.0	0.275084791642
1090000000.0	0.162340835119
1092000000.0	0.0139146658946
1094000000.0	0.134977736079
1096000000.0	-0.0875158319162
1098000000.0	-0.0477129548179
1100000000.0	0.0175606732577
1102000000.0	-0.0848902528727
1104000000.0	0.186332804712
1106000000.0	0.172041727051
1108000000.0	-0.0192911742382
1110000000.0	0.156696762871
1112000000.0	-0.225565721722
1114000000.0	-0.0686990260581
1116000000.0	-0.101369668569
1118000000.0	0.181270418172
1120000000.0	0.0201698026218
1122000000.0	0.0171753881272
1124000000.0	0.401909063799
1126000000.0	-0.276317418724
1128000000.0	-0.308428621129
1130000000.0	-0.24469403661
1132000000.0	-0.0792627546745
1134000000.0	-0.0196207135403
1136000000.0	-0.241962968157
1138000000.0	-0.0752171790855
1140000000.0	0.00718698081133
1142000000.0	0.248736940393
1144000000.0	-0.160401732776
1146000000.0	0.177158950766
1148000000.0	-0.141985782622
1150000000.0	0.131591157871
1152000000.0	-0.0731654610789
1154000000.0	-0.0376494754106
1156000000.0	-0.0544150702269
1158000000.0	0.0105107032579
1160000000.0	-0.221494188918
1162000000.0	-0.184375654413
1164000000.0	0.423604476693
1166000000.0	-0.169670383765
1168000000.0	0.0045418630886
1170000000.0	-0.00775864867789
1172000000.0	-0.143064831078
1174000000.0	0.107007543279
1176000000.0	-0.153248393236
1178000000.0	0.169138687335
1180000000.0	0.0323246160341
1182000000.0	-0.012531435296
1184000000.0	0.0305882592011
1186000000.0	-0.144527564694
1188000000.0	-0.0409767631203
1190000000.0	-0.0487807491318
1192000000.0	0.209284338351
1194000000.0	0.104020651198
1196000000.0	-0.379977923333
1198000000.0	-0.759050276639
1200000000.0	0.855717844094
1202000000.0	-0.100879917941
1204000000.0	-0.0220102052153
1206000000.0	-0.0870866920109
1208000000.0	-0.244242805936
1210000000.0	-0.126015542706
1212000000.0	0.191513129428
1214000000.0	0.134792779931
1216000000.0	0.14872495277
1218000000.0	-0.15727326592
1220000000.0	-0.224699768399
1222000000.0	0.415676160663
1224000000.0	0.0588899738616
1226000000.0	-0.278850735068
1228000000.0	0.228466600421
1230000000.0	0.174564445503
1232000000.0	-0.21427837629
1234000000.0	-0.158471533855
1236000000.0	-0.0302088778254
1238000000.0	-0.0567173046446
1240000000.0	-0.00249300946537
1242000000.0	0.143273948941
1244000000.0	0.128122095634
1246000000.0	0.335892159702
1248000000.0	-0.0482520399306
1250000000.0	-0.365607931039
1252000000.0	-0.0579221980198
1254000000.0	-0.161303400208
1256000000.0	0.198668661368
1258000000.0	0.22482614984
1260000000.0	-0.0238156904616
1262000000.0	0.10750903944
1264000000.0	-0.373322268047
1266000000.0	0.0205374476678
1268000000.0	-0.0338277633271
1270000000.0	0.194130494939
1272000000.0	-0.083841741171
1274000000.0	0.239163687292
1276000000.0	0.0851839305608
1278000000.0	-0.168117868864
1280000000.0	-0.0170695290703
1282000000.0	0.18076764575
1284000000.0	-0.0312352924336
1286000000.0	0.0563088181134
1288000000.0	0.213300033909
1290000000.0	-0.181493062853
1292000000.0	-0.264395134186
1294000000.0	0.0748943220865
1296000000.0	0.669167562328
1298000000.0	1.38790492001
1300000000.0	-4.0888158958
1302000000.0	1.89374670803
1304000000.0	0.911788038966
1306000000.0	0.0440782967676
1308000000.0	0.281920174042
1310000000.0	-0.242024390387
1312000000.0	-0.252296583378
1314000000.0	-0.189573977286
1316000000.0	0.316898358682
1318000000.0	0.321125808797
1320000000.0	0.370205524411
1322000000.0	0.312066932775
1324000000.0	-0.374275961658
1326000000.0	-0.435087944184
1328000000.0	-0.125140965333
1330000000.0	0.0190550708966
1332000000.0	0.400530391834
1334000000.0	0.123362913318
1336000000.0	-0.0361201279446
1338000000.0	-0.151588291107
1340000000.0	-0.153438058325
1342000000.0	-0.0406499316889
1344000000.0	0.0810854254638
1346000000.0	0.309165223331
1348000000.0	-0.163122182638
1350000000.0	0.0878236071063
1352000000.0	0.0397328001982
1354000000.0	-0.0575054400468
1356000000.0	-0.320160504336
1358000000.0	0.0151575188991
1360000000.0	0.32380077786
1362000000.0	-0.0681508878937
1364000000.0	0.0231659192394
1366000000.0	0.149353074165
1368000000.0	-0.207914925869
1370000000.0	-0.397587458001
1372000000.0	-0.0467385609863
1374000000.0	0.0995215722167
1376000000.0	0.188906269451
1378000000.0	0.117887948926
1380000000.0	0.182797567185
1382000000.0	-0.0298821882706
1384000000.0	-0.176751669357
1386000000.0	-0.110788294542
1388000000.0	0.0174690787949
1390000000.0	0.136896389141
1392000000.0	0.0597995873336
1394000000.0	0.197211118098
1396000000.0	-0.0210915670818
1398000000.0	0.0164821912906
1400000000.0	0.000191072097095
1402000000.0	-0.101819081473
1404000000.0	-0.0847725632711
1406000000.0	-0.067073045787
1408000000.0	0.27318958329
1410000000.0	-0.0399336042722
1412000000.0	-0.214549818494
1414000000.0	-0.179836125485
1416000000.0	-0.0621673265856
1418000000.0	-0.153707835332
1420000000.0	-0.0517055017159
1422000000.0	0.508850215535
1424000000.0	0.113182943088
1426000000.0	-0.199845625339
1428000000.0	-0.135057782682
1430000000.0	-0.489691580855
1432000000.0	-0.183343330649
1434000000.0	0.142875965232
1436000000.0	0.54305081397
1438000000.0	0.691052908047
1440000000.0	0.153569416254
1442000000.0	0.00260017689822
1444000000.0	-0.000419621652619
1446000000.0	-0.377030749111
1448000000.0	-0.0373043224628
1450000000.0	0.228241522719
1452000000.0	-0.0680411931858
1454000000.0	0.356986452288
1456000000.0	0.0943429184486
1458000000.0	-0.194190727249
1460000000.0	-0.66825188985
1462000000.0	-0.485209409536
1464000000.0	-0.100242763938
1466000000.0	0.690703713441
1468000000.0	0.580784968739
1470000000.0	0.234282814414
1472000000.0	-0.805477622713
1474000000.0	-0.588778458159
1476000000.0	-0.580681402158
1478000000.0	0.170285856131
1480000000.0	0.679158141549
1482000000.0	0.666872155687
1484000000.0	0.364373416089
1486000000.0	0.135829595401
1488000000.0	-1.1841679463
1490000000.0	-2.37205166982
1492000000.0	-2.10696871233
1494000000.0	0.999897133533
1496000000.0	7.84145168735
1498000000.0	15.208450467
1500000000.0	-35.7077617454
1502000000.0	11.3233318725
1504000000.0	6.10586370645
1506000000.0	2.02067389209
1508000000.0	0.151486735631
1510000000.0	-0.967753671497
1512000000.0	-1.42538440429
1514000000.0	-1.43911116392
1516000000.0	-0.411104182184
1518000000.0	0.696462543323
1520000000.0	1.80722248179
1522000000.0	0.863881351535
1524000000.0	-0.284318748932
1526000000.0	-0.556095793434
1528000000.0	-0.708631744792
1530000000.0	-0.18830924865
1532000000.0	0.219373858036
1534000000.0	0.275606098707
1536000000.0	0.253200604211
1538000000.0	0.35695467391
1540000000.0	0.0504602205951
1542000000.0	-0.57078872937
1544000000.0	-0.24699278908
1546000000.0	0.261786418954
1548000000.0	0.039309996215
1550000000.0	0.584101175341
1552000000.0	0.295458421243
1554000000.0	0.205809002445
1556000000.0	-0.342574471423
1558000000.0	-0.284746886842
1560000000.0	-0.219416146471
1562000000.0	0.257254645327
1564000000.0	0.241552969505
1566000000.0	0.21696469981
1568000000.0	0.151142575742
1570000000.0	-0.118083363427
1572000000.0	0.0514434393651
1574000000.0	-0.39560452234
1576000000.0	0.23997661813
1578000000.0	0.0472910616444
1580000000.0	-0.112538209939
1582000000.0	0.140707665393
1584000000.0	-0.220299461186
1586000000.0	-0.0343876373879
1588000000.0	-0.255925700434
1590000000.0	-0.0642217735672
1592000000.0	0.00847457760418
1594000000.0	0.246275347034
1596000000.0	0.262104240557
1598000000.0	-0.0828434544362
1600000000.0	0.257807647469
1602000000.0	-0.331261223911
1604000000.0	-0.259687245354
1606000000.0	-0.0962474569646
1608000000.0	0.119574638523
1610000000.0	0.328719253274
1612000000.0	-0.00975459727059
1614000000.0	-0.0796209823018
1616000000.0	-0.00402497569299
1618000000.0	-0.386542338213
1620000000.0	-0.175989202689
1622000000.0	0.0345382926703
1624000000.0	-0.268124044305
1626000000.0	0.703051016863
1628000000.0	0.336419970664
1630000000.0	-0.0415492458189
1632000000.0	-0.08251109361
1634000000.0	-0.0168650886653
1636000000.0	-0.0560116963232
1638000000.0	0.320584745359
1640000000.0	0.0298282251348
1642000000.0	0.266450255523
1644000000.0	-0.0274451311075
1646000000.0	0.134407846177
1648000000.0	-0.27290315293
1650000000.0	-0.0239950235898
1652000000.0	-0.125286558811
1654000000.0	0.148777443598
1656000000.0	0.043431853766
1658000000.0	0.13957171649
1660000000.0	-0.0389983155492
1662000000.0	0.0113897878293
1664000000.0	-0.175331770169
1666000000.0	0.20408805668
1668000000.0	-0.0300913054433
1670000000.0	0.0891330036227
1672000000.0	-0.0217306997418
1674000000.0	-0.214886725284
1676000000.0	-0.314804924611
1678000000.0	-0.278431699054
1680000000.0	-0.0813243074056
1682000000.0	-0.174765111436
1684000000.0	0.0462482956429
1686000000.0	0.00291192169568
1688000000.0	0.352045392572
1690000000.0	0.427395260224
1692000000.0	0.131081828937
1694000000.0	-0.0118872971614
1696000000.0	-0.155851902866
1698000000.0	-0.380270086717
1700000000.0	0.750151823931
1702000000.0	-0.012653340859
1704000000.0	0.110446046635
1706000000.0	0.0721849188425
1708000000.0	-0.154806007626
1710000000.0	0.116824214111
1712000000.0	0.0211470849794
1714000000.0	0.02233218287
1716000000.0	0.0798064446463
1718000000.0	0.011690882818
1720000000.0	0.133334436516
1722000000.0	-0.0555489688607
1724000000.0	-0.218407727447
1726000000.0	0.280114190475
1728000000.0	0.281273334871
1730000000.0	0.226890875935
1732000000.0	0.126308699354
1734000000.0	0.0477595896135
1736000000.0	-0.0875578070128
1738000000.0	-0.198316209524
1740000000.0	0.118166677109
1742000000.0	0.174274385838
1744000000.0	0.12759521965
1746000000.0	-0.067098833224
1748000000.0	-0.226305713411
1750000000.0	-0.695574275783
1752000000.0	-0.201093789617
1754000000.0	-0.049599364864
1756000000.0	-0.396396252753
1758000000.0	0.110583451424
1760000000.0	0.17422269324
1762000000.0	0.0719261737187
1764000000.0	0.103866699513
1766000000.0	0.149132440985
1768000000.0	-0.063522562095
1770000000.0	-0.0582743447301
1772000000.0	-0.180394275473
1774000000.0	0.120554698322
1776000000.0	-0.0175199007026
1778000000.0	0.166307730841
1780000000.0	-0.0145212161596
1782000000.0	0.129244624267
1784000000.0	-0.0566754597233
1786000000.0	-0.0965097269119
1788000000.0	0.0711159353618
1790000000.0	0.216699753411
1792000000.0	0.0918181215712
1794000000.0	0.0810693589435
1796000000.0	-0.220420604765
1798000000.0	-0.511005293863
1800000000.0	0.927782823356
1802000000.0	-0.270534117033
1804000000.0	-0.021266430134
1806000000.0	-0.0496727316496
1808000000.0	-0.0731792533195
1810000000.0	0.11675766124
1812000000.0	0.131545733186
1814000000.0	0.175436409392
1816000000.0	0.0684766070059
1818000000.0	-0.0170889014297
1820000000.0	0.039870512115
1822000000.0	0.0701594842988
1824000000.0	0.0344856984443
1826000000.0	0.0306514857198
1828000000.0	-0.0667667506957
1830000000.0	-0.221667775529
1832000000.0	-0.217883336492
1834000000.0	0.151078190465
1836000000.0	-0.00621068756246
1838000000.0	0.161603271495
1840000000.0	0.022180798138
1842000000.0	-0.205825885508
1844000000.0	-0.0452679061665
1846000000.0	-0.270230116603
1848000000.0	-0.0251965637708
1850000000.0	-0.249389399633
1852000000.0	0.189212872866
1854000000.0	-0.0296405841594
1856000000.0	-0.244878644044
1858000000.0	-0.0196698100344
1860000000.0	-0.269587977482
1862000000.0	-0.0461696215639
1864000000.0	0.345705346678
1866000000.0	0.0133892173178
1868000000.0	0.0187404209812
1870000000.0	-0.050960011416
1872000000.0	-0.178451957385
1874000000.0	-0.388464212364
1876000000.0	-0.250656757117
1878000000.0	0.0361989599456
1880000000.0	0.468651286101
1882000000.0	0.24582032698
1884000000.0	-0.0437038412056
1886000000.0	-0.173287170259
1888000000.0	-0.278791933134
1890000000.0	-0.235008445113
1892000000.0	-0.349276085102
1894000000.0	0.480712856979
1896000000.0	2.21567801234
1898000000.0	3.98326171328
1900000000.0	-11.7452885731
1902000000.0	4.68082208715
1904000000.0	2.38875559329
1906000000.0	0.44726150671
1908000000.0	-0.460118240981
1910000000.0	-0.632825004816
1912000000.0	-0.429592952071
1914000000.0	-0.0291206007991
1916000000.0	-0.105615524233
1918000000.0	0.250098569953
1920000000.0	0.34481431018
1922000000.0	0.371382051797
1924000000.0	-0.117876193054
1926000000.0	-0.109085150876
1928000000.0	-0.171556492574
1930000000.0	-0.161438738461
1932000000.0	0.241543629171
1934000000.0	0.526083055723
1936000000.0	0.103633192967
1938000000.0	-0.165692620654
1940000000.0	-0.0802799749882
1942000000.0	0.0324343969395
1944000000.0	-0.221976972819
1946000000.0	0.209044097945
1948000000.0	-0.0048508504896
1950000000.0	-0.0229716582035
1952000000.0	-0.0562048779994
1954000000.0	-0.0657989446453
1956000000.0	-0.0543075726821
1958000000.0	-0.142138797377
1960000000.0	-0.104740669177
1962000000.0	-0.0589194528326
1964000000.0	-0.000152190258195
1966000000.0	0.247370681012
1968000000.0	-0.0140129562589
1970000000.0	-0.142865686528
1972000000.0	0.183554212358
1974000000.0	-0.0137344985458
1976000000.0	-0.0334007783813
1978000000.0	0.214643591313
1980000000.0	0.207697509234
1982000000.0	-0.0879780115538
1984000000.0	-0.143458995767
1986000000.0	-0.0313192876706
1988000000.0	-0.0573888372121
1990000000.0	0.156335927323
1992000000.0	0.157434073684
1994000000.0	0.28877541526
1996000000.0	0.111550932322
1998000000.0	0.512217195799
2000000000.0	-1.35625
