0.0	-2.090625
2000000.0	0.429826276046
4000000.0	0.923145345752
6000000.0	0.0314508059347
8000000.0	0.0205165240983
10000000.0	0.116279572958
12000000.0	-0.772415414484
14000000.0	-0.945652654445
16000000.0	0.266337581818
18000000.0	2.24723835053
20000000.0	3.44576579394
22000000.0	3.22367745518
24000000.0	2.0733040156
26000000.0	0.031507713515
28000000.0	-1.98715872547
30000000.0	-3.82525306507
32000000.0	-4.23182821518
34000000.0	-2.39361742111
36000000.0	1.23208252767
38000000.0	3.19134179104
40000000.0	3.32382638506
42000000.0	2.87631825478
44000000.0	1.06193542697
46000000.0	-0.973549545882
48000000.0	-1.5436165672
50000000.0	-1.39611140188
52000000.0	-0.259427483725
54000000.0	0.698250566653
56000000.0	0.996914225913
58000000.0	0.427454349328
60000000.0	-0.744420847107
62000000.0	-1.32357298034
64000000.0	-1.04321615651
66000000.0	0.490494641039
68000000.0	1.44341578839
70000000.0	1.9806901942
72000000.0	0.960658873222
74000000.0	-0.659691990953
76000000.0	-1.91024107303
78000000.0	-1.96575885919
80000000.0	-1.13464753629
82000000.0	0.31690463398
84000000.0	1.89520558946
86000000.0	1.92031421689
88000000.0	1.07663567707
90000000.0	-0.401431563517
92000000.0	-1.60958915353
94000000.0	-1.7981869046
96000000.0	-0.969288894444
98000000.0	0.43936287408
100000000.0	0.851556553152
102000000.0	1.39385100107
104000000.0	0.556055001868
106000000.0	-0.479706185074
108000000.0	-1.01360572819
110000000.0	-0.873273230621
112000000.0	-0.315165410776
114000000.0	0.45489345567
116000000.0	0.664084893869
118000000.0	0.520714051464
120000000.0	-0.15283804046
122000000.0	-0.753851475387
124000000.0	-0.909644610064
126000000.0	0.00943580429426
128000000.0	0.487750914859
130000000.0	0.884630974544
132000000.0	0.706005225271
134000000.0	-0.314581529673
136000000.0	-0.814003905233
138000000.0	-0.873404799052
140000000.0	-0.659295930789
142000000.0	0.490954958588
144000000.0	0.967649977386
146000000.0	0.945158631178
148000000.0	0.418410350981
150000000.0	-0.540046180518
152000000.0	-1.12683667382
154000000.0	-0.91698078224
156000000.0	-0.372622792061
158000000.0	0.657593497324
160000000.0	1.23076836129
162000000.0	1.09640483007
164000000.0	0.15044705629
166000000.0	-0.881153816038
168000000.0	-1.27164234297
170000000.0	-1.14792626887
172000000.0	-0.115833458287
174000000.0	0.895768405362
176000000.0	1.2205369078
178000000.0	0.870175855283
180000000.0	-0.146778426879
182000000.0	-0.898375441621
184000000.0	-1.11921660849
186000000.0	-0.573640896148
188000000.0	0.295090888654
190000000.0	1.00654668138
192000000.0	0.938545738252
194000000.0	0.189158171354
196000000.0	-0.556436004898
198000000.0	-1.11364755917
200000000.0	-0.699580481632
202000000.0	0.0259585025078
204000000.0	1.07805855872
206000000.0	1.33091804466
208000000.0	0.75613317146
210000000.0	-0.379475634019
212000000.0	-1.4547019832
214000000.0	-1.54240003825
216000000.0	-0.551631532301
218000000.0	0.758601634211
220000000.0	1.59702597386
222000000.0	1.52778105132
224000000.0	0.471430433048
226000000.0	-0.7181700295
228000000.0	-1.61456421775
230000000.0	-1.62814640122
232000000.0	-0.36958731074
234000000.0	1.05028018949
236000000.0	1.93221189345
238000000.0	1.39202500762
240000000.0	-0.0505815760507
242000000.0	-1.70791324084
244000000.0	-1.96271310159
246000000.0	-0.946826731624
248000000.0	0.726922306463
250000000.0	1.41557871774
252000000.0	1.60273846745
254000000.0	0.405505168556
256000000.0	-1.10780534342
258000000.0	-2.07111344597
260000000.0	-1.83991383559
262000000.0	-0.3701956468
264000000.0	1.88769420696
266000000.0	3.18563318188
268000000.0	2.27784060552
270000000.0	-0.944936055738
272000000.0	-4.31715064269
274000000.0	-4.6123330753
276000000.0	-1.41682257603
278000000.0	3.61866757934
280000000.0	6.32952462499
282000000.0	5.08678463681
284000000.0	0.429273968021
286000000.0	-5.1890516044
288000000.0	-9.51031366221
290000000.0	-10.4246436962
292000000.0	-4.34419005451
294000000.0	12.9677215697
296000000.0	39.7464429496
298000000.0	67.3871882317
300000000.0	-198.133897801
302000000.0	65.4975463192
304000000.0	39.5913554322
306000000.0	13.3417347119
308000000.0	-3.70588313599
310000000.0	-9.8467871183
312000000.0	-9.31567301321
314000000.0	-5.52877212079
316000000.0	-0.228890911605
318000000.0	4.43816924369
320000000.0	6.21577721042
322000000.0	3.98621993249
324000000.0	-0.491201489412
326000000.0	-4.03252770321
328000000.0	-4.10259184406
330000000.0	-1.43816556031
332000000.0	1.32325141873
334000000.0	2.59448980934
336000000.0	1.6776484785
338000000.0	0.0635247362326
340000000.0	-1.03556368411
342000000.0	-1.32157995485
344000000.0	-0.759761847976
346000000.0	0.00452541916809
348000000.0	0.85327577269
350000000.0	1.12082679306
352000000.0	0.470272099012
354000000.0	-0.629634101009
356000000.0	-1.37918258349
358000000.0	-0.988900379011
360000000.0	0.245341415815
362000000.0	1.32585029835
364000000.0	1.26212390054
366000000.0	0.542284253873
368000000.0	-0.609993087284
370000000.0	-1.3166162293
372000000.0	-1.21979269647
374000000.0	-0.632944512204
376000000.0	0.859230100113
378000000.0	1.26465937335
380000000.0	1.30588459486
382000000.0	0.510939648285
384000000.0	-0.313049109766
386000000.0	-1.35656070864
388000000.0	-1.36135220035
390000000.0	-0.47745422318
392000000.0	0.55725808352
394000000.0	1.19292296624
396000000.0	1.24515717732
398000000.0	0.522476692068
400000000.0	-0.615898929514
402000000.0	-1.03505476697
404000000.0	-0.869664942373
406000000.0	-0.345215734815
408000000.0	0.320838724585
410000000.0	0.796216490432
412000000.0	0.753173599128
414000000.0	0.298493332426
416000000.0	-0.33073113487
418000000.0	-0.725856267276
420000000.0	-0.432193085281
422000000.0	-0.231696661747
424000000.0	0.24537028141
426000000.0	0.388654009676
428000000.0	0.294476503256
430000000.0	0.103109520862
432000000.0	-0.0577540655052
434000000.0	-0.166491008709
436000000.0	-0.103964468546
438000000.0	0.0555887636554
440000000.0	0.147686037073
442000000.0	0.126810874885
444000000.0	-0.190070884254
446000000.0	-0.262449210606
448000000.0	-0.224267202406
450000000.0	0.0835626777117
452000000.0	0.368052082244
454000000.0	0.371617880359
456000000.0	0.161299920327
458000000.0	-0.171475379213
460000000.0	-0.452713398328
462000000.0	-0.600824887899
464000000.0	-0.140006004683
466000000.0	0.182034455901
468000000.0	0.51383096167
470000000.0	0.679600346648
472000000.0	0.249302715341
474000000.0	-0.287326906596
476000000.0	-0.52497459317
478000000.0	-0.505220757366
480000000.0	-0.315465022317
482000000.0	0.0800128369619
484000000.0	0.65514798492
486000000.0	0.510518337533
488000000.0	0.360462415623
490000000.0	-0.00144050975766
492000000.0	-0.380990261981
494000000.0	-0.570090822341
496000000.0	-0.377288964206
498000000.0	0.0287939976979
500000000.0	0.892789273826
502000000.0	0.458451176682
504000000.0	0.179572457619
506000000.0	-0.105442461497
508000000.0	-0.208763995118
510000000.0	-0.215260025559
512000000.0	-0.166595359068
514000000.0	-0.0687350223644
516000000.0	0.126834514072
518000000.0	0.160015305573
520000000.0	-0.026870406171
522000000.0	-0.117901441292
524000000.0	0.0216494745841
526000000.0	0.00868036296461
528000000.0	0.0280965685442
530000000.0	-0.0185131316236
532000000.0	0.0307574863992
534000000.0	-0.180184167544
536000000.0	-0.199840006353
538000000.0	-0.138031998652
540000000.0	0.0736932453862
542000000.0	0.0691691010224
544000000.0	0.217864814633
546000000.0	0.0647380235112
548000000.0	-0.000227203804659
550000000.0	-0.224604328593
552000000.0	-0.409010225355
554000000.0	-0.115087494109
556000000.0	0.0476924264907
558000000.0	0.340079331378
560000000.0	0.310406009121
562000000.0	0.211461454721
564000000.0	-0.106217931073
566000000.0	-0.276206412607
568000000.0	-0.357384894061
570000000.0	-0.339162280681
572000000.0	0.138270224213
574000000.0	0.339856774742
576000000.0	0.349776155291
578000000.0	0.359966182112
580000000.0	-0.0541176529149
582000000.0	-0.194514543262
584000000.0	-0.378051692933
586000000.0	-0.175115472928
588000000.0	-0.032001536937
590000000.0	0.104621750298
592000000.0	0.331546228993
594000000.0	0.23918486984
596000000.0	-0.102925804543
598000000.0	-0.477964736372
600000000.0	0.564471265954
602000000.0	-0.512245421725
604000000.0	-0.153785164765
606000000.0	-0.00595773088085
608000000.0	0.143665172789
610000000.0	0.0948468078135
612000000.0	0.0300307052619
614000000.0	-0.00615416713555
616000000.0	0.0411478556238
618000000.0	0.0733961815378
620000000.0	-0.0583826110527
622000000.0	0.0398660286679
624000000.0	-0.00576216231093
626000000.0	-0.206178665546
628000000.0	-0.0126821985144
630000000.0	-0.177375413483
632000000.0	0.12503106449
634000000.0	0.255633234379
636000000.0	0.15475096095
638000000.0	-0.0251897877533
640000000.0	-0.222527851224
642000000.0	-0.378629630017
644000000.0	-0.207404642437
646000000.0	0.0773420290299
648000000.0	0.197754585035
650000000.0	0.351188321988
652000000.0	0.232205299455
654000000.0	-0.0550240929524
656000000.0	-0.202986754153
658000000.0	-0.284546910682
660000000.0	-0.192118639915
662000000.0	-0.00146723687551
664000000.0	0.231576271076
666000000.0	0.244416691993
668000000.0	0.27287094917
670000000.0	0.104471307986
672000000.0	-0.084107923082
674000000.0	-0.179893179155
676000000.0	-0.45259222405
678000000.0	-0.127264147072
680000000.0	0.122064556498
682000000.0	0.222213052463
684000000.0	0.0971219868862
686000000.0	0.190151877129
688000000.0	-0.163196002346
690000000.0	-0.191291150129
692000000.0	-0.208370635914
694000000.0	-0.0673875474101
696000000.0	0.109982135083
698000000.0	0.0415613526949
700000000.0	-0.256850449598
702000000.0	-0.0220684729226
704000000.0	0.0595947203837
706000000.0	0.152078074353
708000000.0	0.147611458533
710000000.0	-0.00809508152708
712000000.0	0.158603042179
714000000.0	-0.0925690381177
716000000.0	-0.153546813837
718000000.0	-0.262200628076
720000000.0	0.0352336838584
722000000.0	0.219158027834
724000000.0	0.261434523689
726000000.0	0.340048288797
728000000.0	0.0125208335061
730000000.0	0.0201733569545
732000000.0	-0.277964927
734000000.0	-0.0893097793467
736000000.0	-0.0580002784657
738000000.0	0.0616556886885
740000000.0	0.240200492497
742000000.0	0.173461816377
744000000.0	0.00281230950394
746000000.0	-0.0854327988839
748000000.0	-0.427339860659
750000000.0	-0.0476967201258
752000000.0	-0.258930340906
754000000.0	-0.00581466621229
756000000.0	0.305065136757
758000000.0	0.364997750025
760000000.0	0.0622046018171
762000000.0	-0.103582724857
764000000.0	-0.183051753833
766000000.0	-0.134605380583
768000000.0	0.0830419906126
770000000.0	0.109463492637
772000000.0	0.0841032037044
774000000.0	0.0653970048343
776000000.0	0.0942356589416
778000000.0	-0.0462404776803
780000000.0	-0.183609141124
782000000.0	0.0270632472698
784000000.0	0.117617529254
786000000.0	-0.0390400485773
788000000.0	0.00349184284668
790000000.0	-0.0948283024706
792000000.0	-0.12502125505
794000000.0	-0.0345157783701
796000000.0	0.152313967843
798000000.0	0.207705478067
800000000.0	-0.101570351561
802000000.0	0.189954479194
804000000.0	-0.01020288584
806000000.0	-0.236703448811
808000000.0	-0.408869897918
810000000.0	-0.16348097083
812000000.0	0.142862556866
814000000.0	0.286415620565
816000000.0	0.257547873111
818000000.0	-0.00565933182539
820000000.0	-0.210397218766
822000000.0	-0.555733939357
824000000.0	-0.38176523232
826000000.0	-0.17729123919
828000000.0	0.337141804166
830000000.0	0.48260206211
832000000.0	0.314740269713
834000000.0	0.00619284639591
836000000.0	-0.381977108291
838000000.0	-0.497813314402
840000000.0	-0.429175824013
842000000.0	-0.0172588465592
844000000.0	0.227183593339
846000000.0	0.378829204056
848000000.0	0.437802669883
850000000.0	0.01579109105
852000000.0	-0.323694364307
854000000.0	-0.428041481599
856000000.0	-0.406447545481
858000000.0	0.0544612618944
860000000.0	0.531303023912
862000000.0	0.445691937464
864000000.0	0.205868684223
866000000.0	-0.419250039116
868000000.0	-0.366185564115
870000000.0	-0.271715526956
872000000.0	0.44437319957
874000000.0	0.515741945547
876000000.0	0.413757108113
878000000.0	-0.255893301318
880000000.0	-0.511798355869
882000000.0	-0.611225899987
884000000.0	-0.53764778047
886000000.0	-0.0112464170539
888000000.0	1.24254865716
890000000.0	2.58907716451
892000000.0	2.01905629136
894000000.0	-1.7952257926
896000000.0	-8.28948688167
898000000.0	-14.3288706743
900000000.0	37.7587129399
902000000.0	-11.3910865864
904000000.0	-6.83232733416
906000000.0	-2.84359886628
908000000.0	-0.242199923474
910000000.0	1.34746397842
912000000.0	2.05797007586
914000000.0	1.91079725491
916000000.0	0.655820639478
918000000.0	-1.09502509821
920000000.0	-1.83845129659
922000000.0	-1.27234108866
924000000.0	0.00189811215543
926000000.0	1.17434010605
928000000.0	1.06190754658
930000000.0	0.511141333756
932000000.0	-0.232922586492
934000000.0	-0.494123526673
936000000.0	-0.691071679042
938000000.0	-0.535397851405
940000000.0	0.173829418168
942000000.0	0.415995206145
944000000.0	0.625910505742
946000000.0	0.317673351721
948000000.0	-0.0571583536281
950000000.0	-0.436782397704
952000000.0	-0.49226865467
954000000.0	-0.15283028846
956000000.0	0.190777130936
958000000.0	0.364543543368
960000000.0	0.26103190248
962000000.0	0.0190995347365
964000000.0	-0.207705383592
966000000.0	-0.195560453087
968000000.0	-0.154703884024
970000000.0	0.165577645467
972000000.0	0.123210960749
974000000.0	0.289916597188
976000000.0	0.0986899449871
978000000.0	-0.250657389902
980000000.0	-0.187132969222
982000000.0	-0.170827683016
984000000.0	0.0224990896152
986000000.0	0.108889927183
988000000.0	0.204920383885
990000000.0	0.114884593641
992000000.0	-0.0693016869489
994000000.0	-0.174799914449
996000000.0	-0.238818636471
998000000.0	0.0164444272463
1000000000.0	-0.534375
1002000000.0	0.24999742333
1004000000.0	0.297392190775
1006000000.0	0.0188328928078
1008000000.0	-0.0724832225142
1010000000.0	-0.303784501199
1012000000.0	-0.292983721253
1014000000.0	-0.0993069831981
1016000000.0	0.0155499939419
1018000000.0	0.274654188973
1020000000.0	0.195323163129
1022000000.0	0.0735410637836
1024000000.0	-0.170857186434
1026000000.0	-0.277454001711
1028000000.0	-0.288385358361
1030000000.0	0.019368017116
1032000000.0	0.114710924188
1034000000.0	0.0487604049355
1036000000.0	0.220018946025
1038000000.0	0.0644503324205
1040000000.0	-0.103988565412
1042000000.0	-0.0932630544976
1044000000.0	-0.258724224801
1046000000.0	-0.0678827284191
1048000000.0	0.055737669822
1050000000.0	0.269551225192
1052000000.0	0.0447622887582
1054000000.0	-0.0906760068526
1056000000.0	-0.0662487498042
1058000000.0	-0.035146624472
1060000000.0	-4.29700430883e-05
1062000000.0	0.0931859997944
1064000000.0	0.128321509192
1066000000.0	0.092112313112
1068000000.0	-0.0188297722885
1070000000.0	-0.13854008029
1072000000.0	-0.075811100915
1074000000.0	-0.0998896504443
1076000000.0	0.172901675147
1078000000.0	0.1177809606
1080000000.0	0.149980299981
1082000000.0	-0.051326500673
1084000000.0	-0.103832439982
1086000000.0	0.0131165159525
1088000000.0	0.0241388455858
1090000000.0	0.0415997222752
1092000000.0	0.0880948105681
1094000000.0	0.189790912266
1096000000.0	0.00621918006467
1098000000.0	-0.0017161858811
1100000000.0	-0.285747851486
1102000000.0	-0.167492693865
1104000000.0	-0.16767521234
1106000000.0	0.258737728942
1108000000.0	0.165100352968
1110000000.0	-0.153634825035
1112000000.0	-0.0023124168905
1114000000.0	-0.0663783497442
1116000000.0	-0.0246684107746
1118000000.0	-0.119687742707
1120000000.0	0.0326373053473
1122000000.0	0.0591406566224
1124000000.0	0.208239679792
1126000000.0	0.0285731540959
1128000000.0	-0.0609742595725
1130000000.0	-0.141045364936
1132000000.0	-0.202870529658
1134000000.0	-0.085319525803
1136000000.0	-0.110250809156
1138000000.0	0.0910964416808
1140000000.0	-0.0222234590459
1142000000.0	0.133346457963
1144000000.0	-0.103545877115
1146000000.0	-0.0188346279793
1148000000.0	-0.00402606033399
1150000000.0	-0.274154357258
1152000000.0	0.135259401099
1154000000.0	0.0508355386215
1156000000.0	0.0221763516122
1158000000.0	0.0371282049717
1160000000.0	-0.00948249389243
1162000000.0	-0.00372621515614
1164000000.0	-0.0214371240115
1166000000.0	-0.0134164627042
1168000000.0	0.0890642646891
1170000000.0	0.0569408241711
1172000000.0	-0.107989888652
1174000000.0	-0.0658508644822
1176000000.0	-0.233261855767
1178000000.0	-0.107823234652
1180000000.0	0.155245719302
1182000000.0	0.0722730836458
1184000000.0	0.0957875402942
1186000000.0	0.0315684279312
1188000000.0	0.00102863329242
1190000000.0	-0.154144528402
1192000000.0	-0.203412024056
1194000000.0	-0.0631686051906
1196000000.0	0.199057995735
1198000000.0	0.428676709934
1200000000.0	-0.891913570486
1202000000.0	0.327600773858
1204000000.0	0.203782593875
1206000000.0	0.0326526268212
1208000000.0	-0.159562685477
1210000000.0	-0.135117387741
1212000000.0	-0.0914942896207
1214000000.0	0.101412477782
1216000000.0	-0.0208678343526
1218000000.0	0.122393941788
1220000000.0	0.0394034537566
1222000000.0	0.0459076537125
1224000000.0	-0.189971629334
1226000000.0	-0.0939271674268
1228000000.0	0.0317121856051
1230000000.0	0.00489796397879
1232000000.0	0.0525173268004
1234000000.0	-0.0136483712323
1236000000.0	-0.0534563307424
1238000000.0	-0.0340077895027
1240000000.0	-0.0606092272029
1242000000.0	-0.0822327785487
1244000000.0	0.0651729536191
1246000000.0	0.0218658564587
1248000000.0	0.0572819708184
1250000000.0	-0.0963357917355
1252000000.0	-0.166143062048
1254000000.0	-0.0663373956238
1256000000.0	0.0964409269692
1258000000.0	0.048570087849
1260000000.0	-0.0416074676677
1262000000.0	0.00526219325545
1264000000.0	-0.0732267088627
1266000000.0	-0.0679244488308
1268000000.0	-0.119544178613
1270000000.0	0.0128699185904
1272000000.0	-0.0183208150981
1274000000.0	0.102016112169
1276000000.0	0.0799502716961
1278000000.0	-0.068547598487
1280000000.0	-0.180812022628
1282000000.0	-0.0939675189351
1284000000.0	0.000713211664611
1286000000.0	0.0310301166169
1288000000.0	0.0882357460258
1290000000.0	0.199464481405
1292000000.0	0.0682153408699
1294000000.0	-0.00426675634282
1296000000.0	-0.327350694067
1298000000.0	-0.484886400252
1300000000.0	1.52472398651
1302000000.0	-0.562482678636
1304000000.0	-0.1190883187
1306000000.0	-0.106185559149
1308000000.0	0.0584858458286
1310000000.0	0.187750596424
1312000000.0	0.072493060521
1314000000.0	-0.0661184818053
1316000000.0	-0.0715387384432
1318000000.0	-0.0883184801752
1320000000.0	-0.0449251110965
1322000000.0	-0.123844188458
1324000000.0	0.0248016828628
1326000000.0	0.0484453784986
1328000000.0	0.0630826834703
1330000000.0	-0.103579628141
1332000000.0	-0.0430659622568
1334000000.0	0.0179202749365
1336000000.0	-0.0439802818584
1338000000.0	-0.00450685151127
1340000000.0	-0.0786892241226
1342000000.0	-0.0710868490504
1344000000.0	0.0857524163018
1346000000.0	0.0574982069823
1348000000.0	0.0560818423083
1350000000.0	0.114507147595
1352000000.0	0.0473866324279
1354000000.0	0.00572290411669
1356000000.0	-0.0499326977327
1358000000.0	-0.232643761681
1360000000.0	-0.0154936789336
1362000000.0	0.09350538521
1364000000.0	0.0745196966132
1366000000.0	0.0107663661134
1368000000.0	-0.122006286075
1370000000.0	-0.15160347165
1372000000.0	-0.125332878706
1374000000.0	-0.163987115745
1376000000.0	-0.071977176997
1378000000.0	0.0827510352545
1380000000.0	0.246855552433
1382000000.0	0.107392686882
1384000000.0	0.105711200188
1386000000.0	0.00516019620977
1388000000.0	-0.00908937937468
1390000000.0	-0.117716382299
1392000000.0	-0.0065165778038
1394000000.0	0.0238378475037
1396000000.0	0.0738573965749
1398000000.0	0.125018450705
1400000000.0	-0.00258564447016
1402000000.0	0.0190659015315
1404000000.0	-0.0980736532338
1406000000.0	-0.0561754151177
1408000000.0	-0.0291126246072
1410000000.0	-0.206742039312
1412000000.0	-0.123481164915
1414000000.0	-0.101317341101
1416000000.0	-0.107508856117
1418000000.0	-0.0539807245758
1420000000.0	-0.0784395895135
1422000000.0	0.191171231177
1424000000.0	0.155160308127
1426000000.0	0.0455636845504
1428000000.0	-0.0759324501931
1430000000.0	-0.139447554742
1432000000.0	-0.0153420039134
1434000000.0	-0.0129594482653
1436000000.0	0.12829715491
1438000000.0	0.150491554689
1440000000.0	0.150096449794
1442000000.0	0.00679335660566
1444000000.0	0.00570040253295
1446000000.0	-0.18291437608
1448000000.0	-0.189594234017
1450000000.0	-0.29094607963
1452000000.0	0.0203422927222
1454000000.0	0.34579550418
1456000000.0	0.398231332729
1458000000.0	-0.00495524803721
1460000000.0	-0.255166434198
1462000000.0	-0.269916750606
1464000000.0	-0.380046826933
1466000000.0	-0.136152060653
1468000000.0	0.066509168996
1470000000.0	0.172056074731
1472000000.0	0.198909341075
1474000000.0	0.0956864301446
1476000000.0	0.00863866786817
1478000000.0	-0.170815282005
1480000000.0	-0.327295947935
1482000000.0	-0.18794809902
1484000000.0	0.359355988212
1486000000.0	0.538844363044
1488000000.0	0.0805951381325
1490000000.0	-0.458131140821
1492000000.0	-0.806057727448
1494000000.0	-0.222258510658
1496000000.0	1.20146939646
1498000000.0	2.0329887616
1500000000.0	-3.51778927383
1502000000.0	0.550215738811
1504000000.0	0.323600631862
1506000000.0	0.611376457082
1508000000.0	0.664395113709
1510000000.0	0.255312257882
1512000000.0	-0.589098937571
1514000000.0	-0.806691281218
1516000000.0	-0.507919222619
1518000000.0	0.118643432325
1520000000.0	0.461055650251
1522000000.0	0.413069135569
1524000000.0	0.26139651145
1526000000.0	-0.270199589473
1528000000.0	-0.399491370554
1530000000.0	-0.28194014844
1532000000.0	-0.131406629925
1534000000.0	-0.0815984801472
1536000000.0	0.15882061722
1538000000.0	0.332344115471
1540000000.0	0.258640441851
1542000000.0	-0.0529631083811
1544000000.0	-0.263110387638
1546000000.0	-0.242091421724
1548000000.0	-0.170310789273
1550000000.0	0.0733796860603
1552000000.0	0.272619449655
1554000000.0	0.175292332025
1556000000.0	0.10316988248
1558000000.0	0.0132169914358
1560000000.0	-0.185500057794
1562000000.0	-0.106377559578
1564000000.0	0.00786186613432
1566000000.0	0.0749706217805
1568000000.0	0.0876726214022
1570000000.0	0.125600665629
1572000000.0	0.0407825015588
1574000000.0	-0.0241931570788
1576000000.0	-0.185458843644
1578000000.0	0.0768697505435
1580000000.0	0.100587436643
1582000000.0	0.224962766216
1584000000.0	-0.0398080855704
1586000000.0	-0.0287774268061
1588000000.0	-0.148731612177
1590000000.0	-0.0705321702234
1592000000.0	-0.106915502756
1594000000.0	0.0584303285128
1596000000.0	0.132231981724
1598000000.0	-0.000302722075405
1600000000.0	0.209382851561
1602000000.0	-0.125291295316
1604000000.0	-0.169138515919
1606000000.0	-0.115498128289
1608000000.0	-0.159891089528
1610000000.0	-0.0696919065843
1612000000.0	0.196553297965
1614000000.0	0.118543556398
1616000000.0	-0.046548753951
1618000000.0	-0.167942729602
1620000000.0	-0.124328269239
1622000000.0	-0.148936335047
1624000000.0	-0.0851237085318
1626000000.0	0.185186245624
1628000000.0	0.245601391794
1630000000.0	0.0529353351355
1632000000.0	0.189464868995
1634000000.0	-0.034514110275
1636000000.0	-0.0622575742032
1638000000.0	0.0428325734744
1640000000.0	0.0112544397079
1642000000.0	0.0240441710069
1644000000.0	0.0509038912095
1646000000.0	0.00863890410664
1648000000.0	0.0904150407286
1650000000.0	-0.0171552371999
1652000000.0	0.0413298502411
1654000000.0	0.00887309296184
1656000000.0	0.159660463387
1658000000.0	0.111979457662
1660000000.0	0.0296996888153
1662000000.0	0.057092873494
1664000000.0	0.0795665481534
1666000000.0	-0.171593958308
1668000000.0	0.155938544132
1670000000.0	-0.092325514143
1672000000.0	0.0281383814545
1674000000.0	0.00148117243883
1676000000.0	-0.11082110851
1678000000.0	-0.187529832936
1680000000.0	-0.0389579038431
1682000000.0	0.0463716917976
1684000000.0	0.0777989083877
1686000000.0	0.114479276658
1688000000.0	-0.0508527161232
1690000000.0	0.0341207941316
1692000000.0	0.00106204194953
1694000000.0	-0.0432160594109
1696000000.0	-0.0791627955672
1698000000.0	0.0642599685293
1700000000.0	-0.0878919387982
1702000000.0	0.130157427881
1704000000.0	-0.0160652658358
1706000000.0	0.04971268394
1708000000.0	0.0589476365718
1710000000.0	-0.000805678251769
1712000000.0	-0.0849138171552
1714000000.0	-0.00127444272632
1716000000.0	-0.0884856544554
1718000000.0	-0.0422968986984
1720000000.0	-0.0341117621938
1722000000.0	-0.00220778648107
1724000000.0	0.0804765431591
1726000000.0	-0.0515862102054
1728000000.0	-0.0397661348336
1730000000.0	0.100574810606
1732000000.0	-0.0718547555888
1734000000.0	0.0592381034535
1736000000.0	0.14415510385
1738000000.0	-0.0551915973139
1740000000.0	-0.0674599332019
1742000000.0	0.0141921627108
1744000000.0	-0.0483825572376
1746000000.0	-0.0352134051194
1748000000.0	-0.152372722047
1750000000.0	-0.384046205879
1752000000.0	-0.0471581973517
1754000000.0	-0.0807223506815
1756000000.0	-0.102235426112
1758000000.0	0.0341033925897
1760000000.0	-0.0185004019846
1762000000.0	-0.00320803546317
1764000000.0	0.096533591501
1766000000.0	0.0927532682309
1768000000.0	0.0385870379181
1770000000.0	-0.102165240004
1772000000.0	-0.133476177604
1774000000.0	-0.0556839449358
1776000000.0	0.048144660562
1778000000.0	-0.0200537379503
1780000000.0	0.0181913334497
1782000000.0	0.0460709095455
1784000000.0	-0.011203470581
1786000000.0	-0.00635243661342
1788000000.0	-0.0932737246575
1790000000.0	-0.0145560545195
1792000000.0	0.0992215904879
1794000000.0	0.06040295862
1796000000.0	-0.197843421652
1798000000.0	-0.239765145157
1800000000.0	0.562694860148
1802000000.0	-0.163558703973
1804000000.0	-0.157481292372
1806000000.0	-0.00446598812827
1808000000.0	-0.0885514424597
1810000000.0	0.0718381330162
1812000000.0	0.0165950201056
1814000000.0	0.000692191875176
1816000000.0	0.184409752478
1818000000.0	-0.0055551700832
1820000000.0	0.105136188594
1822000000.0	-0.00310797725759
1824000000.0	0.102820736979
1826000000.0	-0.0336089967277
1828000000.0	-0.131568902798
1830000000.0	0.064438411203
1832000000.0	-0.0837130702531
1834000000.0	0.0192289692631
1836000000.0	-0.0603569467433
1838000000.0	0.126459263252
1840000000.0	0.0331472731698
1842000000.0	-0.0681761242416
1844000000.0	-0.103874509189
1846000000.0	-0.0870629428581
1848000000.0	-0.121996858279
1850000000.0	-0.0679439165101
1852000000.0	0.059440502157
1854000000.0	0.12874783615
1856000000.0	-0.0347006788931
1858000000.0	-0.00599920958841
1860000000.0	0.0201512941446
1862000000.0	-0.11385080255
1864000000.0	-0.0565926824746
1866000000.0	-0.00897033231551
1868000000.0	-0.0916262746622
1870000000.0	0.0133340562766
1872000000.0	-0.0216495086686
1874000000.0	0.0163130901944
1876000000.0	-0.0355031795934
1878000000.0	0.0622974131535
1880000000.0	0.0478468584263
1882000000.0	0.0219339343492
1884000000.0	0.126431697385
1886000000.0	0.231135072729
1888000000.0	0.07483871262
1890000000.0	-0.0707232022166
1892000000.0	-0.260153031126
1894000000.0	0.110141313553
1896000000.0	0.378927926241
1898000000.0	1.00097830143
1900000000.0	-2.30810543871
1902000000.0	0.76916867688
1904000000.0	0.251065021487
1906000000.0	0.169203993851
1908000000.0	0.070318702262
1910000000.0	-0.0301967945634
1912000000.0	-0.110445191686
1914000000.0	-0.127209914814
1916000000.0	-0.155173810989
1918000000.0	0.0618094010707
1920000000.0	0.190744068828
1922000000.0	0.134950155425
1924000000.0	0.116190136459
1926000000.0	-0.0589202022167
1928000000.0	-0.0705155542795
1930000000.0	-0.00122103012988
1932000000.0	0.0516179413159
1934000000.0	0.112946279178
1936000000.0	0.0363803664245
1938000000.0	-0.0637212633109
1940000000.0	0.0140495185599
1942000000.0	0.039925702268
1944000000.0	-0.142681087218
1946000000.0	0.0264154713584
1948000000.0	-0.0218110103127
1950000000.0	0.0814369566359
1952000000.0	-0.00226407265779
1954000000.0	0.0665967702097
1956000000.0	0.172226834279
1958000000.0	-0.00581875256483
1960000000.0	-0.0335940520206
1962000000.0	0.0216634795931
1964000000.0	0.00279516787551
1966000000.0	-0.0864211992172
1968000000.0	-0.0749125456078
1970000000.0	0.0364987211842
1972000000.0	-0.0254198965392
1974000000.0	0.0287757970656
1976000000.0	-0.0661841413383
1978000000.0	-0.102962347851
1980000000.0	0.00110845480108
1982000000.0	-0.039511194351
1984000000.0	0.0494241593754
1986000000.0	-0.00076994882187
1988000000.0	-0.0598180871608
1990000000.0	0.0244180246199
1992000000.0	0.0466588010114
1994000000.0	0.0815657639721
1996000000.0	0.0293482372146
1998000000.0	-0.0403033075318
2000000000.0	-0.265625
