0.0	-9.1125
2000000.0	1.28202517255
4000000.0	1.88503711526
6000000.0	0.620167012246
8000000.0	0.0201640013052
10000000.0	0.0389045044483
12000000.0	-0.988397194668
14000000.0	-1.29814831874
16000000.0	0.138412139224
18000000.0	3.275706154
20000000.0	5.258939076
22000000.0	4.32729584371
24000000.0	2.04257349764
26000000.0	-0.228746047508
28000000.0	-2.45509779093
30000000.0	-4.38340057299
32000000.0	-5.05638353229
34000000.0	-2.24663191397
36000000.0	2.79145200395
38000000.0	4.39610720303
40000000.0	4.07817974825
42000000.0	2.994362383
44000000.0	0.692702810163
46000000.0	-1.54020349728
48000000.0	-2.72646505151
50000000.0	-2.03616178021
52000000.0	-0.701631752487
54000000.0	0.833990931028
56000000.0	1.68723279316
58000000.0	1.33918112637
60000000.0	-0.569596455438
62000000.0	-1.67166088267
64000000.0	-2.03834883759
66000000.0	-0.590932775306
68000000.0	0.986476272286
70000000.0	1.76915357885
72000000.0	1.34678977571
74000000.0	0.0119547620791
76000000.0	-1.34791680556
78000000.0	-2.01916809568
80000000.0	-1.77045768061
82000000.0	-0.467552563563
84000000.0	1.14636654671
86000000.0	1.73250968594
88000000.0	0.998147495488
90000000.0	-0.566634681317
92000000.0	-1.14272028523
94000000.0	-1.56631549018
96000000.0	-0.817520161219
98000000.0	0.407819505926
100000000.0	1.45201497829
102000000.0	1.50587975638
104000000.0	0.103265760297
106000000.0	-1.28335551273
108000000.0	-2.2471316709
110000000.0	-1.51073674476
112000000.0	-0.0855155544512
114000000.0	1.13969647973
116000000.0	1.59610143757
118000000.0	1.56762306423
120000000.0	0.093507601762
122000000.0	-1.2913317433
124000000.0	-1.83060222011
126000000.0	-0.794468607774
128000000.0	0.159639479194
130000000.0	1.26407732807
132000000.0	1.18687925096
134000000.0	0.538886127743
136000000.0	-0.380060278978
138000000.0	-0.915930786157
140000000.0	-1.07940177061
142000000.0	0.15170103954
144000000.0	0.748438506162
146000000.0	1.18918837081
148000000.0	0.658200356197
150000000.0	-0.432655835047
152000000.0	-1.49601704461
154000000.0	-1.73403532522
156000000.0	-0.569295434998
158000000.0	0.724929790032
160000000.0	1.7590499923
162000000.0	1.91912206331
164000000.0	0.681429374495
166000000.0	-1.0975083532
168000000.0	-1.65263827954
170000000.0	-1.75222646146
172000000.0	-0.806855663546
174000000.0	0.900065596046
176000000.0	1.4495937157
178000000.0	1.09075356263
180000000.0	0.313022768437
182000000.0	-0.616167376185
184000000.0	-1.37564718768
186000000.0	-1.30208239767
188000000.0	0.189905247417
190000000.0	0.949629028166
192000000.0	1.10601932267
194000000.0	0.483987366356
196000000.0	-0.774214824796
198000000.0	-1.63335590713
200000000.0	-0.972549162507
202000000.0	0.0484124016761
204000000.0	1.12107120474
206000000.0	1.57346189737
208000000.0	0.986951217526
210000000.0	-0.352705430987
212000000.0	-1.72735489834
214000000.0	-2.04943555121
216000000.0	-0.9142218359
218000000.0	0.839637533048
220000000.0	2.14360321132
222000000.0	2.02367857871
224000000.0	0.715668276909
226000000.0	-1.1520727975
228000000.0	-2.08400036425
230000000.0	-2.11853290436
232000000.0	-0.865746554632
234000000.0	1.69297490579
236000000.0	2.51909674204
238000000.0	2.26091987069
240000000.0	0.0829344588456
242000000.0	-1.95588703074
244000000.0	-2.98694115291
246000000.0	-1.84690043261
248000000.0	0.365723058347
250000000.0	1.21334284341
252000000.0	2.47022828884
254000000.0	1.4496624321
256000000.0	-0.728570228872
258000000.0	-2.64836644646
260000000.0	-2.88006205596
262000000.0	-1.25944935045
264000000.0	1.66620133008
266000000.0	3.80256686671
268000000.0	3.73337891393
270000000.0	-0.107787985771
272000000.0	-4.54446844543
274000000.0	-5.85351637774
276000000.0	-2.34657565464
278000000.0	3.43593895322
280000000.0	6.23106733698
282000000.0	5.55054875531
284000000.0	1.91550552259
286000000.0	-3.20644498062
288000000.0	-9.52097855134
290000000.0	-14.3330132692
292000000.0	-9.61473222322
294000000.0	12.8619547897
296000000.0	51.6304545317
298000000.0	91.2452286496
300000000.0	-249.926053069
302000000.0	81.7388440931
304000000.0	46.9947474574
306000000.0	15.3424849108
308000000.0	-2.65750738823
310000000.0	-10.0988373291
312000000.0	-11.6135365637
314000000.0	-8.93298630508
316000000.0	-1.98568024068
318000000.0	5.69196837751
320000000.0	9.4443280937
322000000.0	6.39207688649
324000000.0	-0.96768729661
326000000.0	-6.16154772957
328000000.0	-6.03144385045
330000000.0	-2.19624466186
332000000.0	1.85070086039
334000000.0	3.6441818313
336000000.0	2.91893199857
338000000.0	0.905842359563
340000000.0	-1.26740067846
342000000.0	-2.37738736044
344000000.0	-2.12839859028
346000000.0	-0.738824602447
348000000.0	1.32543119649
350000000.0	2.11599794906
352000000.0	1.74608983926
354000000.0	-0.39973346126
356000000.0	-1.9751684886
358000000.0	-2.17806302765
360000000.0	-0.301202226333
362000000.0	1.1224521831
364000000.0	1.85156406273
366000000.0	1.17614290221
368000000.0	-0.0753045752629
370000000.0	-1.53449767789
372000000.0	-1.92112558809
374000000.0	-1.53582865799
376000000.0	0.394307953904
378000000.0	1.49307984458
380000000.0	2.12499116098
382000000.0	1.30555892925
384000000.0	-0.143382251328
386000000.0	-1.59210114367
388000000.0	-1.79498857666
390000000.0	-1.27438443269
392000000.0	0.629227707002
394000000.0	1.62550853216
396000000.0	1.55453383425
398000000.0	1.13584190774
400000000.0	-0.784928857086
402000000.0	-1.38534452541
404000000.0	-1.39377895324
406000000.0	-0.852097168719
408000000.0	0.492657878992
410000000.0	0.958986099371
412000000.0	1.1738084747
414000000.0	0.551506729412
416000000.0	-0.212905867252
418000000.0	-0.836754013998
420000000.0	-0.783312200184
422000000.0	-0.403495974229
424000000.0	0.698098799211
426000000.0	0.579564053926
428000000.0	0.598682518231
430000000.0	0.0933762984959
432000000.0	-0.534592078477
434000000.0	-0.58282269364
436000000.0	-0.0627076445918
438000000.0	0.276036118854
440000000.0	0.126818121114
442000000.0	0.282829948858
444000000.0	0.142540695052
446000000.0	-0.33620191825
448000000.0	-0.492473091527
450000000.0	-0.188975367936
452000000.0	0.377963461306
454000000.0	0.514057129313
456000000.0	0.533922827084
458000000.0	0.182986794247
460000000.0	-0.297189334414
462000000.0	-0.482976062155
464000000.0	-0.502924530432
466000000.0	-0.2544464131
468000000.0	0.718573553696
470000000.0	0.753470317542
472000000.0	0.371360608786
474000000.0	-0.137698461903
476000000.0	-0.466987245731
478000000.0	-0.937412219702
480000000.0	-0.675129199118
482000000.0	-0.0609254186438
484000000.0	0.547843790666
486000000.0	0.732746908827
488000000.0	0.34830809153
490000000.0	-0.048752170746
492000000.0	-0.249354730568
494000000.0	-0.758790741754
496000000.0	-0.511503709996
498000000.0	-0.0109029039556
500000000.0	0.335744968498
502000000.0	0.606802809509
504000000.0	0.476190334806
506000000.0	-0.200627917726
508000000.0	-0.266479219208
510000000.0	-0.30862967502
512000000.0	-0.085736833455
514000000.0	-0.092410341953
516000000.0	0.135554995509
518000000.0	0.369328432137
520000000.0	-0.0619721345009
522000000.0	-0.0657665376461
524000000.0	-0.278571394941
526000000.0	-0.0279034264719
528000000.0	-0.0822258397223
530000000.0	0.416142850662
532000000.0	0.220781678833
534000000.0	-0.174969070076
536000000.0	-0.114881454444
538000000.0	-0.276788451256
540000000.0	-0.271026643299
542000000.0	-0.00281016591006
544000000.0	0.287008452493
546000000.0	0.162872702445
548000000.0	0.0982264398661
550000000.0	-0.0418917183153
552000000.0	-0.0370869321681
554000000.0	-0.478350843113
556000000.0	0.0509466981661
558000000.0	0.213774281368
560000000.0	0.472319893746
562000000.0	0.394750361363
564000000.0	-0.112402682289
566000000.0	0.0383075751173
568000000.0	-0.360967131777
570000000.0	-0.384167600459
572000000.0	0.215843999149
574000000.0	0.164047522634
576000000.0	0.549239644114
578000000.0	0.243498966399
580000000.0	0.085406474723
582000000.0	-0.197772339999
584000000.0	-0.652222241548
586000000.0	-0.229014366296
588000000.0	-0.0107380526845
590000000.0	0.178523097606
592000000.0	0.483801799889
594000000.0	0.277041592276
596000000.0	-0.327566109201
598000000.0	-0.381995550516
600000000.0	0.344046896415
602000000.0	-0.38137873394
604000000.0	-0.140297504176
606000000.0	-0.000251941626449
608000000.0	0.0479828052864
610000000.0	-0.102658588496
612000000.0	-0.00108223404208
614000000.0	-0.260176324755
616000000.0	-0.133823704717
618000000.0	0.197925887379
620000000.0	-0.0773964057848
622000000.0	0.113217358728
624000000.0	-0.717357542242
626000000.0	0.462670421723
628000000.0	-0.311619894387
630000000.0	-0.136390250537
632000000.0	0.371843375121
634000000.0	0.139194084535
636000000.0	0.404203474018
638000000.0	0.11989201435
640000000.0	-0.0489117041554
642000000.0	-0.0109040892176
644000000.0	-0.21199327731
646000000.0	-0.484779629219
648000000.0	0.0122854655906
650000000.0	0.0786556440332
652000000.0	0.194275134415
654000000.0	0.0522376048326
656000000.0	-0.0946837149313
658000000.0	-0.424161185108
660000000.0	-0.335847965863
662000000.0	0.0602989494249
664000000.0	-0.105837582687
666000000.0	0.0550452497697
668000000.0	0.235773759467
670000000.0	-0.026795622357
672000000.0	0.0588596139671
674000000.0	-0.126883683798
676000000.0	-0.34757809506
678000000.0	-0.269567176101
680000000.0	0.18826493855
682000000.0	0.24910750821
684000000.0	0.255259271977
686000000.0	0.0835108869342
688000000.0	0.067018825575
690000000.0	0.144153460427
692000000.0	0.0241240784143
694000000.0	0.0184913850282
696000000.0	-0.0287837079962
698000000.0	-0.141270175892
700000000.0	0.805716395757
702000000.0	-0.384924875608
704000000.0	-0.268506574296
706000000.0	-0.253020017841
708000000.0	-0.0540339807079
710000000.0	0.329035745103
712000000.0	0.430033018096
714000000.0	0.336646894861
716000000.0	-0.0193793259316
718000000.0	-0.318924707378
720000000.0	0.0525919059437
722000000.0	0.241698836819
724000000.0	-0.173246809384
726000000.0	0.43853809006
728000000.0	0.650854306135
730000000.0	0.0152758929278
732000000.0	-0.374636742503
734000000.0	-0.432805718026
736000000.0	-0.431988361466
738000000.0	0.0455409653834
740000000.0	-0.115167607203
742000000.0	0.529666825159
744000000.0	0.340125155353
746000000.0	-0.224174496342
748000000.0	-0.252652964544
750000000.0	0.300093394673
752000000.0	-0.200157700838
754000000.0	0.0183185743553
756000000.0	0.375505519821
758000000.0	0.42576048633
760000000.0	0.351494388943
762000000.0	-0.156623879819
764000000.0	-0.482762792711
766000000.0	-0.343415075222
768000000.0	-0.0242755569501
770000000.0	0.151092109773
772000000.0	0.316849377759
774000000.0	0.800822785962
776000000.0	0.168000239013
778000000.0	0.0562214080481
780000000.0	-0.197611585247
782000000.0	-0.464722987956
784000000.0	0.0768491963056
786000000.0	0.418704189572
788000000.0	0.44008639066
790000000.0	0.228499318311
792000000.0	0.0587668684721
794000000.0	-0.19611185049
796000000.0	-0.320401727014
798000000.0	-0.240834459424
800000000.0	-0.00681356214844
802000000.0	0.306143428856
804000000.0	0.321612358124
806000000.0	0.236756939695
808000000.0	-0.0193654340498
810000000.0	-0.366909695275
812000000.0	-0.395863021974
814000000.0	0.015877610557
816000000.0	0.16754692012
818000000.0	0.221470204422
820000000.0	0.269245324986
822000000.0	0.036971583701
824000000.0	-0.415224569998
826000000.0	-0.286739727312
828000000.0	-0.39597418856
830000000.0	0.345257431402
832000000.0	0.323539479124
834000000.0	0.311537189671
836000000.0	0.141479018958
838000000.0	-0.243081497982
840000000.0	-0.578064468957
842000000.0	-0.445906962364
844000000.0	-0.171755868086
846000000.0	0.412895208802
848000000.0	0.990741267387
850000000.0	0.326847641705
852000000.0	-0.317803518436
854000000.0	-0.647222618298
856000000.0	-0.918619685564
858000000.0	-0.366990323896
860000000.0	0.494457066916
862000000.0	0.699551019188
864000000.0	0.816775460199
866000000.0	0.397135465521
868000000.0	-0.429136726502
870000000.0	-0.910989206818
872000000.0	-1.14978069479
874000000.0	-0.910630923409
876000000.0	0.163669548096
878000000.0	1.2779089702
880000000.0	2.24262778908
882000000.0	1.03455632336
884000000.0	-1.5084690981
886000000.0	-2.81521839063
888000000.0	-1.77940534494
890000000.0	1.0226990936
892000000.0	2.58696042035
894000000.0	1.77490166183
896000000.0	0.260681748782
898000000.0	1.16153268549
900000000.0	-12.9342768043
902000000.0	7.30450847291
904000000.0	4.72357374386
906000000.0	-0.0599219262928
908000000.0	-2.96262277905
910000000.0	-2.25383197768
912000000.0	0.183431641635
914000000.0	1.86245537901
916000000.0	1.53311187272
918000000.0	-0.159776154727
920000000.0	-1.06468586762
922000000.0	-0.925781846945
924000000.0	-0.621275481309
926000000.0	0.169258586357
928000000.0	0.418275411185
930000000.0	0.578811899902
932000000.0	0.782219791311
934000000.0	-0.106918695346
936000000.0	-0.594697771855
938000000.0	-1.01338301684
940000000.0	-0.407044677006
942000000.0	0.118158720496
944000000.0	0.804113648378
946000000.0	0.838017569765
948000000.0	0.380663331014
950000000.0	-0.0676200871633
952000000.0	-0.555606215275
954000000.0	-0.682287077221
956000000.0	-0.264605286084
958000000.0	0.0357573839794
960000000.0	0.456912167331
962000000.0	0.511782458166
964000000.0	0.163390113461
966000000.0	-0.172203986987
968000000.0	-0.341665916309
970000000.0	-0.319350884033
972000000.0	-0.456495438485
974000000.0	0.241046709184
976000000.0	0.241916899685
978000000.0	0.169520243613
980000000.0	-0.0208284785176
982000000.0	-0.354525808143
984000000.0	-0.4865302005
986000000.0	0.00468157391606
988000000.0	0.00694870964803
990000000.0	0.149942054376
992000000.0	0.429207919673
994000000.0	0.233260756184
996000000.0	-0.361325333503
998000000.0	-0.154035787956
1000000000.0	-0.9375
1002000000.0	0.166629250301
1004000000.0	0.132768246963
1006000000.0	0.40585154787
1008000000.0	-0.0617826170227
1010000000.0	-0.144938105031
1012000000.0	-0.295731506898
1014000000.0	-0.142700721806
1016000000.0	0.195452142521
1018000000.0	0.309014083885
1020000000.0	0.392762635185
1022000000.0	0.0158603935399
1024000000.0	0.135944374233
1026000000.0	-0.191803438903
1028000000.0	-0.520749391913
1030000000.0	-0.264530938546
1032000000.0	0.0608813022942
1034000000.0	0.320972230651
1036000000.0	0.30575147666
1038000000.0	-0.107401882717
1040000000.0	-0.116329029784
1042000000.0	-0.378830903415
1044000000.0	0.0299068268686
1046000000.0	-0.284592501581
1048000000.0	-0.111878100478
1050000000.0	0.232179409552
1052000000.0	0.150146951666
1054000000.0	-0.0692418773366
1056000000.0	-0.0291464479547
1058000000.0	-0.181708574874
1060000000.0	-0.238946572747
1062000000.0	-0.3578027996
1064000000.0	-0.0659990495427
1066000000.0	0.31681595615
1068000000.0	0.291875296282
1070000000.0	-0.0895765860481
1072000000.0	-0.122838630147
1074000000.0	-0.149426507754
1076000000.0	0.123172203199
1078000000.0	0.208440409749
1080000000.0	-0.0436802967025
1082000000.0	0.0467485375378
1084000000.0	-0.103602700768
1086000000.0	-0.568322537454
1088000000.0	-0.311062378019
1090000000.0	-0.045228807416
1092000000.0	0.327210349723
1094000000.0	0.0168451258098
1096000000.0	0.277172633848
1098000000.0	-0.164355298629
1100000000.0	0.31147789894
1102000000.0	-0.159320873549
1104000000.0	-0.298423678859
1106000000.0	-0.0542939250918
1108000000.0	0.119678283446
1110000000.0	0.372792099194
1112000000.0	0.234642498607
1114000000.0	-0.10601042126
1116000000.0	-0.23064965223
1118000000.0	-0.35892514511
1120000000.0	0.085046169175
1122000000.0	0.22073618309
1124000000.0	-0.160242429796
1126000000.0	0.375472213301
1128000000.0	-0.0757683154906
1130000000.0	0.0509756844624
1132000000.0	-0.17650247636
1134000000.0	0.0069623949704
1136000000.0	-0.0356829790287
1138000000.0	0.0424105133693
1140000000.0	0.14104405883
1142000000.0	0.343903191997
1144000000.0	0.188928589681
1146000000.0	0.0290846183905
1148000000.0	-0.102222483274
1150000000.0	-0.152708191976
1152000000.0	0.0591010813047
1154000000.0	0.0572211786877
1156000000.0	0.365886804859
1158000000.0	0.155463132461
1160000000.0	0.151436770525
1162000000.0	-0.269329814031
1164000000.0	0.0657616150689
1166000000.0	-0.325610605854
1168000000.0	0.226494967824
1170000000.0	0.119377349358
1172000000.0	0.056635907578
1174000000.0	0.190112631047
1176000000.0	-0.130244497525
1178000000.0	0.0747746411542
1180000000.0	0.0205353426218
1182000000.0	-0.0656456072734
1184000000.0	0.0802401775169
1186000000.0	0.0528751131415
1188000000.0	-0.0757908856222
1190000000.0	-0.00912040526499
1192000000.0	-0.219381955508
1194000000.0	-0.278791152079
1196000000.0	-0.101237792332
1198000000.0	0.395997451236
1200000000.0	0.291178857086
1202000000.0	0.0268558361478
1204000000.0	0.247327339269
1206000000.0	0.0778580936837
1208000000.0	0.00629403268616
1210000000.0	-0.0793926998381
1212000000.0	0.00401088034358
1214000000.0	0.13825469109
1216000000.0	0.0648635625034
1218000000.0	0.215545388472
1220000000.0	-0.126615193989
1222000000.0	-0.0380274352333
1224000000.0	-0.262641391184
1226000000.0	-0.171253450721
1228000000.0	-0.200863420607
1230000000.0	0.029314654807
1232000000.0	0.100118523415
1234000000.0	0.242214250087
1236000000.0	-0.140697460479
1238000000.0	0.056289207007
1240000000.0	0.0824665367636
1242000000.0	-0.228617810186
1244000000.0	-0.219044666601
1246000000.0	0.298832967434
1248000000.0	-0.284323788341
1250000000.0	1.15796486709
1252000000.0	0.0512993951045
1254000000.0	0.139744345268
1256000000.0	-3.04396424764e-05
1258000000.0	0.10318652354
1260000000.0	-0.187168008883
1262000000.0	-0.169170042909
1264000000.0	-0.197493746564
1266000000.0	0.00368185223665
1268000000.0	-0.125789201206
1270000000.0	-0.0256932920384
1272000000.0	-0.0171538667784
1274000000.0	0.247286847896
1276000000.0	0.0368347968062
1278000000.0	0.104794311837
1280000000.0	-0.165485477425
1282000000.0	-0.205976765822
1284000000.0	-0.0262449774148
1286000000.0	0.131865949563
1288000000.0	-0.0887904183692
1290000000.0	-0.0458698278805
1292000000.0	0.0717436227764
1294000000.0	0.394378550098
1296000000.0	0.319052262703
1298000000.0	0.527238010598
1300000000.0	-1.52900599397
1302000000.0	0.499112395762
1304000000.0	0.151970322065
1306000000.0	0.244753173806
1308000000.0	0.520288294498
1310000000.0	-0.0205272480192
1312000000.0	0.0618909787991
1314000000.0	-0.147927246496
1316000000.0	0.0333856273327
1318000000.0	0.043150325133
1320000000.0	0.0956525272001
1322000000.0	0.142080724215
1324000000.0	0.00871020906659
1326000000.0	-0.391433088951
1328000000.0	-0.214100804911
1330000000.0	0.110938701932
1332000000.0	0.162125001289
1334000000.0	0.0925101716966
1336000000.0	0.137902076947
1338000000.0	0.162169768343
1340000000.0	0.0827428458222
1342000000.0	-0.0724028809155
1344000000.0	-0.228523460914
1346000000.0	-0.0927320464227
1348000000.0	0.0442399709341
1350000000.0	-0.0413396009903
1352000000.0	0.446838201389
1354000000.0	0.0453346205989
1356000000.0	0.16864356408
1358000000.0	-0.0313399855432
1360000000.0	-0.292390240533
1362000000.0	-0.121241336868
1364000000.0	0.177223446526
1366000000.0	0.340325478498
1368000000.0	0.183551482361
1370000000.0	0.231222683898
1372000000.0	0.181017342224
1374000000.0	0.503400349402
1376000000.0	-0.764948922221
1378000000.0	-0.102343182845
1380000000.0	-0.041772731454
1382000000.0	0.191084331361
1384000000.0	0.131842773588
1386000000.0	0.00448540231871
1388000000.0	-0.0920031970296
1390000000.0	-0.163532240801
1392000000.0	-0.0549795246455
1394000000.0	0.103131813604
1396000000.0	-0.01120899106
1398000000.0	0.125867045059
1400000000.0	-0.078881534775
1402000000.0	-0.0867887611061
1404000000.0	-0.0475900121901
1406000000.0	-0.163601590505
1408000000.0	-0.130023050231
1410000000.0	-0.0472924920927
1412000000.0	0.215269370401
1414000000.0	0.117665299064
1416000000.0	-0.194741680076
1418000000.0	-0.170560922724
1420000000.0	-0.504052591613
1422000000.0	-0.205146488168
1424000000.0	0.189493752309
1426000000.0	0.0721686657591
1428000000.0	0.13137814447
1430000000.0	0.181719998743
1432000000.0	0.122771879605
1434000000.0	-0.426671237129
1436000000.0	-0.471787716156
1438000000.0	-0.166489442669
1440000000.0	0.285912111398
1442000000.0	0.020254180924
1444000000.0	0.38800721633
1446000000.0	-0.0982228988883
1448000000.0	-0.410587894083
1450000000.0	-0.166178760533
1452000000.0	-0.0626277506705
1454000000.0	0.0679724876958
1456000000.0	0.348814946044
1458000000.0	0.221472923247
1460000000.0	0.153342262931
1462000000.0	0.238312680843
1464000000.0	-0.289991252373
1466000000.0	-0.467291749158
1468000000.0	-0.415496471036
1470000000.0	0.101308769465
1472000000.0	0.702015569305
1474000000.0	0.708783721243
1476000000.0	0.156111431567
1478000000.0	-0.495658532503
1480000000.0	-1.18746752359
1482000000.0	-0.763367014822
1484000000.0	-0.192964085436
1486000000.0	1.06316143898
1488000000.0	1.22825478443
1490000000.0	1.27544890959
1492000000.0	0.642978927827
1494000000.0	-1.1854545967
1496000000.0	-5.67454054815
1498000000.0	-11.0345567072
1500000000.0	29.5392550315
1502000000.0	-9.98082421713
1504000000.0	-5.9558285642
1506000000.0	-1.49222070563
1508000000.0	0.715040662211
1510000000.0	1.37109572679
1512000000.0	1.01808757419
1514000000.0	0.845972836559
1516000000.0	-0.17751091333
1518000000.0	-0.368928280691
1520000000.0	-0.671453579778
1522000000.0	-0.730899156715
1524000000.0	0.211151354094
1526000000.0	0.649615776442
1528000000.0	0.732621929237
1530000000.0	0.113024346485
1532000000.0	-0.231686968489
1534000000.0	-0.296537895815
1536000000.0	-0.128735008076
1538000000.0	0.0337130896264
1540000000.0	0.141880874402
1542000000.0	0.149068479107
1544000000.0	0.0383550856933
1546000000.0	0.0597153311956
1548000000.0	-0.120042560996
1550000000.0	-0.267154039649
1552000000.0	-0.229204938794
1554000000.0	0.208046342418
1556000000.0	0.422294611832
1558000000.0	-0.175498936396
1560000000.0	0.070756985339
1562000000.0	-0.29168851081
1564000000.0	-0.24014172801
1566000000.0	-0.244320605585
1568000000.0	0.0534178439078
1570000000.0	0.0838772043528
1572000000.0	0.273954327377
1574000000.0	0.540230802546
1576000000.0	-0.323143679831
1578000000.0	-0.377573583605
1580000000.0	-0.229714546147
1582000000.0	-0.411207292036
1584000000.0	-0.00826188655387
1586000000.0	-0.0400320127353
1588000000.0	0.15022862764
1590000000.0	0.10565606135
1592000000.0	0.0457729206524
1594000000.0	-0.22418145316
1596000000.0	-0.082606884115
1598000000.0	0.172261274034
1600000000.0	0.0630635621484
1602000000.0	0.0666046811708
1604000000.0	0.033052844518
1606000000.0	-0.0369561441385
1608000000.0	-0.202914428484
1610000000.0	-0.0764187294331
1612000000.0	0.119652231648
1614000000.0	-0.121978178317
1616000000.0	0.0325610968343
1618000000.0	0.136456266999
1620000000.0	0.431858980191
1622000000.0	0.0934267242615
1624000000.0	0.103773019296
1626000000.0	0.00980740977336
1628000000.0	-0.239745794195
1630000000.0	-0.253816063219
1632000000.0	0.0455097387437
1634000000.0	-0.211970141157
1636000000.0	-0.244409652731
1638000000.0	0.0498757444659
1640000000.0	-0.369957853515
1642000000.0	0.230524104363
1644000000.0	0.148413610638
1646000000.0	-0.194641915336
1648000000.0	-0.000276842020088
1650000000.0	0.067488591934
1652000000.0	-0.082519043211
1654000000.0	-0.423696964217
1656000000.0	-0.0517257511039
1658000000.0	0.052690370643
1660000000.0	0.143563382995
1662000000.0	0.0883968019434
1664000000.0	-0.164770297214
1666000000.0	-0.010270765846
1668000000.0	-0.349779468481
1670000000.0	0.0218442064918
1672000000.0	0.17581080938
1674000000.0	0.0132735855002
1676000000.0	0.0197815988374
1678000000.0	0.135107036904
1680000000.0	0.139314441064
1682000000.0	-0.017240468104
1684000000.0	-0.307298680091
1686000000.0	0.0986609015572
1688000000.0	0.195384720737
1690000000.0	0.260857083036
1692000000.0	0.0143703802029
1694000000.0	0.0981012858532
1696000000.0	-0.023776678603
1698000000.0	0.0132238868597
1700000000.0	-0.421049877266
1702000000.0	-0.0430639759201
1704000000.0	-0.0970366360579
1706000000.0	-0.0811535010936
1708000000.0	-0.0487039399038
1710000000.0	0.175453093288
1712000000.0	0.0672160555966
1714000000.0	0.0964051733489
1716000000.0	-0.184988544218
1718000000.0	-0.0754180228678
1720000000.0	0.316824694723
1722000000.0	-0.247267437389
1724000000.0	0.174483149499
1726000000.0	-0.110911110887
1728000000.0	-0.25611513379
1730000000.0	0.000984875859893
1732000000.0	0.134931464633
1734000000.0	0.145653053005
1736000000.0	-0.193878783961
1738000000.0	0.116728089942
1740000000.0	-0.0544550648564
1742000000.0	-0.15272459231
1744000000.0	-0.203144138506
1746000000.0	0.0895524530388
1748000000.0	0.261878366213
1750000000.0	1.12859889483
1752000000.0	0.119561955121
1754000000.0	0.0875662815988
1756000000.0	0.0582712184206
1758000000.0	-0.111588524015
1760000000.0	0.133253277614
1762000000.0	0.057545673351
1764000000.0	0.220515613214
1766000000.0	0.128857353739
1768000000.0	0.119009556033
1770000000.0	-0.115771712015
1772000000.0	0.223774334274
1774000000.0	-0.0691749296159
1776000000.0	-0.0331648595483
1778000000.0	-0.0779732771595
1780000000.0	0.0667215981973
1782000000.0	0.177539349199
1784000000.0	-0.041458102523
1786000000.0	-0.0875913513699
1788000000.0	-0.0356047137845
1790000000.0	-0.0862297326546
1792000000.0	-0.190626375326
1794000000.0	0.0611681031597
1796000000.0	0.250657293902
1798000000.0	0.0825281955176
1800000000.0	-1.41761619913
1802000000.0	0.240424006154
1804000000.0	0.451918633057
1806000000.0	-0.125475811333
1808000000.0	0.110422101164
1810000000.0	-0.162048066425
1812000000.0	-0.123534815243
1814000000.0	-0.190992868599
1816000000.0	0.135625097178
1818000000.0	0.000238456193254
1820000000.0	0.132302848318
1822000000.0	-0.0981533837982
1824000000.0	-0.199758285566
1826000000.0	0.117886043745
1828000000.0	0.0691273272885
1830000000.0	-0.255729226714
1832000000.0	0.0516475103089
1834000000.0	-0.0969837601193
1836000000.0	0.16530146599
1838000000.0	0.0491649344636
1840000000.0	-0.0141579579773
1842000000.0	-0.15001280485
1844000000.0	-0.116595748135
1846000000.0	-0.0761261632677
1848000000.0	-0.0466887650678
1850000000.0	-0.0571199206571
1852000000.0	0.0457802701864
1854000000.0	-0.168336161561
1856000000.0	-0.197061249927
1858000000.0	-0.128035420627
1860000000.0	0.434522204375
1862000000.0	0.145309874782
1864000000.0	0.216368201543
1866000000.0	0.176295671218
1868000000.0	0.120848389307
1870000000.0	-0.0926389078464
1872000000.0	-0.222616409778
1874000000.0	-0.0401537090972
1876000000.0	0.164535598349
1878000000.0	0.340954200138
1880000000.0	0.431823528316
1882000000.0	0.0262491557912
1884000000.0	-0.159049396288
1886000000.0	-0.226282235585
1888000000.0	-0.374830178519
1890000000.0	-0.0903573528103
1892000000.0	0.144137499295
1894000000.0	0.45399316003
1896000000.0	0.754981907077
1898000000.0	1.20729378471
1900000000.0	-5.1963235288
1902000000.0	2.2676609563
1904000000.0	1.03000966337
1906000000.0	0.0433151374695
1908000000.0	-0.629788116733
1910000000.0	-0.713983214172
1912000000.0	-0.312710011012
1914000000.0	0.0949013643123
1916000000.0	0.31396732931
1918000000.0	-0.115357025059
1920000000.0	0.256274569173
1922000000.0	-0.0688809889093
1924000000.0	-0.139272283208
1926000000.0	0.106932386532
1928000000.0	0.0649990203717
1930000000.0	0.212961673391
1932000000.0	0.12818988834
1934000000.0	0.0210144368586
1936000000.0	0.0772562616437
1938000000.0	-0.143233051911
1940000000.0	-0.0508566584871
1942000000.0	-0.221084660681
1944000000.0	-0.128691082595
1946000000.0	0.278343021888
1948000000.0	0.117672242357
1950000000.0	0.0806360661905
1952000000.0	-0.146479193199
1954000000.0	0.130861563629
1956000000.0	-0.187111845668
1958000000.0	-0.029745819202
1960000000.0	-0.0800128072479
1962000000.0	0.0518427320824
1964000000.0	0.0652989523118
1966000000.0	-0.289199668439
1968000000.0	-0.178144849257
1970000000.0	-0.0885581376931
1972000000.0	0.207722963594
1974000000.0	0.0785378767959
1976000000.0	0.118111607387
1978000000.0	0.152069059992
1980000000.0	0.0920251089383
1982000000.0	-0.0576369942829
1984000000.0	0.381983080512
1986000000.0	-0.159762815442
1988000000.0	-0.0280459328238
1990000000.0	-0.122151621756
1992000000.0	0.0974879577969
1994000000.0	0.0275516933449
1996000000.0	-0.1660923736
1998000000.0	-0.23048923904
2000000000.0	0.7375
