0.0	-9.25
2000000.0	2.02875853213
4000000.0	2.9343749552
6000000.0	-0.233959738088
8000000.0	-1.15535699969
10000000.0	-2.04135625887
12000000.0	-3.25966700919
14000000.0	-4.97279845739
16000000.0	-2.36501249468
18000000.0	3.72191131894
20000000.0	7.61818052988
22000000.0	6.77174230962
24000000.0	3.04557640767
26000000.0	-1.07972550246
28000000.0	-3.47280315626
30000000.0	-5.32790014638
32000000.0	-5.68012731707
34000000.0	-3.06428766083
36000000.0	2.93824142384
38000000.0	6.62656447872
40000000.0	4.12114045866
42000000.0	2.44272745938
44000000.0	-0.682033566851
46000000.0	-2.02905990776
48000000.0	-1.30967950717
50000000.0	0.679836487121
52000000.0	2.00301924445
54000000.0	1.49069772777
56000000.0	0.55102938903
58000000.0	-0.942113874326
60000000.0	-2.35444112905
62000000.0	-2.65469106091
64000000.0	-1.42288922201
66000000.0	0.537478982103
68000000.0	3.10543745716
70000000.0	3.1706933353
72000000.0	1.36580652914
74000000.0	-1.18454048736
76000000.0	-2.58131957045
78000000.0	-1.40194475317
80000000.0	-0.871805737136
82000000.0	0.775128675818
84000000.0	0.452996968171
86000000.0	0.55420226473
88000000.0	-0.507093145691
90000000.0	-0.494774797319
92000000.0	-0.25023503704
94000000.0	0.45241545148
96000000.0	1.1020840549
98000000.0	1.21924630642
100000000.0	0.661956494793
102000000.0	-1.03619246802
104000000.0	-2.29617750092
106000000.0	-1.89445107319
108000000.0	-0.227858856197
110000000.0	1.08754297848
112000000.0	2.0102901179
114000000.0	1.28119117761
116000000.0	0.285993054641
118000000.0	-0.856811247484
120000000.0	-0.964678345961
122000000.0	-0.439773701442
124000000.0	-0.178965802695
126000000.0	0.966776102244
128000000.0	0.833294114827
130000000.0	-0.121709262025
132000000.0	-0.54303962856
134000000.0	-1.10589074323
136000000.0	-0.328683951073
138000000.0	0.525521561146
140000000.0	1.3543065926
142000000.0	1.45333228161
144000000.0	0.512164349462
146000000.0	-0.612718770444
148000000.0	-1.11959050275
150000000.0	-0.85533573992
152000000.0	-0.521739742068
154000000.0	0.281507805728
156000000.0	0.657024390933
158000000.0	0.57067458259
160000000.0	0.2850195223
162000000.0	-0.147117250391
164000000.0	-0.030103378327
166000000.0	0.581439763856
168000000.0	0.784433989072
170000000.0	0.0448234448259
172000000.0	-0.143687710631
174000000.0	-1.11675813378
176000000.0	-0.670054494125
178000000.0	-0.902694927197
180000000.0	0.281589165933
182000000.0	1.15607045345
184000000.0	1.71188720825
186000000.0	1.1951223612
188000000.0	-0.472256169754
190000000.0	-1.43705449098
192000000.0	-1.02065684416
194000000.0	-0.591289297259
196000000.0	0.271679547882
198000000.0	0.766430512156
200000000.0	0.458340299806
202000000.0	0.395287519662
204000000.0	-0.0158816312844
206000000.0	-0.641375049598
208000000.0	-0.505801815711
210000000.0	0.128572482249
212000000.0	0.599442183607
214000000.0	0.535605946309
216000000.0	-0.215239312975
218000000.0	-0.623753493503
220000000.0	-0.645306440556
222000000.0	-0.343963676764
224000000.0	0.693185336285
226000000.0	1.07378693507
228000000.0	-0.0603952378391
230000000.0	-1.01889240327
232000000.0	-1.23972812971
234000000.0	-0.0525919718314
236000000.0	0.841054980899
238000000.0	1.17957148981
240000000.0	0.605001433205
242000000.0	-0.0535812589014
244000000.0	-1.164916783
246000000.0	-1.33734133391
248000000.0	-1.68307262646
250000000.0	-1.26417488877
252000000.0	1.26488023977
254000000.0	3.42674397858
256000000.0	3.16942633505
258000000.0	0.193472924108
260000000.0	-3.31201877891
262000000.0	-4.38405445075
264000000.0	-1.18814754781
266000000.0	2.22588022934
268000000.0	3.8342517824
270000000.0	1.74567250413
272000000.0	-1.30637590387
274000000.0	-2.98438529022
276000000.0	-1.67961825963
278000000.0	-0.913856831628
280000000.0	0.510773905564
282000000.0	3.29831636099
284000000.0	6.59628407368
286000000.0	4.9792210296
288000000.0	-5.81206614685
290000000.0	-20.3829429492
292000000.0	-20.9450183656
294000000.0	8.71901320553
296000000.0	62.9115542639
298000000.0	113.491312482
300000000.0	-276.12251296
302000000.0	82.9303525959
304000000.0	45.5250958897
306000000.0	19.0213145941
308000000.0	3.31937924752
310000000.0	-8.05648252886
312000000.0	-15.646903941
314000000.0	-15.4403951089
316000000.0	-5.04097253332
318000000.0	9.18081690357
320000000.0	15.526832877
322000000.0	9.69406904735
324000000.0	-2.20077865958
326000000.0	-10.1823132033
328000000.0	-10.1746365238
330000000.0	-3.16569604212
332000000.0	3.4148622031
334000000.0	6.60503925827
336000000.0	5.24259474789
338000000.0	1.40555040438
340000000.0	-2.34741504976
342000000.0	-4.60691360724
344000000.0	-4.41640193642
346000000.0	-1.24064000913
348000000.0	2.90952053993
350000000.0	4.83705461523
352000000.0	3.38650790335
354000000.0	-1.02247281198
356000000.0	-4.30704187022
358000000.0	-4.34880123436
360000000.0	-1.02868755821
362000000.0	2.53458428643
364000000.0	4.0419100975
366000000.0	2.66209316543
368000000.0	-0.0158139351328
370000000.0	-2.25602601283
372000000.0	-3.52746829014
374000000.0	-2.57005610113
376000000.0	0.422735425338
378000000.0	2.59723170306
380000000.0	3.41107493465
382000000.0	1.77960427566
384000000.0	-0.878375336755
386000000.0	-3.1641610636
388000000.0	-2.95247994792
390000000.0	-0.783306919366
392000000.0	1.90959425069
394000000.0	3.04631295078
396000000.0	2.25596577663
398000000.0	0.111850284837
400000000.0	-2.20397863234
402000000.0	-2.23236912154
404000000.0	-1.50746136334
406000000.0	0.550437393966
408000000.0	1.97790769615
410000000.0	1.85143494773
412000000.0	1.13219419791
414000000.0	-0.425971730622
416000000.0	-1.53744332357
418000000.0	-1.61256586913
420000000.0	-0.463945094833
422000000.0	0.615432325202
424000000.0	1.2949323549
426000000.0	1.11684711649
428000000.0	-0.155283802482
430000000.0	-0.917095188227
432000000.0	-1.08445147751
434000000.0	-0.672253412712
436000000.0	0.503173142125
438000000.0	1.20095276356
440000000.0	1.13591541811
442000000.0	0.0642369056987
444000000.0	-0.867784281601
446000000.0	-1.38486502798
448000000.0	-0.768547980075
450000000.0	0.352474952012
452000000.0	1.01759263051
454000000.0	1.20630450797
456000000.0	0.489056347818
458000000.0	-0.3229118686
460000000.0	-1.21858294532
462000000.0	-1.26609929918
464000000.0	-0.382447095969
466000000.0	0.707989011167
468000000.0	0.969780578181
470000000.0	0.999538177599
472000000.0	-0.0871858212337
474000000.0	-0.690469949613
476000000.0	-0.967867008289
478000000.0	-0.378768267208
480000000.0	0.273322640688
482000000.0	0.793123419228
484000000.0	0.829530463459
486000000.0	0.0531101030037
488000000.0	-0.416874569131
490000000.0	-0.566583801793
492000000.0	-0.725655444901
494000000.0	0.0122926694383
496000000.0	0.347239576715
498000000.0	-0.0287173943033
500000000.0	0.110943340706
502000000.0	-0.50304136498
504000000.0	-1.0587778108
506000000.0	-0.356725382049
508000000.0	0.247694762843
510000000.0	0.572861530516
512000000.0	0.630854042647
514000000.0	0.0703171458134
516000000.0	-0.424369229835
518000000.0	-0.582906077042
520000000.0	-0.830412574351
522000000.0	0.12471407913
524000000.0	0.567985140997
526000000.0	0.773920958318
528000000.0	0.433312682449
530000000.0	-0.261697665801
532000000.0	-0.74379150143
534000000.0	-0.637575302132
536000000.0	-0.181986415148
538000000.0	0.0898776226048
540000000.0	0.374666060279
542000000.0	0.843466750429
544000000.0	0.51867108805
546000000.0	-0.385716427844
548000000.0	-0.542237477281
550000000.0	-0.537497972035
552000000.0	0.083037850282
554000000.0	0.477978737277
556000000.0	0.352922384635
558000000.0	0.416446315896
560000000.0	-0.34325602195
562000000.0	-0.500655149256
564000000.0	-0.349932106668
566000000.0	-0.00212564832638
568000000.0	0.0168256244608
570000000.0	0.441908348656
572000000.0	0.318628470437
574000000.0	0.0174709505883
576000000.0	-0.675892210846
578000000.0	-0.506045179876
580000000.0	0.0798886550605
582000000.0	0.608911500735
584000000.0	0.816268570962
586000000.0	0.23297776548
588000000.0	-0.232172160346
590000000.0	-0.4939811802
592000000.0	-0.296182971374
594000000.0	-0.314885456306
596000000.0	-0.0578956896228
598000000.0	-0.309545966183
600000000.0	1.46024144981
602000000.0	0.228090726736
604000000.0	-0.415059669237
606000000.0	-0.539245257526
608000000.0	-0.566812654616
610000000.0	-0.242996633979
612000000.0	0.464493777889
614000000.0	0.598619884524
616000000.0	0.234727632563
618000000.0	-0.229037293258
620000000.0	-0.272623110798
622000000.0	-0.581872319144
624000000.0	0.134228555253
626000000.0	0.226107197219
628000000.0	0.458980973388
630000000.0	0.0907296076337
632000000.0	0.194367009078
634000000.0	-0.372712515272
636000000.0	-0.56683884735
638000000.0	-0.364960963096
640000000.0	0.188762167582
642000000.0	0.421792552437
644000000.0	0.921851623966
646000000.0	0.243522693028
648000000.0	-0.416746246629
650000000.0	-0.708306820294
652000000.0	-0.257687749811
654000000.0	-0.00788119055514
656000000.0	0.341512184357
658000000.0	0.578048551933
660000000.0	0.401261394227
662000000.0	-0.215019873036
664000000.0	-0.656980499709
666000000.0	-0.539869835911
668000000.0	-0.156505760098
670000000.0	0.0668765730485
672000000.0	0.531517188028
674000000.0	0.766806934369
676000000.0	-0.013537570205
678000000.0	-0.341446198698
680000000.0	-0.43123996498
682000000.0	-0.523003099973
684000000.0	-0.289791168208
686000000.0	0.387730647334
688000000.0	0.412293747262
690000000.0	0.58114839621
692000000.0	-0.130029650651
694000000.0	-0.357767359063
696000000.0	-0.964237556795
698000000.0	-0.801615070765
700000000.0	2.34664001588
702000000.0	-0.357442133865
704000000.0	-0.0660324806472
706000000.0	-0.368050373052
708000000.0	-0.235450941954
710000000.0	-0.549257549004
712000000.0	-0.109890848879
714000000.0	0.0949673654159
716000000.0	0.347232219929
718000000.0	0.276513677902
720000000.0	0.131401591069
722000000.0	-0.242085791353
724000000.0	-0.522405715934
726000000.0	-0.352597703609
728000000.0	0.295747193245
730000000.0	-0.213903124265
732000000.0	0.616417022699
734000000.0	-0.127138761451
736000000.0	-0.0198223857636
738000000.0	-0.54601399769
740000000.0	-0.317238322313
742000000.0	-0.297097026582
744000000.0	0.29596425774
746000000.0	0.327970710328
748000000.0	0.647241439247
750000000.0	-0.655300840053
752000000.0	-0.464457361225
754000000.0	-0.286806121831
756000000.0	-0.157727581031
758000000.0	0.053243901289
760000000.0	0.1760004755
762000000.0	0.231585421394
764000000.0	-0.0174565819685
766000000.0	-0.174715999583
768000000.0	-0.328904357722
770000000.0	-0.117418117037
772000000.0	-0.0392240776463
774000000.0	0.188822329568
776000000.0	0.56205949121
778000000.0	0.238726348966
780000000.0	-0.186133366028
782000000.0	-0.639085045533
784000000.0	-0.482895936771
786000000.0	-0.250014240192
788000000.0	0.120190119093
790000000.0	0.439719664477
792000000.0	0.353187849961
794000000.0	0.108967414014
796000000.0	-0.709602265043
798000000.0	-0.687587961724
800000000.0	-0.0484326474687
802000000.0	0.112240961118
804000000.0	0.56683100671
806000000.0	0.664439287742
808000000.0	0.0618140104937
810000000.0	-0.153698693936
812000000.0	-0.475381140514
814000000.0	-0.766786682611
816000000.0	-0.539854370495
818000000.0	0.203394929353
820000000.0	0.994535631506
822000000.0	0.745570222566
824000000.0	0.410260003267
826000000.0	-0.612502530014
828000000.0	-0.794782378674
830000000.0	-0.600625947778
832000000.0	-0.241006950807
834000000.0	0.674125653187
836000000.0	1.24881831323
838000000.0	0.86243838927
840000000.0	-0.364541212455
842000000.0	-0.884000473376
844000000.0	-0.90326129996
846000000.0	-0.492933641021
848000000.0	0.0575597503116
850000000.0	0.756723994945
852000000.0	1.0267154944
854000000.0	0.298743678348
856000000.0	-0.400538107665
858000000.0	-0.965947596082
860000000.0	-1.23530546235
862000000.0	-0.552303362724
864000000.0	1.12850049605
866000000.0	1.96493302899
868000000.0	1.52088524411
870000000.0	-0.855953903592
872000000.0	-2.48509379493
874000000.0	-3.32857543655
876000000.0	-0.317366749404
878000000.0	1.90835170019
880000000.0	3.70169167191
882000000.0	2.70914831993
884000000.0	0.139410055401
886000000.0	-1.99518916776
888000000.0	-4.64999096064
890000000.0	-6.63563933346
892000000.0	-4.42280132137
894000000.0	5.53905052228
896000000.0	24.4804545562
898000000.0	45.6069666546
900000000.0	-123.00558379
902000000.0	41.75120908
904000000.0	24.0138698795
906000000.0	6.57484379355
908000000.0	-3.39536598406
910000000.0	-6.02453681
912000000.0	-5.09303389673
914000000.0	-2.66218491662
916000000.0	0.389801880118
918000000.0	3.00752208415
920000000.0	3.66132285386
922000000.0	2.09712107864
924000000.0	-1.32131012518
926000000.0	-2.92002704065
928000000.0	-2.68540409915
930000000.0	-0.296278835645
932000000.0	1.72658906953
934000000.0	2.12408389604
936000000.0	1.27391740375
938000000.0	-0.126551714965
940000000.0	-1.34627936002
942000000.0	-1.30645321105
944000000.0	-0.557176939211
946000000.0	0.371429250565
948000000.0	0.890757644159
950000000.0	1.02588845647
952000000.0	0.301945415872
954000000.0	-0.562393980057
956000000.0	-1.30771644858
958000000.0	-1.22082637405
960000000.0	-0.10394693499
962000000.0	0.965814621466
964000000.0	1.15590687792
966000000.0	0.731911606825
968000000.0	-0.412155922983
970000000.0	-0.554930118807
972000000.0	-1.02543426999
974000000.0	-0.60890504165
976000000.0	0.401755278398
978000000.0	0.982475962119
980000000.0	0.729230744942
982000000.0	0.335958111709
984000000.0	-0.283489127867
986000000.0	-1.0853697036
988000000.0	-0.732477146758
990000000.0	-0.182460145148
992000000.0	0.704974486437
994000000.0	0.553066804569
996000000.0	0.392054716902
998000000.0	-0.233524682319
1000000000.0	-0.2125
1002000000.0	-0.287631114316
1004000000.0	-0.0838546012919
1006000000.0	0.253796719167
1008000000.0	0.663932509759
1010000000.0	0.363306778918
1012000000.0	0.177685699398
1014000000.0	-0.242461124275
1016000000.0	-0.321606983789
1018000000.0	-0.000500587849242
1020000000.0	0.0645271368799
1022000000.0	0.249331334537
1024000000.0	0.365303556537
1026000000.0	-0.0868120281211
1028000000.0	-0.535905251654
1030000000.0	-0.682658821443
1032000000.0	-0.305394829658
1034000000.0	0.0209204901746
1036000000.0	0.499493203507
1038000000.0	0.229791640345
1040000000.0	0.420443622431
1042000000.0	-0.198737860744
1044000000.0	-0.397899595358
1046000000.0	-0.480633587267
1048000000.0	-0.210033214132
1050000000.0	-0.0225492172248
1052000000.0	0.136197494937
1054000000.0	0.413303480398
1056000000.0	0.0822170017246
1058000000.0	0.00970837337191
1060000000.0	-0.477936412272
1062000000.0	-0.16631138126
1064000000.0	-0.0917068750793
1066000000.0	0.2600072214
1068000000.0	0.280423191981
1070000000.0	-0.11140519928
1072000000.0	-0.22484628229
1074000000.0	0.0332405396525
1076000000.0	-0.748639257209
1078000000.0	0.0107072991109
1080000000.0	0.253435162285
1082000000.0	0.229436376919
1084000000.0	0.468337209455
1086000000.0	0.142477919258
1088000000.0	-0.424084128976
1090000000.0	-0.254629357878
1092000000.0	-0.157356882379
1094000000.0	0.0592731098675
1096000000.0	0.206171503749
1098000000.0	0.274541830831
1100000000.0	0.26369760393
1102000000.0	-0.286868869413
1104000000.0	-0.583048157319
1106000000.0	-0.451113967185
1108000000.0	-0.00515927193402
1110000000.0	0.152868717337
1112000000.0	0.448166325335
1114000000.0	0.0717042489785
1116000000.0	-0.0981265687852
1118000000.0	-0.0421949636688
1120000000.0	-0.42992156344
1122000000.0	-0.37585048552
1124000000.0	0.0332781543291
1126000000.0	0.695853637503
1128000000.0	0.34445043622
1130000000.0	0.258435606639
1132000000.0	-0.276598198167
1134000000.0	-0.600731985813
1136000000.0	0.0407775435253
1138000000.0	0.0870941892238
1140000000.0	0.0176638576636
1142000000.0	0.400978142906
1144000000.0	0.293999511173
1146000000.0	-0.668260317651
1148000000.0	-0.0507062702958
1150000000.0	-0.184185551974
1152000000.0	0.214867533962
1154000000.0	0.09872984734
1156000000.0	0.0118319270486
1158000000.0	0.134862100251
1160000000.0	-0.31015146496
1162000000.0	-0.261440515679
1164000000.0	-0.0511891528927
1166000000.0	-0.0143561572063
1168000000.0	-0.270777102303
1170000000.0	0.219470519731
1172000000.0	0.0541053560765
1174000000.0	0.217115451272
1176000000.0	-0.41613901211
1178000000.0	-0.326968696524
1180000000.0	-0.163793438982
1182000000.0	0.0765463025285
1184000000.0	0.245399607475
1186000000.0	0.305563260898
1188000000.0	0.0456727481123
1190000000.0	0.138739451537
1192000000.0	-0.233247590992
1194000000.0	-0.383109296736
1196000000.0	-0.796884294872
1198000000.0	-1.32069172155
1200000000.0	3.79147863234
1202000000.0	-0.953715375082
1204000000.0	-0.509584027331
1206000000.0	-0.282004870889
1208000000.0	-0.0702520068031
1210000000.0	0.150128196108
1212000000.0	0.161903667911
1214000000.0	0.305447359871
1216000000.0	0.104527539696
1218000000.0	0.0464904876663
1220000000.0	-0.225395673451
1222000000.0	-0.311490564113
1224000000.0	-0.270625537223
1226000000.0	0.166704722621
1228000000.0	0.786081810822
1230000000.0	-0.00431597091819
1232000000.0	0.39182455814
1234000000.0	-0.026177678886
1236000000.0	-0.38342896798
1238000000.0	-0.302282183683
1240000000.0	-0.0947287331998
1242000000.0	0.342185392479
1244000000.0	0.33141522172
1246000000.0	0.0829947577607
1248000000.0	-0.448608344975
1250000000.0	-0.786272932544
1252000000.0	-0.263993910112
1254000000.0	0.257355587995
1256000000.0	-0.190181164207
1258000000.0	0.146619062036
1260000000.0	0.468563302479
1262000000.0	0.227601886937
1264000000.0	-0.408565780729
1266000000.0	-0.152982194776
1268000000.0	-0.293537365621
1270000000.0	0.220464515975
1272000000.0	0.537085632015
1274000000.0	0.320066911768
1276000000.0	0.197747328798
1278000000.0	-0.054904018205
1280000000.0	-0.196590800791
1282000000.0	-0.30705966878
1284000000.0	0.174456108698
1286000000.0	0.168698676395
1288000000.0	0.618278564296
1290000000.0	0.498784588969
1292000000.0	0.043775726191
1294000000.0	-0.382337280064
1296000000.0	-1.03218450509
1298000000.0	-1.6255618602
1300000000.0	4.57884648422
1302000000.0	-1.73270551318
1304000000.0	-0.793540398297
1306000000.0	-0.187898743397
1308000000.0	0.101108487168
1310000000.0	0.0827701992228
1312000000.0	0.166712716197
1314000000.0	-0.0482376030231
1316000000.0	0.420891588802
1318000000.0	0.316544765419
1320000000.0	-0.132109947994
1322000000.0	-0.353385029152
1324000000.0	0.0622319044205
1326000000.0	0.0698657949129
1328000000.0	0.023475577947
1330000000.0	0.0959870017903
1332000000.0	0.161345611567
1334000000.0	0.155667518234
1336000000.0	-0.0770121960105
1338000000.0	0.0544787761645
1340000000.0	-0.165625741314
1342000000.0	-0.034584381708
1344000000.0	0.288772470597
1346000000.0	0.275713209585
1348000000.0	0.139897407966
1350000000.0	-0.0537950075628
1352000000.0	-0.144899825947
1354000000.0	0.158556206995
1356000000.0	-0.213782115845
1358000000.0	0.411076339147
1360000000.0	0.209993433684
1362000000.0	-0.0017615854227
1364000000.0	0.204797789964
1366000000.0	0.358329755054
1368000000.0	-0.0696155657227
1370000000.0	-0.163780211947
1372000000.0	-0.210362679398
1374000000.0	0.0177899007929
1376000000.0	0.516043768924
1378000000.0	0.437876829074
1380000000.0	-0.209458428909
1382000000.0	-0.427544640958
1384000000.0	-0.233454942045
1386000000.0	-0.332395779663
1388000000.0	0.291913675577
1390000000.0	0.605245967077
1392000000.0	0.144993313038
1394000000.0	-0.107345257659
1396000000.0	-0.149232667074
1398000000.0	-0.486731798488
1400000000.0	0.642411915713
1402000000.0	-0.369759338423
1404000000.0	0.073493682053
1406000000.0	0.596510464541
1408000000.0	0.466749201598
1410000000.0	-0.498132013336
1412000000.0	-0.427843452242
1414000000.0	-0.366302962453
1416000000.0	0.112127635641
1418000000.0	0.122819542498
1420000000.0	0.473404048051
1422000000.0	0.207923525283
1424000000.0	-0.0337886591399
1426000000.0	-0.0755247892745
1428000000.0	-0.331664511199
1430000000.0	-0.253366973761
1432000000.0	0.344610191746
1434000000.0	0.202745804634
1436000000.0	0.245929562597
1438000000.0	0.300681514997
1440000000.0	-0.218380000777
1442000000.0	-0.581878022879
1444000000.0	-0.377330556091
1446000000.0	-0.0869092303199
1448000000.0	0.355493751077
1450000000.0	0.616134131928
1452000000.0	0.531737290544
1454000000.0	-0.270764716855
1456000000.0	-0.794203383777
1458000000.0	-0.792595094672
1460000000.0	-0.371676927132
1462000000.0	0.179607774928
1464000000.0	0.205318477086
1466000000.0	0.785049047085
1468000000.0	0.658611440513
1470000000.0	-0.420184705978
1472000000.0	-1.17171859282
1474000000.0	-1.20827838388
1476000000.0	-0.605042741685
1478000000.0	1.00993361555
1480000000.0	1.81709293011
1482000000.0	1.24015339263
1484000000.0	-0.529058476286
1486000000.0	-1.2849839314
1488000000.0	-1.96255948275
1490000000.0	-1.21486760457
1492000000.0	-0.00410790955227
1494000000.0	2.04930171361
1496000000.0	5.65197941439
1498000000.0	11.5540530884
1500000000.0	-32.9109433407
1502000000.0	12.9188291737
1504000000.0	7.38557810838
1506000000.0	1.16589081658
1508000000.0	-2.20121906337
1510000000.0	-2.47776579093
1512000000.0	-0.77110095015
1514000000.0	0.552062237213
1516000000.0	0.585904804139
1518000000.0	0.677389621794
1520000000.0	0.331383584022
1522000000.0	-0.0299083858067
1524000000.0	-0.658553302481
1526000000.0	-0.363486760166
1528000000.0	-0.481029872044
1530000000.0	0.0900621741068
1532000000.0	0.558467610119
1534000000.0	0.441341278058
1536000000.0	-0.0567169920106
1538000000.0	-0.538161614713
1540000000.0	-0.545719766441
1542000000.0	-0.0480680753226
1544000000.0	0.223809429096
1546000000.0	0.728774297496
1548000000.0	0.291998506071
1550000000.0	0.0419768340243
1552000000.0	-0.203195528102
1554000000.0	-0.0639426052341
1556000000.0	-0.379392513827
1558000000.0	0.170266043211
1560000000.0	0.0787581285166
1562000000.0	0.261742956728
1564000000.0	0.0237908851554
1566000000.0	-0.116909673415
1568000000.0	-0.314496674533
1570000000.0	-0.0517175326351
1572000000.0	0.107159303797
1574000000.0	0.151991038227
1576000000.0	0.293516843017
1578000000.0	0.434126950834
1580000000.0	-0.155096394223
1582000000.0	-0.358540745648
1584000000.0	-0.354026056112
1586000000.0	0.0606022365949
1588000000.0	0.0269442504751
1590000000.0	0.0874481421452
1592000000.0	0.371365255344
1594000000.0	0.113309804901
1596000000.0	-0.332920497029
1598000000.0	-0.0643527316821
1600000000.0	0.454682647469
1602000000.0	-0.355979907363
1604000000.0	0.0552077878898
1606000000.0	0.00426888578663
1608000000.0	0.386173942907
1610000000.0	-0.144676551763
1612000000.0	-0.155272512786
1614000000.0	-0.198226565012
1616000000.0	-0.109678615917
1618000000.0	0.224812286772
1620000000.0	0.155258023374
1622000000.0	0.182868293785
1624000000.0	0.403177555339
1626000000.0	-0.371211690235
1628000000.0	0.0555565118503
1630000000.0	0.167876623663
1632000000.0	-0.00842138223145
1634000000.0	-0.0211074426524
1636000000.0	-0.0266708491369
1638000000.0	0.0941051752208
1640000000.0	0.134220278846
1642000000.0	-0.0801561603767
1644000000.0	-0.318554929568
1646000000.0	-0.00168463482225
1648000000.0	0.269594917586
1650000000.0	-0.0182987957778
1652000000.0	-0.223817093869
1654000000.0	-0.0108790327269
1656000000.0	0.0838450493572
1658000000.0	-0.256325700828
1660000000.0	0.0136493708535
1662000000.0	-0.19734171129
1664000000.0	0.105200250439
1666000000.0	0.182984655598
1668000000.0	-0.199353700852
1670000000.0	-0.135613430914
1672000000.0	-0.211832764399
1674000000.0	-0.245763341016
1676000000.0	0.173124749904
1678000000.0	0.388782913549
1680000000.0	0.172801441032
1682000000.0	0.218937949317
1684000000.0	-0.119769805028
1686000000.0	0.0178694584291
1688000000.0	-0.119579762061
1690000000.0	-0.0924369095778
1692000000.0	-0.15605669387
1694000000.0	0.128723042165
1696000000.0	0.27332070311
1698000000.0	0.143795777371
1700000000.0	-0.582235624565
1702000000.0	0.0349592251981
1704000000.0	-0.111318675077
1706000000.0	-0.122750402593
1708000000.0	0.0194584328806
1710000000.0	0.229080697714
1712000000.0	0.0481670403387
1714000000.0	0.0474310337586
1716000000.0	0.288067586231
1718000000.0	0.111220263835
1720000000.0	0.0390110285149
1722000000.0	-0.204063939996
1724000000.0	0.199627994388
1726000000.0	-0.146355345409
1728000000.0	-0.00381534244476
1730000000.0	0.139958202909
1732000000.0	-0.151358628938
1734000000.0	0.0954876562238
1736000000.0	0.137462116139
1738000000.0	-0.0327010982417
1740000000.0	-0.0833196534132
1742000000.0	0.107068762465
1744000000.0	-0.0576391912103
1746000000.0	-0.05045764975
1748000000.0	-0.00265766695126
1750000000.0	1.13074866137
1752000000.0	0.105140441053
1754000000.0	0.0916669043914
1756000000.0	0.0142353935763
1758000000.0	0.0720839485001
1760000000.0	0.10606794612
1762000000.0	0.0126687687638
1764000000.0	0.0446170705047
1766000000.0	0.137202220047
1768000000.0	-0.195340680412
1770000000.0	0.0986189303223
1772000000.0	0.20866136793
1774000000.0	0.0377820620761
1776000000.0	-0.134290181668
1778000000.0	-0.155577169725
1780000000.0	0.130475586697
1782000000.0	0.0446993582655
1784000000.0	0.00038828301214
1786000000.0	0.207512254963
1788000000.0	-0.163006762605
1790000000.0	-0.0625607945865
1792000000.0	-0.0628728213645
1794000000.0	-0.138520198231
1796000000.0	-0.483672604643
1798000000.0	-0.547693850164
1800000000.0	2.24525633467
1802000000.0	-0.486951704322
1804000000.0	-0.675349845591
1806000000.0	-0.299232658314
1808000000.0	-0.0425067417473
1810000000.0	0.278339565145
1812000000.0	0.205896315416
1814000000.0	0.117858979245
1816000000.0	-0.115271533811
1818000000.0	-0.118852384712
1820000000.0	0.00316874707832
1822000000.0	-0.165425537317
1824000000.0	0.0989010418426
1826000000.0	0.091654739433
1828000000.0	0.16617968297
1830000000.0	-0.0235566819609
1832000000.0	-0.167667069648
1834000000.0	-0.222910585286
1836000000.0	-0.170787102751
1838000000.0	0.252765982807
1840000000.0	0.267344981732
1842000000.0	0.11715498125
1844000000.0	0.074612450424
1846000000.0	0.137123418297
1848000000.0	-0.208971653921
1850000000.0	-0.0162329025249
1852000000.0	-0.154395905641
1854000000.0	0.0722152724934
1856000000.0	0.182931665685
1858000000.0	-0.138563604952
1860000000.0	0.0641275638267
1862000000.0	-0.364893466422
1864000000.0	-0.324724214378
1866000000.0	-0.0852592894473
1868000000.0	-0.00136022617974
1870000000.0	0.061740204154
1872000000.0	0.0756953112192
1874000000.0	0.247507465379
1876000000.0	-0.217359677246
1878000000.0	-0.308256259383
1880000000.0	-0.161258609201
1882000000.0	-0.0485996003437
1884000000.0	0.539003271283
1886000000.0	0.423031025625
1888000000.0	0.33144955067
1890000000.0	-0.27723153882
1892000000.0	-0.18854011299
1894000000.0	-0.644814554523
1896000000.0	-0.530820042999
1898000000.0	-0.877397207792
1900000000.0	4.40919177573
1902000000.0	-1.86309537364
1904000000.0	-1.37717081846
1906000000.0	0.100364210579
1908000000.0	0.627930812
1910000000.0	0.50702746055
1912000000.0	-0.0826875433447
1914000000.0	-0.407324388492
1916000000.0	-0.18243026885
1918000000.0	-0.069992377298
1920000000.0	0.0375841463453
1922000000.0	0.157474093578
1924000000.0	-0.105355634839
1926000000.0	-0.165961152429
1928000000.0	-0.115637949759
1930000000.0	-0.0878939820886
1932000000.0	-0.150634925544
1934000000.0	0.028973988239
1936000000.0	0.107443923702
1938000000.0	0.0483852292113
1940000000.0	0.112354394579
1942000000.0	0.291435293585
1944000000.0	-0.0387884924089
1946000000.0	0.148137636427
1948000000.0	-0.178332574774
1950000000.0	0.0361125355837
1952000000.0	0.116134017666
1954000000.0	0.09523135222
1956000000.0	-0.108639502768
1958000000.0	0.0589607758874
1960000000.0	-0.0161122286639
1962000000.0	-0.0452110912946
1964000000.0	0.0201444619034
1966000000.0	-0.0626393890356
1968000000.0	0.00901711159714
1970000000.0	0.118308328217
1972000000.0	-0.0172122166693
1974000000.0	0.0400285631555
1976000000.0	0.0651991404438
1978000000.0	-0.317062943629
1980000000.0	-0.0881142444781
1982000000.0	-0.103762036143
1984000000.0	-0.0226127469682
1986000000.0	0.255349231656
1988000000.0	0.02444848873
1990000000.0	-0.0761909307504
1992000000.0	-0.0416551663343
1994000000.0	-0.240735167723
1996000000.0	-0.106138624135
1998000000.0	-0.590756749482
2000000000.0	1.325
