0.0	-9.60625
2000000.0	-0.663548724917
4000000.0	0.756159155205
6000000.0	-1.80854621886
8000000.0	-2.89694156201
10000000.0	-2.05101595861
12000000.0	-3.23297958862
14000000.0	-2.57029018464
16000000.0	0.505561675598
18000000.0	5.38318336523
20000000.0	7.42859065705
22000000.0	5.99777529303
24000000.0	1.3892167977
26000000.0	-3.34591938765
28000000.0	-7.49912156571
30000000.0	-9.13153443788
32000000.0	-8.69187924017
34000000.0	-3.91916360725
36000000.0	3.6827964718
38000000.0	7.54179187458
40000000.0	6.93732928256
42000000.0	4.38556354096
44000000.0	0.617150013299
46000000.0	-2.50552186118
48000000.0	-3.50584349534
50000000.0	-2.8660980985
52000000.0	0.261310795026
54000000.0	2.52746397538
56000000.0	2.70651488207
58000000.0	1.6381400039
60000000.0	-0.443924511948
62000000.0	-1.7955409116
64000000.0	-1.34736067469
66000000.0	0.622166816607
68000000.0	2.32120517165
70000000.0	2.95550676052
72000000.0	2.0216475435
74000000.0	0.333532728283
76000000.0	-1.49871623901
78000000.0	-1.36509846927
80000000.0	-0.580579617999
82000000.0	0.88956808289
84000000.0	1.64152441189
86000000.0	1.11613230665
88000000.0	1.01055795765
90000000.0	-0.0794726817396
92000000.0	-0.649752965877
94000000.0	-0.141760051966
96000000.0	0.652010359453
98000000.0	1.66574911191
100000000.0	1.06545959286
102000000.0	0.000132871622032
104000000.0	-0.835120559068
106000000.0	-1.42858077609
108000000.0	-0.134051480291
110000000.0	0.71877966815
112000000.0	1.29887685693
114000000.0	1.71020269335
116000000.0	1.1079881494
118000000.0	-0.455088179126
120000000.0	-1.06427467423
122000000.0	-0.873460316619
124000000.0	0.323390968067
126000000.0	-0.373750016141
128000000.0	0.55757326639
130000000.0	0.441700422408
132000000.0	0.208418269589
134000000.0	-0.669084591768
136000000.0	-0.816210454028
138000000.0	-0.521698693764
140000000.0	-0.0770009464214
142000000.0	0.401041603633
144000000.0	0.703256565712
146000000.0	0.0524536504444
148000000.0	-0.380699087846
150000000.0	-0.580726393133
152000000.0	-0.524602982863
154000000.0	-0.251459853523
156000000.0	0.0608070750934
158000000.0	0.531151032912
160000000.0	0.165037688979
162000000.0	0.136945018421
164000000.0	0.118433178862
166000000.0	-0.42144974227
168000000.0	-0.129603656075
170000000.0	-0.348792285046
172000000.0	-0.417011664464
174000000.0	0.0563508525845
176000000.0	-0.421280007707
178000000.0	0.181207311854
180000000.0	0.676393840506
182000000.0	0.825796649816
184000000.0	0.173386060967
186000000.0	0.147891540089
188000000.0	-0.808021456673
190000000.0	-0.990105980433
192000000.0	-0.690332500401
194000000.0	0.23349957933
196000000.0	0.770371767201
198000000.0	0.846949287923
200000000.0	0.277542911565
202000000.0	-0.0671496891093
204000000.0	-0.697679416187
206000000.0	-0.514421011174
208000000.0	-0.548073963868
210000000.0	-0.0570527595409
212000000.0	0.327355733271
214000000.0	0.433445012243
216000000.0	0.0121386967664
218000000.0	-0.281743484647
220000000.0	-0.346442820515
222000000.0	-0.0767214573023
224000000.0	0.805897365499
226000000.0	0.680217479969
228000000.0	0.167525907601
230000000.0	-0.564172505023
232000000.0	-1.21765365288
234000000.0	-0.788815397381
236000000.0	0.288532146424
238000000.0	1.03291342854
240000000.0	1.27527453746
242000000.0	1.04831844757
244000000.0	-0.306959783977
246000000.0	-1.480364842
248000000.0	-2.23981150782
250000000.0	-1.25970511213
252000000.0	0.595370914006
254000000.0	2.78544557777
256000000.0	3.35083825965
258000000.0	1.23031874761
260000000.0	-1.68453043545
262000000.0	-3.56107813515
264000000.0	-2.67972042732
266000000.0	0.0274697572581
268000000.0	2.25816867053
270000000.0	2.81653458961
272000000.0	1.94783997914
274000000.0	0.757268791678
276000000.0	-0.93830887231
278000000.0	-3.4735918116
280000000.0	-4.2247951268
282000000.0	-1.20585718758
284000000.0	5.38021289962
286000000.0	9.0246120617
288000000.0	2.34792255362
290000000.0	-10.8052055028
292000000.0	-15.9912536298
294000000.0	-1.8904148645
296000000.0	27.6489140523
298000000.0	50.4177567344
300000000.0	-94.9770507162
302000000.0	17.9505238396
304000000.0	8.07404258572
306000000.0	10.1721225534
308000000.0	11.3333901249
310000000.0	3.35621095454
312000000.0	-8.89117492548
314000000.0	-13.8005899507
316000000.0	-6.66331269756
318000000.0	4.76234874322
320000000.0	10.3801818423
322000000.0	7.71633699284
324000000.0	0.20454457824
326000000.0	-4.90672454977
328000000.0	-6.07710211119
330000000.0	-3.94991094328
332000000.0	-0.506684759634
334000000.0	3.13929527309
336000000.0	4.6268047395
338000000.0	3.4573924905
340000000.0	0.568031436131
342000000.0	-3.21946526607
344000000.0	-4.21777417945
346000000.0	-2.96970705614
348000000.0	0.853483582739
350000000.0	3.59930865489
352000000.0	3.59958820141
354000000.0	0.828561256721
356000000.0	-1.82929592629
358000000.0	-3.03976463038
360000000.0	-2.0485984286
362000000.0	-0.102473356995
364000000.0	1.56611586321
366000000.0	2.52681741352
368000000.0	1.38925521185
370000000.0	-0.498436900498
372000000.0	-2.2473521236
374000000.0	-2.08309550846
376000000.0	-1.08773250285
378000000.0	0.866846252701
380000000.0	2.42484587505
382000000.0	2.0650836145
384000000.0	-0.0180574621728
386000000.0	-1.68631121697
388000000.0	-2.31547577437
390000000.0	-1.5108600991
392000000.0	0.449821771117
394000000.0	2.0018512037
396000000.0	2.20419093137
398000000.0	1.23292837081
400000000.0	-1.01807880706
402000000.0	-1.64615515992
404000000.0	-1.78408431451
406000000.0	-0.819138973049
408000000.0	1.09816123667
410000000.0	1.56675285837
412000000.0	1.69501202602
414000000.0	0.567043897285
416000000.0	-1.50558810405
418000000.0	-1.83714358055
420000000.0	-1.08504345722
422000000.0	-0.00454474787949
424000000.0	1.09914056863
426000000.0	1.50773211227
428000000.0	0.616845952027
430000000.0	-0.504403969504
432000000.0	-1.64937842337
434000000.0	-1.17934756925
436000000.0	-0.300696342257
438000000.0	0.582862127809
440000000.0	1.04598091101
442000000.0	0.841504918899
444000000.0	0.126691852078
446000000.0	-0.780192584359
448000000.0	-0.90351355129
450000000.0	-0.589990229603
452000000.0	0.412565474024
454000000.0	1.02237313372
456000000.0	1.11803952531
458000000.0	0.195760704171
460000000.0	-0.539958749011
462000000.0	-1.10250259659
464000000.0	-0.878296883552
466000000.0	-0.157993291775
468000000.0	0.78473124759
470000000.0	0.950752613987
472000000.0	0.67046399431
474000000.0	-0.499674575644
476000000.0	-0.95384238912
478000000.0	-0.863828265876
480000000.0	-0.160597589286
482000000.0	0.626941067882
484000000.0	1.17869986034
486000000.0	0.802024371766
488000000.0	0.103310503827
490000000.0	-0.647349779933
492000000.0	-0.743768013253
494000000.0	-0.458635312231
496000000.0	0.515860034265
498000000.0	0.530292426201
500000000.0	1.17908143191
502000000.0	0.425369652557
504000000.0	-0.439269075871
506000000.0	-0.593634153727
508000000.0	-0.690702969022
510000000.0	-0.126764240979
512000000.0	0.435640146938
514000000.0	0.518509338366
516000000.0	0.280028027532
518000000.0	0.250488573322
520000000.0	-0.56672893794
522000000.0	-0.42114791503
524000000.0	-0.310698493107
526000000.0	0.140742136247
528000000.0	0.556561856281
530000000.0	0.543645112696
532000000.0	0.167611783246
534000000.0	-0.170039139777
536000000.0	-0.689877396536
538000000.0	-0.324366180939
540000000.0	0.256907589029
542000000.0	0.931699754447
544000000.0	0.523649867635
546000000.0	0.371978066445
548000000.0	-0.291100413947
550000000.0	-0.666333487342
552000000.0	-0.230376617403
554000000.0	-0.0682760314586
556000000.0	0.380795386207
558000000.0	0.785897075721
560000000.0	0.397099803562
562000000.0	0.0143010432192
564000000.0	-0.410539744313
566000000.0	-0.329812627889
568000000.0	-0.393901919549
570000000.0	0.124158307724
572000000.0	0.729981980602
574000000.0	0.352336275645
576000000.0	0.038538733007
578000000.0	-0.276812891745
580000000.0	-0.288299880298
582000000.0	-0.317615584027
584000000.0	0.0055636503936
586000000.0	0.367199564872
588000000.0	0.627561546133
590000000.0	0.301076947588
592000000.0	-0.29858608194
594000000.0	-0.329347780628
596000000.0	-0.292968099347
598000000.0	-0.0772284284009
600000000.0	0.0366494742897
602000000.0	0.385291758444
604000000.0	0.322561005742
606000000.0	-0.0503669019328
608000000.0	-0.650866191831
610000000.0	-0.435129562926
612000000.0	-0.175554694733
614000000.0	0.188994024474
616000000.0	0.699916736938
618000000.0	0.454494818522
620000000.0	0.0353352126332
622000000.0	-0.396489985539
624000000.0	-0.292475303487
626000000.0	-0.846172510303
628000000.0	0.0700491702242
630000000.0	0.429935632634
632000000.0	0.609903667297
634000000.0	0.461063376713
636000000.0	-0.342758667249
638000000.0	-0.185684340594
640000000.0	-0.66427101448
642000000.0	-0.0760724120796
644000000.0	0.284406522917
646000000.0	0.468459363146
648000000.0	0.242822992463
650000000.0	-0.358027932631
652000000.0	-0.421667777518
654000000.0	-0.215394706839
656000000.0	-0.283587863162
658000000.0	0.190356604889
660000000.0	0.535421660938
662000000.0	0.631594757621
664000000.0	-0.240003179775
666000000.0	-0.244236703228
668000000.0	-0.667239728759
670000000.0	-0.442323649898
672000000.0	-0.0773742332725
674000000.0	0.37154499471
676000000.0	0.65042515852
678000000.0	0.373936741092
680000000.0	-0.142351738283
682000000.0	-0.411166615516
684000000.0	-0.774965719044
686000000.0	-0.367060906577
688000000.0	0.348581011823
690000000.0	0.420711377706
692000000.0	0.25518489538
694000000.0	0.026614340425
696000000.0	-0.375924102057
698000000.0	-0.226364061218
700000000.0	-1.1668716279
702000000.0	0.235257464342
704000000.0	0.813868848773
706000000.0	0.766703704051
708000000.0	0.254503290068
710000000.0	-0.306368857733
712000000.0	-1.07799489087
714000000.0	-0.246223867921
716000000.0	0.0429927613195
718000000.0	0.211315409558
720000000.0	0.770871147144
722000000.0	0.619378583602
724000000.0	0.221027612512
726000000.0	-0.621953157342
728000000.0	-0.643280697414
730000000.0	-0.3104358229
732000000.0	0.0526846641543
734000000.0	0.580673076001
736000000.0	0.408806186761
738000000.0	0.346984226935
740000000.0	-0.172394619935
742000000.0	-0.474529737954
744000000.0	-0.266173439755
746000000.0	0.0905260011577
748000000.0	0.473248694132
750000000.0	0.95818892646
752000000.0	0.13265628248
754000000.0	-0.0618419088611
756000000.0	-0.371410890327
758000000.0	-0.600325359733
760000000.0	-0.373897669598
762000000.0	0.666795568983
764000000.0	0.446167487006
766000000.0	0.488031326105
768000000.0	-0.0643478193552
770000000.0	-0.566456389878
772000000.0	-0.806040314963
774000000.0	-0.12836220096
776000000.0	0.0917580805111
778000000.0	0.370518389223
780000000.0	0.709206145822
782000000.0	0.0400452160462
784000000.0	-0.509781948061
786000000.0	-0.199547537181
788000000.0	-0.637914220224
790000000.0	-0.589644037859
792000000.0	-0.12133551856
794000000.0	0.929234115825
796000000.0	0.670419452773
798000000.0	0.376659186972
800000000.0	-1.07718772911
802000000.0	-0.311187645167
804000000.0	-0.382895060918
806000000.0	0.0275082473826
808000000.0	0.167278295363
810000000.0	0.261393824883
812000000.0	0.372801509539
814000000.0	0.0428971883181
816000000.0	-0.611114357234
818000000.0	-0.49565689951
820000000.0	-0.0926106128252
822000000.0	0.0943354322666
824000000.0	0.702170376014
826000000.0	0.500940687365
828000000.0	-0.130092947429
830000000.0	-0.447329275913
832000000.0	-0.901396789401
834000000.0	-0.425882977478
836000000.0	0.172793748449
838000000.0	0.962666619168
840000000.0	0.682198907899
842000000.0	0.427973993207
844000000.0	-0.440834036808
846000000.0	-0.780053590638
848000000.0	-0.747137172949
850000000.0	-0.608133517632
852000000.0	0.377485303265
854000000.0	1.12870766317
856000000.0	0.908832973656
858000000.0	0.185476534485
860000000.0	-0.749147940761
862000000.0	-1.40932590999
864000000.0	-1.27347405284
866000000.0	0.123133992027
868000000.0	0.758416811387
870000000.0	1.05186322041
872000000.0	0.351768697704
874000000.0	-0.267690575881
876000000.0	-0.445451647376
878000000.0	-1.17125483044
880000000.0	-1.27001122468
882000000.0	0.0885023191005
884000000.0	2.42679380973
886000000.0	3.05647441965
888000000.0	0.656704220961
890000000.0	-3.49261107178
892000000.0	-5.29655793398
894000000.0	-0.962678509332
896000000.0	8.65970305049
898000000.0	15.0890367186
900000000.0	-26.1698639919
902000000.0	4.40250822402
904000000.0	1.47106903082
906000000.0	2.44573474534
908000000.0	3.73701815722
910000000.0	1.64290535523
912000000.0	-2.02128416666
914000000.0	-3.61716475013
916000000.0	-2.10110001457
918000000.0	1.09812250338
920000000.0	2.75427983385
922000000.0	2.15138385708
924000000.0	0.022457297419
926000000.0	-0.91009924844
928000000.0	-1.43618568347
930000000.0	-0.985085010875
932000000.0	-0.228200945317
934000000.0	0.263132940849
936000000.0	1.07192021581
938000000.0	1.14231398932
940000000.0	0.259262841019
942000000.0	-0.488776047712
944000000.0	-0.915399983676
946000000.0	-0.778918446617
948000000.0	-0.255562378508
950000000.0	0.370708921696
952000000.0	0.964727647603
954000000.0	0.599935043659
956000000.0	-0.35355933915
958000000.0	-0.444176406375
960000000.0	-0.571879562008
962000000.0	-0.172132332703
964000000.0	0.152074072008
966000000.0	0.474227893709
968000000.0	0.443532578082
970000000.0	0.105341646481
972000000.0	0.0850499214267
974000000.0	-0.728185163227
976000000.0	-0.551320699488
978000000.0	0.0151523506677
980000000.0	0.167480956268
982000000.0	0.73416405439
984000000.0	0.211043547718
986000000.0	0.070712980601
988000000.0	-0.628212220111
990000000.0	-0.414326649966
992000000.0	-0.138724351959
994000000.0	0.374797711766
996000000.0	0.579744455568
998000000.0	0.70153642117
1000000000.0	1.48125
1002000000.0	-0.1397671932
1004000000.0	-0.239908900904
1006000000.0	-0.513719349819
1008000000.0	0.147857199431
1010000000.0	0.258387521956
1012000000.0	0.461003396042
1014000000.0	0.373725403942
1016000000.0	-0.134410427001
1018000000.0	-0.303650782914
1020000000.0	-0.0450968809352
1022000000.0	-0.323023687738
1024000000.0	0.0736235753558
1026000000.0	0.182013621659
1028000000.0	0.61374959408
1030000000.0	-0.0811187285673
1032000000.0	-0.273967097898
1034000000.0	-0.579551017128
1036000000.0	-0.306848164858
1038000000.0	-0.0920289156747
1040000000.0	0.319136408727
1042000000.0	0.203868686029
1044000000.0	0.504780739192
1046000000.0	-0.10492395531
1048000000.0	-0.273270834026
1050000000.0	-0.303079167144
1052000000.0	-0.0884032382732
1054000000.0	0.135923903008
1056000000.0	0.382967879062
1058000000.0	0.248163291851
1060000000.0	0.0791933404113
1062000000.0	-0.128764113016
1064000000.0	-0.462678616112
1066000000.0	-0.227111013272
1068000000.0	0.334164392402
1070000000.0	-0.111444304662
1072000000.0	0.113862785797
1074000000.0	0.241731731447
1076000000.0	-0.146360973418
1078000000.0	-0.121332707833
1080000000.0	-0.327652145618
1082000000.0	-0.26764169188
1084000000.0	0.00697176667307
1086000000.0	0.252955837666
1088000000.0	0.107621520207
1090000000.0	-0.145877647276
1092000000.0	0.064235963902
1094000000.0	-0.588121495644
1096000000.0	-0.157312772668
1098000000.0	-0.271714170254
1100000000.0	0.623782877236
1102000000.0	0.346852593397
1104000000.0	0.205625575532
1106000000.0	-0.274225326961
1108000000.0	-0.111977216637
1110000000.0	-0.398106355182
1112000000.0	-0.0887429038933
1114000000.0	-0.00583439739977
1116000000.0	0.0795936852808
1118000000.0	0.0616296933159
1120000000.0	0.0312898471989
1122000000.0	0.161250602263
1124000000.0	-0.176005250502
1126000000.0	-0.313907425524
1128000000.0	-0.146286984498
1130000000.0	0.269145433938
1132000000.0	0.331796662782
1134000000.0	0.356697536582
1136000000.0	-0.103848955411
1138000000.0	-0.258267124665
1140000000.0	0.075870342609
1142000000.0	-0.110884876682
1144000000.0	0.107568944958
1146000000.0	0.374689019251
1148000000.0	0.401044821084
1150000000.0	-0.0968190281227
1152000000.0	0.151224805585
1154000000.0	-0.298885192683
1156000000.0	0.208155740918
1158000000.0	0.139341522441
1160000000.0	0.172986098982
1162000000.0	0.459599547887
1164000000.0	-0.0558445357568
1166000000.0	0.269161282184
1168000000.0	0.14198962668
1170000000.0	-0.356644310979
1172000000.0	0.428764091226
1174000000.0	-0.233664044211
1176000000.0	0.0825456315861
1178000000.0	0.0838875046398
1180000000.0	0.341919348073
1182000000.0	-0.398717165644
1184000000.0	-0.27103747713
1186000000.0	-0.31598186594
1188000000.0	-0.151812417839
1190000000.0	0.262956348292
1192000000.0	0.308012388164
1194000000.0	0.0610474394458
1196000000.0	-0.131123610651
1198000000.0	0.428168071595
1200000000.0	-1.17879619294
1202000000.0	0.568033006217
1204000000.0	0.0394653594986
1206000000.0	0.192585381739
1208000000.0	-0.238704831643
1210000000.0	-0.185796232927
1212000000.0	-0.308057524677
1214000000.0	-0.109979275951
1216000000.0	-0.0736359585888
1218000000.0	0.144818754354
1220000000.0	0.0814622256058
1222000000.0	0.215476081898
1224000000.0	0.0494516086074
1226000000.0	-0.562326148773
1228000000.0	0.0583923221174
1230000000.0	-0.0499340987499
1232000000.0	-0.0179643548091
1234000000.0	0.216073520847
1236000000.0	0.196533119706
1238000000.0	0.0982023294897
1240000000.0	-0.27778027101
1242000000.0	-0.158273811943
1244000000.0	-0.193479669471
1246000000.0	-0.0578540102854
1248000000.0	0.049263996027
1250000000.0	-1.27545398863
1252000000.0	-0.130059195439
1254000000.0	0.0818486136769
1256000000.0	0.016268077429
1258000000.0	-0.236187169983
1260000000.0	-0.156842367575
1262000000.0	0.0689175816965
1264000000.0	0.0690632854457
1266000000.0	0.242649914557
1268000000.0	0.244755971126
1270000000.0	0.0031785317171
1272000000.0	0.0484077628755
1274000000.0	0.120319145341
1276000000.0	0.206737157111
1278000000.0	0.187177606658
1280000000.0	0.415068999499
1282000000.0	0.248954519183
1284000000.0	-0.30922541029
1286000000.0	-0.518204210673
1288000000.0	-0.129723023265
1290000000.0	-0.0617257497626
1292000000.0	0.266687903467
1294000000.0	0.346913707026
1296000000.0	0.196708661561
1298000000.0	0.570856278465
1300000000.0	-2.69744983265
1302000000.0	1.30422718372
1304000000.0	0.92398248596
1306000000.0	0.0915261327112
1308000000.0	-0.15932358966
1310000000.0	-0.059118013243
1312000000.0	-0.323703924075
1314000000.0	-0.133346558053
1316000000.0	0.108528417642
1318000000.0	-0.196019570693
1320000000.0	0.166460549324
1322000000.0	0.060102543972
1324000000.0	0.230891637366
1326000000.0	-0.319859979849
1328000000.0	-0.20215861314
1330000000.0	0.0957839615803
1332000000.0	0.0570522020494
1334000000.0	-0.104082241292
1336000000.0	-0.126335589018
1338000000.0	-0.153811771365
1340000000.0	-0.0568295118753
1342000000.0	-0.366268830213
1344000000.0	-0.281298723542
1346000000.0	0.0270482241968
1348000000.0	-0.1035742519
1350000000.0	0.278846538641
1352000000.0	0.418115396568
1354000000.0	0.0533980342561
1356000000.0	-0.0699921716491
1358000000.0	-0.0197859759438
1360000000.0	-0.0107493845156
1362000000.0	-0.00698120002097
1364000000.0	-0.0654468664856
1366000000.0	0.189053517002
1368000000.0	-0.140455066595
1370000000.0	-0.213216133865
1372000000.0	-0.384718741097
1374000000.0	0.333280973955
1376000000.0	-0.756405357637
1378000000.0	-0.208053845154
1380000000.0	0.179303723281
1382000000.0	0.323457188793
1384000000.0	0.0447688269563
1386000000.0	0.500646610311
1388000000.0	-0.208403465342
1390000000.0	-0.388374020361
1392000000.0	-0.156049826459
1394000000.0	0.119462274515
1396000000.0	0.213479297338
1398000000.0	0.4073768364
1400000000.0	-0.525624899149
1402000000.0	-0.0425346490992
1404000000.0	0.192190442839
1406000000.0	-0.0800828112348
1408000000.0	0.121623532465
1410000000.0	-0.22606190444
1412000000.0	0.00998703581832
1414000000.0	0.0954324532326
1416000000.0	-0.0684105022774
1418000000.0	-0.310789373554
1420000000.0	-0.0173933791772
1422000000.0	0.0247555156189
1424000000.0	0.214988735522
1426000000.0	0.323160121115
1428000000.0	0.391477741835
1430000000.0	-0.18584919612
1432000000.0	-0.0772259535574
1434000000.0	-0.285503031369
1436000000.0	0.0365778562912
1438000000.0	-0.245817494942
1440000000.0	0.0704799437085
1442000000.0	0.214712037956
1444000000.0	-0.234816899628
1446000000.0	-0.559980085901
1448000000.0	-0.255998419008
1450000000.0	-0.136729954725
1452000000.0	-0.279705045577
1454000000.0	0.489225434379
1456000000.0	0.511008967172
1458000000.0	0.462307409
1460000000.0	-0.506557611721
1462000000.0	-0.712388352761
1464000000.0	-0.396290696875
1466000000.0	0.00498776989759
1468000000.0	0.38392119558
1470000000.0	0.607776471049
1472000000.0	0.108620535955
1474000000.0	-0.0961588759964
1476000000.0	-0.0166921027728
1478000000.0	-0.485722473345
1480000000.0	-0.254248836642
1482000000.0	-0.119211869676
1484000000.0	0.912871402381
1486000000.0	1.32654187801
1488000000.0	0.182156600409
1490000000.0	-1.40211533512
1492000000.0	-2.23868169719
1494000000.0	-0.159387633296
1496000000.0	3.54465988498
1498000000.0	6.20132606921
1500000000.0	-10.3290814319
1502000000.0	1.56330995572
1504000000.0	0.60954612636
1506000000.0	1.30503468063
1508000000.0	1.59326127732
1510000000.0	0.659735354326
1512000000.0	-1.03727182705
1514000000.0	-1.7016106038
1516000000.0	-0.881528438547
1518000000.0	0.312852541204
1520000000.0	1.05335957403
1522000000.0	1.06763047752
1524000000.0	0.00473153595046
1526000000.0	-0.426892488813
1528000000.0	-0.614485801506
1530000000.0	-0.429492943305
1532000000.0	-0.177477030412
1534000000.0	0.0659709703788
1536000000.0	0.365666453747
1538000000.0	0.576298042602
1540000000.0	0.254318498418
1542000000.0	-0.521920390299
1544000000.0	-0.270619055695
1546000000.0	-0.468989457435
1548000000.0	0.143375010736
1550000000.0	0.255889960102
1552000000.0	0.29135801522
1554000000.0	0.303887155116
1556000000.0	0.100288465821
1558000000.0	-0.319448287966
1560000000.0	-0.307564169537
1562000000.0	-0.0454877723972
1564000000.0	0.0818313901608
1566000000.0	0.440424624147
1568000000.0	0.0870023374399
1570000000.0	0.232294098564
1572000000.0	-0.0269656606065
1574000000.0	-0.307773172553
1576000000.0	-0.178180404119
1578000000.0	0.224678785801
1580000000.0	-0.150410282227
1582000000.0	0.030763195816
1584000000.0	0.331712391757
1586000000.0	-0.294388313379
1588000000.0	-0.306332187312
1590000000.0	-0.347851874175
1592000000.0	-0.225580854089
1594000000.0	0.313877131617
1596000000.0	0.290466981263
1598000000.0	0.196259258084
1600000000.0	-0.650937270895
1602000000.0	-0.0827447444493
1604000000.0	-0.0794856374652
1606000000.0	0.106149885682
1608000000.0	-0.0778210808367
1610000000.0	0.183142012618
1612000000.0	0.0637771457285
1614000000.0	0.250689477386
1616000000.0	-0.0365385055248
1618000000.0	-0.000750211641129
1620000000.0	0.021045613072
1622000000.0	0.108893825033
1624000000.0	0.0362067695175
1626000000.0	0.0367249541412
1628000000.0	0.0241124698274
1630000000.0	-0.199529285401
1632000000.0	-0.080682202898
1634000000.0	-0.292772228223
1636000000.0	-0.154955458843
1638000000.0	-0.0958524809342
1640000000.0	0.273132722762
1642000000.0	0.176128676441
1644000000.0	0.041449073407
1646000000.0	-0.187203966331
1648000000.0	0.0158342212152
1650000000.0	-0.179429468973
1652000000.0	-0.135300746261
1654000000.0	-0.100031076462
1656000000.0	0.291336898177
1658000000.0	0.115652165298
1660000000.0	0.10066455291
1662000000.0	-0.129889858083
1664000000.0	-0.249584817776
1666000000.0	-0.00886553523819
1668000000.0	0.113605713027
1670000000.0	-0.206180818806
1672000000.0	0.15282875793
1674000000.0	0.131432447418
1676000000.0	0.108435866299
1678000000.0	0.0186335305782
1680000000.0	-0.05022893221
1682000000.0	-0.146230936519
1684000000.0	0.192212277482
1686000000.0	-0.0429764659561
1688000000.0	0.086224803396
1690000000.0	-0.00325236350389
1692000000.0	0.0257103173602
1694000000.0	-0.214907956756
1696000000.0	-0.0660656260146
1698000000.0	-0.22581539214
1700000000.0	0.679696566174
1702000000.0	-0.149253038955
1704000000.0	0.0351243812893
1706000000.0	-0.104320362153
1708000000.0	-0.192591078958
1710000000.0	0.0168878090918
1712000000.0	-0.0311220424854
1714000000.0	0.176996318835
1716000000.0	-0.138336649265
1718000000.0	0.0489695172271
1720000000.0	0.0863204348593
1722000000.0	0.0245296602845
1724000000.0	0.0290388240305
1726000000.0	0.0886155360691
1728000000.0	0.137856793533
1730000000.0	0.113658744006
1732000000.0	0.0908598079495
1734000000.0	-0.170156587702
1736000000.0	-0.197062223771
1738000000.0	-0.0214717537507
1740000000.0	-0.160689223393
1742000000.0	0.18320440623
1744000000.0	0.319806145761
1746000000.0	0.143792784114
1748000000.0	-0.0878926639424
1750000000.0	-0.348029825704
1752000000.0	-0.149834317592
1754000000.0	-0.223092958963
1756000000.0	0.304464952715
1758000000.0	-0.0584534137154
1760000000.0	-0.188922621433
1762000000.0	-0.127365840131
1764000000.0	-0.104723200342
1766000000.0	-0.148626470099
1768000000.0	-0.104159208057
1770000000.0	0.0970362695284
1772000000.0	-0.0334633333213
1774000000.0	-0.0753065703424
1776000000.0	0.00223747089175
1778000000.0	0.111935687964
1780000000.0	0.112561192035
1782000000.0	0.0390375946278
1784000000.0	-0.212236426033
1786000000.0	-0.16914481231
1788000000.0	0.111348783937
1790000000.0	0.0294196175365
1792000000.0	0.00176162837381
1794000000.0	-0.0913973283346
1796000000.0	-0.0716550683709
1798000000.0	0.0176581861464
1800000000.0	-0.738567486706
1802000000.0	0.321328836858
1804000000.0	0.331642654707
1806000000.0	0.228938753896
1808000000.0	-0.222857736668
1810000000.0	-0.153839487664
1812000000.0	0.05973004408
1814000000.0	0.0422113912099
1816000000.0	0.190972952324
1818000000.0	-0.0838655787088
1820000000.0	-0.153721946741
1822000000.0	-0.157885676659
1824000000.0	-0.110312947834
1826000000.0	-0.394929377903
1828000000.0	-0.105535239963
1830000000.0	-0.0411084529844
1832000000.0	-0.0221524136415
1834000000.0	0.167386324895
1836000000.0	-0.0350963959276
1838000000.0	-0.0560739431482
1840000000.0	-0.310422311528
1842000000.0	-0.271083445435
1844000000.0	-0.000763536778161
1846000000.0	0.0933904336961
1848000000.0	0.0274073963382
1850000000.0	0.148222066867
1852000000.0	-0.046432929379
1854000000.0	0.00112321690208
1856000000.0	-0.231895057755
1858000000.0	-0.148939781044
1860000000.0	0.0708395908955
1862000000.0	0.160746450053
1864000000.0	0.221358288751
1866000000.0	0.0330758371488
1868000000.0	-0.176578267844
1870000000.0	-0.118906610392
1872000000.0	-0.0844149367449
1874000000.0	0.000333012015687
1876000000.0	-0.0836835803253
1878000000.0	0.240088621161
1880000000.0	0.745168248621
1882000000.0	-0.0912373823596
1884000000.0	-0.345746239672
1886000000.0	-0.687233073186
1888000000.0	-0.284517062619
1890000000.0	0.231612586507
1892000000.0	0.305867774536
1894000000.0	0.583929357591
1896000000.0	0.692164518526
1898000000.0	1.52704827021
1900000000.0	-6.20770286772
1902000000.0	2.86599418701
1904000000.0	1.7419168538
1906000000.0	0.12970959189
1908000000.0	-0.511662686394
1910000000.0	-0.833977581848
1912000000.0	-0.180377410959
1914000000.0	0.377434163681
1916000000.0	0.353573760878
1918000000.0	0.0332546030825
1920000000.0	0.0236124655004
1922000000.0	0.0967060567995
1924000000.0	-0.0382810431415
1926000000.0	-0.124850309782
1928000000.0	-0.0152838939919
1930000000.0	0.207976695196
1932000000.0	0.246753228797
1934000000.0	0.13598817569
1936000000.0	-0.0964209814265
1938000000.0	0.0449598300899
1940000000.0	-0.34044799669
1942000000.0	-0.00246114477668
1944000000.0	0.311465294368
1946000000.0	-0.0292681221882
1948000000.0	0.0985630759841
1950000000.0	0.157391135614
1952000000.0	-0.273532398938
1954000000.0	-0.0753832945597
1956000000.0	-0.352466458406
1958000000.0	-0.00995558520538
1960000000.0	-0.057214991616
1962000000.0	0.400850222569
1964000000.0	0.0414613274219
1966000000.0	0.0854190409189
1968000000.0	-0.00986203233784
1970000000.0	-0.12262622268
1972000000.0	-0.116383537505
1974000000.0	-0.0378326543436
1976000000.0	-0.131642981854
1978000000.0	-0.107237593582
1980000000.0	-0.248811467034
1982000000.0	0.103453905695
1984000000.0	-0.0171688140202
1986000000.0	0.0117164882557
1988000000.0	-0.0286977829022
1990000000.0	-0.00432470275838
1992000000.0	0.226409605536
1994000000.0	0.467920520646
1996000000.0	0.354942749267
1998000000.0	0.295301087105
2000000000.0	-1.60625
