0.0	-11.75
2000000.0	-1.330557224
4000000.0	0.416540927221
6000000.0	-2.07363695285
8000000.0	-1.98594764608
10000000.0	-2.34855187412
12000000.0	-2.92776701802
14000000.0	-2.87891102436
16000000.0	1.0218975388
18000000.0	5.60840685104
20000000.0	8.61523243949
22000000.0	6.14993947625
24000000.0	0.728657614004
26000000.0	-4.20239889199
28000000.0	-7.8142248181
30000000.0	-9.58716867303
32000000.0	-8.00699477938
34000000.0	-2.59167879757
36000000.0	5.01566797716
38000000.0	8.67919796332
40000000.0	6.23185985015
42000000.0	3.36501706782
44000000.0	-0.34464187287
46000000.0	-3.36673177061
48000000.0	-3.74864417757
50000000.0	-1.97845337479
52000000.0	0.576649703904
54000000.0	2.26772318058
56000000.0	2.06603657989
58000000.0	0.954219972759
60000000.0	-0.566386073605
62000000.0	-1.8038296714
64000000.0	-0.213140506162
66000000.0	0.987799188245
68000000.0	2.52466233772
70000000.0	2.36937418945
72000000.0	1.21107809401
74000000.0	-0.447209300182
76000000.0	-0.963627402793
78000000.0	-0.938122446182
80000000.0	0.161603840852
82000000.0	1.02452162471
84000000.0	1.34632942602
86000000.0	0.724312850957
88000000.0	0.337148652046
90000000.0	-0.333087332087
92000000.0	-0.0270131665983
94000000.0	0.488980774403
96000000.0	1.29120596767
98000000.0	1.14796762323
100000000.0	0.164637547201
102000000.0	-1.11766128435
104000000.0	-1.28632865047
106000000.0	-1.17699591086
108000000.0	0.029626812344
110000000.0	1.87367818836
112000000.0	2.16098167425
114000000.0	1.55389630984
116000000.0	-0.176735300367
118000000.0	-1.66808828552
120000000.0	-1.49616603044
122000000.0	-1.33262120835
124000000.0	-0.151022762707
126000000.0	1.62094072893
128000000.0	1.4203003972
130000000.0	0.937505109553
132000000.0	-0.182362295127
134000000.0	-1.21473377614
136000000.0	-1.15537198832
138000000.0	-0.310652118982
140000000.0	0.476139570175
142000000.0	1.02245720824
144000000.0	0.701368645125
146000000.0	-0.174623442366
148000000.0	-0.377740194873
150000000.0	-0.711609781786
152000000.0	-0.266049105639
154000000.0	0.433027931664
156000000.0	0.721364215366
158000000.0	0.245626352067
160000000.0	-0.180322000548
162000000.0	-0.458319006643
164000000.0	-0.0934005500351
166000000.0	0.409771603198
168000000.0	0.550076221521
170000000.0	0.448413819114
172000000.0	-0.187229982305
174000000.0	-0.05808997528
176000000.0	-0.78111636484
178000000.0	-0.350554440149
180000000.0	0.606100015328
182000000.0	0.972569379426
184000000.0	0.913867586302
186000000.0	0.541701346264
188000000.0	-0.935463178988
190000000.0	-1.27082862909
192000000.0	-0.991683091479
194000000.0	-0.351196381948
196000000.0	0.538726858869
198000000.0	1.20458501244
200000000.0	1.1472021299
202000000.0	-0.123186379465
204000000.0	-0.534828405661
206000000.0	-1.04348382385
208000000.0	-0.549125647352
210000000.0	0.0665952497994
212000000.0	0.601040800706
214000000.0	0.322965543077
216000000.0	0.0589456978285
218000000.0	-0.12087118174
220000000.0	-0.594919290295
222000000.0	0.118116765197
224000000.0	0.904057230046
226000000.0	0.688361427397
228000000.0	0.133106302162
230000000.0	-0.923290100678
232000000.0	-1.23407359448
234000000.0	-0.52128476495
236000000.0	0.668582179733
238000000.0	1.65960538248
240000000.0	1.67706941823
242000000.0	0.845658018008
244000000.0	-0.573015985895
246000000.0	-1.92700467255
248000000.0	-1.94409252934
250000000.0	-1.71823660252
252000000.0	0.897928137756
254000000.0	2.69539015913
256000000.0	2.96389539024
258000000.0	0.708893898102
260000000.0	-2.11317940154
262000000.0	-3.87065186582
264000000.0	-2.15699566752
266000000.0	0.880164398165
268000000.0	3.43563381144
270000000.0	2.70067111715
272000000.0	-0.0278861418172
274000000.0	-1.59053088897
276000000.0	-1.84684522626
278000000.0	-1.52199284289
280000000.0	-0.710067797976
282000000.0	1.55225164267
284000000.0	5.16191375548
286000000.0	5.32015955079
288000000.0	-2.80010437049
290000000.0	-14.8473488423
292000000.0	-17.4359825894
294000000.0	4.09297511253
296000000.0	47.6223606278
298000000.0	88.6979037326
300000000.0	-208.708330446
302000000.0	61.4730900679
304000000.0	32.5361200829
306000000.0	14.9002749117
308000000.0	4.52438140426
310000000.0	-4.52846101834
312000000.0	-13.2904452169
314000000.0	-13.647675599
316000000.0	-4.40178089389
318000000.0	7.50700177018
320000000.0	12.7465154863
322000000.0	7.94916953427
324000000.0	-1.50126622325
326000000.0	-7.72734565387
328000000.0	-7.52513579585
330000000.0	-2.75945720227
332000000.0	2.24107510765
334000000.0	5.01743130104
336000000.0	4.65479795526
338000000.0	1.59458851046
340000000.0	-1.4490762746
342000000.0	-4.01753910025
344000000.0	-3.81110986374
346000000.0	-1.1375729629
348000000.0	2.31494315921
350000000.0	3.90933524059
352000000.0	2.66236311348
354000000.0	-0.640837990068
356000000.0	-3.0897275925
358000000.0	-3.16990050546
360000000.0	-1.13741823621
362000000.0	1.88277092658
364000000.0	3.05132405884
366000000.0	2.15504280197
368000000.0	0.235399160675
370000000.0	-2.05657624365
372000000.0	-2.84689879135
374000000.0	-1.97009446092
376000000.0	0.837063745927
378000000.0	2.43628330938
380000000.0	2.62364327699
382000000.0	1.55913644526
384000000.0	-0.935743364579
386000000.0	-2.44938765452
388000000.0	-2.27731905086
390000000.0	-0.670118162042
392000000.0	1.32603259212
394000000.0	2.15709076312
396000000.0	1.77712058792
398000000.0	0.021059260603
400000000.0	-0.752158613918
402000000.0	-2.1458319715
404000000.0	-1.58750066755
406000000.0	0.197045974168
408000000.0	1.59886872725
410000000.0	1.3785411161
412000000.0	0.66533437615
414000000.0	-0.327123272289
416000000.0	-1.22377052273
418000000.0	-1.20992143216
420000000.0	-0.292759839096
422000000.0	0.601789333846
424000000.0	1.33019759581
426000000.0	0.850948678286
428000000.0	0.0495446001023
430000000.0	-0.852118372194
432000000.0	-1.35786932516
434000000.0	-0.325192071589
436000000.0	0.751166282069
438000000.0	1.03454740832
440000000.0	0.824576745156
442000000.0	0.219811609247
444000000.0	-0.70537963502
446000000.0	-0.840733787888
448000000.0	-0.530231988658
450000000.0	0.197101618263
452000000.0	0.818166185926
454000000.0	0.873736959944
456000000.0	0.113741685333
458000000.0	-0.272761916472
460000000.0	-1.02867033668
462000000.0	-0.873041585753
464000000.0	-0.146834378181
466000000.0	0.854879957991
468000000.0	0.660289335942
470000000.0	0.680830527897
472000000.0	-0.125143862729
474000000.0	-0.532975828981
476000000.0	-0.918957834444
478000000.0	-0.343225855539
480000000.0	0.25441286352
482000000.0	0.791219992834
484000000.0	0.31910064756
486000000.0	0.314738502114
488000000.0	-0.338731165088
490000000.0	-0.462276275259
492000000.0	-0.325399395523
494000000.0	0.457546458375
496000000.0	0.631139441846
498000000.0	0.558714705469
500000000.0	0.0776602840611
502000000.0	-0.123489089643
504000000.0	-0.109090228223
506000000.0	-0.594654814616
508000000.0	0.286796756619
510000000.0	0.260750240515
512000000.0	0.411915759345
514000000.0	0.175028218173
516000000.0	-0.0725912468723
518000000.0	-0.505628596261
520000000.0	-0.291572984417
522000000.0	-0.0275761223239
524000000.0	0.521378991931
526000000.0	0.300800914128
528000000.0	0.1781082461
530000000.0	-0.167245147987
532000000.0	-0.283763614269
534000000.0	-0.723159751899
536000000.0	-0.384236606538
538000000.0	-0.00648403051087
540000000.0	0.832907645196
542000000.0	0.613638286813
544000000.0	-0.231643102016
546000000.0	-0.37241124023
548000000.0	-0.348999750433
550000000.0	-0.329106408978
552000000.0	-0.222077673882
554000000.0	0.188039968553
556000000.0	0.454087954767
558000000.0	-0.0379989992724
560000000.0	-0.179502360331
562000000.0	-0.198276505338
564000000.0	-0.449897558707
566000000.0	-0.213795077169
568000000.0	0.533677103725
570000000.0	0.125205977034
572000000.0	0.00430277973739
574000000.0	-0.381391922434
576000000.0	-0.603095652031
578000000.0	-0.537940540924
580000000.0	0.0273064296633
582000000.0	0.564416197143
584000000.0	0.557007178594
586000000.0	0.412247214924
588000000.0	-0.0909760904029
590000000.0	-0.542640401707
592000000.0	0.161478716807
594000000.0	-0.10029488933
596000000.0	-0.086401453865
598000000.0	0.0560537718962
600000000.0	1.18978659992
602000000.0	-0.407547047325
604000000.0	-0.268959631455
606000000.0	-0.476502588751
608000000.0	-0.443077822978
610000000.0	-0.449184980979
612000000.0	0.250754756029
614000000.0	0.676483240282
616000000.0	0.427662440297
618000000.0	-0.229199844001
620000000.0	-0.593376259636
622000000.0	-0.257708834735
624000000.0	0.0426956435681
626000000.0	0.192178635863
628000000.0	0.240556492387
630000000.0	0.535982619537
632000000.0	0.0599686481426
634000000.0	0.000947713054861
636000000.0	-0.208170425749
638000000.0	0.0425947503329
640000000.0	-0.0433439000832
642000000.0	-0.0320894955183
644000000.0	0.708293693739
646000000.0	0.023687162632
648000000.0	-0.390045270082
650000000.0	-0.550529000077
652000000.0	-0.0700818011819
654000000.0	-0.0321354020962
656000000.0	0.283671535876
658000000.0	0.479303976689
660000000.0	0.409647627211
662000000.0	-0.35000514763
664000000.0	-0.19466592783
666000000.0	-0.336436428695
668000000.0	-0.390253204338
670000000.0	0.325817223969
672000000.0	0.478108446163
674000000.0	0.551678832887
676000000.0	0.200714047405
678000000.0	-0.16471299645
680000000.0	-0.615300185734
682000000.0	-0.589632035872
684000000.0	-0.00588350817961
686000000.0	0.242573191127
688000000.0	0.489250360236
690000000.0	0.24442992371
692000000.0	-0.167707017112
694000000.0	-0.436818468523
696000000.0	-0.959534719833
698000000.0	-0.528451613569
700000000.0	1.98946400681
702000000.0	-0.635377424672
704000000.0	-0.0864400077473
706000000.0	-0.426823570588
708000000.0	-0.05301998344
710000000.0	0.0704250674806
712000000.0	-0.146057949979
714000000.0	-0.386043990227
716000000.0	0.0230076555599
718000000.0	0.0429063132266
720000000.0	0.0434825760674
722000000.0	-0.376894147747
724000000.0	-0.343742569447
726000000.0	-0.0649409326008
728000000.0	0.234689257592
730000000.0	0.192007090254
732000000.0	0.484536579945
734000000.0	0.0321353421465
736000000.0	-0.155420397089
738000000.0	-0.0670076538656
740000000.0	-0.0646874779674
742000000.0	-0.0122381272016
744000000.0	0.126715156814
746000000.0	0.348621540212
748000000.0	0.488792829849
750000000.0	0.0945135456103
752000000.0	-0.0772393510353
754000000.0	-0.427601947486
756000000.0	-0.49889541123
758000000.0	-0.145687684936
760000000.0	0.237498004095
762000000.0	0.162307369994
764000000.0	0.0650024987439
766000000.0	0.236600276764
768000000.0	-0.049887031322
770000000.0	-0.267999469961
772000000.0	0.029902822491
774000000.0	0.135019121981
776000000.0	0.0146417037332
778000000.0	0.210934278427
780000000.0	0.254203809238
782000000.0	-0.309952967443
784000000.0	-0.0353451460967
786000000.0	0.126627042108
788000000.0	-0.151406153169
790000000.0	0.15420375892
792000000.0	-0.184342475298
794000000.0	0.410128946549
796000000.0	0.00518260610372
798000000.0	-0.487686637164
800000000.0	-0.17649112798
802000000.0	0.0463947799047
804000000.0	0.27013906362
806000000.0	0.379311365386
808000000.0	0.105059324913
810000000.0	-0.216116824095
812000000.0	-0.204057279648
814000000.0	-0.504274202836
816000000.0	-0.349358033711
818000000.0	0.0458648248138
820000000.0	0.260569013371
822000000.0	0.40577081398
824000000.0	0.706622427722
826000000.0	-0.337846329977
828000000.0	-0.813691522962
830000000.0	-0.43870917462
832000000.0	-0.174438384606
834000000.0	0.183339350847
836000000.0	0.628461047747
838000000.0	0.696988554026
840000000.0	0.421523267005
842000000.0	-0.559438097176
844000000.0	-0.601980178462
846000000.0	-0.704483805673
848000000.0	-0.0336241076872
850000000.0	0.420570027454
852000000.0	1.13930955799
854000000.0	0.377182732064
856000000.0	0.13834963491
858000000.0	-0.490716353925
860000000.0	-0.737155965926
862000000.0	-0.310076328408
864000000.0	0.429862986509
866000000.0	1.30247118507
868000000.0	1.19405061948
870000000.0	-0.0778197013148
872000000.0	-1.51573703311
874000000.0	-2.63598934923
876000000.0	-0.227153865003
878000000.0	1.20477204426
880000000.0	2.15301942279
882000000.0	1.70220625024
884000000.0	0.648758711846
886000000.0	-1.20730281425
888000000.0	-3.437217211
890000000.0	-5.22196374404
892000000.0	-4.13959216429
894000000.0	3.81942746636
896000000.0	19.9753881975
898000000.0	38.7166510571
900000000.0	-100.735303611
902000000.0	33.3025477862
904000000.0	18.597394153
906000000.0	5.33933298341
908000000.0	-1.75726560338
910000000.0	-3.91626755067
912000000.0	-4.34334852387
914000000.0	-3.07628847803
916000000.0	-0.388565830954
918000000.0	2.68989138412
920000000.0	3.75680868344
922000000.0	1.8469972172
924000000.0	-1.0877536074
926000000.0	-2.51644497222
928000000.0	-2.31103174309
930000000.0	-0.380970862182
932000000.0	1.13520182366
934000000.0	1.81704688546
936000000.0	1.11550104861
938000000.0	-0.338940973806
940000000.0	-1.1787074415
942000000.0	-1.48507377948
944000000.0	-0.751303494598
946000000.0	0.0616020681467
948000000.0	1.01962721062
950000000.0	0.995077006014
952000000.0	0.647634413017
954000000.0	-0.527215726413
956000000.0	-1.3250041861
958000000.0	-0.83372899354
960000000.0	-0.286295320669
962000000.0	0.739113487965
964000000.0	1.30955387798
966000000.0	0.52455465937
968000000.0	-0.473020520257
970000000.0	-0.697875434032
972000000.0	-0.782136756446
974000000.0	-0.33455513526
976000000.0	0.476496077575
978000000.0	0.766704009555
980000000.0	0.953030602464
982000000.0	0.113282507668
984000000.0	-0.365896520275
986000000.0	-0.245365540565
988000000.0	-0.683158111426
990000000.0	0.0986989439396
992000000.0	0.400181150051
994000000.0	0.58483798488
996000000.0	0.339101387834
998000000.0	-0.398402963313
1000000000.0	-1.81875
1002000000.0	-0.56731336263
1004000000.0	-0.120008797305
1006000000.0	-0.103096051118
1008000000.0	0.387543141668
1010000000.0	0.489695744484
1012000000.0	0.447040491739
1014000000.0	-0.276448564709
1016000000.0	-0.487743156597
1018000000.0	-0.228515988587
1020000000.0	0.196166239377
1022000000.0	0.356292526013
1024000000.0	0.553996146473
1026000000.0	0.0138178172954
1028000000.0	-0.198795956711
1030000000.0	-0.398921626106
1032000000.0	-0.179306921003
1034000000.0	-0.117532303517
1036000000.0	0.24244098237
1038000000.0	0.642639260872
1040000000.0	-0.100131798305
1042000000.0	-0.139645100921
1044000000.0	-0.178794392523
1046000000.0	-0.365013880528
1048000000.0	-0.172410409566
1050000000.0	0.218241164775
1052000000.0	0.342726786774
1054000000.0	0.584211256286
1056000000.0	0.231084632534
1058000000.0	-0.240479369964
1060000000.0	-0.298835133841
1062000000.0	-0.136725993238
1064000000.0	0.133798201827
1066000000.0	0.125203929585
1068000000.0	0.196690914782
1070000000.0	0.132400685544
1072000000.0	-0.0697579612877
1074000000.0	-0.265835279175
1076000000.0	-0.151219720646
1078000000.0	-0.0763728065268
1080000000.0	0.0114239620178
1082000000.0	0.377823672677
1084000000.0	0.384278441957
1086000000.0	-0.0218547637313
1088000000.0	-0.261957736469
1090000000.0	-0.298587997354
1092000000.0	-0.349101947328
1094000000.0	-0.00446141855542
1096000000.0	0.579853079554
1098000000.0	0.274888523415
1100000000.0	-0.321399110474
1102000000.0	-0.305456470478
1104000000.0	-0.108307481825
1106000000.0	-0.229055568666
1108000000.0	-0.0534623149225
1110000000.0	-0.0395023227388
1112000000.0	0.205857924603
1114000000.0	0.0014358169663
1116000000.0	0.290935378323
1118000000.0	-0.20110206591
1120000000.0	-0.350567389963
1122000000.0	0.00816092018449
1124000000.0	0.444444452355
1126000000.0	-0.018664336369
1128000000.0	0.00994435675761
1130000000.0	-0.165669458436
1132000000.0	-0.246701757355
1134000000.0	-0.371190861891
1136000000.0	-0.0777620393241
1138000000.0	0.390405496958
1140000000.0	0.113728002257
1142000000.0	0.158137517481
1144000000.0	0.170785705476
1146000000.0	0.0178234585981
1148000000.0	-0.222274823884
1150000000.0	-0.131938528089
1152000000.0	-0.0676934528329
1154000000.0	0.0779978298939
1156000000.0	0.0689564440881
1158000000.0	-0.0997729779207
1160000000.0	0.171996865031
1162000000.0	-0.0782044616901
1164000000.0	-0.152089794002
1166000000.0	-0.0421897255397
1168000000.0	-0.0564810485362
1170000000.0	0.136382317649
1172000000.0	0.194471389409
1174000000.0	0.367522034153
1176000000.0	-0.140890399297
1178000000.0	-0.195920616588
1180000000.0	0.0957598167685
1182000000.0	-0.103322162081
1184000000.0	0.182187219899
1186000000.0	0.134240269715
1188000000.0	-0.198619473409
1190000000.0	0.179178409341
1192000000.0	0.0190446683042
1194000000.0	-0.190670351159
1196000000.0	-0.503694144153
1198000000.0	-0.822582603942
1200000000.0	2.69278361392
1202000000.0	-0.974896511979
1204000000.0	-0.537753739656
1206000000.0	-0.32761558785
1208000000.0	-0.256807497432
1210000000.0	0.109018328309
1212000000.0	0.393406367155
1214000000.0	0.144557123171
1216000000.0	0.469502022749
1218000000.0	-0.0801745173625
1220000000.0	-0.291014750254
1222000000.0	-0.245604543309
1224000000.0	-0.0961806274584
1226000000.0	0.0120991086147
1228000000.0	0.238910640151
1230000000.0	0.158281694485
1232000000.0	0.0246622541292
1234000000.0	-0.185156818374
1236000000.0	-0.16041394796
1238000000.0	-0.249688158861
1240000000.0	0.0579447606718
1242000000.0	0.11681581897
1244000000.0	0.0924680210596
1246000000.0	0.0456983773843
1248000000.0	0.0477929242201
1250000000.0	-0.472241721479
1252000000.0	-0.212515302393
1254000000.0	-0.00757806344427
1256000000.0	0.317521003741
1258000000.0	-0.0467807257374
1260000000.0	0.228444708911
1262000000.0	-0.111287396811
1264000000.0	-0.51785484121
1266000000.0	-0.549520740524
1268000000.0	-0.266828390034
1270000000.0	-0.247130463272
1272000000.0	0.187095501194
1274000000.0	0.550777494955
1276000000.0	0.0777232706389
1278000000.0	-0.10687479551
1280000000.0	-0.168272117955
1282000000.0	-0.1683546951
1284000000.0	-0.259751320299
1286000000.0	0.521978860637
1288000000.0	0.729717341483
1290000000.0	0.457545592324
1292000000.0	0.00256918588578
1294000000.0	0.00618541157471
1296000000.0	-0.688518130619
1298000000.0	-0.391053413447
1300000000.0	2.8182475215
1302000000.0	-0.779282133523
1304000000.0	-0.277650432433
1306000000.0	-0.273886120733
1308000000.0	0.0668615503436
1310000000.0	0.0577896945103
1312000000.0	-0.210284310393
1314000000.0	-0.0406045773325
1316000000.0	-0.20812039567
1318000000.0	0.229213233717
1320000000.0	0.0529459193202
1322000000.0	-0.111734404262
1324000000.0	-0.387804610165
1326000000.0	-0.137646218042
1328000000.0	-0.137441073578
1330000000.0	0.148872805218
1332000000.0	0.181512660599
1334000000.0	-0.17335966158
1336000000.0	-0.187482252501
1338000000.0	0.011584715641
1340000000.0	0.00156631782655
1342000000.0	-0.110709824154
1344000000.0	0.130413961573
1346000000.0	-0.137471864862
1348000000.0	0.241903313239
1350000000.0	0.0249492620762
1352000000.0	-0.160122792855
1354000000.0	-0.187658847145
1356000000.0	-0.187037174724
1358000000.0	-0.138949378273
1360000000.0	0.139756131615
1362000000.0	0.0420558719105
1364000000.0	0.14830817187
1366000000.0	-0.116119599296
1368000000.0	-0.190393750439
1370000000.0	-0.0662306249671
1372000000.0	0.141523962219
1374000000.0	0.323347744078
1376000000.0	-0.168158324007
1378000000.0	0.42451353938
1380000000.0	0.0113191728265
1382000000.0	0.234752172059
1384000000.0	-0.121890669769
1386000000.0	-0.185203647409
1388000000.0	0.108964030237
1390000000.0	0.115928630419
1392000000.0	-0.110580031002
1394000000.0	0.244301691318
1396000000.0	-0.171106220984
1398000000.0	0.0138854978982
1400000000.0	-0.995402811275
1402000000.0	0.190650461109
1404000000.0	0.0728005604394
1406000000.0	0.331495496506
1408000000.0	0.0588151840051
1410000000.0	0.144227685993
1412000000.0	-0.376500363207
1414000000.0	-0.372563909038
1416000000.0	-0.208226470014
1418000000.0	-0.0498742209999
1420000000.0	0.160163560753
1422000000.0	0.428780107714
1424000000.0	0.227021975589
1426000000.0	-0.227901065588
1428000000.0	-0.637416376357
1430000000.0	-0.470804465016
1432000000.0	-0.169529795851
1434000000.0	0.314671109691
1436000000.0	0.330631637727
1438000000.0	0.272936216855
1440000000.0	0.228727063505
1442000000.0	-0.322272037767
1444000000.0	-0.348324397422
1446000000.0	-0.34109099571
1448000000.0	0.482445243739
1450000000.0	0.428229532158
1452000000.0	0.622504976917
1454000000.0	-0.107050632157
1456000000.0	-0.560182399442
1458000000.0	-0.438767825681
1460000000.0	-0.387974397664
1462000000.0	-0.114910370769
1464000000.0	0.329625298888
1466000000.0	1.00466143001
1468000000.0	0.469231149943
1470000000.0	-0.0634790344048
1472000000.0	-1.09904733721
1474000000.0	-1.10302870711
1476000000.0	-0.429472899185
1478000000.0	0.842320804351
1480000000.0	1.68372171612
1482000000.0	0.922470664395
1484000000.0	0.0553321765884
1486000000.0	-1.09169197985
1488000000.0	-1.83720557799
1490000000.0	-1.78948163978
1492000000.0	-0.580535433971
1494000000.0	1.7352552715
1496000000.0	7.01139557274
1498000000.0	13.6114123357
1500000000.0	-37.3901602841
1502000000.0	13.8147917706
1504000000.0	8.31627057826
1506000000.0	1.69790049974
1508000000.0	-1.64171296819
1510000000.0	-2.24987666427
1512000000.0	-1.10943568397
1514000000.0	-0.0858108034615
1516000000.0	0.385287563187
1518000000.0	0.955784956893
1520000000.0	0.839755622426
1522000000.0	0.445629008725
1524000000.0	-0.549797758288
1526000000.0	-0.30040036121
1528000000.0	-0.345592944471
1530000000.0	0.306747351588
1532000000.0	0.593707034971
1534000000.0	0.614810358221
1536000000.0	-0.00702928695067
1538000000.0	-0.389807994113
1540000000.0	-0.787523274803
1542000000.0	-0.211192779706
1544000000.0	0.103133753594
1546000000.0	0.58315893399
1548000000.0	0.259092879369
1550000000.0	0.154908344765
1552000000.0	-0.277335336184
1554000000.0	-0.468302253943
1556000000.0	-0.524319109489
1558000000.0	-0.253094480768
1560000000.0	0.236809037627
1562000000.0	0.348517641359
1564000000.0	0.484723029067
1566000000.0	0.011674717288
1568000000.0	-0.163997942109
1570000000.0	-0.473092277463
1572000000.0	-0.135303436781
1574000000.0	0.201153478602
1576000000.0	0.286530817694
1578000000.0	0.243943488919
1580000000.0	-0.136367529424
1582000000.0	-0.139292569743
1584000000.0	-0.299299276763
1586000000.0	-0.149335940094
1588000000.0	-0.00956525605687
1590000000.0	0.431482924262
1592000000.0	0.113382903436
1594000000.0	0.00620839221304
1596000000.0	-0.165760448251
1598000000.0	-0.268436102932
1600000000.0	0.47336612798
1602000000.0	-0.14545290091
1604000000.0	-0.0612888061657
1606000000.0	0.0771346677399
1608000000.0	-0.0888620546954
1610000000.0	-0.0145740002349
1612000000.0	0.12281466256
1614000000.0	-0.593001842239
1616000000.0	-0.0330703934548
1618000000.0	0.0149311171598
1620000000.0	-0.443293598558
1622000000.0	0.0792151955375
1624000000.0	-0.369690084206
1626000000.0	-0.0414707415549
1628000000.0	0.139160223013
1630000000.0	-0.0213957101707
1632000000.0	0.0921675966087
1634000000.0	0.0133715524235
1636000000.0	0.0182300187651
1638000000.0	0.0905486830592
1640000000.0	0.208014811764
1642000000.0	0.0784277699223
1644000000.0	0.156868206425
1646000000.0	-0.132153795803
1648000000.0	0.303463112139
1650000000.0	0.161544925684
1652000000.0	0.436752449886
1654000000.0	-0.0720624067186
1656000000.0	-0.244263443835
1658000000.0	-0.302143681532
1660000000.0	0.0344699896633
1662000000.0	0.147260396109
1664000000.0	0.0809103855154
1666000000.0	0.0847874511921
1668000000.0	-0.0590493885151
1670000000.0	-0.167342184706
1672000000.0	-0.126186603677
1674000000.0	0.173424870212
1676000000.0	-0.0126346719283
1678000000.0	0.110640070426
1680000000.0	0.111693686202
1682000000.0	-0.143446153152
1684000000.0	-0.0321527019353
1686000000.0	-0.0975060772237
1688000000.0	-0.124138251672
1690000000.0	0.146662291329
1692000000.0	0.217248382598
1694000000.0	0.203516200068
1696000000.0	-0.032362109036
1698000000.0	-0.211215564046
1700000000.0	0.46816739811
1702000000.0	0.131654471179
1704000000.0	0.0268362530502
1706000000.0	0.166318559861
1708000000.0	0.113415410977
1710000000.0	0.0571121440508
1712000000.0	0.0252783137376
1714000000.0	-0.292439538561
1716000000.0	0.0710122952565
1718000000.0	-0.0263546805447
1720000000.0	0.0675580241756
1722000000.0	0.273495046332
1724000000.0	0.0331035358274
1726000000.0	0.270359768068
1728000000.0	-0.183762832636
1730000000.0	0.1377958929
1732000000.0	-0.0798530636712
1734000000.0	-0.0509039964532
1736000000.0	0.0157990907314
1738000000.0	0.449602217021
1740000000.0	-0.123185658806
1742000000.0	0.223528769177
1744000000.0	0.0564909733082
1746000000.0	0.140479748645
1748000000.0	-0.219358606874
1750000000.0	-0.60403522161
1752000000.0	-0.198318989695
1754000000.0	-0.164175476259
1756000000.0	-0.253457913351
1758000000.0	0.060031758263
1760000000.0	0.0533840657061
1762000000.0	-0.100223363882
1764000000.0	-0.258818383654
1766000000.0	-0.128864032113
1768000000.0	-0.0401372076321
1770000000.0	0.133523175834
1772000000.0	-0.123970874864
1774000000.0	-0.162810443108
1776000000.0	0.0208157642766
1778000000.0	-0.00402884521703
1780000000.0	0.106879188355
1782000000.0	0.165916583878
1784000000.0	-0.159714227046
1786000000.0	-0.0358785500206
1788000000.0	0.10492157208
1790000000.0	0.194389021384
1792000000.0	0.105189695855
1794000000.0	0.0212765887436
1796000000.0	-0.217506700267
1798000000.0	-0.66493522417
1800000000.0	1.75841408146
1802000000.0	-0.672059525697
1804000000.0	-0.4391552619
1806000000.0	-0.110174745186
1808000000.0	-0.060702496568
1810000000.0	0.267676030533
1812000000.0	0.11634451933
1814000000.0	0.00231118804813
1816000000.0	-0.192508057837
1818000000.0	-0.248348177598
1820000000.0	-0.166891641062
1822000000.0	0.0849710901248
1824000000.0	-0.232462149113
1826000000.0	0.182188080336
1828000000.0	0.309435049017
1830000000.0	0.141201509164
1832000000.0	-0.531882147293
1834000000.0	-0.00893230624467
1836000000.0	0.0105274925534
1838000000.0	-0.0919824166282
1840000000.0	0.20012846045
1842000000.0	0.356161616272
1844000000.0	0.0787354784654
1846000000.0	0.184025436386
1848000000.0	-0.179255192653
1850000000.0	-0.220271162731
1852000000.0	-0.0326028861607
1854000000.0	-0.0430811822113
1856000000.0	0.170836225634
1858000000.0	0.0712565330416
1860000000.0	-0.0841843218068
1862000000.0	-0.257484431445
1864000000.0	-0.473528940439
1866000000.0	-0.101589328743
1868000000.0	0.172841714572
1870000000.0	-0.0664507997678
1872000000.0	0.0690123846206
1874000000.0	-0.0217950437006
1876000000.0	-0.251962794001
1878000000.0	-0.055069001866
1880000000.0	0.0443857809575
1882000000.0	0.0582486024288
1884000000.0	0.248790574359
1886000000.0	0.590717748646
1888000000.0	0.140548580905
1890000000.0	-0.201430690916
1892000000.0	-0.513338765829
1894000000.0	-0.192183328196
1896000000.0	0.882431879772
1898000000.0	1.67277295013
1900000000.0	-2.11298330622
1902000000.0	0.369026857146
1904000000.0	0.0298947806037
1906000000.0	0.00402050609046
1908000000.0	0.517648757209
1910000000.0	0.0116786008394
1912000000.0	-0.299581976779
1914000000.0	-0.374805753399
1916000000.0	-0.089551868821
1918000000.0	0.251807124816
1920000000.0	0.0426362502326
1922000000.0	0.417901451667
1924000000.0	-0.0481428994395
1926000000.0	-0.0911687683847
1928000000.0	0.0866299665822
1930000000.0	-0.0780916414014
1932000000.0	0.193101864105
1934000000.0	0.192795173981
1936000000.0	-0.0480858489207
1938000000.0	0.274443823081
1940000000.0	0.0522628632057
1942000000.0	-0.0183000997764
1944000000.0	-0.229023309385
1946000000.0	-0.0408112511959
1948000000.0	0.178555330489
1950000000.0	-0.138048865331
1952000000.0	-0.263223556211
1954000000.0	0.0841111350969
1956000000.0	-0.0055461033405
1958000000.0	-0.112673655124
1960000000.0	0.212207807249
1962000000.0	-0.157719175872
1964000000.0	-0.0135331003244
1966000000.0	0.123082294831
1968000000.0	-0.133309150472
1970000000.0	-0.0323430483943
1972000000.0	-0.0381619703157
1974000000.0	-0.143552373277
1976000000.0	-0.135491607043
1978000000.0	0.086082471379
1980000000.0	-0.0338516219977
1982000000.0	-0.05670327952
1984000000.0	-0.226561991065
1986000000.0	-0.249946070119
1988000000.0	0.140581158181
1990000000.0	-0.0602400268935
1992000000.0	0.00301664594779
1994000000.0	0.372750195878
1996000000.0	0.244859876265
1998000000.0	0.428971116292
2000000000.0	-1.7875
