0.0	-49.625
2000000.0	1.95372613806
4000000.0	5.4505037048
6000000.0	3.29356514943
8000000.0	-2.98626516369
10000000.0	-6.625688009
12000000.0	-4.97226640069
14000000.0	-2.72815964866
16000000.0	4.50581376381
18000000.0	10.4460716274
20000000.0	10.9109188522
22000000.0	4.10110104713
24000000.0	-7.42659035096
26000000.0	-15.0290176768
28000000.0	-12.1937669932
30000000.0	-1.26335839166
32000000.0	9.85644637175
34000000.0	12.4282955081
36000000.0	5.04977041825
38000000.0	-0.349689516039
40000000.0	-5.84650058411
42000000.0	-8.87325367893
44000000.0	-4.5046063874
46000000.0	0.941908981112
48000000.0	4.76194405023
50000000.0	4.25725655048
52000000.0	-0.322905965666
54000000.0	-2.86861344472
56000000.0	-3.72600129655
58000000.0	-0.612312030422
60000000.0	2.66900542718
62000000.0	3.31442394092
64000000.0	2.29742019609
66000000.0	-0.974656932956
68000000.0	-3.24094465355
70000000.0	-0.49877329695
72000000.0	1.50634336139
74000000.0	2.93519252586
76000000.0	2.01672087067
78000000.0	-0.755152902676
80000000.0	-4.01712713177
82000000.0	-2.57565507536
84000000.0	1.38497802184
86000000.0	4.47061036779
88000000.0	3.88808892829
90000000.0	0.463642841104
92000000.0	-4.70137433653
94000000.0	-5.64491141504
96000000.0	-2.20960673235
98000000.0	2.80678378833
100000000.0	4.35271689161
102000000.0	3.32029458311
104000000.0	-0.818802649353
106000000.0	-3.57692602016
108000000.0	-3.39943690981
110000000.0	-0.276967665455
112000000.0	1.85654835968
114000000.0	3.80073114273
116000000.0	2.55741562562
118000000.0	-0.813497463151
120000000.0	-2.85698798665
122000000.0	-1.00737897904
124000000.0	2.73903276943
126000000.0	-0.493364274607
128000000.0	1.5175920684
130000000.0	0.114019844251
132000000.0	-2.0762768292
134000000.0	-3.00819847416
136000000.0	-0.0827091823787
138000000.0	2.39656674748
140000000.0	4.16790349096
142000000.0	0.954981490582
144000000.0	-2.78002827322
146000000.0	-4.29291774626
148000000.0	-2.36550556224
150000000.0	-0.281875404251
152000000.0	3.45115329651
154000000.0	3.1938114192
156000000.0	0.925086469496
158000000.0	-2.72197379663
160000000.0	-3.44554728549
162000000.0	-2.65078660212
164000000.0	0.0403029603684
166000000.0	2.14132153646
168000000.0	2.74732179981
170000000.0	0.528413904117
172000000.0	-1.96279849514
174000000.0	-1.98639699656
176000000.0	-0.688447060287
178000000.0	1.75664988208
180000000.0	3.36185296864
182000000.0	0.818631659922
184000000.0	-2.75697164714
186000000.0	-2.5098860741
188000000.0	-1.86398832615
190000000.0	2.00932988539
192000000.0	2.96722147715
194000000.0	2.62105003955
196000000.0	-0.874467467267
198000000.0	-3.48843349067
200000000.0	-3.63227712097
202000000.0	-0.613950196939
204000000.0	3.21736362257
206000000.0	4.35907119768
208000000.0	2.23657550346
210000000.0	-1.82136970922
212000000.0	-4.23147414294
214000000.0	-3.05951373157
216000000.0	0.401507349766
218000000.0	3.11395860564
220000000.0	3.13587897114
222000000.0	1.00765683428
224000000.0	-2.57963682543
226000000.0	-4.01311985351
228000000.0	-0.128312966209
230000000.0	2.72897344948
232000000.0	4.32951914927
234000000.0	0.5803550361
236000000.0	-2.73827535379
238000000.0	-4.18902415082
240000000.0	-2.6639411622
242000000.0	2.68399341046
244000000.0	5.43144406318
246000000.0	3.91423110171
248000000.0	-1.09053467606
250000000.0	-4.69987639742
252000000.0	-5.50256448289
254000000.0	-1.06561857137
256000000.0	4.43324048132
258000000.0	6.60560224388
260000000.0	4.77492426954
262000000.0	-1.333469211
264000000.0	-6.01195617137
266000000.0	-6.64758630065
268000000.0	-1.53807400387
270000000.0	4.71904389256
272000000.0	8.55479342503
274000000.0	6.70051465177
276000000.0	-1.13796552617
278000000.0	-9.30934679205
280000000.0	-8.45905794627
282000000.0	-0.904532872458
284000000.0	11.1502081898
286000000.0	11.7819091759
288000000.0	-3.87334827862
290000000.0	-25.3411090126
292000000.0	-26.7872770244
294000000.0	11.7846182431
296000000.0	90.0281246583
298000000.0	175.121201548
300000000.0	-468.718581422
302000000.0	167.607074048
304000000.0	93.3272130061
306000000.0	21.8134264165
308000000.0	-18.2515569717
310000000.0	-25.2633904993
312000000.0	-14.7294886327
314000000.0	-0.607051979392
316000000.0	6.80119696579
318000000.0	6.59254463451
320000000.0	2.83924918416
322000000.0	-1.03381233289
324000000.0	-2.60244488376
326000000.0	-2.42081226229
328000000.0	1.16673334579
330000000.0	3.92215895365
332000000.0	2.41096905961
334000000.0	-0.70404113767
336000000.0	-4.55008554811
338000000.0	-4.92852366655
340000000.0	-0.594427976054
342000000.0	4.27985547635
344000000.0	5.12210858596
346000000.0	2.07385141974
348000000.0	-2.43586716528
350000000.0	-4.51684653053
352000000.0	-2.74219800374
354000000.0	1.50651100176
356000000.0	4.88563951746
358000000.0	3.58863801656
360000000.0	-0.480928058603
362000000.0	-4.12792232715
364000000.0	-4.00112447313
366000000.0	-1.11432347851
368000000.0	1.79095607745
370000000.0	3.13026269928
372000000.0	1.80406728465
374000000.0	-0.337949352061
376000000.0	-2.03377819735
378000000.0	-1.73127016759
380000000.0	0.140529271717
382000000.0	1.41891288515
384000000.0	0.693515096598
386000000.0	-1.2927284835
388000000.0	-0.855775642137
390000000.0	-1.9761323448
392000000.0	0.209696086889
394000000.0	2.658021642
396000000.0	1.91335851732
398000000.0	1.52640001592
400000000.0	-0.580072059336
402000000.0	-1.90346704862
404000000.0	-2.92419531831
406000000.0	-0.314456896532
408000000.0	1.59790028894
410000000.0	1.45140112959
412000000.0	0.131177942236
414000000.0	-1.42087401564
416000000.0	-1.33770827528
418000000.0	-1.11097744585
420000000.0	1.07971043255
422000000.0	1.38049044601
424000000.0	0.325611690879
426000000.0	-0.616602705655
428000000.0	-1.4606214526
430000000.0	-1.39133379652
432000000.0	0.220594534913
434000000.0	1.31023300735
436000000.0	1.44599788898
438000000.0	0.301782790987
440000000.0	-0.849208376447
442000000.0	-1.38884443306
444000000.0	-1.21057173024
446000000.0	0.90301350116
448000000.0	1.02411213269
450000000.0	0.579979912937
452000000.0	-0.418305535181
454000000.0	-1.06792523442
456000000.0	-1.21043256826
458000000.0	-0.281258158146
460000000.0	1.0860503487
462000000.0	1.23132327122
464000000.0	0.0776570026656
466000000.0	-0.775750278355
468000000.0	-1.26078876549
470000000.0	-0.365586317546
472000000.0	-0.349529785544
474000000.0	1.01823059529
476000000.0	0.151211884157
478000000.0	0.342218975422
480000000.0	-0.308711318643
482000000.0	-0.408484611326
484000000.0	0.584274002018
486000000.0	-0.270427258404
488000000.0	0.62270008698
490000000.0	0.388784765231
492000000.0	-1.23153094036
494000000.0	-1.08996620002
496000000.0	-1.29033974782
498000000.0	0.0622861596606
500000000.0	0.281862180965
502000000.0	0.9522662257
504000000.0	0.428574708607
506000000.0	0.172199739197
508000000.0	-0.492669765799
510000000.0	-1.03898789656
512000000.0	0.322706234172
514000000.0	0.281835716639
516000000.0	-0.0684773639716
518000000.0	-0.893241181758
520000000.0	-1.1322925312
522000000.0	-0.313717013401
524000000.0	-0.454697693451
526000000.0	1.24260666267
528000000.0	0.78048842829
530000000.0	-0.578922638835
532000000.0	-0.786415085568
534000000.0	-0.053390065991
536000000.0	-0.400020683812
538000000.0	0.186209313986
540000000.0	0.365666067524
542000000.0	0.777178392251
544000000.0	-0.844674905515
546000000.0	-0.508292148654
548000000.0	-0.386724024576
550000000.0	1.26001594926
552000000.0	-0.0384953501546
554000000.0	0.924011337467
556000000.0	0.0994470901431
558000000.0	-0.43286277179
560000000.0	-1.03722208213
562000000.0	-0.697094661063
564000000.0	0.224150185652
566000000.0	1.14925318983
568000000.0	-0.235968011031
570000000.0	0.0279437654686
572000000.0	-0.700027155176
574000000.0	-0.363822600284
576000000.0	-0.619154007021
578000000.0	0.140953686873
580000000.0	0.667605630058
582000000.0	-0.0317125718642
584000000.0	-0.790502285788
586000000.0	-0.554803936399
588000000.0	-0.648875959288
590000000.0	0.0628184932475
592000000.0	0.374893320831
594000000.0	1.23136659284
596000000.0	-0.15789092431
598000000.0	-0.621346948086
600000000.0	1.27379829818
602000000.0	-0.0897110206305
604000000.0	-0.111959621639
606000000.0	-0.60660063325
608000000.0	0.0368354277002
610000000.0	0.0763217979223
612000000.0	-0.348647967489
614000000.0	-0.223157439633
616000000.0	0.839436399642
618000000.0	1.00185863774
620000000.0	-0.176245189322
622000000.0	-0.361636693809
624000000.0	-1.17562054106
626000000.0	0.229681706076
628000000.0	0.361590485256
630000000.0	0.345322153758
632000000.0	0.841164027943
634000000.0	0.130536709176
636000000.0	1.01417052907
638000000.0	-0.152595193919
640000000.0	-0.426137830467
642000000.0	-0.235800143709
644000000.0	0.752944435903
646000000.0	-0.313864648404
648000000.0	-0.258047034048
650000000.0	-0.332893611103
652000000.0	-0.355956974
654000000.0	-0.939194855894
656000000.0	0.124722910905
658000000.0	0.658344698815
660000000.0	0.547709584229
662000000.0	0.50239062035
664000000.0	0.0883160825264
666000000.0	-0.738066779669
668000000.0	-0.503132576146
670000000.0	0.113470817487
672000000.0	-0.466143373913
674000000.0	1.19846109909
676000000.0	0.184807046939
678000000.0	0.197640917077
680000000.0	-0.347640763618
682000000.0	0.557907549746
684000000.0	0.702522440796
686000000.0	0.184681668525
688000000.0	0.553102557531
690000000.0	-0.666540295825
692000000.0	-0.620224018379
694000000.0	-0.105953827153
696000000.0	0.506359540952
698000000.0	0.289861320892
700000000.0	0.638769431569
702000000.0	-0.335571336851
704000000.0	-0.449527723407
706000000.0	0.105762324481
708000000.0	0.846788769696
710000000.0	0.766305220443
712000000.0	0.0219714119402
714000000.0	0.400755467381
716000000.0	-0.149128881768
718000000.0	-0.165647548958
720000000.0	0.560526821965
722000000.0	0.899689340133
724000000.0	0.677804921071
726000000.0	-0.150675587176
728000000.0	-0.0151447236782
730000000.0	-1.54558005378
732000000.0	0.192936718426
734000000.0	0.673159607906
736000000.0	-0.258661164396
738000000.0	0.462182102806
740000000.0	0.39012281615
742000000.0	-0.339517453389
744000000.0	-0.33605767703
746000000.0	-0.448011548219
748000000.0	1.17227903164
750000000.0	0.167430694724
752000000.0	-0.283593386901
754000000.0	-0.0675087306281
756000000.0	0.232371160879
758000000.0	0.327536158921
760000000.0	0.337334071529
762000000.0	0.653998159547
764000000.0	0.0520748262761
766000000.0	-0.11075364733
768000000.0	-0.535199208101
770000000.0	-0.196982541889
772000000.0	0.0642217458961
774000000.0	0.525943443797
776000000.0	1.70449498362
778000000.0	0.726116670679
780000000.0	-1.35333471959
782000000.0	-0.964750623317
784000000.0	-0.88438394712
786000000.0	-0.778608139892
788000000.0	0.439222428199
790000000.0	0.571639566546
792000000.0	0.713629436768
794000000.0	0.5447518726
796000000.0	-1.05488086303
798000000.0	-0.804754046399
800000000.0	-0.32302753248
802000000.0	0.274863431539
804000000.0	0.395320025915
806000000.0	-1.03366116156
808000000.0	-0.50431506716
810000000.0	-0.505897947251
812000000.0	0.791354348398
814000000.0	1.07391599535
816000000.0	1.67394292858
818000000.0	-0.155572624697
820000000.0	-0.352627352129
822000000.0	-0.99541914002
824000000.0	-1.22065383885
826000000.0	0.465756924785
828000000.0	1.57942398923
830000000.0	0.877539693681
832000000.0	-0.603607643655
834000000.0	-0.947709759134
836000000.0	-0.414631006636
838000000.0	-0.48048070143
840000000.0	0.811770410887
842000000.0	0.386039929314
844000000.0	0.592560694061
846000000.0	-0.613833317657
848000000.0	-1.2432232093
850000000.0	-0.906223806071
852000000.0	0.62162713022
854000000.0	1.57268841324
856000000.0	1.06241967552
858000000.0	-0.900369370902
860000000.0	-1.31734242291
862000000.0	-0.946683463656
864000000.0	0.11415968381
866000000.0	2.53484034952
868000000.0	2.15218169463
870000000.0	0.226199284084
872000000.0	-2.36123900519
874000000.0	-3.86472364747
876000000.0	-1.94987358045
878000000.0	2.19284904875
880000000.0	4.52900868577
882000000.0	2.81445202269
884000000.0	-0.571857385513
886000000.0	-5.11210558236
888000000.0	-4.6640887419
890000000.0	-1.58478517455
892000000.0	3.19627419075
894000000.0	3.57738746374
896000000.0	1.7187652598
898000000.0	0.41309680981
900000000.0	-3.90936757036
902000000.0	2.66253447404
904000000.0	-0.859156403047
906000000.0	-3.7578585995
908000000.0	-3.79722724483
910000000.0	-0.000331984300632
912000000.0	4.47043102924
914000000.0	4.39459241176
916000000.0	1.19414968629
918000000.0	-3.59810977592
920000000.0	-3.74750335023
922000000.0	-3.75117046108
924000000.0	1.03903517822
926000000.0	3.65618392562
928000000.0	2.40915784996
930000000.0	-0.571496995593
932000000.0	-2.32557000109
934000000.0	-1.67660502384
936000000.0	-0.55061411046
938000000.0	1.03730326109
940000000.0	1.44146276808
942000000.0	0.929238138148
944000000.0	-1.51659344598
946000000.0	-0.692887842081
948000000.0	-0.509821470365
950000000.0	0.680146245703
952000000.0	1.14582348407
954000000.0	0.416042176211
956000000.0	-0.499952149757
958000000.0	-0.016079164765
960000000.0	-0.253970023668
962000000.0	0.703999527629
964000000.0	-0.107845821374
966000000.0	1.18966948653
968000000.0	0.838436627733
970000000.0	-0.175513690569
972000000.0	-1.32337891749
974000000.0	0.283893369083
976000000.0	-0.451198133433
978000000.0	0.496562475906
980000000.0	0.934262376556
982000000.0	0.0597806509349
984000000.0	-0.1930723248
986000000.0	-0.92386225855
988000000.0	-0.374572006824
990000000.0	1.10033649699
992000000.0	0.176622341929
994000000.0	0.368180789567
996000000.0	-0.168985354229
998000000.0	-0.339773601954
1000000000.0	-2.4375
1002000000.0	0.0260158487333
1004000000.0	0.444546055693
1006000000.0	0.445553107201
1008000000.0	0.230521247711
1010000000.0	-0.026427842968
1012000000.0	-0.662241612258
1014000000.0	0.120066579463
1016000000.0	0.581328057071
1018000000.0	1.03530690255
1020000000.0	0.343948033341
1022000000.0	-0.67075753627
1024000000.0	-0.947238146632
1026000000.0	-1.26046897908
1028000000.0	0.121966911998
1030000000.0	0.55454376088
1032000000.0	0.140929690506
1034000000.0	-0.613288869628
1036000000.0	0.489311754075
1038000000.0	0.311230757249
1040000000.0	-0.242312034759
1042000000.0	-0.0951999046006
1044000000.0	0.297806093259
1046000000.0	0.290487213228
1048000000.0	0.458612126049
1050000000.0	-0.329610198536
1052000000.0	-0.94875069167
1054000000.0	-0.353283334457
1056000000.0	0.390072855842
1058000000.0	0.708309273567
1060000000.0	0.701443739043
1062000000.0	-0.0653372602415
1064000000.0	-0.48689919317
1066000000.0	0.00482098390722
1068000000.0	0.332490513638
1070000000.0	-0.047046042299
1072000000.0	-0.0240088900606
1074000000.0	0.582947700617
1076000000.0	-0.588719994501
1078000000.0	-0.560190563669
1080000000.0	-0.040867602989
1082000000.0	0.450480996302
1084000000.0	0.804433422559
1086000000.0	0.0354382860589
1088000000.0	-0.489949253196
1090000000.0	0.22019332627
1092000000.0	0.0709231356477
1094000000.0	0.679771076823
1096000000.0	0.0695730115238
1098000000.0	-0.447582480222
1100000000.0	0.275192396839
1102000000.0	-0.724346638256
1104000000.0	-0.442724969409
1106000000.0	0.0946329604027
1108000000.0	0.306425215211
1110000000.0	-0.20589338586
1112000000.0	0.365257988271
1114000000.0	0.196019446014
1116000000.0	-0.213260199484
1118000000.0	-0.428227916964
1120000000.0	-0.0355279807689
1122000000.0	0.436284706339
1124000000.0	0.732028333775
1126000000.0	-0.247034612041
1128000000.0	0.301258021374
1130000000.0	-0.2895439386
1132000000.0	-0.384734788002
1134000000.0	-0.250461180517
1136000000.0	0.470217930087
1138000000.0	0.407151612624
1140000000.0	-0.811714986015
1142000000.0	-0.156691115844
1144000000.0	-0.584309941088
1146000000.0	-0.233123179966
1148000000.0	0.362906979965
1150000000.0	-0.104552114309
1152000000.0	0.347814400819
1154000000.0	0.302694164303
1156000000.0	-0.138810330776
1158000000.0	0.561835157827
1160000000.0	0.0574504292759
1162000000.0	0.334569339635
1164000000.0	0.188300346595
1166000000.0	0.260604182639
1168000000.0	-0.230589799964
1170000000.0	0.168791066214
1172000000.0	0.213719006817
1174000000.0	0.220943022414
1176000000.0	0.746937980989
1178000000.0	0.160044555261
1180000000.0	0.000582018486604
1182000000.0	-0.0989491120927
1184000000.0	0.0847637142149
1186000000.0	0.249165331236
1188000000.0	0.569502973195
1190000000.0	0.663192410622
1192000000.0	0.874637320645
1194000000.0	-0.410330932298
1196000000.0	-0.592562384224
1198000000.0	0.19394861878
1200000000.0	0.0488220593359
1202000000.0	0.447700791631
1204000000.0	-0.013591458246
1206000000.0	0.462930216855
1208000000.0	0.116513529566
1210000000.0	-0.244937785646
1212000000.0	0.317337173464
1214000000.0	-0.122789225228
1216000000.0	-0.100678639372
1218000000.0	0.674315296274
1220000000.0	0.248175807123
1222000000.0	-0.213004120959
1224000000.0	-0.0530160878385
1226000000.0	0.244190049058
1228000000.0	1.09868998036
1230000000.0	-0.164000903386
1232000000.0	0.0955793792875
1234000000.0	-0.122688009816
1236000000.0	0.354136153434
1238000000.0	-0.148763438828
1240000000.0	0.0988325324904
1242000000.0	-0.0838382772884
1244000000.0	-0.782349600065
1246000000.0	0.36448412267
1248000000.0	-0.630527440822
1250000000.0	2.43190416622
1252000000.0	0.0862854508467
1254000000.0	-0.0195817963923
1256000000.0	-0.0629632185857
1258000000.0	-0.357775983926
1260000000.0	-0.77319254476
1262000000.0	-0.345392485253
1264000000.0	-0.504059855589
1266000000.0	0.203815869524
1268000000.0	-0.408945784797
1270000000.0	-0.482005679687
1272000000.0	0.437111188162
1274000000.0	0.757430388937
1276000000.0	0.0772105997486
1278000000.0	-0.192966039842
1280000000.0	-0.497395437622
1282000000.0	0.0775041870005
1284000000.0	0.644433915537
1286000000.0	0.425000678574
1288000000.0	0.230008511228
1290000000.0	0.914520786508
1292000000.0	-0.581680882104
1294000000.0	0.480915511894
1296000000.0	0.164844169333
1298000000.0	0.042682873978
1300000000.0	-1.05818680107
1302000000.0	0.184654214278
1304000000.0	1.16337734932
1306000000.0	-0.359888005808
1308000000.0	0.101484045646
1310000000.0	-0.15370839156
1312000000.0	0.094216878975
1314000000.0	-0.076332033353
1316000000.0	0.193911523504
1318000000.0	0.502187774785
1320000000.0	0.248433015424
1322000000.0	-0.517864448512
1324000000.0	-0.542494237695
1326000000.0	-0.190190732526
1328000000.0	-0.0271259431906
1330000000.0	-0.00641757485577
1332000000.0	0.0148175199826
1334000000.0	-0.0205795034956
1336000000.0	-0.0298889387985
1338000000.0	-0.472634036361
1340000000.0	-0.263591899363
1342000000.0	0.334091976282
1344000000.0	0.284661433582
1346000000.0	0.287729655863
1348000000.0	-0.0265443948159
1350000000.0	0.155613862809
1352000000.0	-0.101081073803
1354000000.0	0.736482874131
1356000000.0	-0.190071652168
1358000000.0	0.488849951681
1360000000.0	0.206191998644
1362000000.0	0.659931552732
1364000000.0	-0.0996357093352
1366000000.0	0.637326373367
1368000000.0	-0.0910997329061
1370000000.0	1.59357852733
1372000000.0	-0.895272225724
1374000000.0	1.06379966222
1376000000.0	-0.85460522777
1378000000.0	-0.778697993487
1380000000.0	0.279335235618
1382000000.0	0.27785623329
1384000000.0	-0.0755657903648
1386000000.0	-0.0421785122973
1388000000.0	0.0829265994307
1390000000.0	-0.188796046714
1392000000.0	-0.612646188981
1394000000.0	0.669570366416
1396000000.0	-0.330151894751
1398000000.0	0.178827466699
1400000000.0	0.405278259891
1402000000.0	-0.684591102191
1404000000.0	-0.622349939251
1406000000.0	-0.608654524402
1408000000.0	-0.230754690413
1410000000.0	0.500532735913
1412000000.0	0.714749196603
1414000000.0	0.504512402115
1416000000.0	-0.0461324788728
1418000000.0	0.0398354586027
1420000000.0	0.126707927807
1422000000.0	0.528284403643
1424000000.0	-0.131634421366
1426000000.0	0.373500029759
1428000000.0	-0.467466424987
1430000000.0	-0.00604575093748
1432000000.0	-0.30012580677
1434000000.0	-0.40975304931
1436000000.0	0.708639106398
1438000000.0	0.592756475214
1440000000.0	-0.213002024987
1442000000.0	-0.685486457536
1444000000.0	-0.29523325931
1446000000.0	-0.321800966157
1448000000.0	0.904177991006
1450000000.0	0.80894966459
1452000000.0	0.0839687428209
1454000000.0	-0.717041086661
1456000000.0	-1.39494620768
1458000000.0	0.352700506566
1460000000.0	-0.547229741035
1462000000.0	0.945739962792
1464000000.0	0.220083307819
1466000000.0	0.862800356097
1468000000.0	-0.305116629752
1470000000.0	-0.325386768265
1472000000.0	-0.380376569648
1474000000.0	-0.209604728111
1476000000.0	0.557896199109
1478000000.0	-0.624220971174
1480000000.0	0.0309406363795
1482000000.0	-0.344949332483
1484000000.0	-0.478849037251
1486000000.0	0.225612409356
1488000000.0	1.11515168318
1490000000.0	3.20319999126
1492000000.0	1.55095255634
1494000000.0	-1.83740739455
1496000000.0	-9.33117435481
1498000000.0	-18.6329320352
1500000000.0	50.530637819
1502000000.0	-16.6808759537
1504000000.0	-8.99857479228
1506000000.0	-2.1179607191
1508000000.0	2.99088948173
1510000000.0	3.04564517321
1512000000.0	-0.121202446749
1514000000.0	-0.943781937417
1516000000.0	-1.68131157267
1518000000.0	0.418480587079
1520000000.0	0.884242405807
1522000000.0	0.763198564012
1524000000.0	0.548678958395
1526000000.0	-0.562386701293
1528000000.0	-1.2704832649
1530000000.0	0.0788063731753
1532000000.0	0.616799928058
1534000000.0	0.134039335745
1536000000.0	0.0117779797134
1538000000.0	0.643668018486
1540000000.0	-0.525196581044
1542000000.0	0.281311857077
1544000000.0	-0.476782980201
1546000000.0	0.826100712994
1548000000.0	0.55574607962
1550000000.0	0.291773615158
1552000000.0	-0.570396074196
1554000000.0	-0.185132746688
1556000000.0	0.259382281811
1558000000.0	0.320747465997
1560000000.0	0.282728851404
1562000000.0	0.197667235055
1564000000.0	0.56743552501
1566000000.0	0.23335408666
1568000000.0	0.308122890948
1570000000.0	-0.307648886279
1572000000.0	-0.495358197032
1574000000.0	0.27747214586
1576000000.0	1.02355868219
1578000000.0	0.60085217897
1580000000.0	-0.151817553403
1582000000.0	0.634391232733
1584000000.0	0.101200033358
1586000000.0	0.397578879234
1588000000.0	0.747971950147
1590000000.0	-0.0115903176763
1592000000.0	0.149037240772
1594000000.0	-0.203215084634
1596000000.0	0.277566258393
1598000000.0	0.377012691476
1600000000.0	-0.56759746752
1602000000.0	0.41032381814
1604000000.0	0.42058725152
1606000000.0	-0.197806499077
1608000000.0	-0.584305742162
1610000000.0	0.434561143861
1612000000.0	-0.487431070382
1614000000.0	-0.146118041329
1616000000.0	0.688048538019
1618000000.0	0.39641605035
1620000000.0	0.137727950799
1622000000.0	0.448163368106
1624000000.0	-0.941324378604
1626000000.0	0.260833901818
1628000000.0	0.136874820875
1630000000.0	-0.415442604138
1632000000.0	-0.235599900225
1634000000.0	-0.285558247024
1636000000.0	0.153960690621
1638000000.0	-0.19445250849
1640000000.0	-0.502725232249
1642000000.0	0.0365098684305
1644000000.0	-0.134064037772
1646000000.0	-0.18927501485
1648000000.0	-0.342963547223
1650000000.0	-0.292368639077
1652000000.0	0.587632114715
1654000000.0	0.0529361963773
1656000000.0	-0.434274553516
1658000000.0	-0.514890801259
1660000000.0	-0.234503869131
1662000000.0	0.392775249763
1664000000.0	0.529749131693
1666000000.0	0.220865255092
1668000000.0	0.72386297342
1670000000.0	-0.0216543150762
1672000000.0	0.764701682965
1674000000.0	0.420415882666
1676000000.0	0.0663564447721
1678000000.0	0.0359260645714
1680000000.0	0.133132311589
1682000000.0	0.513802420615
1684000000.0	-0.549602765225
1686000000.0	-0.22639145911
1688000000.0	0.485918067477
1690000000.0	0.373852303179
1692000000.0	-0.12603627826
1694000000.0	-0.833972763673
1696000000.0	-0.262958773364
1698000000.0	0.0551547773654
1700000000.0	0.34753517934
1702000000.0	-0.519317029615
1704000000.0	0.267149777294
1706000000.0	0.126766998706
1708000000.0	-0.365452326495
1710000000.0	-0.194648544054
1712000000.0	-0.0910832023927
1714000000.0	-0.242456629048
1716000000.0	-0.435822859584
1718000000.0	0.20373584206
1720000000.0	-0.116502415707
1722000000.0	0.0300413878353
1724000000.0	-0.445296110597
1726000000.0	-0.108414300695
1728000000.0	-0.239329630117
1730000000.0	0.410766977064
1732000000.0	0.612160047861
1734000000.0	0.854458605486
1736000000.0	-0.0561579720419
1738000000.0	-0.0583056631408
1740000000.0	-0.432036545845
1742000000.0	-0.216241699341
1744000000.0	-0.055557170416
1746000000.0	-0.279026192645
1748000000.0	-0.531941362166
1750000000.0	-1.27445846352
1752000000.0	-0.322107989467
1754000000.0	0.353163395931
1756000000.0	0.343031702689
1758000000.0	-0.124514632701
1760000000.0	-0.756761550236
1762000000.0	0.25816548346
1764000000.0	-0.331655816165
1766000000.0	0.054157400537
1768000000.0	-0.578197309436
1770000000.0	0.332875577614
1772000000.0	-0.0469864565029
1774000000.0	0.753381270743
1776000000.0	-1.08255835602
1778000000.0	-0.50413307339
1780000000.0	0.0511104643846
1782000000.0	-0.165538939394
1784000000.0	0.741573944566
1786000000.0	-0.131006357158
1788000000.0	0.037609260658
1790000000.0	-0.0837177215715
1792000000.0	0.364235972386
1794000000.0	0.165225982866
1796000000.0	-0.103982204077
1798000000.0	0.36700097844
1800000000.0	-1.7811744371
1802000000.0	0.416768506262
1804000000.0	-0.185340245669
1806000000.0	-0.347169953946
1808000000.0	0.251809762253
1810000000.0	0.0491486533206
1812000000.0	0.128809708521
1814000000.0	0.00384981769731
1816000000.0	-0.20892714416
1818000000.0	-0.863680876132
1820000000.0	0.425778853081
1822000000.0	0.553366625078
1824000000.0	0.302825156268
1826000000.0	0.568580632301
1828000000.0	0.142020666164
1830000000.0	0.0653952831651
1832000000.0	0.081010076883
1834000000.0	-0.729303249325
1836000000.0	-0.0161700433164
1838000000.0	0.381335613732
1840000000.0	-0.461874812915
1842000000.0	0.338292591268
1844000000.0	-0.0264988035214
1846000000.0	0.202630418302
1848000000.0	-0.114996222298
1850000000.0	-0.238074684341
1852000000.0	0.107715210333
1854000000.0	0.289956278015
1856000000.0	-0.232320147515
1858000000.0	0.208869549204
1860000000.0	-0.992755313326
1862000000.0	-0.232761347393
1864000000.0	-0.30967145853
1866000000.0	-0.606458810904
1868000000.0	-0.0323384466292
1870000000.0	-0.158105790804
1872000000.0	-0.759722608628
1874000000.0	-0.721512058501
1876000000.0	0.432095393836
1878000000.0	0.734608918686
1880000000.0	0.532898054827
1882000000.0	0.033319488304
1884000000.0	0.557266930759
1886000000.0	0.362939459748
1888000000.0	-0.407046685278
1890000000.0	-0.925950772613
1892000000.0	-0.0691036249145
1894000000.0	0.52857821496
1896000000.0	1.48492695695
1898000000.0	2.75085104036
1900000000.0	-7.27182810619
1902000000.0	3.57334936955
1904000000.0	1.64512958812
1906000000.0	-0.0951408399557
1908000000.0	-0.183344911704
1910000000.0	0.166116982092
1912000000.0	-0.300459616337
1914000000.0	-0.159367644128
1916000000.0	0.562921102252
1918000000.0	0.541286667758
1920000000.0	-0.105320732283
1922000000.0	-0.204022277639
1924000000.0	-0.07869093797
1926000000.0	0.758575447123
1928000000.0	0.0660284537479
1930000000.0	0.0267106465811
1932000000.0	-0.33417209079
1934000000.0	-0.472273117265
1936000000.0	-0.135138286715
1938000000.0	-0.115008083816
1940000000.0	0.240372478035
1942000000.0	0.482932134186
1944000000.0	0.967711488667
1946000000.0	0.627684852199
1948000000.0	-0.177801062055
1950000000.0	0.468709187283
1952000000.0	-0.0516753320496
1954000000.0	0.0270940922243
1956000000.0	-0.154080685682
1958000000.0	-0.301738128174
1960000000.0	-0.363923154134
1962000000.0	0.261662925179
1964000000.0	0.308149778599
1966000000.0	-0.115548376656
1968000000.0	0.571489585004
1970000000.0	-0.214900380058
1972000000.0	-0.182103594254
1974000000.0	-0.218898650923
1976000000.0	0.0790012671591
1978000000.0	0.532919700287
1980000000.0	-0.484019089025
1982000000.0	0.59085499212
1984000000.0	-0.0955586657008
1986000000.0	-0.314054885642
1988000000.0	0.443197496216
1990000000.0	-0.576242667258
1992000000.0	-0.104400446555
1994000000.0	0.654481750193
1996000000.0	0.395157058504
1998000000.0	-0.209908237198
2000000000.0	1.375
