0.0	-49.25
2000000.0	3.29411537214
4000000.0	6.94312849013
6000000.0	1.77820729888
8000000.0	-3.63194056391
10000000.0	-7.26682108452
12000000.0	-6.59310672887
14000000.0	-4.5188972827
16000000.0	4.21090841247
18000000.0	10.8794149527
20000000.0	14.0077234442
22000000.0	7.28446166989
24000000.0	-5.99558980292
26000000.0	-16.6302534355
28000000.0	-14.415168684
30000000.0	-1.04416963828
32000000.0	8.30556721106
34000000.0	12.3372646482
36000000.0	5.74156996315
38000000.0	2.13739337513
40000000.0	-6.84681675663
42000000.0	-8.4122422863
44000000.0	-5.45215059593
46000000.0	0.694741264792
48000000.0	3.19314296664
50000000.0	3.15238099251
52000000.0	-0.178859689428
54000000.0	-3.45399719852
56000000.0	-3.30543321885
58000000.0	-0.298846292668
60000000.0	2.50305687913
62000000.0	4.92286795021
64000000.0	1.21887457976
66000000.0	-2.0240208407
68000000.0	-3.19939113068
70000000.0	-1.29230274624
72000000.0	2.47060551215
74000000.0	4.73416115259
76000000.0	3.64376940763
78000000.0	-0.659739508709
80000000.0	-4.15470839277
82000000.0	-3.17366086683
84000000.0	-0.0129085409615
86000000.0	4.80478615121
88000000.0	5.64001236524
90000000.0	1.11399601443
92000000.0	-3.2611894037
94000000.0	-5.56267698179
96000000.0	-3.91673000882
98000000.0	1.4417162688
100000000.0	5.58781631212
102000000.0	5.13600295575
104000000.0	0.867588493564
106000000.0	-3.37986892233
108000000.0	-5.50372790523
110000000.0	-2.52573258498
112000000.0	0.905239313127
114000000.0	4.13273989786
116000000.0	4.43798186875
118000000.0	0.180382097045
120000000.0	-3.29378361509
122000000.0	-2.53526105988
124000000.0	-0.0836674858065
126000000.0	0.93865498611
128000000.0	2.84190835769
130000000.0	1.22688647499
132000000.0	-1.74098703775
134000000.0	-2.5400267561
136000000.0	-0.952626837232
138000000.0	0.851550155676
140000000.0	3.08683478614
142000000.0	3.16682212561
144000000.0	-0.223154464294
146000000.0	-3.595949617
148000000.0	-3.64908115699
150000000.0	-0.973380056514
152000000.0	2.17885715066
154000000.0	5.50691685793
156000000.0	2.81224328811
158000000.0	-1.1810544387
160000000.0	-4.55008486355
162000000.0	-4.01536093507
164000000.0	-0.0282204014179
166000000.0	2.10659846054
168000000.0	3.47556910549
170000000.0	1.18316275213
172000000.0	-1.94004180307
174000000.0	-2.47552771715
176000000.0	-1.04591452663
178000000.0	1.60493612464
180000000.0	3.71113581511
182000000.0	2.89764104029
184000000.0	-1.32785777876
186000000.0	-4.67191535802
188000000.0	-3.20112108479
190000000.0	-0.317950437412
192000000.0	2.73123513889
194000000.0	3.81857048473
196000000.0	1.81765701786
198000000.0	-1.91056822192
200000000.0	-4.61246814261
202000000.0	-2.63258575263
204000000.0	0.949184706537
206000000.0	3.63908157186
208000000.0	2.76892009883
210000000.0	-0.0320087687244
212000000.0	-4.02701280693
214000000.0	-3.80820397253
216000000.0	-0.70436588696
218000000.0	3.7258818903
220000000.0	5.59697877674
222000000.0	3.61688962436
224000000.0	-1.34201415259
226000000.0	-4.01280277677
228000000.0	-4.21962786212
230000000.0	-0.658374551653
232000000.0	3.00934930195
234000000.0	3.98397758424
236000000.0	0.589860924234
238000000.0	-3.15206222177
240000000.0	-3.87096225741
242000000.0	-2.07287388641
244000000.0	3.1632469086
246000000.0	4.44843547851
248000000.0	2.59564119968
250000000.0	-2.69899594906
252000000.0	-4.76735431864
254000000.0	-4.06940733008
256000000.0	-0.267006397628
258000000.0	5.67727604719
260000000.0	8.25454351187
262000000.0	3.42604236556
264000000.0	-5.24557615737
266000000.0	-11.3336125762
268000000.0	-7.8763816097
270000000.0	3.15737216358
272000000.0	14.3547557082
274000000.0	15.4054505409
276000000.0	3.3945982548
278000000.0	-13.5250621288
280000000.0	-20.9279673817
282000000.0	-11.3407208244
284000000.0	10.360682374
286000000.0	22.3343164147
288000000.0	13.5723382114
290000000.0	-12.3301780754
292000000.0	-27.2949708432
294000000.0	-5.99777019875
296000000.0	47.8140259422
298000000.0	107.227343055
300000000.0	-271.605669118
302000000.0	94.0893365523
304000000.0	58.5235971825
306000000.0	23.7678025363
308000000.0	-1.36547440429
310000000.0	-17.6717607196
312000000.0	-22.3146066648
314000000.0	-15.3858444652
316000000.0	-0.564303644282
318000000.0	14.2770062376
320000000.0	16.7158303561
322000000.0	7.64677254297
324000000.0	-5.82513862613
326000000.0	-11.8150957999
328000000.0	-7.35335327242
330000000.0	1.84886051132
332000000.0	8.3166001509
334000000.0	6.41401861876
336000000.0	-0.669601214825
338000000.0	-5.66188653
340000000.0	-5.27633088226
342000000.0	0.542020192463
344000000.0	5.72466249861
346000000.0	4.88533260912
348000000.0	-0.0105066682279
350000000.0	-3.96992601094
352000000.0	-4.24900626554
354000000.0	-0.16390387494
356000000.0	2.81662918344
358000000.0	4.85681224341
360000000.0	2.20661494753
362000000.0	-1.5553215569
364000000.0	-4.46251092749
366000000.0	-2.88410978022
368000000.0	0.461693542547
370000000.0	3.40071641557
372000000.0	4.24526494849
374000000.0	3.69429933687
376000000.0	-2.59938814651
378000000.0	-3.47382577104
380000000.0	-2.96480047371
382000000.0	-1.56346208787
384000000.0	2.13228079508
386000000.0	1.90382858595
388000000.0	1.51453963484
390000000.0	-0.362253940949
392000000.0	-1.68422194882
394000000.0	-0.66363186594
396000000.0	1.007626678
398000000.0	1.87215928987
400000000.0	0.228675858057
402000000.0	-0.949957966407
404000000.0	-1.29014711659
406000000.0	-1.89140901022
408000000.0	1.36099626914
410000000.0	1.43207182598
412000000.0	2.07801184148
414000000.0	-0.00837190915184
416000000.0	-1.61343851167
418000000.0	-1.83066545841
420000000.0	-1.35305334472
422000000.0	0.620730549443
424000000.0	1.24305053388
426000000.0	1.26648678979
428000000.0	-0.425584638465
430000000.0	-1.45511648374
432000000.0	-1.18778481874
434000000.0	-0.974916930408
436000000.0	0.732021712989
438000000.0	1.00282716686
440000000.0	1.17897477844
442000000.0	-0.040080732683
444000000.0	-1.30117767417
446000000.0	-0.641003445818
448000000.0	-0.303575763275
450000000.0	1.16470666929
452000000.0	1.14359149854
454000000.0	0.59737099649
456000000.0	-0.8585009268
458000000.0	-1.26277611505
460000000.0	-0.0523702327826
462000000.0	1.44513308953
464000000.0	2.12617904953
466000000.0	0.465227014718
468000000.0	-0.743911888495
470000000.0	-0.848284379405
472000000.0	-1.92724786807
474000000.0	-0.212638488528
476000000.0	1.11868921509
478000000.0	0.771485792588
480000000.0	1.07179816063
482000000.0	-0.820899942946
484000000.0	-0.140437172733
486000000.0	-0.818569663044
488000000.0	0.154075478946
490000000.0	1.26867304111
492000000.0	0.0425858558152
494000000.0	-0.653415618006
496000000.0	-0.193924573593
498000000.0	-0.523476012164
500000000.0	-1.13971301736
502000000.0	1.25238466145
504000000.0	0.898673833128
506000000.0	-0.10261678354
508000000.0	-0.370199698484
510000000.0	-1.59492239129
512000000.0	-0.348432538073
514000000.0	0.463882752612
516000000.0	0.89424785134
518000000.0	0.561431307057
520000000.0	0.0370219954001
522000000.0	-1.12722447537
524000000.0	-1.13008417219
526000000.0	-0.617122462257
528000000.0	0.268370207023
530000000.0	1.17166089833
532000000.0	0.279269451269
534000000.0	0.028492172406
536000000.0	-0.644135711394
538000000.0	-0.731988967902
540000000.0	0.174094681362
542000000.0	0.667189556687
544000000.0	1.15842499342
546000000.0	0.714272766537
548000000.0	0.279944555599
550000000.0	-0.745951780504
552000000.0	0.119033150394
554000000.0	-0.187474559365
556000000.0	1.00633313232
558000000.0	0.437122308681
560000000.0	-0.225774867438
562000000.0	-0.252522156126
564000000.0	-0.74163839172
566000000.0	0.121684590704
568000000.0	1.02556866845
570000000.0	1.38094764055
572000000.0	1.3337820643
574000000.0	-0.36982208855
576000000.0	-0.1464891607
578000000.0	-1.48724961286
580000000.0	0.382705343672
582000000.0	0.893899262304
584000000.0	0.458217053091
586000000.0	-0.67855302247
588000000.0	-0.916345717254
590000000.0	-0.238949594657
592000000.0	0.440350256713
594000000.0	0.818756599373
596000000.0	0.205883132823
598000000.0	0.304683693288
600000000.0	-1.06893617416
602000000.0	0.249397321938
604000000.0	-0.377754066586
606000000.0	0.59594287152
608000000.0	0.696547429412
610000000.0	1.07653039293
612000000.0	0.0603440626064
614000000.0	-0.0840250895247
616000000.0	0.682793057686
618000000.0	-0.391749667627
620000000.0	0.51270123726
622000000.0	0.603019558406
624000000.0	1.28242127034
626000000.0	-0.520579596936
628000000.0	-0.396426859313
630000000.0	-0.258222652682
632000000.0	-0.970786450623
634000000.0	0.641447733058
636000000.0	-0.0111046335552
638000000.0	0.862357032724
640000000.0	-0.45556813429
642000000.0	-0.638245395212
644000000.0	0.876484498455
646000000.0	-0.74526303731
648000000.0	0.515298318726
650000000.0	0.480551246055
652000000.0	-0.744106766989
654000000.0	-0.345743366533
656000000.0	-0.378635880584
658000000.0	0.505751121576
660000000.0	0.920541083841
662000000.0	0.507845958375
664000000.0	-0.221935109688
666000000.0	-0.0613611687197
668000000.0	-1.11619707731
670000000.0	-0.820273385646
672000000.0	0.431120085654
674000000.0	-0.426347873377
676000000.0	0.715411871433
678000000.0	-0.265684801285
680000000.0	-0.741245369083
682000000.0	-0.412461452973
684000000.0	-0.383346225936
686000000.0	0.0974354242803
688000000.0	-0.363454855297
690000000.0	-0.811186653406
692000000.0	-0.394471677661
694000000.0	0.255527451394
696000000.0	-0.310797174532
698000000.0	-0.361396623191
700000000.0	0.379446737714
702000000.0	0.473892664655
704000000.0	0.345020663982
706000000.0	-1.20225432012
708000000.0	-1.09561662172
710000000.0	-0.709526786127
712000000.0	0.502391518621
714000000.0	0.999939289404
716000000.0	0.0655091971607
718000000.0	-0.677697241253
720000000.0	-0.797065786996
722000000.0	-0.503537507593
724000000.0	-0.0813400562292
726000000.0	0.218002231932
728000000.0	-0.284243948138
730000000.0	0.379829120713
732000000.0	0.00910271093321
734000000.0	-0.0894468716457
736000000.0	-0.261210900595
738000000.0	0.151883571397
740000000.0	0.573587975329
742000000.0	1.60451867
744000000.0	-0.0483014256431
746000000.0	-0.374096783217
748000000.0	-0.663279564058
750000000.0	-0.0692206694031
752000000.0	0.112394047831
754000000.0	0.104813957944
756000000.0	0.270984918199
758000000.0	-0.0190196780627
760000000.0	-0.656851722817
762000000.0	-0.745237053008
764000000.0	-0.247928703663
766000000.0	0.245999378943
768000000.0	0.759926531547
770000000.0	-0.0849188119332
772000000.0	-0.718516362026
774000000.0	-0.328241989275
776000000.0	-0.797562834614
778000000.0	0.552146349953
780000000.0	0.564336083707
782000000.0	0.468520856027
784000000.0	0.115381552911
786000000.0	-0.677884854184
788000000.0	-0.381925595431
790000000.0	0.103520795407
792000000.0	0.977241105089
794000000.0	0.577119244966
796000000.0	-0.364640434501
798000000.0	-0.855169361238
800000000.0	-0.508619730947
802000000.0	0.668153293638
804000000.0	1.10738776311
806000000.0	0.687525795696
808000000.0	0.869406453378
810000000.0	-0.604798739841
812000000.0	-0.886110151604
814000000.0	-1.6755186345
816000000.0	-0.98125374781
818000000.0	0.812746709646
820000000.0	1.7696889271
822000000.0	-0.0352166089173
824000000.0	-0.322870250709
826000000.0	-1.18531828737
828000000.0	-0.551671285927
830000000.0	-0.247171755765
832000000.0	1.5870114685
834000000.0	0.775364271263
836000000.0	0.325441356288
838000000.0	-0.758397187748
840000000.0	0.115237388729
842000000.0	0.803096666338
844000000.0	1.78698407239
846000000.0	1.55518787125
848000000.0	-0.366146072996
850000000.0	-0.684786785769
852000000.0	-1.13950160836
854000000.0	-0.378125218726
856000000.0	0.504671748664
858000000.0	1.69715427672
860000000.0	2.23602959497
862000000.0	-0.0357697737497
864000000.0	-2.26662947559
866000000.0	-2.4767435643
868000000.0	-1.13880942217
870000000.0	1.39408529011
872000000.0	3.34987841207
874000000.0	2.58759953628
876000000.0	-0.0582453046666
878000000.0	-3.4965725026
880000000.0	-4.42455749104
882000000.0	-0.969520411644
884000000.0	3.05723181989
886000000.0	4.66801689189
888000000.0	0.0355545291016
890000000.0	-6.15431763039
892000000.0	-9.12710554433
894000000.0	1.19791336028
896000000.0	23.9666514087
898000000.0	49.4421573057
900000000.0	-126.191201069
902000000.0	43.2153831278
904000000.0	25.1136484034
906000000.0	7.07961065524
908000000.0	-4.37000753913
910000000.0	-7.55382598556
912000000.0	-6.0074640473
914000000.0	-2.45218625366
916000000.0	0.332502990506
918000000.0	3.33506130633
920000000.0	2.95827985403
922000000.0	1.5854308255
924000000.0	-1.17150465298
926000000.0	-2.32977312495
928000000.0	-2.11844394558
930000000.0	1.10842600157
932000000.0	2.65992401726
934000000.0	1.51559640431
936000000.0	-0.98539124661
938000000.0	-1.65143025299
940000000.0	-1.2093993862
942000000.0	0.670247120986
944000000.0	2.06252084531
946000000.0	1.76758044052
948000000.0	-0.237684316664
950000000.0	-1.68322228803
952000000.0	-1.63263423064
954000000.0	0.805043929635
956000000.0	0.936201184898
958000000.0	1.48441364092
960000000.0	-0.314729233054
962000000.0	-0.979454937538
964000000.0	-1.64570115386
966000000.0	-0.241844442267
968000000.0	0.364082009035
970000000.0	1.2184047188
972000000.0	1.16016635655
974000000.0	0.301515491354
976000000.0	-1.32739508326
978000000.0	-0.906434812655
980000000.0	0.132996774306
982000000.0	0.672080483547
984000000.0	0.497798094433
986000000.0	-0.034728753005
988000000.0	0.300879587227
990000000.0	-1.04539306665
992000000.0	-0.540316503127
994000000.0	-0.602685525549
996000000.0	1.36605081856
998000000.0	0.762974290433
1000000000.0	-3.5625
1002000000.0	-1.24529431369
1004000000.0	-1.12435152634
1006000000.0	-0.381935250534
1008000000.0	0.523663437267
1010000000.0	0.83024550769
1012000000.0	1.21792474628
1014000000.0	-0.295989521427
1016000000.0	-0.272075446546
1018000000.0	-0.959131646526
1020000000.0	-0.810132045466
1022000000.0	0.515367804272
1024000000.0	0.146747918739
1026000000.0	0.933338634669
1028000000.0	0.260766529614
1030000000.0	-0.0281145525454
1032000000.0	-0.00951090798415
1034000000.0	0.651814984199
1036000000.0	0.028128074027
1038000000.0	0.924232528332
1040000000.0	-0.40317590207
1042000000.0	-0.568761811277
1044000000.0	0.151561510471
1046000000.0	-0.342682991581
1048000000.0	0.323869758248
1050000000.0	0.247085577506
1052000000.0	0.362374096356
1054000000.0	0.352428829925
1056000000.0	-0.159800436003
1058000000.0	0.201392226149
1060000000.0	0.121420460474
1062000000.0	-0.198847372547
1064000000.0	0.786423502123
1066000000.0	-0.534811055912
1068000000.0	0.18441767783
1070000000.0	-0.645626884191
1072000000.0	0.242621530048
1074000000.0	0.179855093049
1076000000.0	0.75381347287
1078000000.0	0.372656329552
1080000000.0	-0.227009756825
1082000000.0	0.079294632328
1084000000.0	0.77809349842
1086000000.0	0.23319384731
1088000000.0	0.484961144325
1090000000.0	0.736725525436
1092000000.0	-0.0596438513669
1094000000.0	0.388629585479
1096000000.0	0.147423465691
1098000000.0	0.40350022902
1100000000.0	0.554894903722
1102000000.0	-0.0553420987048
1104000000.0	-0.264444584254
1106000000.0	0.349124765586
1108000000.0	-0.0303669836912
1110000000.0	-0.569978462707
1112000000.0	0.473528247042
1114000000.0	0.650923289634
1116000000.0	0.573912732867
1118000000.0	0.787672292024
1120000000.0	-0.000298950667075
1122000000.0	-0.10716852148
1124000000.0	-0.533865008114
1126000000.0	0.445076779878
1128000000.0	0.746138674535
1130000000.0	0.144257273144
1132000000.0	-0.938059109625
1134000000.0	-0.140547358193
1136000000.0	-0.193228663496
1138000000.0	-0.0426318498821
1140000000.0	0.181936706131
1142000000.0	-0.156774724445
1144000000.0	-0.239929831128
1146000000.0	0.0503564534301
1148000000.0	-0.15376612995
1150000000.0	0.0314079086555
1152000000.0	0.592542253745
1154000000.0	0.175950548396
1156000000.0	0.948214036905
1158000000.0	0.115009980758
1160000000.0	0.654038573706
1162000000.0	0.145824752862
1164000000.0	0.337765654583
1166000000.0	-0.352642715004
1168000000.0	0.934016993226
1170000000.0	0.20330864531
1172000000.0	-0.521714410584
1174000000.0	0.163976483226
1176000000.0	-0.957996427112
1178000000.0	0.233889193018
1180000000.0	0.218504718874
1182000000.0	0.266445979476
1184000000.0	-0.47886622837
1186000000.0	0.317208900745
1188000000.0	-0.834695747377
1190000000.0	-0.32391466298
1192000000.0	0.398932305401
1194000000.0	0.126027123514
1196000000.0	0.259854646698
1198000000.0	-0.575820359138
1200000000.0	-0.0333633580566
1202000000.0	-0.228869672538
1204000000.0	-0.129493256757
1206000000.0	-0.185000993762
1208000000.0	0.169556500171
1210000000.0	0.126860760091
1212000000.0	0.240557346428
1214000000.0	0.0299347882529
1216000000.0	-0.739595489393
1218000000.0	-0.305347876807
1220000000.0	0.0465509399393
1222000000.0	0.0352884974093
1224000000.0	0.0438906135428
1226000000.0	0.24460304165
1228000000.0	0.460371350463
1230000000.0	-0.165514319769
1232000000.0	-0.173005238106
1234000000.0	1.08758090594
1236000000.0	-0.254404765579
1238000000.0	-0.365109401646
1240000000.0	0.0274211458881
1242000000.0	-0.550647727326
1244000000.0	0.290523552278
1246000000.0	0.239507308913
1248000000.0	-0.0293102203234
1250000000.0	2.1116866193
1252000000.0	0.0163680826787
1254000000.0	0.137332330529
1256000000.0	0.0130337135213
1258000000.0	0.791730891571
1260000000.0	-0.0556850397538
1262000000.0	0.782355681416
1264000000.0	-0.281476483127
1266000000.0	0.710248552615
1268000000.0	-0.830009564641
1270000000.0	-1.04364352762
1272000000.0	-0.270896535564
1274000000.0	-0.408675105144
1276000000.0	0.284734174609
1278000000.0	-0.164649086654
1280000000.0	0.5085045847
1282000000.0	-0.0645250203689
1284000000.0	0.0814673346776
1286000000.0	0.759068368231
1288000000.0	0.212374519185
1290000000.0	0.322486372871
1292000000.0	-0.46444564314
1294000000.0	0.808114915633
1296000000.0	0.569372496535
1298000000.0	1.13436158829
1300000000.0	-1.93686956523
1302000000.0	0.838127431338
1304000000.0	0.737546115347
1306000000.0	-0.143971811033
1308000000.0	0.297629311418
1310000000.0	-0.301112910047
1312000000.0	-0.314169446241
1314000000.0	0.129512258861
1316000000.0	0.861576514723
1318000000.0	0.0155962525589
1320000000.0	-0.673394159208
1322000000.0	-0.20292276216
1324000000.0	-0.129624117734
1326000000.0	-0.289967433709
1328000000.0	-0.935526495851
1330000000.0	-0.515643584914
1332000000.0	0.357476494159
1334000000.0	0.348940793935
1336000000.0	-0.124409312804
1338000000.0	0.303702073134
1340000000.0	0.202938136992
1342000000.0	-0.0240411298208
1344000000.0	0.409923352248
1346000000.0	0.00490010780807
1348000000.0	-0.26460200016
1350000000.0	0.474190594538
1352000000.0	0.886355064465
1354000000.0	0.10881360714
1356000000.0	0.0337967805853
1358000000.0	0.3189993144
1360000000.0	-0.402525865735
1362000000.0	0.0415380857165
1364000000.0	0.439664392126
1366000000.0	0.6316829022
1368000000.0	0.121509217685
1370000000.0	-0.132197013681
1372000000.0	0.211302446618
1374000000.0	1.01422909415
1376000000.0	-1.33876107455
1378000000.0	-0.287864984351
1380000000.0	0.544897281469
1382000000.0	-0.63047907086
1384000000.0	-0.222951377921
1386000000.0	-0.432202320058
1388000000.0	0.185742530323
1390000000.0	-0.0104824751991
1392000000.0	0.100459190787
1394000000.0	-0.208009136366
1396000000.0	-0.150568728084
1398000000.0	-0.259943236261
1400000000.0	-1.00193874246
1402000000.0	-0.300871891036
1404000000.0	0.574059881595
1406000000.0	-0.756534976892
1408000000.0	0.230874376702
1410000000.0	-0.523375400355
1412000000.0	-0.593496232772
1414000000.0	-0.194389716794
1416000000.0	0.371666841016
1418000000.0	-0.813379838555
1420000000.0	0.539913567847
1422000000.0	-0.199077424124
1424000000.0	-1.38332895872
1426000000.0	0.526677690699
1428000000.0	0.123014979458
1430000000.0	0.340790803681
1432000000.0	-0.0304261563984
1434000000.0	-0.144202173646
1436000000.0	-0.31811932809
1438000000.0	0.240758533301
1440000000.0	0.0681632451595
1442000000.0	0.0466084484086
1444000000.0	0.187099815638
1446000000.0	0.265168980506
1448000000.0	0.50326097013
1450000000.0	-0.928908982403
1452000000.0	-0.606438522644
1454000000.0	-0.180284625787
1456000000.0	-0.480807931095
1458000000.0	0.783158105249
1460000000.0	0.0426231412132
1462000000.0	-0.698920707913
1464000000.0	-1.00715440203
1466000000.0	-0.809463087228
1468000000.0	-0.510938860002
1470000000.0	1.06493381958
1472000000.0	0.844126073099
1474000000.0	-0.0686883603072
1476000000.0	0.0640118752935
1478000000.0	-0.215104266782
1480000000.0	-0.488049618515
1482000000.0	-0.551693161481
1484000000.0	1.58820398711
1486000000.0	1.68094269988
1488000000.0	-0.433570017836
1490000000.0	-2.84836134899
1492000000.0	-3.24820368676
1494000000.0	1.32859377277
1496000000.0	11.4636213786
1498000000.0	22.8228753613
1500000000.0	-61.6415369826
1502000000.0	19.417103366
1504000000.0	12.1102172467
1506000000.0	3.07991223342
1508000000.0	-2.35996027695
1510000000.0	-2.95099761567
1512000000.0	-1.40218296624
1514000000.0	0.197898720398
1516000000.0	1.18096620809
1518000000.0	1.29233612468
1520000000.0	0.857670945954
1522000000.0	-0.0623008189035
1524000000.0	-0.148750820288
1526000000.0	-0.386036816144
1528000000.0	-0.776808318704
1530000000.0	-0.0860056924511
1532000000.0	0.584565881417
1534000000.0	0.484961594309
1536000000.0	-0.944999712309
1538000000.0	0.20838234814
1540000000.0	-0.015464144449
1542000000.0	0.68001440114
1544000000.0	0.889061631605
1546000000.0	0.339443700881
1548000000.0	-0.784525118404
1550000000.0	-0.503981377525
1552000000.0	-0.240462399397
1554000000.0	0.45000642015
1556000000.0	0.48167769466
1558000000.0	0.253371594452
1560000000.0	0.185863012327
1562000000.0	-0.64166011762
1564000000.0	-0.775919063343
1566000000.0	-0.26807321483
1568000000.0	0.643467710578
1570000000.0	1.06868275673
1572000000.0	-0.0919437625109
1574000000.0	-0.317773764737
1576000000.0	-0.0970290305649
1578000000.0	-0.156852278205
1580000000.0	0.494082667655
1582000000.0	0.445159098198
1584000000.0	0.615134122611
1586000000.0	-0.0731587987436
1588000000.0	0.504891171361
1590000000.0	0.117143748109
1592000000.0	-0.515473240268
1594000000.0	0.74583317744
1596000000.0	0.532575656811
1598000000.0	-0.180895917729
1600000000.0	0.172682230947
1602000000.0	-0.115358896225
1604000000.0	0.091656232232
1606000000.0	-0.15701014616
1608000000.0	-0.550780785153
1610000000.0	0.71342969431
1612000000.0	0.663452219101
1614000000.0	-0.0561691327684
1616000000.0	-0.447153133922
1618000000.0	-0.420068390537
1620000000.0	0.453944701649
1622000000.0	0.784237527422
1624000000.0	1.1116561137
1626000000.0	-1.1627575509
1628000000.0	-0.107446627985
1630000000.0	0.307706121038
1632000000.0	0.16693688804
1634000000.0	-0.0905499224355
1636000000.0	0.563105368744
1638000000.0	0.366766325425
1640000000.0	0.112698438066
1642000000.0	-0.477989932024
1644000000.0	0.112274391823
1646000000.0	-0.357118819136
1648000000.0	0.407437058789
1650000000.0	-0.662895312611
1652000000.0	0.153702161618
1654000000.0	-0.532353959339
1656000000.0	-0.169075896231
1658000000.0	0.186802186346
1660000000.0	0.514972409955
1662000000.0	0.0590367784445
1664000000.0	0.145915047019
1666000000.0	0.671089384321
1668000000.0	-0.30667266863
1670000000.0	-0.352698025661
1672000000.0	-1.04131317806
1674000000.0	0.49441457383
1676000000.0	-0.30668287358
1678000000.0	-0.251956668293
1680000000.0	-0.0400629298824
1682000000.0	0.760073202896
1684000000.0	-0.0700404493913
1686000000.0	0.460615702554
1688000000.0	-0.373199854439
1690000000.0	-0.11845289393
1692000000.0	0.0102976399244
1694000000.0	0.241642566355
1696000000.0	-0.348415237585
1698000000.0	0.216749086232
1700000000.0	1.12167532929
1702000000.0	-0.284281925042
1704000000.0	0.0320054364105
1706000000.0	0.180790933086
1708000000.0	0.674795564625
1710000000.0	-0.057839617005
1712000000.0	-0.308569241063
1714000000.0	0.124600059516
1716000000.0	0.0532807624987
1718000000.0	0.214720313551
1720000000.0	-0.279236635133
1722000000.0	-0.143828687913
1724000000.0	0.104900751684
1726000000.0	0.0691021457792
1728000000.0	-0.436468177605
1730000000.0	-0.2114113449
1732000000.0	1.10245192908
1734000000.0	0.404434515241
1736000000.0	-0.702416527735
1738000000.0	0.298000231147
1740000000.0	-0.0566645650625
1742000000.0	0.453438295814
1744000000.0	-0.495656353268
1746000000.0	-0.564399968079
1748000000.0	-0.425152900179
1750000000.0	-1.84347000084
1752000000.0	-0.338326909689
1754000000.0	-0.393296080718
1756000000.0	-0.672885848401
1758000000.0	-0.301746728733
1760000000.0	-0.352750192044
1762000000.0	0.370211565341
1764000000.0	0.354336755602
1766000000.0	0.223074984672
1768000000.0	0.0703538049992
1770000000.0	-0.350688206071
1772000000.0	0.680577619002
1774000000.0	-0.0447714011278
1776000000.0	0.510222872556
1778000000.0	-0.387940182809
1780000000.0	-0.0215756934181
1782000000.0	-0.126157614873
1784000000.0	-0.50435693578
1786000000.0	0.0145240223339
1788000000.0	-0.219950310165
1790000000.0	-0.159833505686
1792000000.0	0.176078250598
1794000000.0	-0.108391892461
1796000000.0	-0.216271674564
1798000000.0	-0.33619375125
1800000000.0	0.48021805923
1802000000.0	-0.0869844712734
1804000000.0	0.357602397655
1806000000.0	-0.292885266916
1808000000.0	0.258421973732
1810000000.0	-0.290101901121
1812000000.0	0.211940622252
1814000000.0	-0.180835116169
1816000000.0	0.296207500685
1818000000.0	0.044061996893
1820000000.0	0.672770025117
1822000000.0	0.0388081814207
1824000000.0	-0.269602061467
1826000000.0	-0.430864527232
1828000000.0	-0.182010162152
1830000000.0	0.37515729607
1832000000.0	0.26078174901
1834000000.0	0.382530710274
1836000000.0	0.351131873185
1838000000.0	0.335281043464
1840000000.0	-0.24977495261
1842000000.0	-0.136717894342
1844000000.0	-0.356070007388
1846000000.0	-0.171129709348
1848000000.0	0.176267978231
1850000000.0	-0.203772046847
1852000000.0	0.756479921417
1854000000.0	-0.383650463451
1856000000.0	-0.501385852294
1858000000.0	0.292576878053
1860000000.0	-0.512182837147
1862000000.0	0.319295572345
1864000000.0	0.0542054882333
1866000000.0	0.156999450116
1868000000.0	-0.128778150974
1870000000.0	-0.24118542898
1872000000.0	0.360468362228
1874000000.0	0.462991071882
1876000000.0	-0.049093945133
1878000000.0	-0.403123068633
1880000000.0	-0.127433958425
1882000000.0	0.0831827917644
1884000000.0	0.789076385533
1886000000.0	-0.264204755127
1888000000.0	-0.0831454409493
1890000000.0	-1.11846426307
1892000000.0	-0.273160242348
1894000000.0	-0.420533864565
1896000000.0	1.59962338289
1898000000.0	4.32255939477
1900000000.0	-13.5663435305
1902000000.0	6.13546263474
1904000000.0	2.62407238795
1906000000.0	0.625122945635
1908000000.0	-1.16693375687
1910000000.0	-1.52426191229
1912000000.0	-0.133437280032
1914000000.0	-0.114307928753
1916000000.0	0.21376207512
1918000000.0	0.0957884833588
1920000000.0	-0.22992747295
1922000000.0	-0.70586739626
1924000000.0	0.123781957579
1926000000.0	-0.139998089255
1928000000.0	-0.904468607197
1930000000.0	0.120003494982
1932000000.0	0.359346390361
1934000000.0	0.0973190417204
1936000000.0	-0.484425853343
1938000000.0	-0.380603166986
1940000000.0	-0.110923466468
1942000000.0	0.807019817099
1944000000.0	-0.0380952584678
1946000000.0	-0.433131261806
1948000000.0	-0.704043712663
1950000000.0	1.05650165259
1952000000.0	-0.0273396207679
1954000000.0	0.0115045237093
1956000000.0	0.0723873853135
1958000000.0	0.0160442279616
1960000000.0	0.223138839291
1962000000.0	0.36353552339
1964000000.0	0.413060550374
1966000000.0	0.0855209599922
1968000000.0	-0.00381774091565
1970000000.0	-0.40816019917
1972000000.0	0.155117338317
1974000000.0	0.26284137312
1976000000.0	-0.44985278209
1978000000.0	-0.536888740017
1980000000.0	-0.397927560651
1982000000.0	-0.252670476815
1984000000.0	-0.114482015807
1986000000.0	0.303673818087
1988000000.0	-0.709956445801
1990000000.0	0.4071507373
1992000000.0	0.679176244917
1994000000.0	0.0974339040065
1996000000.0	0.612557976492
1998000000.0	-0.290770506224
2000000000.0	-0.3125
