0.0	-8.625
2000000.0	0.560990022388
4000000.0	2.53696563331
6000000.0	-0.173550808855
8000000.0	-0.578443772261
10000000.0	-1.37890262376
12000000.0	-3.01462866871
14000000.0	-5.41562578286
16000000.0	-2.66693492139
18000000.0	2.22644026613
20000000.0	6.01037173018
22000000.0	6.46597556991
24000000.0	4.16453167785
26000000.0	1.31020881135
28000000.0	-1.2368772293
30000000.0	-4.6778010293
32000000.0	-7.90520202292
34000000.0	-5.8428807764
36000000.0	0.982528513183
38000000.0	5.04069479967
40000000.0	5.41405730435
42000000.0	3.94083164242
44000000.0	0.543048656483
46000000.0	-1.51776851487
48000000.0	-2.60159531552
50000000.0	-1.64710859622
52000000.0	0.0524697308506
54000000.0	2.0828560697
56000000.0	3.52965396977
58000000.0	1.76281426587
60000000.0	-1.44217440623
62000000.0	-4.23855381406
64000000.0	-4.80297608491
66000000.0	-1.60903280286
68000000.0	2.56719916093
70000000.0	4.87513732666
72000000.0	4.11959085232
74000000.0	1.70045621361
76000000.0	-1.96054863447
78000000.0	-3.35422365189
80000000.0	-3.40698036619
82000000.0	-1.61976943807
84000000.0	0.97311635152
86000000.0	2.57299369645
88000000.0	2.60796456001
90000000.0	0.440533409323
92000000.0	-2.11572482352
94000000.0	-3.02394816262
96000000.0	-1.94673899336
98000000.0	0.818972802901
100000000.0	2.94123555541
102000000.0	2.59114897086
104000000.0	0.984252935853
106000000.0	-1.37668650748
108000000.0	-2.9981620131
110000000.0	-2.80547350004
112000000.0	-1.1340088102
114000000.0	1.2041278832
116000000.0	2.40626050481
118000000.0	2.54312119452
120000000.0	1.00763197591
122000000.0	-1.07540153439
124000000.0	-3.10965138631
126000000.0	-1.31136215443
128000000.0	0.151333499955
130000000.0	1.29536415538
132000000.0	2.11549931095
134000000.0	1.03018624468
136000000.0	-0.981590469604
138000000.0	-1.9944445318
140000000.0	-1.59791858773
142000000.0	-0.60485236438
144000000.0	1.24100550366
146000000.0	2.64567543166
148000000.0	2.3990205302
150000000.0	0.237234854057
152000000.0	-1.67814679149
154000000.0	-3.01427435263
156000000.0	-2.66525089059
158000000.0	-0.739965750572
160000000.0	1.55596459802
162000000.0	3.22129707576
164000000.0	2.55999292591
166000000.0	0.667446461746
168000000.0	-1.62669943767
170000000.0	-2.70872591177
172000000.0	-2.01431409567
174000000.0	-0.419546860222
176000000.0	1.61669690752
178000000.0	2.09661210047
180000000.0	1.23670581672
182000000.0	-0.076288143991
184000000.0	-1.89145850636
186000000.0	-2.26905585221
188000000.0	-0.841589843924
190000000.0	0.849486337392
192000000.0	2.43769569661
194000000.0	2.24076238543
196000000.0	0.753465568704
198000000.0	-1.2450025992
200000000.0	-2.83304948133
202000000.0	-1.84579922228
204000000.0	-0.156695531969
206000000.0	1.71375782052
208000000.0	2.09381004139
210000000.0	1.32852522917
212000000.0	-0.160364663303
214000000.0	-1.4808460588
216000000.0	-1.81411335453
218000000.0	-0.815327106181
220000000.0	0.763072109805
222000000.0	2.14441173801
224000000.0	2.20785435205
226000000.0	0.101789653549
228000000.0	-2.15186498788
230000000.0	-3.5992300313
232000000.0	-2.48574843375
234000000.0	0.515465541125
236000000.0	3.12292036649
238000000.0	4.0874061709
240000000.0	1.92566287015
242000000.0	-0.618796171456
244000000.0	-3.24203588637
246000000.0	-3.75621979114
248000000.0	-2.45278435027
250000000.0	0.199464371166
252000000.0	2.78090482239
254000000.0	4.37512297908
256000000.0	3.1928737011
258000000.0	-0.627093158492
260000000.0	-4.83851637
262000000.0	-5.38745651153
264000000.0	-1.37928501894
266000000.0	3.13290773377
268000000.0	5.10973815749
270000000.0	2.94853279848
272000000.0	-0.7052708403
274000000.0	-2.8973673985
276000000.0	-3.08751152589
278000000.0	-3.41384656645
280000000.0	-2.01224171849
282000000.0	2.61837092604
284000000.0	8.41462600792
286000000.0	9.13732473886
288000000.0	-1.60456839383
290000000.0	-17.4652888075
292000000.0	-20.7009826351
294000000.0	1.47785543067
296000000.0	40.8209453156
298000000.0	70.0839433681
300000000.0	-138.556548717
302000000.0	29.149522471
304000000.0	13.1601582228
306000000.0	11.8409642445
308000000.0	11.8739518683
310000000.0	3.37566395202
312000000.0	-8.98300908371
314000000.0	-14.5508713424
316000000.0	-7.97818538638
318000000.0	3.8363504738
320000000.0	11.049927109
322000000.0	8.18965505064
324000000.0	0.864357887534
326000000.0	-4.82702733047
328000000.0	-5.34690376646
330000000.0	-3.17429770875
332000000.0	-0.917662014286
334000000.0	1.58338116114
336000000.0	3.85051803125
338000000.0	3.76552714282
340000000.0	1.64076968849
342000000.0	-1.96498343901
344000000.0	-4.4545998421
346000000.0	-3.59145083837
348000000.0	0.080095920471
350000000.0	2.89300022405
352000000.0	3.60864039543
354000000.0	1.38795173066
356000000.0	-0.794915768673
358000000.0	-2.18911654625
360000000.0	-2.16976190492
362000000.0	-0.956335395977
364000000.0	0.0278018305175
366000000.0	1.61037757679
368000000.0	1.29007937701
370000000.0	0.709271095892
372000000.0	-0.606729070471
374000000.0	-2.08722214177
376000000.0	-1.49538283105
378000000.0	0.0847220879825
380000000.0	1.51614216436
382000000.0	1.96126145596
384000000.0	0.695139201123
386000000.0	-0.87276521808
388000000.0	-1.40369938593
390000000.0	-1.54443590778
392000000.0	-0.586830986877
394000000.0	0.593704786929
396000000.0	1.50572654609
398000000.0	1.63976968192
400000000.0	-0.0160241169297
402000000.0	-0.874007764305
404000000.0	-1.864987335
406000000.0	-1.2573811745
408000000.0	-0.194664051402
410000000.0	1.16727196524
412000000.0	1.51231702431
414000000.0	1.05985118451
416000000.0	-0.369741584796
418000000.0	-0.888183759179
420000000.0	-1.143996399
422000000.0	-0.673673226243
424000000.0	0.297870025255
426000000.0	0.956098891219
428000000.0	1.3537431512
430000000.0	0.572066249858
432000000.0	-0.668465859978
434000000.0	-1.23936059611
436000000.0	-1.06087129178
438000000.0	-0.0715408587586
440000000.0	0.657028253718
442000000.0	1.05970219352
444000000.0	0.777765633196
446000000.0	0.333155112944
448000000.0	-0.532036424841
450000000.0	-0.973932422269
452000000.0	-0.709627075884
454000000.0	0.116043062199
456000000.0	0.819013497148
458000000.0	0.733110697691
460000000.0	0.513254685884
462000000.0	-0.741230769955
464000000.0	-1.01850682428
466000000.0	-0.621097257901
468000000.0	-0.414684159405
470000000.0	0.448633923419
472000000.0	1.24456260446
474000000.0	0.517144299085
476000000.0	-0.0393965509615
478000000.0	-0.691585375429
480000000.0	-0.66084939744
482000000.0	-0.456767803069
484000000.0	0.0546737270711
486000000.0	0.751000943707
488000000.0	1.02319001859
490000000.0	0.352102851051
492000000.0	-0.246435602942
494000000.0	-1.18560136961
496000000.0	-0.754635298156
498000000.0	-0.0372019868974
500000000.0	-0.0200094858816
502000000.0	0.923995449359
504000000.0	0.646270692852
506000000.0	0.435491364886
508000000.0	-0.770829474441
510000000.0	-0.731016877872
512000000.0	-0.543904393176
514000000.0	-0.0385459515358
516000000.0	0.461651363511
518000000.0	0.920656106156
520000000.0	0.796616682321
522000000.0	0.231545136846
524000000.0	-0.781768199375
526000000.0	-0.37124961889
528000000.0	-0.362481030616
530000000.0	0.277485691311
532000000.0	0.816848372291
534000000.0	0.410569677071
536000000.0	0.289002083521
538000000.0	-0.192786131112
540000000.0	-0.297707150993
542000000.0	-0.390138158171
544000000.0	0.235322918289
546000000.0	0.256796722447
548000000.0	0.209889820557
550000000.0	0.475426640037
552000000.0	-0.193577665576
554000000.0	-0.53305222331
556000000.0	-0.851401270046
558000000.0	-0.152738479527
560000000.0	0.222813314875
562000000.0	0.217913635583
564000000.0	0.596417555059
566000000.0	0.221332537931
568000000.0	-0.422707177801
570000000.0	-0.704393559766
572000000.0	-0.459949446454
574000000.0	0.164522424318
576000000.0	0.440695800853
578000000.0	0.671561275312
580000000.0	0.635217905682
582000000.0	0.609916536972
584000000.0	-0.385783241315
586000000.0	-0.710264986891
588000000.0	-0.339260419532
590000000.0	0.197070868679
592000000.0	0.490675875502
594000000.0	0.606828060053
596000000.0	0.0106787248987
598000000.0	-0.150211875969
600000000.0	-0.565585240218
602000000.0	-0.495300571798
604000000.0	-0.0833641967168
606000000.0	0.589539357039
608000000.0	0.396021944403
610000000.0	0.102354017757
612000000.0	0.0643175415966
614000000.0	0.012781896206
616000000.0	-0.348703934971
618000000.0	-0.00163247095405
620000000.0	-0.123692312866
622000000.0	0.037702993381
624000000.0	0.413338249567
626000000.0	0.0484533185155
628000000.0	-0.377143837471
630000000.0	-0.332240794753
632000000.0	-0.205258890735
634000000.0	-0.0295697184421
636000000.0	-0.0274597853484
638000000.0	0.173324655427
640000000.0	0.155247193092
642000000.0	0.00668223887335
644000000.0	-0.340003846217
646000000.0	-0.491580247882
648000000.0	-0.197551536599
650000000.0	0.0535589142412
652000000.0	0.215057838066
654000000.0	0.440565349873
656000000.0	0.331505818409
658000000.0	-0.205461667791
660000000.0	-0.385086200526
662000000.0	-0.319038940643
664000000.0	-0.118318005868
666000000.0	0.340895797406
668000000.0	0.184673381617
670000000.0	0.21648199827
672000000.0	0.0479034333495
674000000.0	0.0559403938461
676000000.0	-0.944629824737
678000000.0	-0.140506078144
680000000.0	0.0126340183849
682000000.0	0.301058067033
684000000.0	-0.028350588344
686000000.0	0.132726853392
688000000.0	0.130229984154
690000000.0	-0.229003585694
692000000.0	0.0209298194623
694000000.0	-0.262639830073
696000000.0	0.225347778067
698000000.0	0.659399816444
700000000.0	-1.39314947346
702000000.0	0.590822120556
704000000.0	0.375209454173
706000000.0	-0.0798913201601
708000000.0	-0.116030561929
710000000.0	-0.333742129056
712000000.0	0.216117623837
714000000.0	0.00515322759386
716000000.0	-0.021146792824
718000000.0	0.22698490663
720000000.0	0.174049481167
722000000.0	-0.365605054015
724000000.0	-0.345011598666
726000000.0	0.148741811156
728000000.0	0.409879617117
730000000.0	0.472697257217
732000000.0	-0.13197605769
734000000.0	0.136337564299
736000000.0	-0.0152580344099
738000000.0	-0.208724157586
740000000.0	-0.0482865245812
742000000.0	0.111787619617
744000000.0	0.407960687089
746000000.0	0.221476083882
748000000.0	-0.211305449256
750000000.0	-0.591596709393
752000000.0	-0.079097604319
754000000.0	-0.227494444157
756000000.0	-0.0896455275312
758000000.0	-0.0798271215682
760000000.0	0.254762881885
762000000.0	0.204629443418
764000000.0	0.164317640733
766000000.0	0.0160312122431
768000000.0	-0.183445578374
770000000.0	-0.323070436276
772000000.0	-0.28839599983
774000000.0	0.187510140733
776000000.0	0.0167796135557
778000000.0	0.0306977636684
780000000.0	0.10095368281
782000000.0	0.0803479685336
784000000.0	-0.117331241986
786000000.0	0.0142676593789
788000000.0	-0.184203309111
790000000.0	-0.136812545512
792000000.0	0.261289966663
794000000.0	0.193851589833
796000000.0	0.0690832264413
798000000.0	-0.400243709463
800000000.0	-0.450307189258
802000000.0	0.226007163739
804000000.0	0.214966849298
806000000.0	0.510202704008
808000000.0	0.213494942259
810000000.0	-0.109195282668
812000000.0	-0.244810205886
814000000.0	-0.128577851575
816000000.0	-0.302482279079
818000000.0	0.330580977161
820000000.0	0.379592492211
822000000.0	0.447234400298
824000000.0	0.688575635131
826000000.0	0.170215279306
828000000.0	-0.349534205829
830000000.0	-0.746396695928
832000000.0	-0.49479183719
834000000.0	0.404556807355
836000000.0	0.467864490181
838000000.0	0.914255953241
840000000.0	0.0838196925446
842000000.0	-0.239451052764
844000000.0	-0.333819648973
846000000.0	-0.628066135279
848000000.0	-0.353902714472
850000000.0	0.134227126424
852000000.0	0.241190405256
854000000.0	0.660536460285
856000000.0	0.660319196576
858000000.0	-0.266234491911
860000000.0	-1.2012063627
862000000.0	-1.49880120749
864000000.0	-0.326213184956
866000000.0	0.787387858283
868000000.0	0.965292849393
870000000.0	0.743497379983
872000000.0	-0.432396859936
874000000.0	-1.06217813256
876000000.0	-0.0397616594636
878000000.0	-0.531724331353
880000000.0	-0.28954778017
882000000.0	0.628961182377
884000000.0	2.28214067855
886000000.0	2.38178135751
888000000.0	-0.592219452504
890000000.0	-5.3514461055
892000000.0	-5.98729768172
894000000.0	1.39750867301
896000000.0	13.8500129761
898000000.0	24.2585877503
900000000.0	-51.2271429068
902000000.0	12.1373585959
904000000.0	5.95766731338
906000000.0	4.08538331534
908000000.0	3.27056825186
910000000.0	0.666988398973
912000000.0	-3.26225155548
914000000.0	-4.46267154867
916000000.0	-2.34720719344
918000000.0	1.46928304859
920000000.0	3.59811040346
922000000.0	2.82769616644
924000000.0	0.170580980026
926000000.0	-1.9661465367
928000000.0	-1.93739382052
930000000.0	-1.19575524546
932000000.0	-0.0140112758043
934000000.0	0.933845345488
936000000.0	1.26747860279
938000000.0	1.02197856635
940000000.0	0.530132944592
942000000.0	-0.997392147455
944000000.0	-1.38674150074
946000000.0	-0.92206584386
948000000.0	0.108659833991
950000000.0	1.26824442983
952000000.0	1.29797268062
954000000.0	0.235433163153
956000000.0	-0.605030708755
958000000.0	-0.732005534093
960000000.0	-0.823825563003
962000000.0	-0.0335539389154
964000000.0	0.616948938908
966000000.0	0.687073743609
968000000.0	0.386650240188
970000000.0	0.111906558081
972000000.0	-0.52907536901
974000000.0	-0.615648656322
976000000.0	-0.730955266456
978000000.0	-0.0713431702974
980000000.0	1.04719028724
982000000.0	0.776287754845
984000000.0	0.262808131634
986000000.0	-0.0644211422681
988000000.0	-0.767066335606
990000000.0	-0.61543787739
992000000.0	-0.163330867961
994000000.0	0.49692320794
996000000.0	0.741734818629
998000000.0	0.573292262571
1000000000.0	-0.825
1002000000.0	-0.451938049384
1004000000.0	-0.795338148549
1006000000.0	-0.149263610158
1008000000.0	0.120778809019
1010000000.0	0.375339232037
1012000000.0	0.658218723804
1014000000.0	0.167695665692
1016000000.0	-0.253153078006
1018000000.0	-0.359877154308
1020000000.0	-0.314732551869
1022000000.0	-0.3430179056
1024000000.0	0.26848199394
1026000000.0	0.374790290919
1028000000.0	0.364410048989
1030000000.0	-0.196665624107
1032000000.0	-0.377202306549
1034000000.0	-0.141228317129
1036000000.0	-0.238859500941
1038000000.0	-0.0625469200077
1040000000.0	0.183792878031
1042000000.0	0.45705006812
1044000000.0	0.122802174224
1046000000.0	-0.0869497522398
1048000000.0	-0.105361057863
1050000000.0	-0.52105389569
1052000000.0	-0.0152440430697
1054000000.0	0.328694146726
1056000000.0	0.314215312437
1058000000.0	0.184878556332
1060000000.0	0.0480504624854
1062000000.0	-0.337343337695
1064000000.0	-0.407595081245
1066000000.0	-0.17742882089
1068000000.0	-0.0344385237079
1070000000.0	-0.0121571620331
1072000000.0	0.587841304477
1074000000.0	-0.0292880465936
1076000000.0	-0.0490025341533
1078000000.0	-0.388306406415
1080000000.0	-0.320288171322
1082000000.0	-0.0231288722619
1084000000.0	0.225059840154
1086000000.0	0.531546672581
1088000000.0	0.363295152839
1090000000.0	0.0562050472744
1092000000.0	-0.0607808394069
1094000000.0	-0.415764373008
1096000000.0	-0.108321630677
1098000000.0	0.122378798402
1100000000.0	-0.105988204156
1102000000.0	0.377109135972
1104000000.0	0.16637221293
1106000000.0	0.0988694904358
1108000000.0	-0.160251452084
1110000000.0	-0.182904876555
1112000000.0	-0.375430496855
1114000000.0	0.295222714332
1116000000.0	0.140061304366
1118000000.0	0.301168391494
1120000000.0	0.384572873786
1122000000.0	-0.170443719733
1124000000.0	-0.389618039381
1126000000.0	-0.352901442752
1128000000.0	-0.118910614117
1130000000.0	0.0688237985949
1132000000.0	0.331604219798
1134000000.0	0.0683971325711
1136000000.0	0.0610307667336
1138000000.0	-0.196132484052
1140000000.0	-0.445189761816
1142000000.0	0.19372508379
1144000000.0	0.250079807561
1146000000.0	0.327675959336
1148000000.0	-0.197105484132
1150000000.0	0.0997161798688
1152000000.0	-0.171924555796
1154000000.0	-0.145281698069
1156000000.0	0.122821234492
1158000000.0	-0.111156200728
1160000000.0	-0.00507632123041
1162000000.0	0.159115176783
1164000000.0	0.159616347699
1166000000.0	0.302221382457
1168000000.0	-0.588823072827
1170000000.0	-0.0511672370383
1172000000.0	-0.0442123529083
1174000000.0	-0.126738364236
1176000000.0	0.00865643266826
1178000000.0	0.339796208226
1180000000.0	0.129018290038
1182000000.0	-0.0960126280784
1184000000.0	-0.242136161281
1186000000.0	-0.190881878119
1188000000.0	0.151242406832
1190000000.0	0.0980562891417
1192000000.0	0.473195546978
1194000000.0	0.177425580014
1196000000.0	-0.117983861499
1198000000.0	-0.139286866118
1200000000.0	-0.89647588307
1202000000.0	0.252568360604
1204000000.0	0.300904066207
1206000000.0	0.30362490658
1208000000.0	-0.174950039644
1210000000.0	-0.132315111269
1212000000.0	-0.222082327115
1214000000.0	-0.00317616846456
1216000000.0	0.260204106539
1218000000.0	0.177810688624
1220000000.0	0.281943507276
1222000000.0	0.0192616582295
1224000000.0	-0.0339586336226
1226000000.0	-0.0417326451923
1228000000.0	-0.11213479335
1230000000.0	-0.205139083845
1232000000.0	0.00215002498878
1234000000.0	0.133602183619
1236000000.0	-0.00187098833004
1238000000.0	0.0751273030489
1240000000.0	-0.263477837324
1242000000.0	-0.332641024011
1244000000.0	-0.199267972532
1246000000.0	-0.113435613496
1248000000.0	0.271155909213
1250000000.0	0.398290883217
1252000000.0	-0.23917867373
1254000000.0	0.143888582794
1256000000.0	-0.139832123193
1258000000.0	-0.183183131456
1260000000.0	0.0512394900928
1262000000.0	0.04063649041
1264000000.0	0.0595345707287
1266000000.0	0.0251581171275
1268000000.0	0.00156852141554
1270000000.0	0.146524919199
1272000000.0	-0.291554409613
1274000000.0	-0.0572034490647
1276000000.0	-0.459473774596
1278000000.0	0.0447477558068
1280000000.0	0.103089535847
1282000000.0	0.1745730517
1284000000.0	-0.236349032943
1286000000.0	-0.164230402152
1288000000.0	-0.169267562604
1290000000.0	-0.250766054395
1292000000.0	0.0605212957009
1294000000.0	-0.0642968962488
1296000000.0	0.631548370583
1298000000.0	1.66001854348
1300000000.0	-4.45016630222
1302000000.0	1.80924925101
1304000000.0	0.656773159419
1306000000.0	0.112212237543
1308000000.0	-0.268046037989
1310000000.0	-0.509608394276
1312000000.0	-0.114041675823
1314000000.0	-0.167335622487
1316000000.0	0.00791741459668
1318000000.0	0.206831234975
1320000000.0	0.194438321958
1322000000.0	-0.0353186585845
1324000000.0	-0.528066683071
1326000000.0	0.0616016468107
1328000000.0	-0.0118106957465
1330000000.0	-0.0671500256343
1332000000.0	0.121100658907
1334000000.0	-0.258919676737
1336000000.0	0.0401685313737
1338000000.0	-0.033292447519
1340000000.0	0.0387513461984
1342000000.0	0.0373476073109
1344000000.0	-0.0319228320319
1346000000.0	0.237981870767
1348000000.0	0.281331223196
1350000000.0	-0.0778756759197
1352000000.0	0.258973604448
1354000000.0	-0.0962760557264
1356000000.0	-0.168851842861
1358000000.0	-0.240570143433
1360000000.0	0.0715090098169
1362000000.0	0.0304549390116
1364000000.0	0.316673926885
1366000000.0	0.0742615661769
1368000000.0	-0.0875863555312
1370000000.0	-0.352221769581
1372000000.0	-0.329457270322
1374000000.0	-0.407356022468
1376000000.0	0.379204812888
1378000000.0	0.562260710283
1380000000.0	0.145316012081
1382000000.0	-0.0551040915486
1384000000.0	-0.131460792286
1386000000.0	0.14603250876
1388000000.0	0.0822505032912
1390000000.0	0.377742902869
1392000000.0	-0.0898696799473
1394000000.0	-0.0250666507237
1396000000.0	0.168937504643
1398000000.0	0.0998942235
1400000000.0	-0.711340117939
1402000000.0	0.207202026774
1404000000.0	-0.240182812983
1406000000.0	0.0528288055483
1408000000.0	0.134403652754
1410000000.0	-0.0493343777119
1412000000.0	-0.215359080342
1414000000.0	0.0579078202225
1416000000.0	-0.0309580626786
1418000000.0	0.195348980595
1420000000.0	0.211778441952
1422000000.0	0.0530737808565
1424000000.0	0.23951406709
1426000000.0	0.0773682632496
1428000000.0	-0.0490512562459
1430000000.0	-0.131673577951
1432000000.0	-0.173580328314
1434000000.0	-0.0301279304662
1436000000.0	0.628303256413
1438000000.0	0.411121045883
1440000000.0	-0.147293953796
1442000000.0	-0.138192735484
1444000000.0	-0.198183636747
1446000000.0	-0.613430490554
1448000000.0	-0.00245350970674
1450000000.0	0.000719643760044
1452000000.0	0.0893849000205
1454000000.0	0.0585409573276
1456000000.0	0.220271491906
1458000000.0	0.0625903958732
1460000000.0	-0.562597919304
1462000000.0	-0.524773885662
1464000000.0	-0.18749096597
1466000000.0	0.284923978835
1468000000.0	0.390811772354
1470000000.0	0.136734332663
1472000000.0	-0.304648018428
1474000000.0	-0.35766950187
1476000000.0	-0.60808856042
1478000000.0	-0.113426739906
1480000000.0	0.17427130652
1482000000.0	0.560068562901
1484000000.0	0.838365477576
1486000000.0	0.761816507006
1488000000.0	-0.371244664565
1490000000.0	-2.49986717082
1492000000.0	-2.77086473848
1494000000.0	0.44767704837
1496000000.0	6.59920835762
1498000000.0	11.599699672
1500000000.0	-24.8924905141
1502000000.0	6.27837717781
1504000000.0	3.50994467776
1506000000.0	2.0106193423
1508000000.0	1.40452928294
1510000000.0	-0.050410555519
1512000000.0	-1.1878008189
1514000000.0	-1.96100506663
1516000000.0	-0.974906489807
1518000000.0	0.741660843708
1520000000.0	1.26633417346
1522000000.0	1.01675186492
1524000000.0	0.192780113122
1526000000.0	-0.868584697053
1528000000.0	-0.88851920681
1530000000.0	-0.404915708389
1532000000.0	0.0382679240887
1534000000.0	0.421164144959
1536000000.0	0.483878214501
1538000000.0	0.318999655543
1540000000.0	0.0916269845916
1542000000.0	-0.335683670303
1544000000.0	-0.615558861326
1546000000.0	-0.838369441369
1548000000.0	-0.0431301720301
1550000000.0	0.0652187157079
1552000000.0	0.704201631077
1554000000.0	0.154456095643
1556000000.0	0.0456801834914
1558000000.0	-0.427438729769
1560000000.0	-0.297283190988
1562000000.0	0.168526508709
1564000000.0	0.127674633418
1566000000.0	0.532329857772
1568000000.0	0.375116405047
1570000000.0	0.0835701650829
1572000000.0	0.0685910795954
1574000000.0	-0.136060470509
1576000000.0	-0.201167037828
1578000000.0	0.291906253562
1580000000.0	0.328141518987
1582000000.0	0.221235362166
1584000000.0	-0.134482857862
1586000000.0	-0.00183092892468
1588000000.0	-0.156972641121
1590000000.0	-0.0705600599467
1592000000.0	0.0562836380086
1594000000.0	0.0578318478179
1596000000.0	0.0913575053851
1598000000.0	0.179885284948
1600000000.0	-0.799692810742
1602000000.0	0.118722214698
1604000000.0	-0.218452175412
1606000000.0	-0.317635504877
1608000000.0	-0.0429072217368
1610000000.0	0.390897473788
1612000000.0	0.525011887588
1614000000.0	-0.0434553060386
1616000000.0	-0.188762788722
1618000000.0	-0.359730337063
1620000000.0	-0.18349427716
1622000000.0	0.0914741265277
1624000000.0	0.600782370768
1626000000.0	-0.112405729641
1628000000.0	0.108654765393
1630000000.0	-0.208284715678
1632000000.0	-0.0807949546492
1634000000.0	-0.131457066495
1636000000.0	0.020987809875
1638000000.0	0.100813562876
1640000000.0	0.1633492916
1642000000.0	0.101675714581
1644000000.0	-0.0403903440467
1646000000.0	-0.191248107264
1648000000.0	-0.21592423185
1650000000.0	-0.134795394243
1652000000.0	0.062476217196
1654000000.0	0.083594187559
1656000000.0	0.08393571668
1658000000.0	0.152537157556
1660000000.0	-0.30697716495
1662000000.0	-0.246634550735
1664000000.0	-0.0393141609431
1666000000.0	-0.0358418093023
1668000000.0	0.0711819656504
1670000000.0	0.134258841686
1672000000.0	0.228557464499
1674000000.0	0.116724543787
1676000000.0	-0.213108437815
1678000000.0	-0.116120581697
1680000000.0	0.0945129520781
1682000000.0	0.310061681015
1684000000.0	0.195203137192
1686000000.0	0.480515787499
1688000000.0	0.155947023777
1690000000.0	-0.185944790527
1692000000.0	0.144793775357
1694000000.0	-0.169493727015
1696000000.0	-0.00755682962076
1698000000.0	0.269325190962
1700000000.0	-0.91257969577
1702000000.0	0.46759013531
1704000000.0	0.111865309935
1706000000.0	0.211304900166
1708000000.0	0.0661683846574
1710000000.0	0.292522699755
1712000000.0	-0.019876364048
1714000000.0	0.26829507892
1716000000.0	0.0445117498514
1718000000.0	0.00720253423508
1720000000.0	0.136435924764
1722000000.0	-0.038094519773
1724000000.0	-0.0291938987441
1726000000.0	0.172088271906
1728000000.0	0.026234806151
1730000000.0	0.116084252775
1732000000.0	0.0853963897401
1734000000.0	-0.104649847358
1736000000.0	-0.0101831281772
1738000000.0	-0.0529869274425
1740000000.0	-0.0802861301452
1742000000.0	0.170375480858
1744000000.0	-0.0320204575656
1746000000.0	-0.00455423606719
1748000000.0	0.354243756955
1750000000.0	-0.48115854499
1752000000.0	-0.0114394912453
1754000000.0	-0.177031394859
1756000000.0	0.0730100889509
1758000000.0	0.0531068357119
1760000000.0	-0.00474947228218
1762000000.0	0.0396707256124
1764000000.0	0.0882634663231
1766000000.0	0.0402677410396
1768000000.0	-0.113152339018
1770000000.0	-0.246443742626
1772000000.0	0.0856264085076
1774000000.0	0.000811382906456
1776000000.0	0.384625318961
1778000000.0	0.150441366129
1780000000.0	-0.183794550173
1782000000.0	0.113411663765
1784000000.0	0.0905859012731
1786000000.0	-0.218079509329
1788000000.0	0.145021947265
1790000000.0	-0.121901625152
1792000000.0	0.26430250369
1794000000.0	0.210749193749
1796000000.0	-0.148633073943
1798000000.0	-0.084587302415
1800000000.0	-0.0650251605146
1802000000.0	0.135292076091
1804000000.0	0.0447084639954
1806000000.0	0.0592911050931
1808000000.0	-0.0408127646749
1810000000.0	-0.112281124094
1812000000.0	-0.0540435125334
1814000000.0	0.0109058535037
1816000000.0	0.0435050299814
1818000000.0	0.295073609589
1820000000.0	0.159222655497
1822000000.0	-0.0460973440421
1824000000.0	0.199079082425
1826000000.0	-0.211867763445
1828000000.0	-0.100211159733
1830000000.0	0.00656335502381
1832000000.0	0.217156240123
1834000000.0	0.153646523946
1836000000.0	-0.00333955031979
1838000000.0	0.106338874628
1840000000.0	-0.0233965332252
1842000000.0	-0.10574701625
1844000000.0	-0.165588009814
1846000000.0	0.0296881601256
1848000000.0	0.314032108881
1850000000.0	0.339157697048
1852000000.0	0.102797362484
1854000000.0	-0.0564338786727
1856000000.0	-0.188110351739
1858000000.0	-0.154428630231
1860000000.0	0.0368122371989
1862000000.0	0.21159297928
1864000000.0	0.500960971626
1866000000.0	0.451471140592
1868000000.0	0.328664291938
1870000000.0	-0.104348597193
1872000000.0	-0.151127974876
1874000000.0	0.140790010911
1876000000.0	-0.262109334138
1878000000.0	0.231536248521
1880000000.0	0.291950570059
1882000000.0	0.107799409519
1884000000.0	-0.354813007256
1886000000.0	-0.600294458153
1888000000.0	-0.600331999389
1890000000.0	-0.181833029784
1892000000.0	0.190047332311
1894000000.0	0.735027566881
1896000000.0	1.46384755615
1898000000.0	2.91180303086
1900000000.0	-10.1331602561
1902000000.0	4.40567216989
1904000000.0	2.14387470554
1906000000.0	0.470376841468
1908000000.0	-0.325524577091
1910000000.0	-0.880576709947
1912000000.0	-0.254786563184
1914000000.0	0.123432610973
1916000000.0	0.128297139916
1918000000.0	0.342387517614
1920000000.0	0.200417076819
1922000000.0	0.0568105290786
1924000000.0	-0.355668692833
1926000000.0	-0.121143720771
1928000000.0	-0.178263840766
1930000000.0	0.0616378406439
1932000000.0	0.290830980464
1934000000.0	0.0230992354882
1936000000.0	0.261641896767
1938000000.0	-0.0929373313361
1940000000.0	-0.277488662124
1942000000.0	0.170266543395
1944000000.0	-0.0054096005805
1946000000.0	0.152008739083
1948000000.0	0.135709252234
1950000000.0	0.0132615593158
1952000000.0	-0.158196229991
1954000000.0	0.0153639560888
1956000000.0	-0.195979978881
1958000000.0	-0.186353679367
1960000000.0	0.251772516815
1962000000.0	0.359024619487
1964000000.0	0.315336263316
1966000000.0	0.374586157315
1968000000.0	-0.0244865664343
1970000000.0	0.204112615904
1972000000.0	-0.0621129683201
1974000000.0	0.0236381732454
1976000000.0	-0.0249640342449
1978000000.0	0.179303873157
1980000000.0	0.0378408778003
1982000000.0	0.209237391039
1984000000.0	-0.00489101272494
1986000000.0	-0.253483690085
1988000000.0	0.138985275082
1990000000.0	-0.0790074504454
1992000000.0	-0.205558379874
1994000000.0	0.096271300841
1996000000.0	-0.284309652415
1998000000.0	-0.218167606513
2000000000.0	0.45
