0.0	-48.90625
2000000.0	2.0551524188
4000000.0	6.94282070588
6000000.0	2.45222839379
8000000.0	-3.4147655634
10000000.0	-5.03014077191
12000000.0	-3.97415140553
14000000.0	-2.04861190479
16000000.0	4.0977590697
18000000.0	9.92866735069
20000000.0	9.98962631358
22000000.0	3.41881954416
24000000.0	-7.04915726776
26000000.0	-15.8270173046
28000000.0	-12.3757596496
30000000.0	-1.44920122323
32000000.0	9.70053182954
34000000.0	12.1782143598
36000000.0	6.26002842463
38000000.0	-0.802869101657
40000000.0	-7.09239673078
42000000.0	-9.60198892734
44000000.0	-4.16777133031
46000000.0	1.3241578294
48000000.0	4.25925959117
50000000.0	3.59680734074
52000000.0	-0.221305846279
54000000.0	-3.49210404308
56000000.0	-3.79568900895
58000000.0	-0.543345459641
60000000.0	1.45932078646
62000000.0	4.17394832138
64000000.0	2.05784991955
66000000.0	-1.89667871788
68000000.0	-2.60402487679
70000000.0	-2.37253079319
72000000.0	1.9078308162
74000000.0	2.51088492734
76000000.0	0.929059584433
78000000.0	-2.30880094239
80000000.0	-2.869670851
82000000.0	-1.71380290635
84000000.0	1.38895566111
86000000.0	4.03995408221
88000000.0	3.73157060185
90000000.0	-0.351735612979
92000000.0	-4.25884798411
94000000.0	-4.47328462733
96000000.0	-2.46658729735
98000000.0	2.74240304939
100000000.0	4.6413774083
102000000.0	4.26805992183
104000000.0	0.355997581532
106000000.0	-3.43887728575
108000000.0	-5.21466155172
110000000.0	-1.59821260019
112000000.0	0.754245654863
114000000.0	3.38481134661
116000000.0	2.71564752449
118000000.0	-0.00961912018038
120000000.0	-2.57995149815
122000000.0	-2.64255125579
124000000.0	-1.72575591674
126000000.0	1.88337071832
128000000.0	2.85618658665
130000000.0	-0.0825781888836
132000000.0	-2.22838956491
134000000.0	-2.76035255646
136000000.0	-0.726453789249
138000000.0	2.94799693183
140000000.0	3.75127884523
142000000.0	1.95246704146
144000000.0	-2.01039813556
146000000.0	-4.56827457926
148000000.0	-3.46169622149
150000000.0	0.442334788364
152000000.0	3.55369471677
154000000.0	5.01114101053
156000000.0	1.55551424495
158000000.0	-2.10892150965
160000000.0	-3.92334044731
162000000.0	-3.32894555817
164000000.0	0.484282351053
166000000.0	2.4500968586
168000000.0	3.36478101986
170000000.0	0.18153588209
172000000.0	-2.3641447107
174000000.0	-2.21159692668
176000000.0	0.200533225503
178000000.0	2.02936613564
180000000.0	2.24083517414
182000000.0	0.864988298342
184000000.0	-2.23495268053
186000000.0	-2.69094688112
188000000.0	-1.59547239052
190000000.0	0.874295172404
192000000.0	3.62309351423
194000000.0	2.92112371771
196000000.0	-0.323582498567
198000000.0	-3.56209219203
200000000.0	-3.74484935398
202000000.0	-0.585759903621
204000000.0	2.30642761764
206000000.0	4.44401678686
208000000.0	2.30430706596
210000000.0	-1.18089841889
212000000.0	-3.93630749588
214000000.0	-3.75687147827
216000000.0	-0.365807146193
218000000.0	3.25118400241
220000000.0	3.78627875994
222000000.0	1.37731030759
224000000.0	-2.75062839608
226000000.0	-3.3775356515
228000000.0	-1.34448322546
230000000.0	1.64053025087
232000000.0	3.35893440806
234000000.0	1.35203745165
236000000.0	-1.8947692879
238000000.0	-3.33666566145
240000000.0	-3.50086606883
242000000.0	1.49155480255
244000000.0	4.4926430209
246000000.0	4.26411666555
248000000.0	-0.101425718218
250000000.0	-6.2613768855
252000000.0	-4.93501534282
254000000.0	-2.58454862495
256000000.0	3.59187638674
258000000.0	5.81560922205
260000000.0	5.18421488765
262000000.0	-0.43968749778
264000000.0	-6.47187458854
266000000.0	-8.20282507663
268000000.0	-3.91843122448
270000000.0	4.05979684139
272000000.0	10.6638552196
274000000.0	9.06827257071
276000000.0	1.36785990963
278000000.0	-9.99306616705
280000000.0	-11.7685427396
282000000.0	-4.06807343648
284000000.0	10.2750756774
286000000.0	14.7770270109
288000000.0	0.286196236612
290000000.0	-21.9351860301
292000000.0	-26.9138743112
294000000.0	6.87311253176
296000000.0	80.4260333633
298000000.0	158.975395078
300000000.0	-423.675031768
302000000.0	150.816188603
304000000.0	84.8520519199
306000000.0	23.8212504874
308000000.0	-13.798861887
310000000.0	-24.0268658463
312000000.0	-17.5076022156
314000000.0	-5.40909042093
316000000.0	3.93254495963
318000000.0	8.66713056323
320000000.0	6.67959124373
322000000.0	0.758665251811
324000000.0	-3.47418372696
326000000.0	-4.49285951415
328000000.0	-1.16670305436
330000000.0	2.93698497454
332000000.0	4.23683655172
334000000.0	0.0887442005918
336000000.0	-4.08416214041
338000000.0	-5.24377480581
340000000.0	-2.35332881178
342000000.0	3.33619221522
344000000.0	5.79442226763
346000000.0	2.8632641552
348000000.0	-2.64274027209
350000000.0	-4.49105926107
352000000.0	-4.0095564958
354000000.0	1.22201289518
356000000.0	5.73783032427
358000000.0	3.06093932771
360000000.0	1.00796848763
362000000.0	-3.4930792224
364000000.0	-3.98022204723
366000000.0	-1.90302691752
368000000.0	2.49407540471
370000000.0	3.16586721888
372000000.0	1.88920691725
374000000.0	1.09262004004
376000000.0	-0.505428526808
378000000.0	-1.7186178716
380000000.0	-1.15555083071
382000000.0	0.0946409034644
384000000.0	0.746758309673
386000000.0	-0.593394075442
388000000.0	-0.689229884971
390000000.0	-0.688471132889
392000000.0	-0.424915508651
394000000.0	0.763595710596
396000000.0	1.24258744824
398000000.0	1.05005193921
400000000.0	-1.63232859898
402000000.0	-3.61061320178
404000000.0	-1.80990145782
406000000.0	-0.767047902275
408000000.0	1.65025998061
410000000.0	2.12320827201
412000000.0	1.17244244744
414000000.0	-1.12777240852
416000000.0	-1.13436262202
418000000.0	-1.42580372457
420000000.0	0.178737629132
422000000.0	0.903827706578
424000000.0	0.547227674958
426000000.0	0.166348757757
428000000.0	-1.13893676002
430000000.0	-0.69625018964
432000000.0	-0.576992985388
434000000.0	0.790047998853
436000000.0	1.10874057438
438000000.0	0.910093958023
440000000.0	-0.459738547949
442000000.0	-0.96803748266
444000000.0	-0.299594530587
446000000.0	0.791380457367
448000000.0	0.93334581161
450000000.0	0.619244773708
452000000.0	0.0425059532161
454000000.0	-1.21189406285
456000000.0	-0.530971914984
458000000.0	-0.596600222436
460000000.0	1.27790743095
462000000.0	1.89788307071
464000000.0	-0.0344447706731
466000000.0	-0.406944138409
468000000.0	-1.54150042429
470000000.0	-1.61168262613
472000000.0	-0.408995773795
474000000.0	0.125074663241
476000000.0	0.986443104978
478000000.0	0.471355182438
480000000.0	0.327886903544
482000000.0	-0.563836680486
484000000.0	-0.575757369147
486000000.0	0.182568779632
488000000.0	1.30248824846
490000000.0	0.359843504903
492000000.0	-0.764958198517
494000000.0	-0.785632966883
496000000.0	0.136910398219
498000000.0	0.347026334505
500000000.0	1.90105014569
502000000.0	1.4262920886
504000000.0	1.05831758598
506000000.0	-0.667963111904
508000000.0	-0.576431440204
510000000.0	-1.74054352619
512000000.0	0.242972976285
514000000.0	0.715725472432
516000000.0	1.12776666646
518000000.0	0.200115036469
520000000.0	-0.554220988726
522000000.0	-0.152433211475
524000000.0	-0.0370308522706
526000000.0	0.631068597878
528000000.0	1.13220742034
530000000.0	0.789463326111
532000000.0	0.541182563396
534000000.0	-0.949728492831
536000000.0	-0.458570128125
538000000.0	0.257808180713
540000000.0	1.05546707088
542000000.0	0.173014986107
544000000.0	0.18222021313
546000000.0	-0.241917633445
548000000.0	-0.328492775181
550000000.0	0.278146637674
552000000.0	0.631931918205
554000000.0	0.41980562904
556000000.0	-0.0737421893749
558000000.0	-0.187961834916
560000000.0	-0.42468518178
562000000.0	-1.11616208183
564000000.0	0.311590698362
566000000.0	0.684923888463
568000000.0	0.860480192706
570000000.0	0.848883298743
572000000.0	-0.211898171795
574000000.0	-0.454655164288
576000000.0	0.165551241637
578000000.0	0.147103083845
580000000.0	0.0521092598558
582000000.0	-0.497473147926
584000000.0	0.176221446834
586000000.0	-0.259279629824
588000000.0	-0.546618227531
590000000.0	-0.61925316868
592000000.0	2.27285662651
594000000.0	0.646610677556
596000000.0	0.255323969219
598000000.0	-1.39822865783
600000000.0	1.25512386253
602000000.0	-0.418722747954
604000000.0	-0.113368597246
606000000.0	0.481013838288
608000000.0	0.0938489611764
610000000.0	-0.124957976896
612000000.0	0.169618840542
614000000.0	-0.344537190706
616000000.0	-0.458039896091
618000000.0	-0.255730778077
620000000.0	0.0237597236921
622000000.0	-0.623358169064
624000000.0	-0.456264728332
626000000.0	-0.331824697426
628000000.0	-0.298130432725
630000000.0	0.738561356547
632000000.0	0.678338330881
634000000.0	0.0599956365427
636000000.0	0.061837487031
638000000.0	-0.811003996436
640000000.0	0.580167123493
642000000.0	-0.733821669671
644000000.0	0.216672241136
646000000.0	0.533573199275
648000000.0	-0.499544889036
650000000.0	0.529130040216
652000000.0	0.489421493423
654000000.0	0.199999258792
656000000.0	0.137082397983
658000000.0	0.283864868996
660000000.0	1.00883656616
662000000.0	-0.0380223625719
664000000.0	-0.473515305509
666000000.0	-0.347334897864
668000000.0	-0.105712445572
670000000.0	0.180042693152
672000000.0	0.899573402484
674000000.0	0.549732817172
676000000.0	0.131881737178
678000000.0	-0.28075544422
680000000.0	-0.222061457206
682000000.0	-0.207452081559
684000000.0	-0.223743176106
686000000.0	0.203284850741
688000000.0	-0.745045185611
690000000.0	-0.260287293179
692000000.0	-0.702634657856
694000000.0	0.390363541527
696000000.0	0.533764239226
698000000.0	0.499118102233
700000000.0	0.530777159588
702000000.0	-0.0290292427045
704000000.0	-0.692562269363
706000000.0	-0.737286637125
708000000.0	0.248783204666
710000000.0	0.632445493404
712000000.0	0.622559182218
714000000.0	0.425785255722
716000000.0	0.560777469134
718000000.0	-1.04225604194
720000000.0	0.046966855938
722000000.0	0.411388940237
724000000.0	1.78651028543
726000000.0	0.032928879894
728000000.0	0.225263569193
730000000.0	-0.627145803348
732000000.0	-0.142587765775
734000000.0	0.0437424398853
736000000.0	0.314112031653
738000000.0	0.0521613596132
740000000.0	0.40664537832
742000000.0	-0.389953882981
744000000.0	-0.0193576491512
746000000.0	-0.169320053254
748000000.0	0.203183291155
750000000.0	0.729216501168
752000000.0	0.205499723631
754000000.0	-0.099735440566
756000000.0	-0.568528455329
758000000.0	-0.292438759009
760000000.0	0.215421483755
762000000.0	0.573181252555
764000000.0	0.706574206394
766000000.0	0.59652534875
768000000.0	-0.157778101649
770000000.0	-0.278079730592
772000000.0	0.605203241675
774000000.0	0.175246785482
776000000.0	0.382719150719
778000000.0	1.15973087176
780000000.0	0.279790209577
782000000.0	-0.895933502968
784000000.0	-1.33547112303
786000000.0	-0.447987028605
788000000.0	1.31405078847
790000000.0	0.404563852093
792000000.0	0.559275514966
794000000.0	0.29905715126
796000000.0	-1.09057334676
798000000.0	-1.21661506824
800000000.0	-0.894313562148
802000000.0	0.320494051564
804000000.0	-0.0980540050525
806000000.0	0.762128755336
808000000.0	-0.350557039082
810000000.0	0.162857041305
812000000.0	0.0106129716904
814000000.0	0.0943245222387
816000000.0	0.655193627877
818000000.0	0.0699826582929
820000000.0	-0.339018861645
822000000.0	-1.09006343432
824000000.0	-0.406840471914
826000000.0	0.0760737153494
828000000.0	1.20149998741
830000000.0	0.722953705091
832000000.0	0.375697560111
834000000.0	-0.570031779444
836000000.0	-1.15580194335
838000000.0	-0.245730659779
840000000.0	0.121929574076
842000000.0	1.81756451802
844000000.0	0.211758750327
846000000.0	-0.502185054444
848000000.0	-0.636895332597
850000000.0	-0.995689150496
852000000.0	-1.18399338827
854000000.0	1.34937703204
856000000.0	1.42303429441
858000000.0	1.00845110095
860000000.0	-1.01680984861
862000000.0	-1.20079358958
864000000.0	-0.149965905584
866000000.0	1.05646514209
868000000.0	1.80272387733
870000000.0	1.32058270554
872000000.0	-2.11827423185
874000000.0	-3.29170750895
876000000.0	-1.02980888316
878000000.0	1.08936369344
880000000.0	3.53379088859
882000000.0	3.40792674808
884000000.0	0.0667232038114
886000000.0	-2.91659618629
888000000.0	-5.90702945757
890000000.0	-5.27198869762
892000000.0	-1.96233035345
894000000.0	6.12584381986
896000000.0	16.973202269
898000000.0	30.5967357587
900000000.0	-82.9051695548
902000000.0	31.3132321886
904000000.0	15.7042963145
906000000.0	-0.195007097664
908000000.0	-6.12425395931
910000000.0	-4.39872638021
912000000.0	2.08753972544
914000000.0	5.23463171358
916000000.0	2.7490213019
918000000.0	-1.93921439505
920000000.0	-3.74205707863
922000000.0	-3.18532575606
924000000.0	0.635116892316
926000000.0	3.00774898568
928000000.0	2.3938715163
930000000.0	0.0782717116934
932000000.0	-1.29369483199
934000000.0	-2.63668303317
936000000.0	-1.18409639883
938000000.0	0.365582076103
940000000.0	1.15878773845
942000000.0	1.94014447218
944000000.0	-0.0365130327941
946000000.0	-0.33193100424
948000000.0	-0.936848921389
950000000.0	-0.391620475298
952000000.0	0.675958037976
954000000.0	1.2313191497
956000000.0	-0.256837134396
958000000.0	0.0667743091267
960000000.0	-0.604351459649
962000000.0	-1.27160973627
964000000.0	-0.167273034631
966000000.0	0.894831288661
968000000.0	0.257693151068
970000000.0	-0.135816234668
972000000.0	-0.708962815022
974000000.0	-0.428997363227
976000000.0	0.052724958211
978000000.0	0.643677183386
980000000.0	0.622204073167
982000000.0	0.58498868193
984000000.0	0.326215096546
986000000.0	-0.135405069943
988000000.0	-0.794563065219
990000000.0	0.143922714659
992000000.0	0.784912914487
994000000.0	0.922145654427
996000000.0	-0.365360184035
998000000.0	-0.716599233978
1000000000.0	-4.171875
1002000000.0	-0.358310469322
1004000000.0	0.4702618776
1006000000.0	1.06513567905
1008000000.0	0.66574024954
1010000000.0	-0.456358038128
1012000000.0	-0.405282696403
1014000000.0	0.39206391147
1016000000.0	0.124352093571
1018000000.0	0.65485976322
1020000000.0	0.366676688599
1022000000.0	-0.0363489688108
1024000000.0	0.347041301625
1026000000.0	-0.101156407883
1028000000.0	-0.466767797536
1030000000.0	-0.393673993578
1032000000.0	-0.0123875128117
1034000000.0	0.893826679694
1036000000.0	0.0784954089101
1038000000.0	0.633532072542
1040000000.0	-0.59700570594
1042000000.0	0.713424525267
1044000000.0	0.272042630211
1046000000.0	-0.200737778088
1048000000.0	-0.0201124524519
1050000000.0	0.13437000157
1052000000.0	-0.697895921946
1054000000.0	-0.31138311222
1056000000.0	-0.036277510637
1058000000.0	0.35324547942
1060000000.0	-0.594685700966
1062000000.0	-0.280606565324
1064000000.0	0.17956100138
1066000000.0	-0.134546994191
1068000000.0	-1.12957950608
1070000000.0	0.531832451923
1072000000.0	0.464029534821
1074000000.0	0.219429846382
1076000000.0	-0.396265362648
1078000000.0	-0.895846741535
1080000000.0	-0.335723917986
1082000000.0	0.133464630599
1084000000.0	0.683735744719
1086000000.0	0.845184698341
1088000000.0	-0.175970481756
1090000000.0	-1.19724979416
1092000000.0	-0.242770922504
1094000000.0	-0.201421829781
1096000000.0	0.10086369642
1098000000.0	0.935853588364
1100000000.0	0.0558314218515
1102000000.0	1.21543585022
1104000000.0	0.157645358786
1106000000.0	-0.711012981825
1108000000.0	-0.233690840569
1110000000.0	-0.149002285294
1112000000.0	0.327829829186
1114000000.0	-0.198372316681
1116000000.0	0.374162918233
1118000000.0	0.486362795171
1120000000.0	-0.467106621471
1122000000.0	0.216225159906
1124000000.0	0.689125632732
1126000000.0	-0.0171513260419
1128000000.0	-0.849133230358
1130000000.0	0.589324102387
1132000000.0	-0.560344810835
1134000000.0	0.148395918879
1136000000.0	-0.524149497848
1138000000.0	0.317909063072
1140000000.0	-0.152603591707
1142000000.0	0.129197611893
1144000000.0	0.418583743008
1146000000.0	-0.0503481237188
1148000000.0	-0.650898710117
1150000000.0	1.04483240517
1152000000.0	0.782087535011
1154000000.0	-0.387812124167
1156000000.0	0.251374450106
1158000000.0	-0.147327390528
1160000000.0	-0.0536268566038
1162000000.0	0.550521922659
1164000000.0	0.408705966388
1166000000.0	0.807123514712
1168000000.0	0.020879564805
1170000000.0	0.487959297661
1172000000.0	0.0156776998859
1174000000.0	0.0716883260521
1176000000.0	0.0761236924457
1178000000.0	0.494242199113
1180000000.0	0.635533739894
1182000000.0	-0.0945076378195
1184000000.0	-0.607783716613
1186000000.0	-0.457642755415
1188000000.0	0.135087773966
1190000000.0	0.330186356048
1192000000.0	0.637295678921
1194000000.0	0.109770396207
1196000000.0	-1.44048338542
1198000000.0	-1.69944976112
1200000000.0	3.53857859898
1202000000.0	-1.50410805831
1204000000.0	-0.831826088925
1206000000.0	0.372407121203
1208000000.0	-0.0389119038128
1210000000.0	0.757177213112
1212000000.0	0.239409409522
1214000000.0	0.49981696131
1216000000.0	-0.0241262309585
1218000000.0	-0.610360620152
1220000000.0	0.426259190805
1222000000.0	0.274206647551
1224000000.0	-0.599259957409
1226000000.0	0.399454039562
1228000000.0	-0.0702103626793
1230000000.0	-0.0567958843781
1232000000.0	0.00526930349983
1234000000.0	-0.370814387812
1236000000.0	-0.114300358219
1238000000.0	0.336364955667
1240000000.0	-0.0200357509773
1242000000.0	0.105657703661
1244000000.0	0.189498193231
1246000000.0	0.0128280711527
1248000000.0	0.321387551932
1250000000.0	-0.614716597279
1252000000.0	-0.9590069432
1254000000.0	0.532326818998
1256000000.0	0.369325644487
1258000000.0	-0.383592063981
1260000000.0	-0.0861623908435
1262000000.0	0.378450083628
1264000000.0	0.0885485521394
1266000000.0	-0.41884064092
1268000000.0	-0.121345818931
1270000000.0	0.445989574882
1272000000.0	0.189017685626
1274000000.0	-0.34843395679
1276000000.0	-0.108846232775
1278000000.0	-0.102806764744
1280000000.0	1.00342137255
1282000000.0	0.100475807121
1284000000.0	0.875777957504
1286000000.0	-0.302861340845
1288000000.0	-0.444450587261
1290000000.0	-0.356482076668
1292000000.0	0.125770961666
1294000000.0	0.319149105502
1296000000.0	0.549246208038
1298000000.0	0.404833922472
1300000000.0	-2.64823773631
1302000000.0	0.889743333773
1304000000.0	0.401021949457
1306000000.0	0.307251028037
1308000000.0	-0.104801935412
1310000000.0	0.103540327807
1312000000.0	0.0395876064773
1314000000.0	-0.493134026191
1316000000.0	-0.614275927021
1318000000.0	0.426850578548
1320000000.0	0.566317455819
1322000000.0	0.102259091315
1324000000.0	0.282814663709
1326000000.0	-0.114819190539
1328000000.0	0.0510035284706
1330000000.0	0.531758352383
1332000000.0	-1.0047220065
1334000000.0	0.757581623969
1336000000.0	-0.127962938681
1338000000.0	-1.02189491547
1340000000.0	-0.0819255116686
1342000000.0	-0.513826617264
1344000000.0	0.802453326291
1346000000.0	0.349824772913
1348000000.0	0.393157611301
1350000000.0	0.595329219862
1352000000.0	0.35334940822
1354000000.0	0.498165786079
1356000000.0	-0.68153594503
1358000000.0	0.61208336614
1360000000.0	-0.808509796359
1362000000.0	0.261545422185
1364000000.0	-0.307119510273
1366000000.0	-0.0228999170379
1368000000.0	-0.449558754856
1370000000.0	-0.475136646799
1372000000.0	0.389134946408
1374000000.0	0.461138646761
1376000000.0	-0.372010807722
1378000000.0	-0.2829316215
1380000000.0	0.243245127403
1382000000.0	0.618758000569
1384000000.0	-0.604951272939
1386000000.0	0.911027807444
1388000000.0	0.818009880009
1390000000.0	-0.0838296288044
1392000000.0	-0.362983718549
1394000000.0	0.98095534088
1396000000.0	0.498184354514
1398000000.0	0.385412457644
1400000000.0	-0.173358825695
1402000000.0	0.0800675026553
1404000000.0	-0.0546303757523
1406000000.0	-0.653728502165
1408000000.0	-0.381557162078
1410000000.0	-0.105670665446
1412000000.0	0.39186036755
1414000000.0	0.563002432032
1416000000.0	0.13064195454
1418000000.0	-0.383558141098
1420000000.0	-0.104638068916
1422000000.0	0.254372786912
1424000000.0	0.866819428245
1426000000.0	-0.203979050224
1428000000.0	-0.429394042197
1430000000.0	0.148278455735
1432000000.0	-0.603574477012
1434000000.0	0.657817207221
1436000000.0	-0.538552364432
1438000000.0	0.569503356803
1440000000.0	-0.200921073342
1442000000.0	-0.648400063036
1444000000.0	-0.521324623482
1446000000.0	-0.615607623635
1448000000.0	-0.168612722229
1450000000.0	0.398451089177
1452000000.0	0.39515414118
1454000000.0	0.357965602166
1456000000.0	0.265516516869
1458000000.0	-0.429141325953
1460000000.0	-0.831031748197
1462000000.0	0.0886738385712
1464000000.0	1.00537329217
1466000000.0	0.161340041177
1468000000.0	0.81059387288
1470000000.0	-0.186271590563
1472000000.0	-0.725157422088
1474000000.0	-0.89940690392
1476000000.0	-0.016443617093
1478000000.0	2.16627100267
1480000000.0	1.05923713012
1482000000.0	0.398114034305
1484000000.0	-1.48426472793
1486000000.0	-2.11976806168
1488000000.0	-0.277438636923
1490000000.0	2.17917133734
1492000000.0	3.27872164775
1494000000.0	-0.558602937476
1496000000.0	-6.89463368263
1498000000.0	-14.0603530871
1500000000.0	38.6926998543
1502000000.0	-12.782736969
1504000000.0	-7.16560337158
1506000000.0	-3.19507724682
1508000000.0	-0.154884581584
1510000000.0	1.41549038641
1512000000.0	1.8978992546
1514000000.0	1.28374344457
1516000000.0	-0.153870637725
1518000000.0	-1.13420149721
1520000000.0	-1.63720961416
1522000000.0	-0.59293206657
1524000000.0	-0.216960755957
1526000000.0	0.533785453192
1528000000.0	0.438043599339
1530000000.0	-0.561961574147
1532000000.0	-0.878120842423
1534000000.0	-0.45353184313
1536000000.0	-0.470296874574
1538000000.0	0.835159294257
1540000000.0	-0.339333601804
1542000000.0	-0.147043975357
1544000000.0	-0.907005220307
1546000000.0	-0.60197877122
1548000000.0	0.218547919894
1550000000.0	0.0465255021483
1552000000.0	0.0642290713829
1554000000.0	0.400441537221
1556000000.0	-0.532722124676
1558000000.0	-0.243066247222
1560000000.0	0.132153202419
1562000000.0	0.684591316087
1564000000.0	-0.0733031299442
1566000000.0	0.817867777738
1568000000.0	0.0102195195575
1570000000.0	-0.285937949683
1572000000.0	-0.785928690067
1574000000.0	0.0389116616141
1576000000.0	-0.275312913588
1578000000.0	0.757003448384
1580000000.0	-0.0778263856026
1582000000.0	-0.299284889759
1584000000.0	-0.0702998665668
1586000000.0	0.671739251185
1588000000.0	-0.568678751774
1590000000.0	0.259716457434
1592000000.0	0.458284891145
1594000000.0	0.0177573875254
1596000000.0	-0.159989420491
1598000000.0	-0.020295111174
1600000000.0	-0.824436437852
1602000000.0	0.284393904223
1604000000.0	0.399713616115
1606000000.0	-0.312933505988
1608000000.0	-0.257424123346
1610000000.0	-0.874082034254
1612000000.0	-0.677305626115
1614000000.0	0.328942271499
1616000000.0	0.814413877485
1618000000.0	-0.0325773201899
1620000000.0	-0.116114800099
1622000000.0	0.215319771046
1624000000.0	-0.0768728051354
1626000000.0	0.664989643922
1628000000.0	1.4176480894
1630000000.0	0.770335692526
1632000000.0	0.103804447449
1634000000.0	0.180705042199
1636000000.0	-0.047162188714
1638000000.0	0.8923667416
1640000000.0	0.57768942485
1642000000.0	0.507747738333
1644000000.0	0.0754677274663
1646000000.0	-0.619777088133
1648000000.0	-0.00572893752565
1650000000.0	0.862759909251
1652000000.0	0.00784078301651
1654000000.0	-0.139695588587
1656000000.0	0.846034942212
1658000000.0	0.555824898984
1660000000.0	0.088813734666
1662000000.0	-0.294624183745
1664000000.0	0.739001844957
1666000000.0	0.605088982956
1668000000.0	-0.018435946359
1670000000.0	-0.0603105999213
1672000000.0	-0.760357175001
1674000000.0	-0.265332736588
1676000000.0	0.22600818041
1678000000.0	0.312081405485
1680000000.0	0.451355976395
1682000000.0	0.112495701329
1684000000.0	0.0828617162509
1686000000.0	0.62658385954
1688000000.0	0.530726525936
1690000000.0	0.246270306322
1692000000.0	-0.287203576117
1694000000.0	0.118041054235
1696000000.0	-0.514591806916
1698000000.0	0.571864484746
1700000000.0	0.310232251859
1702000000.0	-0.261710767302
1704000000.0	-0.464858778074
1706000000.0	0.447018920933
1708000000.0	0.322412633471
1710000000.0	0.543944998687
1712000000.0	0.12614705326
1714000000.0	0.311407136754
1716000000.0	-0.353441318152
1718000000.0	0.486332409436
1720000000.0	-0.423782575502
1722000000.0	0.174853998233
1724000000.0	0.157205729764
1726000000.0	0.0276491864993
1728000000.0	0.711605838409
1730000000.0	0.060908478355
1732000000.0	0.42625449778
1734000000.0	0.418656477729
1736000000.0	0.00547097753339
1738000000.0	-0.0211814283346
1740000000.0	0.125167203286
1742000000.0	0.333994608443
1744000000.0	-0.918821424434
1746000000.0	0.157938422506
1748000000.0	0.294081953191
1750000000.0	-2.72812301839
1752000000.0	-0.44558918479
1754000000.0	-0.550426821376
1756000000.0	0.7251801588
1758000000.0	0.173133578797
1760000000.0	-0.552507992312
1762000000.0	0.0296197262474
1764000000.0	0.0508510761715
1766000000.0	-0.0856356049318
1768000000.0	-0.279041501317
1770000000.0	-0.529758286007
1772000000.0	-0.500239215794
1774000000.0	0.729442368236
1776000000.0	0.639902545492
1778000000.0	-0.202801357982
1780000000.0	-0.258227386386
1782000000.0	-0.180830072903
1784000000.0	-0.860049654102
1786000000.0	0.287293481712
1788000000.0	0.536636456027
1790000000.0	0.732564506984
1792000000.0	-0.591777292068
1794000000.0	0.300701611083
1796000000.0	0.88948779289
1798000000.0	0.827649540032
1800000000.0	-0.274415682855
1802000000.0	0.698348101028
1804000000.0	-0.229280932809
1806000000.0	-0.349954560166
1808000000.0	-0.0833603250039
1810000000.0	-0.382242476433
1812000000.0	-0.0142333675174
1814000000.0	0.0755857299509
1816000000.0	0.350965221612
1818000000.0	0.617188404345
1820000000.0	0.143774030732
1822000000.0	-0.0233857878214
1824000000.0	-0.916482735454
1826000000.0	0.236002903854
1828000000.0	-0.0713365328338
1830000000.0	-0.160279961853
1832000000.0	-0.557641666379
1834000000.0	0.531546169103
1836000000.0	0.698981124579
1838000000.0	-0.00906938155428
1840000000.0	-0.209791502855
1842000000.0	0.402974873807
1844000000.0	-0.213450440665
1846000000.0	-0.125872213013
1848000000.0	0.152086822576
1850000000.0	0.369632958149
1852000000.0	0.150661307928
1854000000.0	0.605941666322
1856000000.0	0.208492839618
1858000000.0	-0.532059590972
1860000000.0	0.256283715389
1862000000.0	0.216296737263
1864000000.0	-0.0454258298435
1866000000.0	-0.415748121237
1868000000.0	0.176899249437
1870000000.0	0.166867904755
1872000000.0	-0.473615443723
1874000000.0	-1.46515388516
1876000000.0	1.09651577838
1878000000.0	0.685376437127
1880000000.0	0.576855104605
1882000000.0	0.722484032683
1884000000.0	0.569708489308
1886000000.0	-0.813689780495
1888000000.0	-0.21421656734
1890000000.0	1.05393846782
1892000000.0	0.369234733782
1894000000.0	-0.0038368547547
1896000000.0	-1.60044563899
1898000000.0	-2.00641348619
1900000000.0	7.00272081722
1902000000.0	-2.85554750618
1904000000.0	-1.56096726378
1906000000.0	0.129599167374
1908000000.0	0.296750123016
1910000000.0	0.805184775297
1912000000.0	0.836268153021
1914000000.0	0.486843320079
1916000000.0	0.267630940881
1918000000.0	-0.0979825517681
1920000000.0	-0.88971404924
1922000000.0	-0.0940283245661
1924000000.0	0.0898340954308
1926000000.0	1.05979266222
1928000000.0	0.211713405819
1930000000.0	-0.0941679742534
1932000000.0	0.0930205961006
1934000000.0	0.231916315134
1936000000.0	-0.338229828518
1938000000.0	0.0532442779429
1940000000.0	0.697755065525
1942000000.0	-0.0327507890669
1944000000.0	0.405419900609
1946000000.0	0.531581912799
1948000000.0	0.118740464029
1950000000.0	0.523304220832
1952000000.0	-0.449652516986
1954000000.0	0.33002394343
1956000000.0	-0.0669178850173
1958000000.0	0.162032799425
1960000000.0	0.0258162788162
1962000000.0	-0.173019101945
1964000000.0	-0.636240000876
1966000000.0	-0.198739185725
1968000000.0	0.0869145548744
1970000000.0	0.343777502548
1972000000.0	-0.157265250215
1974000000.0	-0.393866349292
1976000000.0	-0.231357190028
1978000000.0	-0.25925723434
1980000000.0	0.0166991954599
1982000000.0	-0.544060132026
1984000000.0	-0.108662907541
1986000000.0	-0.1275136035
1988000000.0	-0.226662370026
1990000000.0	-0.791563255681
1992000000.0	0.787437329052
1994000000.0	-0.106404751389
1996000000.0	0.119099351281
1998000000.0	0.908057793099
2000000000.0	-1.9375
