0.0	-3.18125
2000000.0	0.479643576772
4000000.0	1.21146216632
6000000.0	0.0787405830118
8000000.0	0.143607769751
10000000.0	-0.314900681289
12000000.0	-0.676230412209
14000000.0	-0.82962730386
16000000.0	0.672255714754
18000000.0	2.49898711726
20000000.0	4.04100770219
22000000.0	3.22515653139
24000000.0	1.53571306475
26000000.0	-1.24747643732
28000000.0	-3.2900829753
30000000.0	-4.1053460705
32000000.0	-3.47035961351
34000000.0	-1.12069072546
36000000.0	2.53175851409
38000000.0	4.16822297146
40000000.0	3.12810275712
42000000.0	1.97954433281
44000000.0	-0.0708675150429
46000000.0	-1.54964312108
48000000.0	-1.85489300608
50000000.0	-1.08057059879
52000000.0	0.302418963116
54000000.0	0.867484422095
56000000.0	0.757449929878
58000000.0	-0.0214144515057
60000000.0	-0.796154981999
62000000.0	-0.952507353182
64000000.0	-0.384208607975
66000000.0	0.524729239439
68000000.0	1.16362843253
70000000.0	0.983569899781
72000000.0	0.167091347288
74000000.0	-1.0546510083
76000000.0	-1.45951896902
78000000.0	-1.07147092145
80000000.0	-0.0723849488741
82000000.0	0.829381467987
84000000.0	1.09684451373
86000000.0	0.733696436805
88000000.0	-0.0739706277963
90000000.0	-0.718701324607
92000000.0	-0.991828706631
94000000.0	-0.476932508479
96000000.0	0.0260427105728
98000000.0	0.562174298096
100000000.0	0.442642763141
102000000.0	-0.058644404236
104000000.0	-0.380431502966
106000000.0	-0.411381969594
108000000.0	-0.0914016528704
110000000.0	0.288689567211
112000000.0	0.482411997727
114000000.0	0.193936487311
116000000.0	-0.360822785118
118000000.0	-0.685252388821
120000000.0	-0.728534176868
122000000.0	-0.367588347086
124000000.0	0.308938703107
126000000.0	0.954827876904
128000000.0	0.863322670027
130000000.0	0.254423273464
132000000.0	-0.460344927498
134000000.0	-0.824863965762
136000000.0	-0.664124773108
138000000.0	-0.172951831249
140000000.0	0.350629263192
142000000.0	0.688796291057
144000000.0	0.508465438137
146000000.0	0.0569285631853
148000000.0	-0.277071378704
150000000.0	-0.47029432184
152000000.0	-0.200732306815
154000000.0	-0.0866885554164
156000000.0	0.212274143181
158000000.0	0.276585842068
160000000.0	0.134651405083
162000000.0	0.0448548926549
164000000.0	-0.00869317128931
166000000.0	0.158059692012
168000000.0	0.337016314078
170000000.0	-0.0207669376578
172000000.0	-0.23555623034
174000000.0	-0.394642819884
176000000.0	-0.284595303992
178000000.0	0.0288118301967
180000000.0	0.37520615756
182000000.0	0.643252247993
184000000.0	0.558657494799
186000000.0	-0.205981114525
188000000.0	-0.543383084469
190000000.0	-1.02504676732
192000000.0	-0.580735241081
194000000.0	-0.0243336592445
196000000.0	0.788889571992
198000000.0	1.15101618557
200000000.0	0.474316038055
202000000.0	0.0944257832678
204000000.0	-0.439432940205
206000000.0	-0.948483925418
208000000.0	-0.732435790848
210000000.0	-0.135036622375
212000000.0	0.549467231843
214000000.0	0.800519785037
216000000.0	0.364486467871
218000000.0	-0.0552439420781
220000000.0	-0.325597612832
222000000.0	-0.35335152814
224000000.0	0.00442567091459
226000000.0	0.327050347086
228000000.0	0.00102672126765
230000000.0	-0.326148818209
232000000.0	-0.582301040963
234000000.0	-0.291602128049
236000000.0	0.00596682319345
238000000.0	0.582804370519
240000000.0	1.00487312114
242000000.0	0.843572590349
244000000.0	0.0093842816641
246000000.0	-1.04668964329
248000000.0	-1.9109681442
250000000.0	-1.35105278906
252000000.0	0.286651729063
254000000.0	2.01574572861
256000000.0	2.33765754527
258000000.0	1.2024338535
260000000.0	-0.909420873015
262000000.0	-2.31635090618
264000000.0	-2.37381576539
266000000.0	-1.10228206955
268000000.0	0.742692069314
270000000.0	1.9287031184
272000000.0	2.56319449404
274000000.0	1.75937390711
276000000.0	-0.146801752209
278000000.0	-2.97789527382
280000000.0	-3.8483870437
282000000.0	-1.69353437249
284000000.0	2.43383912172
286000000.0	4.93267485725
288000000.0	2.67166501467
290000000.0	-2.93659548291
292000000.0	-5.50019808653
294000000.0	-1.54757446141
296000000.0	7.33347633251
298000000.0	14.3496375678
300000000.0	-29.6553665159
302000000.0	5.79955899377
304000000.0	4.17293551618
306000000.0	5.04776449803
308000000.0	4.38997345677
310000000.0	0.326326289957
312000000.0	-4.82175422936
314000000.0	-6.59448662456
316000000.0	-3.01128663535
318000000.0	2.45698699764
320000000.0	5.54282878501
322000000.0	4.41165468609
324000000.0	0.583318665591
326000000.0	-3.07074117972
328000000.0	-3.73882345734
330000000.0	-2.46709558676
332000000.0	-0.108316147304
334000000.0	1.79275625736
336000000.0	2.69031694701
338000000.0	2.16800775667
340000000.0	0.422360657557
342000000.0	-1.50686901892
344000000.0	-2.5677116179
346000000.0	-1.88373422141
348000000.0	0.0256035252209
350000000.0	1.78046629433
352000000.0	1.91648272988
354000000.0	0.868737464695
356000000.0	-0.689515837841
358000000.0	-1.50534112197
360000000.0	-0.919567341746
362000000.0	-0.0913062418
364000000.0	0.747367392372
366000000.0	1.01047962586
368000000.0	0.54800359554
370000000.0	-0.2235710929
372000000.0	-0.874441463642
374000000.0	-0.844586019844
376000000.0	-0.155185788351
378000000.0	0.627760719344
380000000.0	1.19056957911
382000000.0	0.772266879629
384000000.0	-0.237974844156
386000000.0	-0.943759393825
388000000.0	-1.20453870909
390000000.0	-0.712200614669
392000000.0	0.463073480888
394000000.0	1.1859207276
396000000.0	1.16563164003
398000000.0	0.39087548054
400000000.0	-0.917602320051
402000000.0	-1.03863061908
404000000.0	-0.994003511018
406000000.0	-0.249989335989
408000000.0	0.57063327464
410000000.0	1.11829530125
412000000.0	0.844413065829
414000000.0	0.242452143045
416000000.0	-0.529623798835
418000000.0	-0.92327141874
420000000.0	-0.653615139427
422000000.0	0.0137638346518
424000000.0	0.462528050846
426000000.0	0.744227593212
428000000.0	0.253856082963
430000000.0	-0.236697559948
432000000.0	-0.440631762664
434000000.0	-0.516136193531
436000000.0	-0.283160863432
438000000.0	0.299065646577
440000000.0	0.39267598568
442000000.0	0.402543006767
444000000.0	-0.0853137491738
446000000.0	-0.202856891216
448000000.0	-0.379962422744
450000000.0	-0.111199943564
452000000.0	0.115882232489
454000000.0	0.459657455524
456000000.0	0.330726226173
458000000.0	0.0698778626284
460000000.0	-0.465706351599
462000000.0	-0.590051050592
464000000.0	-0.288828915826
466000000.0	0.204738593264
468000000.0	0.424431519252
470000000.0	0.36798164291
472000000.0	0.0782505644009
474000000.0	-0.28469063841
476000000.0	-0.389007329695
478000000.0	-0.40867549266
480000000.0	-0.211402301716
482000000.0	0.208289796662
484000000.0	0.338536926096
486000000.0	0.426958900009
488000000.0	0.0959616445576
490000000.0	-0.381369633032
492000000.0	-0.488199072698
494000000.0	-0.307195597677
496000000.0	-0.0182386119448
498000000.0	0.300184399823
500000000.0	0.0678893891595
502000000.0	0.291630803311
504000000.0	-0.109619121931
506000000.0	-0.157165679885
508000000.0	-0.310566575275
510000000.0	-0.0983290224901
512000000.0	0.0432786293702
514000000.0	0.0450877761344
516000000.0	0.17669829014
518000000.0	-0.107670928524
520000000.0	-0.0847396604758
522000000.0	0.0751790095958
524000000.0	0.0478270588273
526000000.0	0.0798667820464
528000000.0	0.283466822577
530000000.0	0.109543668062
532000000.0	-0.0796337934471
534000000.0	-0.350952349916
536000000.0	-0.116775908697
538000000.0	-0.0620270410161
540000000.0	0.136307507547
542000000.0	0.340939452019
544000000.0	0.153934320168
546000000.0	0.0178487426391
548000000.0	-0.145759979069
550000000.0	-0.561217255691
552000000.0	-0.0365619350956
554000000.0	0.0279556963537
556000000.0	0.0645722089596
558000000.0	0.315977439777
560000000.0	0.140199339028
562000000.0	-0.170478700503
564000000.0	-0.168611112658
566000000.0	-0.210218566603
568000000.0	0.0666524173842
570000000.0	0.038740671568
572000000.0	0.0531315673879
574000000.0	-0.000250577667909
576000000.0	-0.105002691146
578000000.0	-0.107354436112
580000000.0	-0.0460936591242
582000000.0	0.0648693842085
584000000.0	0.0398556401848
586000000.0	0.080667894852
588000000.0	-0.0484868048132
590000000.0	-0.20986505929
592000000.0	-0.174726024437
594000000.0	0.0283024533407
596000000.0	0.152736979638
598000000.0	0.470823097663
600000000.0	-0.951517543292
602000000.0	0.580704558378
604000000.0	0.154834397873
606000000.0	-0.0496884860782
608000000.0	-0.23746005729
610000000.0	-0.280266201699
612000000.0	0.11178392074
614000000.0	0.0482989677395
616000000.0	0.204384917948
618000000.0	-0.0852143006642
620000000.0	-0.0679957867584
622000000.0	-0.322144229746
624000000.0	-0.382748132047
626000000.0	0.222463313951
628000000.0	0.0656394353106
630000000.0	0.254035145658
632000000.0	0.199860311295
634000000.0	0.14118074926
636000000.0	0.0206516781514
638000000.0	-0.246601927511
640000000.0	0.0129419599023
642000000.0	0.115789461281
644000000.0	0.108754047774
646000000.0	0.0266964490712
648000000.0	0.111939790056
650000000.0	-0.188056690698
652000000.0	0.0761178375035
654000000.0	-0.122301178657
656000000.0	0.132451306858
658000000.0	0.0403012779
660000000.0	0.0900893371219
662000000.0	-0.140006678582
664000000.0	-0.0793745705605
666000000.0	-0.0561075798845
668000000.0	-0.0148172910075
670000000.0	0.0578190466681
672000000.0	0.154558696422
674000000.0	0.176799254788
676000000.0	0.0217619548451
678000000.0	-0.201416594347
680000000.0	-0.176290517825
682000000.0	-0.0642877156621
684000000.0	-0.141198938623
686000000.0	0.163124195167
688000000.0	0.254324644569
690000000.0	0.21390790039
692000000.0	-0.00480134513473
694000000.0	-0.0389465942779
696000000.0	-0.223448508804
698000000.0	-0.243206997819
700000000.0	0.52355556861
702000000.0	-0.321006207045
704000000.0	0.0177268374713
706000000.0	0.148497637356
708000000.0	0.122053200109
710000000.0	-0.0781580294262
712000000.0	-0.200221123371
714000000.0	-0.101862017037
716000000.0	-0.0113088957334
718000000.0	0.0160962842207
720000000.0	0.175824435189
722000000.0	0.0326241985697
724000000.0	0.0401233227855
726000000.0	-0.0298308354101
728000000.0	-0.102553728049
730000000.0	0.0374639312887
732000000.0	-0.0793281982353
734000000.0	0.0469422573475
736000000.0	0.0895160682491
738000000.0	-0.11509778344
740000000.0	0.0658348685054
742000000.0	0.0853196197215
744000000.0	0.015726437926
746000000.0	0.00901074751382
748000000.0	-0.0178662660653
750000000.0	0.0155597660592
752000000.0	0.0940909025282
754000000.0	-0.0492098807737
756000000.0	-0.346127470828
758000000.0	-0.134556674995
760000000.0	0.010625118841
762000000.0	0.191788849143
764000000.0	-0.00873192356104
766000000.0	-0.0393018210658
768000000.0	0.119414399387
770000000.0	-0.141661158471
772000000.0	-0.187764728902
774000000.0	-0.269760312343
776000000.0	0.1149243121
778000000.0	0.14626426853
780000000.0	0.360751786858
782000000.0	0.0463814561033
784000000.0	-0.108333209443
786000000.0	-0.291170824704
788000000.0	-0.113535709397
790000000.0	-0.262237250409
792000000.0	-0.0187640842897
794000000.0	0.131683787395
796000000.0	0.354773607814
798000000.0	0.249813813151
800000000.0	-0.299846405371
802000000.0	-0.0200864365309
804000000.0	-0.0313091398076
806000000.0	-0.0169366574502
808000000.0	-0.238983349367
810000000.0	0.0388987019823
812000000.0	0.136416470326
814000000.0	0.276736831309
816000000.0	-0.0429022112035
818000000.0	-0.169134751546
820000000.0	-0.0187879414462
822000000.0	-0.013480443316
824000000.0	0.0932643987741
826000000.0	0.105536850223
828000000.0	0.0606951358797
830000000.0	0.0011383108226
832000000.0	-0.204235993752
834000000.0	-0.12254475119
836000000.0	-0.0466891499104
838000000.0	0.186668260538
840000000.0	0.206876813843
842000000.0	0.308667630178
844000000.0	0.0105936270005
846000000.0	-0.175612759489
848000000.0	-0.346448344177
850000000.0	-0.198597783643
852000000.0	0.00945906647975
854000000.0	0.485239395555
856000000.0	0.546715546216
858000000.0	0.335011560592
860000000.0	-0.201049953311
862000000.0	-0.554751588838
864000000.0	-0.648182717688
866000000.0	-0.368180840227
868000000.0	0.186265318991
870000000.0	0.584991264345
872000000.0	0.962385569534
874000000.0	0.876729504277
876000000.0	-0.0601579640456
878000000.0	-1.10423758497
880000000.0	-1.49696448959
882000000.0	-0.832991637502
884000000.0	0.616661078522
886000000.0	1.73324287763
888000000.0	1.28922598699
890000000.0	0.011472841017
892000000.0	-1.28511815657
894000000.0	-1.22084159734
896000000.0	-0.833897248765
898000000.0	-1.29085304322
900000000.0	7.44823138208
902000000.0	-3.82327704178
904000000.0	-2.21772125342
906000000.0	0.447028375096
908000000.0	1.75527466609
910000000.0	1.24822214885
912000000.0	-0.561564726357
914000000.0	-1.47570839594
916000000.0	-1.13443648608
918000000.0	0.135207534167
920000000.0	0.959996614707
922000000.0	0.929331426364
924000000.0	0.427996078144
926000000.0	-0.506784418862
928000000.0	-0.758583478007
930000000.0	-0.838731253784
932000000.0	-0.483100018106
934000000.0	0.196456254547
936000000.0	0.59474416781
938000000.0	0.66878092528
940000000.0	0.398394188379
942000000.0	-0.203790128954
944000000.0	-0.665891698948
946000000.0	-0.646299973322
948000000.0	-0.14894601152
950000000.0	0.440644626107
952000000.0	0.464237066136
954000000.0	0.454866781668
956000000.0	0.107343636111
958000000.0	-0.314328292255
960000000.0	-0.413705011475
962000000.0	-0.194138710679
964000000.0	0.0772564232783
966000000.0	0.253520103542
968000000.0	0.252056558314
970000000.0	0.00352020805802
972000000.0	-0.20315506832
974000000.0	-0.246769323129
976000000.0	-0.362521043203
978000000.0	-0.0526773513795
980000000.0	0.299872702346
982000000.0	0.332915623359
984000000.0	0.123756784837
986000000.0	-0.231229669904
988000000.0	-0.377120551272
990000000.0	-0.153902497959
992000000.0	-0.0810372646121
994000000.0	0.366869376617
996000000.0	0.480991414531
998000000.0	0.289935778176
1000000000.0	-0.6625
1002000000.0	-0.202674265291
1004000000.0	-0.138696939294
1006000000.0	-0.0791016502747
1008000000.0	0.115313091072
1010000000.0	0.244296370648
1012000000.0	0.481817198877
1014000000.0	0.125245090666
1016000000.0	-0.217783874201
1018000000.0	-0.284976616094
1020000000.0	-0.336119854759
1022000000.0	-0.101681313012
1024000000.0	0.245961803562
1026000000.0	0.257747731055
1028000000.0	0.219175608889
1030000000.0	-0.00705551132489
1032000000.0	-0.0696094445333
1034000000.0	-0.404848645528
1036000000.0	-0.35184598229
1038000000.0	-0.0442033350751
1040000000.0	0.145132158183
1042000000.0	0.268967184475
1044000000.0	0.0553715364804
1046000000.0	-0.0769870338381
1048000000.0	-0.139420193911
1050000000.0	-0.214077347339
1052000000.0	-0.0559230148475
1054000000.0	0.133030307221
1056000000.0	0.211705064913
1058000000.0	0.135612827289
1060000000.0	-0.0544376327397
1062000000.0	-0.311700581045
1064000000.0	-0.15499006977
1066000000.0	-0.00821567344544
1068000000.0	0.103097908779
1070000000.0	0.252995912955
1072000000.0	0.179208731317
1074000000.0	0.0506740931638
1076000000.0	-0.0749057999129
1078000000.0	-0.286250617005
1080000000.0	-0.165050020842
1082000000.0	0.0969129061038
1084000000.0	0.234761018021
1086000000.0	0.31128289357
1088000000.0	0.0974641637756
1090000000.0	-0.104414332359
1092000000.0	-0.220929595923
1094000000.0	-0.160026764882
1096000000.0	-0.0419326620867
1098000000.0	-0.0264363476996
1100000000.0	0.0685184283599
1102000000.0	0.340627061602
1104000000.0	0.161939580282
1106000000.0	-0.122620099371
1108000000.0	-0.06635002686
1110000000.0	-0.0884491475706
1112000000.0	-0.0730433633998
1114000000.0	0.060187269254
1116000000.0	0.210267070161
1118000000.0	0.124663436913
1120000000.0	0.0214928515056
1122000000.0	0.0106193524383
1124000000.0	-0.0403692554026
1126000000.0	-0.272648970163
1128000000.0	-0.0561214490289
1130000000.0	0.139482115324
1132000000.0	0.0518156550724
1134000000.0	-0.162931397445
1136000000.0	-0.0392726605329
1138000000.0	-0.0755230495898
1140000000.0	-0.084056990619
1142000000.0	0.0914059879105
1144000000.0	0.169843787312
1146000000.0	0.0242977972318
1148000000.0	0.214227002316
1150000000.0	-0.396599138187
1152000000.0	0.0310198840649
1154000000.0	0.012732980454
1156000000.0	0.0441923165552
1158000000.0	0.203719016442
1160000000.0	0.0656616780926
1162000000.0	0.136492163717
1164000000.0	-0.0333381583469
1166000000.0	-0.0498310571929
1168000000.0	-0.0450257957807
1170000000.0	-0.00471309595082
1172000000.0	0.149791097157
1174000000.0	0.149070495577
1176000000.0	0.217148835887
1178000000.0	0.0685014655214
1180000000.0	0.0632038269191
1182000000.0	-0.0556674738753
1184000000.0	0.0519073851682
1186000000.0	-0.0216567958151
1188000000.0	0.0981424308774
1190000000.0	0.0199534494516
1192000000.0	0.0508118261275
1194000000.0	0.0859882829568
1196000000.0	0.102168087875
1198000000.0	0.192667256743
1200000000.0	-1.17614767995
1202000000.0	0.514686807817
1204000000.0	0.175824318472
1206000000.0	0.19355483132
1208000000.0	-0.048525709096
1210000000.0	-0.208222307077
1212000000.0	-0.170812358784
1214000000.0	-0.0394493427157
1216000000.0	0.036538508486
1218000000.0	0.255121804011
1220000000.0	0.116697554095
1222000000.0	-0.0906421421204
1224000000.0	-0.0953651991579
1226000000.0	-0.151811578725
1228000000.0	-0.099312070335
1230000000.0	0.0842929511128
1232000000.0	0.0917648483881
1234000000.0	0.10505864219
1236000000.0	0.142030240485
1238000000.0	-0.0979371565984
1240000000.0	-0.0465911381042
1242000000.0	-0.142391296663
1244000000.0	0.0082771446888
1246000000.0	0.13580768997
1248000000.0	0.0478193147414
1250000000.0	-0.0604136629913
1252000000.0	0.0810970653971
1254000000.0	-0.115151163671
1256000000.0	-0.0884636541056
1258000000.0	-0.126870540749
1260000000.0	0.00294220632571
1262000000.0	0.117743440855
1264000000.0	0.00503678250562
1266000000.0	0.109814892423
1268000000.0	0.0150114578093
1270000000.0	-0.179211691874
1272000000.0	-0.00963503042552
1274000000.0	0.0235746566017
1276000000.0	0.142560834882
1278000000.0	0.0880252979672
1280000000.0	-0.000414046060064
1282000000.0	0.000709345229754
1284000000.0	-0.0877833528011
1286000000.0	-0.115401480478
1288000000.0	-0.0835968368079
1290000000.0	0.0173516324661
1292000000.0	0.119928843043
1294000000.0	0.0303818835648
1296000000.0	-0.27256401399
1298000000.0	-0.562543578549
1300000000.0	1.22478343892
1302000000.0	-0.584651509203
1304000000.0	-0.137535732643
1306000000.0	0.0754262087721
1308000000.0	0.121370031703
1310000000.0	0.122987254464
1312000000.0	-0.0431450476178
1314000000.0	-0.00714768218814
1316000000.0	-0.137103490589
1318000000.0	-0.0176320112861
1320000000.0	0.0772317125947
1322000000.0	-0.0209117150473
1324000000.0	0.0158526091599
1326000000.0	0.0250298645821
1328000000.0	0.017227608163
1330000000.0	0.0765429210144
1332000000.0	-0.0259001107233
1334000000.0	-0.00534427205884
1336000000.0	-0.0336246453345
1338000000.0	0.031892335037
1340000000.0	0.0312472551003
1342000000.0	0.0453343257618
1344000000.0	0.0547094529963
1346000000.0	0.00228382587057
1348000000.0	-0.0110771533222
1350000000.0	-0.0169940647559
1352000000.0	0.111436792478
1354000000.0	0.0562519882818
1356000000.0	-0.0146356936419
1358000000.0	-0.158778421014
1360000000.0	-0.122358782407
1362000000.0	-0.0260041917991
1364000000.0	0.0174260769639
1366000000.0	0.0895166475707
1368000000.0	0.212220599494
1370000000.0	0.0305598928513
1372000000.0	0.0153316893157
1374000000.0	0.329135305543
1376000000.0	-0.477589100447
1378000000.0	-0.151992052443
1380000000.0	-0.0884715790723
1382000000.0	-0.116658245402
1384000000.0	-0.000786467803401
1386000000.0	-0.0923317754083
1388000000.0	-0.104042482328
1390000000.0	-0.131693943816
1392000000.0	-0.129354438913
1394000000.0	0.0168909315904
1396000000.0	0.122429508821
1398000000.0	0.271400325904
1400000000.0	-0.230245202489
1402000000.0	0.095026319538
1404000000.0	-0.00791429976112
1406000000.0	-0.135021493461
1408000000.0	-0.142052588691
1410000000.0	-0.0421986560345
1412000000.0	-0.0257403395438
1414000000.0	0.132016296324
1416000000.0	0.0130060351902
1418000000.0	-0.130143016542
1420000000.0	-0.142910795886
1422000000.0	-0.0282776970764
1424000000.0	-0.0142645018679
1426000000.0	0.0177255324293
1428000000.0	0.0100411625445
1430000000.0	-0.114658217364
1432000000.0	0.00593121230316
1434000000.0	-0.137338158238
1436000000.0	-0.0234587750113
1438000000.0	-0.038898676385
1440000000.0	0.0690599427758
1442000000.0	0.0740124330418
1444000000.0	-0.0116533776706
1446000000.0	-0.0884537395647
1448000000.0	-0.242291407269
1450000000.0	-0.069247798936
1452000000.0	0.0156563327812
1454000000.0	0.220433659545
1456000000.0	0.32840513346
1458000000.0	0.155532133358
1460000000.0	0.0232806821001
1462000000.0	-0.126498775318
1464000000.0	-0.278358116094
1466000000.0	-0.281721561568
1468000000.0	0.144212114228
1470000000.0	0.287028836142
1472000000.0	0.418788849727
1474000000.0	0.362128350433
1476000000.0	0.114256927127
1478000000.0	-0.520773529881
1480000000.0	-0.661170771742
1482000000.0	-0.328343870038
1484000000.0	0.186998344891
1486000000.0	0.741204613355
1488000000.0	0.645208579658
1490000000.0	0.0541811488859
1492000000.0	-0.429719739077
1494000000.0	-0.623656742556
1496000000.0	-1.0158879955
1498000000.0	-1.78676523493
1500000000.0	6.58211061084
1502000000.0	-2.71047446162
1504000000.0	-1.58113627317
1506000000.0	-0.0761761512573
1508000000.0	0.712969166373
1510000000.0	0.702464396454
1512000000.0	-0.0556355653688
1514000000.0	-0.574416201925
1516000000.0	-0.436200579064
1518000000.0	-0.0674954706109
1520000000.0	0.26833166069
1522000000.0	0.311772621951
1524000000.0	0.274289394824
1526000000.0	-0.115958703484
1528000000.0	-0.214537231005
1530000000.0	-0.24987279614
1532000000.0	-0.169221809736
1534000000.0	-0.126411547337
1536000000.0	0.144329301308
1538000000.0	0.147166577697
1540000000.0	-0.00470295090286
1542000000.0	-0.121258947222
1544000000.0	-0.175739949116
1546000000.0	-0.345805692787
1548000000.0	-0.000359143035016
1550000000.0	0.0221949021156
1552000000.0	0.21036690233
1554000000.0	0.248487606546
1556000000.0	0.0874692744255
1558000000.0	-0.0690232292625
1560000000.0	-0.13095250645
1562000000.0	-0.109214635959
1564000000.0	-0.034872822928
1566000000.0	0.144650168967
1568000000.0	0.295647069003
1570000000.0	0.148478569637
1572000000.0	0.0236045297032
1574000000.0	-0.000384351775984
1576000000.0	-0.0962571444629
1578000000.0	-0.0019599966407
1580000000.0	0.0671944806822
1582000000.0	0.0547902955074
1584000000.0	0.0407907627542
1586000000.0	0.041886749775
1588000000.0	-0.100110450011
1590000000.0	-0.153970789941
1592000000.0	-0.0703766163576
1594000000.0	0.0263435283318
1596000000.0	-0.0338932940497
1598000000.0	0.001608154394
1600000000.0	-0.125153594629
1602000000.0	-0.0319524651808
1604000000.0	-0.0242308278352
1606000000.0	-0.128557052658
1608000000.0	0.0443423326612
1610000000.0	0.060848389472
1612000000.0	0.0635498961884
1614000000.0	0.0339464712002
1616000000.0	-0.134425140146
1618000000.0	-0.174731771835
1620000000.0	-0.156592703309
1622000000.0	-0.118388035974
1624000000.0	0.249188310999
1626000000.0	-0.0329812527672
1628000000.0	-0.0680501981682
1630000000.0	-0.0670472237462
1632000000.0	-0.0570790199421
1634000000.0	-0.168906506083
1636000000.0	-0.175093976622
1638000000.0	-0.0947735010801
1640000000.0	0.133992541666
1642000000.0	-0.000428072657815
1644000000.0	0.0750748964791
1646000000.0	0.0511216422862
1648000000.0	-0.136317166075
1650000000.0	-0.118064179505
1652000000.0	-0.0622132926784
1654000000.0	0.0224471644784
1656000000.0	-0.0398558777719
1658000000.0	0.0335044266178
1660000000.0	-0.0591351169739
1662000000.0	-0.133614541827
1664000000.0	-0.0942746886087
1666000000.0	-0.0405855608224
1668000000.0	0.0721814701027
1670000000.0	-0.030434856019
1672000000.0	0.0734799280368
1674000000.0	0.170897907509
1676000000.0	-0.0243348169884
1678000000.0	0.0429502516126
1680000000.0	-0.0757940366993
1682000000.0	-0.103544000205
1684000000.0	-6.39726448626e-05
1686000000.0	0.0830788569799
1688000000.0	0.024864295586
1690000000.0	-0.0290417548482
1692000000.0	-0.0389763595417
1694000000.0	-0.137000610959
1696000000.0	-0.0281367831903
1698000000.0	0.0622736417468
1700000000.0	-0.273454582325
1702000000.0	0.0899466780861
1704000000.0	0.0759450603156
1706000000.0	0.0631828958837
1708000000.0	0.00189532531729
1710000000.0	-0.112821820334
1712000000.0	-0.0294126724735
1714000000.0	0.0958441274349
1716000000.0	0.0247214302103
1718000000.0	0.022445197459
1720000000.0	0.0353466514357
1722000000.0	-0.0440698334662
1724000000.0	0.0554422652091
1726000000.0	0.00623203013219
1728000000.0	-0.0209700286633
1730000000.0	0.134784669695
1732000000.0	-0.0623903750334
1734000000.0	-0.147346419187
1736000000.0	-0.0474328327903
1738000000.0	-0.130119849001
1740000000.0	-0.0573711291577
1742000000.0	0.0362039857449
1744000000.0	-0.06374374596
1746000000.0	0.00250937327141
1748000000.0	0.058814265652
1750000000.0	0.0334066859951
1752000000.0	0.0266294580234
1754000000.0	-0.0119035589198
1756000000.0	-0.0181735313809
1758000000.0	0.0281955947285
1760000000.0	0.0662983088214
1762000000.0	-0.00191233478985
1764000000.0	-0.0863661599575
1766000000.0	-0.150669000661
1768000000.0	0.00191165688262
1770000000.0	0.0715704752116
1772000000.0	-0.0221119784212
1774000000.0	-0.0573526538707
1776000000.0	0.110682837505
1778000000.0	0.0222883569891
1780000000.0	-0.0208372416588
1782000000.0	-0.114047493895
1784000000.0	-0.00870186563766
1786000000.0	0.0149423590687
1788000000.0	0.149232236558
1790000000.0	-0.0302279491254
1792000000.0	-0.0498152433689
1794000000.0	0.096469128583
1796000000.0	0.12004482511
1798000000.0	0.325754436806
1800000000.0	-0.817553292273
1802000000.0	0.386636214025
1804000000.0	0.0752185669413
1806000000.0	0.183728285156
1808000000.0	-0.0093444156292
1810000000.0	-0.130366895111
1812000000.0	-0.0862333461067
1814000000.0	-0.0463986737694
1816000000.0	0.0163474916948
1818000000.0	-0.000717331700049
1820000000.0	0.159376350002
1822000000.0	-0.0083844199903
1824000000.0	-0.173886166318
1826000000.0	-0.0334165399274
1828000000.0	-0.0145086651539
1830000000.0	0.100000891944
1832000000.0	0.0549621769359
1834000000.0	0.106074665097
1836000000.0	-0.0916002779751
1838000000.0	-0.217795911459
1840000000.0	-0.115295956657
1842000000.0	-0.061522474907
1844000000.0	0.000761304645869
1846000000.0	0.0500668338138
1848000000.0	0.181377315757
1850000000.0	-0.0867566501184
1852000000.0	0.0163913753854
1854000000.0	-0.0318331382461
1856000000.0	-0.0762396690246
1858000000.0	-0.027340632534
1860000000.0	0.00101146289966
1862000000.0	0.0944754800925
1864000000.0	0.114650975936
1866000000.0	-0.0477211046938
1868000000.0	0.00880176873249
1870000000.0	-0.0898786483197
1872000000.0	0.050741818473
1874000000.0	-0.0898632153622
1876000000.0	0.138748487198
1878000000.0	-0.0437869704641
1880000000.0	0.00714140605551
1882000000.0	0.0034674871232
1884000000.0	-0.064167200881
1886000000.0	-0.0934287235123
1888000000.0	-0.0343424597238
1890000000.0	0.20084589803
1892000000.0	0.181555589461
1894000000.0	-0.0667052166373
1896000000.0	-0.680794029079
1898000000.0	-1.16625233266
1900000000.0	2.97733951711
1902000000.0	-1.05023117361
1904000000.0	-0.441197336217
1906000000.0	-0.197857621512
1908000000.0	-0.165138289135
1910000000.0	0.0125195281564
1912000000.0	0.102377425401
1914000000.0	0.327450740664
1916000000.0	0.0922083963118
1918000000.0	-0.116285750472
1920000000.0	-0.120189393846
1922000000.0	-0.0815534720288
1924000000.0	0.036276557658
1926000000.0	0.0536907992995
1928000000.0	0.0625730331384
1930000000.0	0.129499708115
1932000000.0	-0.0427318019718
1934000000.0	-0.0372228012222
1936000000.0	-0.019388907163
1938000000.0	-0.0532645050152
1940000000.0	-0.000464231027485
1942000000.0	0.065119864942
1944000000.0	0.0349385884754
1946000000.0	0.110011458279
1948000000.0	0.123734507209
1950000000.0	0.00586995051486
1952000000.0	0.0130872604461
1954000000.0	0.00564886345532
1956000000.0	-0.0376079426545
1958000000.0	0.0660713171457
1960000000.0	-0.0532431022812
1962000000.0	-0.0931001231825
1964000000.0	-0.0454051150297
1966000000.0	-0.10623225681
1968000000.0	0.154528020089
1970000000.0	0.0699861397277
1972000000.0	0.0976546784591
1974000000.0	-0.0792470649319
1976000000.0	-0.098439663197
1978000000.0	0.00263824788188
1980000000.0	0.0122949571298
1982000000.0	0.0221728274438
1984000000.0	0.0501151977413
1986000000.0	0.0811457788713
1988000000.0	0.111247377216
1990000000.0	-0.137506780775
1992000000.0	-0.0338035428499
1994000000.0	-0.141871506225
1996000000.0	0.0182185938358
1998000000.0	0.0708068739565
2000000000.0	0.03125
