0.0	-10.93125
2000000.0	-1.40225729497
4000000.0	0.357045796067
6000000.0	-1.86734034203
8000000.0	-2.32070924367
10000000.0	-2.19125681732
12000000.0	-3.15611647992
14000000.0	-2.48516754169
16000000.0	0.416927233979
18000000.0	5.63440866926
20000000.0	7.54931629776
22000000.0	5.73881668215
24000000.0	1.04091936121
26000000.0	-2.44097198303
28000000.0	-7.12188432
30000000.0	-9.54328890394
32000000.0	-8.70359198062
34000000.0	-4.35564235927
36000000.0	3.9174576436
38000000.0	7.74377093538
40000000.0	6.94685845071
42000000.0	4.60830910703
44000000.0	0.779662910773
46000000.0	-2.99642636633
48000000.0	-4.24198263246
50000000.0	-2.70972482991
52000000.0	-0.0154980809623
54000000.0	2.28831483567
56000000.0	2.84237025825
58000000.0	1.93657255092
60000000.0	-0.250634409477
62000000.0	-1.92732638854
64000000.0	-1.57864107037
66000000.0	0.348942446029
68000000.0	2.35211427104
70000000.0	3.4322492838
72000000.0	2.18219294032
74000000.0	0.336979529008
76000000.0	-0.893492079024
78000000.0	-1.31668856809
80000000.0	-0.612904552613
82000000.0	0.800047688713
84000000.0	1.90461693058
86000000.0	1.52484726203
88000000.0	0.773572979274
90000000.0	-0.119243258422
92000000.0	-0.440697865779
94000000.0	-0.332640379163
96000000.0	0.89210825399
98000000.0	1.19514842905
100000000.0	1.33997370193
102000000.0	0.00803391791886
104000000.0	-0.738071818635
106000000.0	-1.15525324279
108000000.0	-0.974830323356
110000000.0	0.424809054835
112000000.0	1.62875495723
114000000.0	1.54393094657
116000000.0	0.955968862161
118000000.0	0.159039228549
120000000.0	-1.18425977224
122000000.0	-1.2646599976
124000000.0	-0.206188851774
126000000.0	-0.174794467628
128000000.0	1.16551663495
130000000.0	1.31739604096
132000000.0	0.765614867801
134000000.0	-0.354412816305
136000000.0	-1.16198225588
138000000.0	-0.892096014298
140000000.0	-0.608193409907
142000000.0	0.42773294731
144000000.0	0.968547044342
146000000.0	0.82908262494
148000000.0	-0.184060557428
150000000.0	-0.500310314346
152000000.0	-0.62572054651
154000000.0	-0.873587013103
156000000.0	-0.158147301401
158000000.0	0.486922950855
160000000.0	0.717942000589
162000000.0	0.421461347201
164000000.0	0.19312886536
166000000.0	-0.420472777356
168000000.0	-0.763755968011
170000000.0	-0.285426333579
172000000.0	-0.0167501717013
174000000.0	-0.132954741107
176000000.0	0.417012136544
178000000.0	0.585182665333
180000000.0	0.180353978875
182000000.0	0.265099940551
184000000.0	0.0626581164457
186000000.0	-0.440806197713
188000000.0	-0.248553994221
190000000.0	-0.119446446299
192000000.0	-0.0716408952843
194000000.0	-0.0497972994047
196000000.0	-0.0300879333027
198000000.0	0.162704413402
200000000.0	-0.395659668273
202000000.0	0.405441871524
204000000.0	0.757066799198
206000000.0	0.724698580712
208000000.0	-0.151064389593
210000000.0	-0.435673763735
212000000.0	-0.539656864557
214000000.0	-0.842707730067
216000000.0	-0.657478332693
218000000.0	0.295647205546
220000000.0	1.03411975881
222000000.0	1.37857435219
224000000.0	0.813024362377
226000000.0	-0.0557674769039
228000000.0	-1.05676574429
230000000.0	-1.62239261701
232000000.0	-1.05023880249
234000000.0	0.494126763257
236000000.0	1.50172448333
238000000.0	2.18112123623
240000000.0	1.16115615256
242000000.0	-0.582396867031
244000000.0	-2.07020939443
246000000.0	-2.34061985916
248000000.0	-1.01431563277
250000000.0	0.829218386164
252000000.0	1.87820992373
254000000.0	2.4750533209
256000000.0	1.66587597169
258000000.0	-0.789038579806
260000000.0	-3.00209216161
262000000.0	-3.25757200579
264000000.0	-0.996478173312
266000000.0	2.62815730407
268000000.0	4.04846846186
270000000.0	1.68914226163
272000000.0	-1.9349270008
274000000.0	-3.4735495811
276000000.0	-2.24408620823
278000000.0	0.0617779729946
280000000.0	2.12648596232
282000000.0	3.29018681184
284000000.0	4.77828552276
286000000.0	2.8169374457
288000000.0	-4.96795258567
290000000.0	-16.1819436612
292000000.0	-16.9238485964
294000000.0	7.17086239497
296000000.0	53.5698499484
298000000.0	98.0486219511
300000000.0	-238.981408081
302000000.0	71.8359042774
304000000.0	38.3130876847
306000000.0	16.1793518401
308000000.0	3.76342657655
310000000.0	-5.76170623353
312000000.0	-13.3540403329
314000000.0	-14.1076441211
316000000.0	-4.64632977212
318000000.0	7.92653785677
320000000.0	13.2899482322
322000000.0	8.43040157342
324000000.0	-1.22633724573
326000000.0	-7.64096070229
328000000.0	-7.89853661588
330000000.0	-3.2396661655
332000000.0	2.10070380148
334000000.0	4.83204217259
336000000.0	4.79360334529
338000000.0	2.42600141707
340000000.0	-1.19512273544
342000000.0	-4.05981001102
344000000.0	-4.06036007185
346000000.0	-1.61084361782
348000000.0	2.05360672524
350000000.0	4.07468593509
352000000.0	3.14085764862
354000000.0	-0.377307487114
356000000.0	-2.92876403047
358000000.0	-3.19667926277
360000000.0	-1.36702639125
362000000.0	1.28380964119
364000000.0	3.04415777832
366000000.0	2.69404404615
368000000.0	0.947598065396
370000000.0	-1.50148511956
372000000.0	-3.36196802653
374000000.0	-2.07616034664
376000000.0	-0.286428771837
378000000.0	1.76896433573
380000000.0	2.85438574521
382000000.0	1.9407873085
384000000.0	-0.400669098617
386000000.0	-2.35376898372
388000000.0	-2.90116218077
390000000.0	-1.2950501602
392000000.0	0.8042037818
394000000.0	2.37852104858
396000000.0	2.53631482375
398000000.0	0.729681783204
400000000.0	-1.4767340888
402000000.0	-2.08723682421
404000000.0	-1.65898937557
406000000.0	-0.643104845359
408000000.0	1.3688338839
410000000.0	1.92283364287
412000000.0	1.4022165576
414000000.0	0.070841340227
416000000.0	-1.18274189496
418000000.0	-1.6434748119
420000000.0	-1.00906663978
422000000.0	0.142774814552
424000000.0	1.49106792998
426000000.0	1.6262682536
428000000.0	0.49410917168
430000000.0	-0.770172423506
432000000.0	-1.15649499752
434000000.0	-0.958785962508
436000000.0	0.0388811937899
438000000.0	0.924860489488
440000000.0	1.09506689697
442000000.0	0.850633805453
444000000.0	-0.644961026354
446000000.0	-1.13961189826
448000000.0	-0.904109187827
450000000.0	-0.338125919022
452000000.0	0.683416488587
454000000.0	1.54064320613
456000000.0	1.02444410185
458000000.0	0.0817875396492
460000000.0	-0.912493362541
462000000.0	-1.27102713173
464000000.0	-0.4599670043
466000000.0	0.33032035813
468000000.0	1.17062357944
470000000.0	1.09435885363
472000000.0	0.14980919523
474000000.0	-0.202803308385
476000000.0	-0.980037556736
478000000.0	-0.553118039721
480000000.0	-0.245646567569
482000000.0	0.431822275971
484000000.0	1.16130918085
486000000.0	0.62227458752
488000000.0	-0.0433206761732
490000000.0	-0.968009830786
492000000.0	-1.03621307101
494000000.0	-0.359250875486
496000000.0	0.236654360022
498000000.0	0.454313173677
500000000.0	0.844159434773
502000000.0	-0.0697881228818
504000000.0	-0.336898984085
506000000.0	-0.646469551885
508000000.0	-0.333824104581
510000000.0	0.14435606305
512000000.0	0.576755941243
514000000.0	0.659341687504
516000000.0	0.283987915022
518000000.0	-0.437553300325
520000000.0	-0.833396051119
522000000.0	-0.258541561864
524000000.0	-0.0928357235349
526000000.0	0.587436976327
528000000.0	0.683455804712
530000000.0	0.492223466116
532000000.0	-0.265732778498
534000000.0	-0.778419298844
536000000.0	-0.704394229708
538000000.0	-0.248216577782
540000000.0	0.383940334825
542000000.0	0.71364365616
544000000.0	0.714789079976
546000000.0	0.443559149184
548000000.0	-0.616201011736
550000000.0	-0.623833001581
552000000.0	-0.215826831722
554000000.0	-0.220637796428
556000000.0	0.429014700572
558000000.0	0.566595170121
560000000.0	0.44775672885
562000000.0	-0.306273055676
564000000.0	-0.453298640848
566000000.0	-0.385937296306
568000000.0	-0.460407959917
570000000.0	0.240811191099
572000000.0	0.852150139912
574000000.0	0.240985855096
576000000.0	-0.315971770157
578000000.0	-0.646262657964
580000000.0	-0.237147232819
582000000.0	-0.53370848492
584000000.0	0.501406786298
586000000.0	0.690891023811
588000000.0	0.360499609148
590000000.0	0.474769259165
592000000.0	-0.369353372538
594000000.0	-0.622435737928
596000000.0	-0.575834760517
598000000.0	-0.389628623999
600000000.0	1.56855563485
602000000.0	0.461648294319
604000000.0	0.246188806516
606000000.0	-0.440254866587
608000000.0	-0.555492604547
610000000.0	-0.904079242973
612000000.0	0.0303739525789
614000000.0	0.202592803073
616000000.0	1.0044292719
618000000.0	0.376784435296
620000000.0	-0.29735957344
622000000.0	-0.513493756155
624000000.0	-0.606679036849
626000000.0	-0.259484538717
628000000.0	0.0240551600595
630000000.0	0.592098694976
632000000.0	0.424005323022
634000000.0	0.331072011532
636000000.0	-0.282690371251
638000000.0	-0.288433877373
640000000.0	-0.525166018676
642000000.0	0.0936755763887
644000000.0	0.140341945548
646000000.0	0.428305124531
648000000.0	-0.0501032062917
650000000.0	0.0239892769718
652000000.0	-0.495787222641
654000000.0	-0.36352071047
656000000.0	-0.044465081136
658000000.0	0.361769352468
660000000.0	0.599486645544
662000000.0	0.352728770331
664000000.0	-0.248750803771
666000000.0	-0.365778229179
668000000.0	-0.759945421272
670000000.0	-0.167854437589
672000000.0	0.156278648367
674000000.0	0.178294793812
676000000.0	0.833460519255
678000000.0	0.156976946575
680000000.0	-0.192493969616
682000000.0	-0.59562305017
684000000.0	-0.583155749132
686000000.0	0.00426388639885
688000000.0	0.491053900568
690000000.0	0.649496125777
692000000.0	0.383943452291
694000000.0	-0.274484727231
696000000.0	-0.835517728533
698000000.0	-1.20012183113
700000000.0	1.65633293752
702000000.0	-0.477883412146
704000000.0	0.0372989422363
706000000.0	0.533095920701
708000000.0	0.0672923140167
710000000.0	0.0598700534849
712000000.0	-0.482458782635
714000000.0	-0.462404372081
716000000.0	-0.112220538625
718000000.0	0.571238895133
720000000.0	0.378755507948
722000000.0	0.167941217261
724000000.0	-0.307161093626
726000000.0	-0.364178853523
728000000.0	-0.314590349878
730000000.0	0.0598821226131
732000000.0	0.368277577924
734000000.0	0.559095113092
736000000.0	0.628991547398
738000000.0	-0.321679381813
740000000.0	-0.507441350222
742000000.0	-0.443609051939
744000000.0	0.0531151287289
746000000.0	-0.0853959969446
748000000.0	0.457030985154
750000000.0	0.393651668889
752000000.0	-0.0083430529925
754000000.0	-0.027782385248
756000000.0	-0.478245987188
758000000.0	-0.540789693147
760000000.0	0.230286443155
762000000.0	0.428806947855
764000000.0	0.318048922516
766000000.0	0.274674330535
768000000.0	-0.103084280526
770000000.0	-0.378005637121
772000000.0	-0.442975832643
774000000.0	-0.399577117798
776000000.0	0.157412106297
778000000.0	0.579934508519
780000000.0	0.389472092006
782000000.0	0.0191630382664
784000000.0	-0.252670219827
786000000.0	-0.472607452882
788000000.0	0.0546000802683
790000000.0	0.284472290188
792000000.0	0.229397051739
794000000.0	0.333940285495
796000000.0	0.144532168336
798000000.0	-0.303679265669
800000000.0	-1.08731614466
802000000.0	-0.0687985945805
804000000.0	0.0265712458553
806000000.0	0.742543541661
808000000.0	0.749573211944
810000000.0	0.185408353758
812000000.0	-0.423119939225
814000000.0	-0.834619694086
816000000.0	-0.793381807114
818000000.0	0.170839947426
820000000.0	0.486039313169
822000000.0	0.624401376767
824000000.0	0.70182548964
826000000.0	0.109566006719
828000000.0	-0.947736150979
830000000.0	-1.12808068102
832000000.0	-0.404495176015
834000000.0	0.317990742455
836000000.0	1.31919399543
838000000.0	0.957315480002
840000000.0	0.115454176912
842000000.0	-0.620534661671
844000000.0	-1.33666438369
846000000.0	-0.725688688331
848000000.0	0.245132892278
850000000.0	0.872917203609
852000000.0	1.24997180695
854000000.0	0.729983009959
856000000.0	-0.543664557479
858000000.0	-1.09116130317
860000000.0	-1.24072241843
862000000.0	-0.518320925492
864000000.0	0.87177714196
866000000.0	1.94681675896
868000000.0	1.9246297679
870000000.0	0.0120083516707
872000000.0	-2.21945145336
874000000.0	-2.82561745521
876000000.0	-1.17024231714
878000000.0	1.24284912763
880000000.0	3.41911667489
882000000.0	2.83607825003
884000000.0	0.301826518758
886000000.0	-2.356702192
888000000.0	-4.15056974567
890000000.0	-5.12344191003
892000000.0	-3.34482239082
894000000.0	4.62797077097
896000000.0	20.2970886215
898000000.0	38.5250829968
900000000.0	-104.858499966
902000000.0	36.746869666
904000000.0	20.1978121855
906000000.0	4.83638903809
908000000.0	-3.44660811286
910000000.0	-4.96887423532
912000000.0	-3.93037131646
914000000.0	-1.9102071065
916000000.0	0.303950567007
918000000.0	2.06045819015
920000000.0	2.80979877347
922000000.0	1.60338123927
924000000.0	-0.901844754199
926000000.0	-2.11652466869
928000000.0	-1.64768252589
930000000.0	0.107719646667
932000000.0	1.0990468273
934000000.0	1.57391346428
936000000.0	0.512015382108
938000000.0	-0.543761511208
940000000.0	-0.745567134342
942000000.0	-0.542825418563
944000000.0	-0.0758728146437
946000000.0	0.257192811146
948000000.0	0.519407559452
950000000.0	0.586564146102
952000000.0	0.267966381078
954000000.0	-0.739185872952
956000000.0	-0.695289647528
958000000.0	-0.707788547034
960000000.0	0.180747331674
962000000.0	0.823227916339
964000000.0	0.794490120814
966000000.0	0.249087879678
968000000.0	-0.427225733703
970000000.0	-0.632321701578
972000000.0	-0.33939669987
974000000.0	-0.161604865502
976000000.0	4.74475950574e-05
978000000.0	0.189515074601
980000000.0	0.447363530571
982000000.0	-0.111631380531
984000000.0	-0.154845905183
986000000.0	-0.25932460371
988000000.0	-0.475022471745
990000000.0	0.0297918350713
992000000.0	-0.0738327478705
994000000.0	0.376418077005
996000000.0	0.412694735533
998000000.0	-0.207204831878
1000000000.0	-1.66875
1002000000.0	-0.186785084078
1004000000.0	0.238245395796
1006000000.0	0.281692443879
1008000000.0	-0.0957787852215
1010000000.0	-0.0495598962787
1012000000.0	0.119796684435
1014000000.0	-0.238174996225
1016000000.0	-0.235221636558
1018000000.0	-0.0331785551748
1020000000.0	-0.0983361656102
1022000000.0	0.0748332378888
1024000000.0	-0.0864513707542
1026000000.0	0.0494976206228
1028000000.0	-0.34689550535
1030000000.0	-0.14401374909
1032000000.0	-0.0331717535948
1034000000.0	-0.0189920964255
1036000000.0	0.0940370730572
1038000000.0	0.22554341399
1040000000.0	0.286250119827
1042000000.0	-0.0373941590278
1044000000.0	-0.00239649551072
1046000000.0	0.0834502322337
1048000000.0	-0.127510946826
1050000000.0	0.248551255589
1052000000.0	-0.246612308983
1054000000.0	0.136905328775
1056000000.0	-0.0698270222982
1058000000.0	-0.110041716713
1060000000.0	0.0715189882823
1062000000.0	-0.0911417114448
1064000000.0	0.0275305829553
1066000000.0	0.231672159974
1068000000.0	0.412147058484
1070000000.0	-0.0958219487044
1072000000.0	0.137879377848
1074000000.0	-0.172531733527
1076000000.0	0.14807232774
1078000000.0	-0.144404216288
1080000000.0	-0.188887996301
1082000000.0	0.225374132362
1084000000.0	-0.153946985969
1086000000.0	0.141629567645
1088000000.0	0.0341997854915
1090000000.0	0.000669188419459
1092000000.0	0.0835675326325
1094000000.0	-0.0182863401656
1096000000.0	0.216048528795
1098000000.0	0.0282387737446
1100000000.0	0.397448779167
1102000000.0	-0.109670386051
1104000000.0	-0.2421854729
1106000000.0	0.127455741108
1108000000.0	0.0743803109205
1110000000.0	-0.00372357853641
1112000000.0	0.095737833405
1114000000.0	-0.214909423929
1116000000.0	-0.0710119831835
1118000000.0	-0.243352361248
1120000000.0	-0.020666994723
1122000000.0	0.229585752042
1124000000.0	-0.0679637163573
1126000000.0	0.336028978263
1128000000.0	0.102831596363
1130000000.0	-0.276270477928
1132000000.0	-0.0157968244816
1134000000.0	-0.235548588361
1136000000.0	0.0254023547104
1138000000.0	0.182326366566
1140000000.0	-0.0724600568368
1142000000.0	-0.0886622520392
1144000000.0	0.2518651552
1146000000.0	0.230898199823
1148000000.0	-0.0210918359753
1150000000.0	-0.252571754155
1152000000.0	0.250498237209
1154000000.0	0.00210461238453
1156000000.0	0.269216733102
1158000000.0	0.250518521972
1160000000.0	-0.225230869941
1162000000.0	0.000417436165933
1164000000.0	-0.215259055045
1166000000.0	0.286972557526
1168000000.0	0.0274169527292
1170000000.0	0.180187142432
1172000000.0	0.0969142344816
1174000000.0	-0.034653087777
1176000000.0	-0.19314284418
1178000000.0	0.0392556990534
1180000000.0	-0.0785531785421
1182000000.0	-0.48262016194
1184000000.0	0.226824729193
1186000000.0	-0.154760804513
1188000000.0	0.217274704209
1190000000.0	0.394355329888
1192000000.0	0.034359185909
1194000000.0	0.0161394196451
1196000000.0	-0.491775824712
1198000000.0	-0.955259667682
1200000000.0	3.2329840888
1202000000.0	-1.04220798602
1204000000.0	-0.792484502213
1206000000.0	0.0210814736042
1208000000.0	-0.0137362236407
1210000000.0	0.213387430914
1212000000.0	0.155537415288
1214000000.0	-0.153322808923
1216000000.0	0.255275365286
1218000000.0	-0.102622740202
1220000000.0	-0.300459163254
1222000000.0	-0.28323882044
1224000000.0	0.057026273289
1226000000.0	-0.109977395091
1228000000.0	0.196706480381
1230000000.0	0.0697435551373
1232000000.0	-0.0880431684009
1234000000.0	-0.328887849903
1236000000.0	0.181590233612
1238000000.0	-0.0181475618979
1240000000.0	0.0334402329384
1242000000.0	0.216900133773
1244000000.0	-0.0465521915366
1246000000.0	-0.0579301469131
1248000000.0	-0.159715992354
1250000000.0	0.180092017819
1252000000.0	-0.132908445984
1254000000.0	0.29446877594
1256000000.0	0.168307666617
1258000000.0	0.0722907663888
1260000000.0	0.040685989925
1262000000.0	0.116510794773
1264000000.0	-0.0306381312823
1266000000.0	-0.0626015245852
1268000000.0	0.00178536044196
1270000000.0	-0.0876911266593
1272000000.0	0.0899300609467
1274000000.0	0.36435166867
1276000000.0	-0.0454221379943
1278000000.0	-0.104391791999
1280000000.0	0.0280933556057
1282000000.0	0.0463506592073
1284000000.0	0.278344010655
1286000000.0	0.265942969132
1288000000.0	0.176415267498
1290000000.0	0.251933370731
1292000000.0	-0.173652922275
1294000000.0	-0.470133096232
1296000000.0	-0.906058785756
1298000000.0	-1.48965686197
1300000000.0	4.63561280684
1302000000.0	-1.99201515982
1304000000.0	-1.14228947068
1306000000.0	-0.470092639997
1308000000.0	0.176550330419
1310000000.0	0.208172809653
1312000000.0	-0.0930496109151
1314000000.0	0.168418398917
1316000000.0	-0.105680607151
1318000000.0	-0.413791071652
1320000000.0	-0.221091113535
1322000000.0	-0.399615422124
1324000000.0	0.027920377662
1326000000.0	-0.266731179039
1328000000.0	0.155548310321
1330000000.0	0.24813334861
1332000000.0	-0.139710992098
1334000000.0	-0.249065738642
1336000000.0	-0.00259601733375
1338000000.0	-0.0237492248796
1340000000.0	-0.292155584509
1342000000.0	0.315751319111
1344000000.0	-0.0699545240814
1346000000.0	0.031005952601
1348000000.0	-0.0583041367312
1350000000.0	-0.0209000437909
1352000000.0	0.0434645563864
1354000000.0	0.298826140255
1356000000.0	0.355929023524
1358000000.0	-0.0890622695784
1360000000.0	0.377017108021
1362000000.0	0.133812116501
1364000000.0	0.0460662639749
1366000000.0	-0.565686359918
1368000000.0	0.182541241752
1370000000.0	0.290400663662
1372000000.0	0.170581018686
1374000000.0	0.421562736459
1376000000.0	-0.0576711265946
1378000000.0	-0.365693116625
1380000000.0	-0.182892634629
1382000000.0	-0.199383693023
1384000000.0	-0.282501156337
1386000000.0	0.00439274510575
1388000000.0	0.213854260139
1390000000.0	0.101606296849
1392000000.0	0.174486448717
1394000000.0	-0.218845445714
1396000000.0	-0.200795753041
1398000000.0	-0.319356624504
1400000000.0	0.16993845047
1402000000.0	0.251969685026
1404000000.0	0.214394534972
1406000000.0	0.233609272115
1408000000.0	-0.15125275442
1410000000.0	-0.372613094692
1412000000.0	-0.360711450319
1414000000.0	-0.151368589908
1416000000.0	-0.0750747167399
1418000000.0	0.0493822910103
1420000000.0	0.223180634043
1422000000.0	0.251997370092
1424000000.0	0.0281159869302
1426000000.0	-0.128286136176
1428000000.0	-0.0590040812562
1430000000.0	-0.0546162822458
1432000000.0	0.238447817427
1434000000.0	0.162316611926
1436000000.0	0.177571366345
1438000000.0	0.25838475045
1440000000.0	-0.189845618821
1442000000.0	-0.321979043746
1444000000.0	-0.252111734784
1446000000.0	0.143357850658
1448000000.0	0.462798047096
1450000000.0	0.13142938642
1452000000.0	0.0559102209176
1454000000.0	-0.170826330318
1456000000.0	-0.633441048965
1458000000.0	-0.724097470863
1460000000.0	0.126244615687
1462000000.0	0.531688652161
1464000000.0	0.74568431151
1466000000.0	0.83113611812
1468000000.0	-0.299826121109
1470000000.0	-0.370883909018
1472000000.0	-0.884671241013
1474000000.0	-1.06035365946
1476000000.0	-0.257553968248
1478000000.0	0.851706376054
1480000000.0	1.39835030299
1482000000.0	0.832949082112
1484000000.0	-0.600976266826
1486000000.0	-1.37553818725
1488000000.0	-1.60092218073
1490000000.0	-0.692083303014
1492000000.0	0.520439237273
1494000000.0	1.59639255723
1496000000.0	3.75657779839
1498000000.0	7.91098882181
1500000000.0	-25.1066594348
1502000000.0	10.7451327495
1504000000.0	6.01857304618
1506000000.0	0.602591259376
1508000000.0	-1.98011879522
1510000000.0	-1.95438824249
1512000000.0	-0.263036031096
1514000000.0	0.647481395014
1516000000.0	0.649300264538
1518000000.0	0.201999672074
1520000000.0	0.377431111665
1522000000.0	-0.224468580516
1524000000.0	-0.0623692120667
1526000000.0	-0.542914966829
1528000000.0	0.0540502237128
1530000000.0	0.267312316241
1532000000.0	0.617097619009
1534000000.0	0.577007444358
1536000000.0	-0.0839742565765
1538000000.0	-0.554813440444
1540000000.0	-0.238111183319
1542000000.0	-0.0211959876655
1544000000.0	0.166695775435
1546000000.0	0.274448396438
1548000000.0	0.294358190821
1550000000.0	-0.379214986761
1552000000.0	0.175480040836
1554000000.0	-0.261479236733
1556000000.0	-0.351743596322
1558000000.0	-0.0425065111521
1560000000.0	0.113740987667
1562000000.0	0.202644618232
1564000000.0	0.213184815593
1566000000.0	0.0740102908619
1568000000.0	-0.373571769152
1570000000.0	-0.136812964386
1572000000.0	-0.0915915714418
1574000000.0	-0.176154287259
1576000000.0	0.436354493571
1578000000.0	0.189010040516
1580000000.0	0.127981803648
1582000000.0	-0.32123603766
1584000000.0	-0.317533238586
1586000000.0	0.237737092152
1588000000.0	0.192029988815
1590000000.0	0.099500609892
1592000000.0	-0.0316137960351
1594000000.0	0.0301328338903
1596000000.0	-0.0874989452057
1598000000.0	-0.0525830623812
1600000000.0	-0.0251838553438
1602000000.0	-0.05494041331
1604000000.0	0.242966135958
1606000000.0	0.141580916108
1608000000.0	-0.128937625825
1610000000.0	-0.138728217967
1612000000.0	-0.172772309007
1614000000.0	-0.189965683261
1616000000.0	0.170619602547
1618000000.0	0.146838683778
1620000000.0	-0.291718176475
1622000000.0	-0.0123167519105
1624000000.0	-0.301312599578
1626000000.0	-0.0371183416184
1628000000.0	0.00998450674418
1630000000.0	-0.213523653472
1632000000.0	0.176106853184
1634000000.0	-0.121316228864
1636000000.0	0.182392500361
1638000000.0	0.0706983379634
1640000000.0	0.0709573380538
1642000000.0	-0.210576773664
1644000000.0	-0.343637473512
1646000000.0	-0.054725236968
1648000000.0	-0.0751141015922
1650000000.0	0.278644848425
1652000000.0	0.0441185356441
1654000000.0	0.0773401335409
1656000000.0	-0.127297698126
1658000000.0	-0.0979402553183
1660000000.0	-0.0635331582787
1662000000.0	0.00370007276353
1664000000.0	0.302598008969
1666000000.0	-0.0420419472686
1668000000.0	0.254774240095
1670000000.0	0.0897783733712
1672000000.0	-0.0809480935025
1674000000.0	-0.0389735102517
1676000000.0	0.162660187011
1678000000.0	0.198528908364
1680000000.0	0.488908530746
1682000000.0	0.0449346938951
1684000000.0	-0.00875659297533
1686000000.0	-0.216131015348
1688000000.0	-0.247084683907
1690000000.0	-0.00480166764446
1692000000.0	0.135701403904
1694000000.0	-0.0773062079598
1696000000.0	0.025857534039
1698000000.0	0.334703881847
1700000000.0	-0.676327904459
1702000000.0	0.0806016815182
1704000000.0	-0.0202871644362
1706000000.0	-0.279348980197
1708000000.0	0.0824826460864
1710000000.0	0.203850132751
1712000000.0	-0.0770118839169
1714000000.0	-0.21077188298
1716000000.0	-0.235411984649
1718000000.0	0.0057943180774
1720000000.0	0.0782124160158
1722000000.0	0.090421092091
1724000000.0	-0.0434392993063
1726000000.0	0.237845000632
1728000000.0	-0.0276401909705
1730000000.0	0.167461753449
1732000000.0	-0.075448756802
1734000000.0	0.0337468094906
1736000000.0	-0.0727384437556
1738000000.0	0.135965415774
1740000000.0	-0.0452426124502
1742000000.0	0.266611272912
1744000000.0	0.0496803743192
1746000000.0	-0.11787689209
1748000000.0	-0.249577753197
1750000000.0	-0.502962072871
1752000000.0	-0.146473629936
1754000000.0	0.000780151686183
1756000000.0	0.0286290844208
1758000000.0	-0.171633455099
1760000000.0	-0.425411284043
1762000000.0	-0.16569472961
1764000000.0	-0.0170826580912
1766000000.0	-0.0916361419638
1768000000.0	0.195910891185
1770000000.0	0.270024678648
1772000000.0	0.0463632682093
1774000000.0	-0.121511275248
1776000000.0	0.195426293054
1778000000.0	0.218529859673
1780000000.0	0.0674056993053
1782000000.0	0.0128435328246
1784000000.0	0.17933239271
1786000000.0	-0.13212047001
1788000000.0	-0.127495620614
1790000000.0	0.141058344591
1792000000.0	-0.198096024107
1794000000.0	0.0323146529891
1796000000.0	-0.0443749427147
1798000000.0	-0.497594081052
1800000000.0	1.70091558295
1802000000.0	-0.693385719054
1804000000.0	-0.489049644999
1806000000.0	-0.195262325466
1808000000.0	0.164772135158
1810000000.0	0.244660123504
1812000000.0	0.154944810768
1814000000.0	0.057106851271
1816000000.0	-0.100607043311
1818000000.0	-0.325284706719
1820000000.0	-0.0273482064436
1822000000.0	-0.106353003046
1824000000.0	0.147318765211
1826000000.0	0.0261712027094
1828000000.0	0.27965241098
1830000000.0	0.103481252947
1832000000.0	-0.113189378298
1834000000.0	0.110839061681
1836000000.0	-0.207957119407
1838000000.0	-0.137317219061
1840000000.0	0.0671376181057
1842000000.0	0.274880003198
1844000000.0	-0.047699076342
1846000000.0	0.132911649655
1848000000.0	0.0057079621653
1850000000.0	-0.258295538087
1852000000.0	0.000692052759371
1854000000.0	0.0981932691972
1856000000.0	0.157424151166
1858000000.0	0.162870435742
1860000000.0	-0.00116758847755
1862000000.0	-0.14624288319
1864000000.0	-0.398935308538
1866000000.0	-0.147715490233
1868000000.0	-0.0385612179467
1870000000.0	-0.0606177225902
1872000000.0	0.0104917053764
1874000000.0	0.498720563157
1876000000.0	-0.0383139078798
1878000000.0	-0.167040064496
1880000000.0	-0.33283309727
1882000000.0	-0.13432163804
1884000000.0	0.171880683019
1886000000.0	0.715144587099
1888000000.0	0.560110129963
1890000000.0	-0.13968757348
1892000000.0	-0.508530444339
1894000000.0	-0.58499519256
1896000000.0	-0.873384504247
1898000000.0	-1.18879687474
1900000000.0	5.62436772614
1902000000.0	-2.86446100798
1904000000.0	-1.59203945841
1906000000.0	-0.309313109674
1908000000.0	0.670596116243
1910000000.0	0.259311879896
1912000000.0	0.268450160648
1914000000.0	-0.248675024084
1916000000.0	-0.25973318254
1918000000.0	-0.00994823832164
1920000000.0	0.0181305637952
1922000000.0	-0.0594895242917
1924000000.0	-0.021163627196
1926000000.0	-0.13832413605
1928000000.0	0.125031991654
1930000000.0	-0.110788869424
1932000000.0	-0.265010308783
1934000000.0	-0.217758958488
1936000000.0	-0.0355499764813
1938000000.0	0.0934575876591
1940000000.0	0.128153060091
1942000000.0	-0.20123573176
1944000000.0	-0.118680146988
1946000000.0	-0.370096456926
1948000000.0	0.18172288002
1950000000.0	0.0911943354469
1952000000.0	0.0421916829816
1954000000.0	0.135393493041
1956000000.0	0.0597058355971
1958000000.0	-0.338726519636
1960000000.0	-0.12968271995
1962000000.0	-0.149645451997
1964000000.0	-0.110039571695
1966000000.0	-0.00270236760241
1968000000.0	0.122069503267
1970000000.0	0.0482040997003
1972000000.0	-0.085316164468
1974000000.0	0.0377349843897
1976000000.0	-0.0480079245905
1978000000.0	-0.0526655320001
1980000000.0	-0.0743303509238
1982000000.0	0.0285297023615
1984000000.0	0.0240656184321
1986000000.0	0.10384825687
1988000000.0	-0.0509770840726
1990000000.0	-0.0728834348035
1992000000.0	-0.0210582769005
1994000000.0	-0.134817379748
1996000000.0	-0.31737311122
1998000000.0	-0.430170442814
2000000000.0	0.89375
