0.0	-51.28125
2000000.0	3.73287635647
4000000.0	5.48653906037
6000000.0	2.11530703292
8000000.0	-3.9527817899
10000000.0	-4.69827141938
12000000.0	-4.447529433
14000000.0	-3.43896244021
16000000.0	4.89469735956
18000000.0	10.5198494136
20000000.0	12.508620125
22000000.0	4.09057500695
24000000.0	-7.85431132651
26000000.0	-14.8702253383
28000000.0	-10.1189192965
30000000.0	0.281463930702
32000000.0	10.0874575909
34000000.0	11.4307842199
36000000.0	5.35466967565
38000000.0	-2.95752871387
40000000.0	-6.60214923841
42000000.0	-7.93346904342
44000000.0	-2.37053034611
46000000.0	2.10013589853
48000000.0	4.0394253202
50000000.0	0.721724562739
52000000.0	-2.38827230639
54000000.0	-2.14560639392
56000000.0	-2.06491389315
58000000.0	2.05941383678
60000000.0	2.86751499588
62000000.0	1.30882343695
64000000.0	-1.16000245886
66000000.0	-2.40189231053
68000000.0	-1.11541451514
70000000.0	0.942357992868
72000000.0	3.26551469568
74000000.0	3.20868107277
76000000.0	1.19639759331
78000000.0	-1.97489506937
80000000.0	-3.61308528342
82000000.0	-2.4397093831
84000000.0	1.42108521936
86000000.0	3.06922978643
88000000.0	2.10199485063
90000000.0	-0.00868946757477
92000000.0	-2.36133989184
94000000.0	-1.91641050219
96000000.0	0.340933501298
98000000.0	1.91209703051
100000000.0	1.12924276449
102000000.0	-0.437575622175
104000000.0	-2.39087701892
106000000.0	-2.83451662082
108000000.0	-1.20273263143
110000000.0	1.88307539538
112000000.0	2.86606476395
114000000.0	2.95176087248
116000000.0	-0.158842332911
118000000.0	-3.27438507092
120000000.0	-3.03845725745
122000000.0	-1.55855110074
124000000.0	-1.42754656351
126000000.0	4.05770861196
128000000.0	2.38142174196
130000000.0	0.697388808465
132000000.0	-0.153913692001
134000000.0	-0.031268038352
136000000.0	-0.331294227808
138000000.0	0.874301743981
140000000.0	0.193253296158
142000000.0	-0.142563592099
144000000.0	-1.03330447878
146000000.0	-0.264111259214
148000000.0	0.165874353334
150000000.0	1.25215462026
152000000.0	0.637571219333
154000000.0	0.526191960556
156000000.0	-0.225842374705
158000000.0	-0.769206025194
160000000.0	-0.949489756108
162000000.0	-0.0622755470834
164000000.0	0.627623574695
166000000.0	1.39062211692
168000000.0	-0.00481896493735
170000000.0	-0.0857225696743
172000000.0	-0.780115391421
174000000.0	-0.120103949797
176000000.0	0.41402003405
178000000.0	0.762968863959
180000000.0	1.42193212659
182000000.0	0.625970037967
184000000.0	0.857958102993
186000000.0	0.0828576353556
188000000.0	-0.92883000148
190000000.0	-1.09109958324
192000000.0	0.419983816926
194000000.0	0.244048449707
196000000.0	1.24722885192
198000000.0	-0.408447443886
200000000.0	1.33240232789
202000000.0	-0.346211058111
204000000.0	0.422206914128
206000000.0	0.789272706664
208000000.0	-0.119867278925
210000000.0	0.204131097131
212000000.0	-1.44660193017
214000000.0	-1.8212452604
216000000.0	-0.530361637387
218000000.0	1.14723027066
220000000.0	2.37940560477
222000000.0	1.65992838282
224000000.0	-0.0208592876107
226000000.0	-1.55297805206
228000000.0	-2.39464188724
230000000.0	-0.937528019842
232000000.0	-0.241028580815
234000000.0	2.20649506208
236000000.0	1.50080446776
238000000.0	-0.633511966818
240000000.0	-0.661396864944
242000000.0	-1.92371302264
244000000.0	0.0993390325973
246000000.0	1.32597525291
248000000.0	3.14770345385
250000000.0	2.64323644923
252000000.0	-1.17534195148
254000000.0	-3.7328905113
256000000.0	-2.42262680528
258000000.0	1.94206292455
260000000.0	4.80133557786
262000000.0	2.92738249182
264000000.0	-2.05551756365
266000000.0	-7.96418785844
268000000.0	-6.19925264312
270000000.0	1.60978037679
272000000.0	10.3800199322
274000000.0	12.7937329034
276000000.0	3.70947910776
278000000.0	-10.0943912165
280000000.0	-17.8533509172
282000000.0	-10.283345004
284000000.0	7.26906980546
286000000.0	17.1903791915
288000000.0	12.816265593
290000000.0	-6.47209119264
292000000.0	-19.3920012928
294000000.0	-5.48153128371
296000000.0	35.1750108164
298000000.0	82.6107851796
300000000.0	-220.022154606
302000000.0	77.749338609
304000000.0	50.6758749951
306000000.0	21.7826944982
308000000.0	-2.74556009597
310000000.0	-17.4772773504
312000000.0	-20.1526631243
314000000.0	-12.7352120776
316000000.0	1.42002132383
318000000.0	12.352488196
320000000.0	13.9812596661
322000000.0	5.20913737843
324000000.0	-5.8298675542
326000000.0	-10.3123255261
328000000.0	-4.40194609638
330000000.0	3.06072670285
332000000.0	6.3950581267
334000000.0	4.2933542899
336000000.0	-2.5775496442
338000000.0	-5.85119522625
340000000.0	-3.32228654542
342000000.0	3.00445488419
344000000.0	6.40749546261
346000000.0	3.62817199803
348000000.0	-2.40422409986
350000000.0	-6.48776030904
352000000.0	-3.79513457572
354000000.0	1.58425174605
356000000.0	5.30800041746
358000000.0	5.05942847288
360000000.0	0.901824769619
362000000.0	-4.02359104559
364000000.0	-5.47226983518
366000000.0	-2.85156636909
368000000.0	2.99126313389
370000000.0	4.46033133239
372000000.0	2.96421864923
374000000.0	-0.0600416611653
376000000.0	-1.89905849679
378000000.0	-1.76947450868
380000000.0	-0.138158026443
382000000.0	1.59704063359
384000000.0	1.71229075061
386000000.0	-0.247854938309
388000000.0	-2.53780809143
390000000.0	-1.50478918165
392000000.0	0.832709938925
394000000.0	2.22232001449
396000000.0	3.43466132856
398000000.0	0.757673941642
400000000.0	-0.548861317139
402000000.0	-2.55214139946
404000000.0	-2.27859719197
406000000.0	0.711230557813
408000000.0	2.59511117848
410000000.0	2.58550829856
412000000.0	0.516390084284
414000000.0	-0.991113827637
416000000.0	-3.27604520516
418000000.0	-1.24844241361
420000000.0	0.453211796901
422000000.0	1.47158515227
424000000.0	0.647429479592
426000000.0	-0.361461897167
428000000.0	-1.71328370843
430000000.0	-1.17637523229
432000000.0	1.26050988164
434000000.0	1.6029767781
436000000.0	1.41217756558
438000000.0	-0.629033587635
440000000.0	-1.68841722803
442000000.0	-1.69397026111
444000000.0	-0.477816141593
446000000.0	1.14312491301
448000000.0	2.1953162582
450000000.0	0.927376328472
452000000.0	-1.59958362102
454000000.0	-2.56385307348
456000000.0	-0.442940943282
458000000.0	0.831221724827
460000000.0	1.42951781647
462000000.0	1.09260646473
464000000.0	0.48782986102
466000000.0	-0.842431294229
468000000.0	-0.591939448223
470000000.0	-0.6195875858
472000000.0	0.610043257799
474000000.0	1.18519151551
476000000.0	-0.24140589962
478000000.0	-1.56650948344
480000000.0	-1.52091144918
482000000.0	0.150200032493
484000000.0	1.28408381551
486000000.0	1.30499532328
488000000.0	0.157544799304
490000000.0	-0.32280433947
492000000.0	-1.02088934827
494000000.0	-0.993792311001
496000000.0	0.0594362108264
498000000.0	0.999258422846
500000000.0	1.83498373621
502000000.0	0.753577241958
504000000.0	-1.05318401435
506000000.0	-1.47575353947
508000000.0	-0.38177014373
510000000.0	0.787517883769
512000000.0	0.450559819526
514000000.0	0.842378243732
516000000.0	-0.665986473021
518000000.0	-1.51451409579
520000000.0	-0.595122387494
522000000.0	-0.0776770322127
524000000.0	1.2443705485
526000000.0	0.797312735242
528000000.0	-0.0218013379887
530000000.0	-1.58782958278
532000000.0	-1.4028844542
534000000.0	-0.0537607772224
536000000.0	1.36753271458
538000000.0	1.15333320505
540000000.0	0.857622151767
542000000.0	-0.571572809646
544000000.0	-1.01450984618
546000000.0	-1.19524711871
548000000.0	-0.943066853299
550000000.0	0.66046302594
552000000.0	0.913895182814
554000000.0	0.966822403324
556000000.0	-0.839545714126
558000000.0	-0.590693916112
560000000.0	-0.359255343786
562000000.0	0.890715653323
564000000.0	1.04181117379
566000000.0	-0.0848490259461
568000000.0	0.503732356182
570000000.0	-0.740668577647
572000000.0	-0.256520053238
574000000.0	0.310688069277
576000000.0	0.432843143453
578000000.0	-0.211388442859
580000000.0	0.0772223869345
582000000.0	-1.34615635035
584000000.0	-0.699959121169
586000000.0	0.328937077884
588000000.0	1.18073239428
590000000.0	0.667080074359
592000000.0	0.270891750976
594000000.0	-0.514727759291
596000000.0	-0.39937812047
598000000.0	-0.0677342435355
600000000.0	0.14627210405
602000000.0	0.905985879667
604000000.0	-0.311702435517
606000000.0	-0.165228436442
608000000.0	-0.977801959832
610000000.0	-0.0505647136972
612000000.0	0.347560182449
614000000.0	0.901868895996
616000000.0	0.766699215735
618000000.0	-0.242489377264
620000000.0	0.538023120093
622000000.0	-0.525155830486
624000000.0	1.67441080503
626000000.0	-1.44987224292
628000000.0	-0.035408879293
630000000.0	-0.767353053622
632000000.0	-0.321187226158
634000000.0	-1.10638125827
636000000.0	-0.538484149308
638000000.0	0.268773335034
640000000.0	-0.129307443617
642000000.0	0.690272450141
644000000.0	-0.243629577225
646000000.0	-0.282003051904
648000000.0	-0.266904143979
650000000.0	0.107904977645
652000000.0	0.925261830829
654000000.0	-0.166008549309
656000000.0	-0.535469901022
658000000.0	-0.0306922126748
660000000.0	-1.66295973337
662000000.0	-0.664865376079
664000000.0	1.19431401087
666000000.0	0.0888313802182
668000000.0	0.0839920151973
670000000.0	-0.172239003561
672000000.0	-0.0842795344437
674000000.0	-0.419890323723
676000000.0	0.134442293699
678000000.0	0.371073488538
680000000.0	0.759815257379
682000000.0	-0.528945107436
684000000.0	-0.779566803979
686000000.0	-0.328467275655
688000000.0	-0.222348027945
690000000.0	0.588341820173
692000000.0	1.21771599696
694000000.0	0.656270283741
696000000.0	0.028260189089
698000000.0	-0.0763448468009
700000000.0	-0.79801728638
702000000.0	0.532515874179
704000000.0	0.887190154427
706000000.0	-0.370033263988
708000000.0	0.390243716111
710000000.0	0.51725290778
712000000.0	0.0643016266215
714000000.0	0.670715692686
716000000.0	0.639855234119
718000000.0	0.741035748901
720000000.0	0.637314826528
722000000.0	-0.296262989178
724000000.0	-1.16550328745
726000000.0	-0.459192148759
728000000.0	0.1614715802
730000000.0	1.00826351592
732000000.0	0.822808119624
734000000.0	-0.279694904067
736000000.0	-0.749814568192
738000000.0	-0.894620839312
740000000.0	0.456134908007
742000000.0	1.00302552762
744000000.0	0.667537675123
746000000.0	0.424172133429
748000000.0	-0.266996034172
750000000.0	-1.26166126555
752000000.0	-0.157405578473
754000000.0	0.250722165324
756000000.0	0.660665379246
758000000.0	-0.0511591135807
760000000.0	-0.863257734529
762000000.0	-0.831813814462
764000000.0	-0.596514799164
766000000.0	-0.073627808241
768000000.0	0.54558500403
770000000.0	0.670623981632
772000000.0	-0.526185688505
774000000.0	-0.747610353244
776000000.0	-0.329899669529
778000000.0	0.142717624725
780000000.0	0.081094358572
782000000.0	0.846014670085
784000000.0	1.11296241791
786000000.0	-0.381057481789
788000000.0	-1.23432791834
790000000.0	-0.408931141022
792000000.0	1.13708190938
794000000.0	0.195641796535
796000000.0	0.747668941382
798000000.0	-0.961373118679
800000000.0	-1.0596186688
802000000.0	-1.09366378741
804000000.0	-0.365968479004
806000000.0	0.756678940399
808000000.0	0.57752853342
810000000.0	0.228806316722
812000000.0	-1.22717290382
814000000.0	-1.48838271501
816000000.0	-0.823845683554
818000000.0	1.13882816768
820000000.0	1.65470806021
822000000.0	1.52733974619
824000000.0	-0.0261853979857
826000000.0	-0.880535725237
828000000.0	-1.07655011476
830000000.0	-0.700298612089
832000000.0	1.49379464945
834000000.0	1.03892165404
836000000.0	1.05295043788
838000000.0	-0.938705056949
840000000.0	-1.17594917868
842000000.0	-0.395603629716
844000000.0	0.8503835266
846000000.0	0.430545636989
848000000.0	0.332616897588
850000000.0	0.102038871789
852000000.0	-0.975274599311
854000000.0	-0.423545203368
856000000.0	-0.19145499038
858000000.0	1.93983770214
860000000.0	1.9039485009
862000000.0	0.141332008266
864000000.0	-2.24501930222
866000000.0	-3.19390579033
868000000.0	-2.59431407643
870000000.0	0.986061822758
872000000.0	3.34802257777
874000000.0	3.20007762731
876000000.0	0.108848940791
878000000.0	-3.11710486502
880000000.0	-4.4327104425
882000000.0	-1.32176367485
884000000.0	2.34067469991
886000000.0	4.30907276184
888000000.0	1.32283050552
890000000.0	-5.13259291545
892000000.0	-7.40891388986
894000000.0	0.476438653742
896000000.0	18.938990857
898000000.0	38.9060813959
900000000.0	-99.4561418612
902000000.0	34.2899102812
904000000.0	21.1625185722
906000000.0	5.95049733862
908000000.0	-2.78797702962
910000000.0	-5.93002751197
912000000.0	-4.68989861964
914000000.0	-2.14327258112
916000000.0	0.826409081605
918000000.0	2.6463945615
920000000.0	1.82097402798
922000000.0	0.798738876359
924000000.0	-0.215420613972
926000000.0	-1.66779487263
928000000.0	-0.481723363936
930000000.0	0.20998116472
932000000.0	1.41564156921
934000000.0	1.34160276968
936000000.0	-1.12637477807
938000000.0	-1.04941848198
940000000.0	-0.481198474526
942000000.0	0.706974264103
944000000.0	1.33641381145
946000000.0	0.825049260692
948000000.0	-0.554027437744
950000000.0	-0.143969987557
952000000.0	-0.40737643693
954000000.0	0.372841918915
956000000.0	1.86373956631
958000000.0	1.1917949519
960000000.0	0.266367233173
962000000.0	-1.06884549752
964000000.0	-0.537619853998
966000000.0	-0.381810650312
968000000.0	0.531306756563
970000000.0	0.124807572676
972000000.0	-0.0294669791893
974000000.0	-0.328064145775
976000000.0	-0.0780559418198
978000000.0	-1.01497719767
980000000.0	0.259690538751
982000000.0	0.424894013946
984000000.0	0.329257706602
986000000.0	-0.853638973106
988000000.0	-0.0501037927095
990000000.0	-0.0984432112876
992000000.0	-0.0240292601441
994000000.0	0.279375554747
996000000.0	0.116449440845
998000000.0	0.849399166042
1000000000.0	-3.15625
1002000000.0	-1.4017829853
1004000000.0	-0.883324016966
1006000000.0	-0.386814301006
1008000000.0	-0.226527642093
1010000000.0	1.22858299037
1012000000.0	0.0493392276534
1014000000.0	0.380061913918
1016000000.0	-0.643810992728
1018000000.0	-0.243539184253
1020000000.0	-0.668685117371
1022000000.0	0.970657891103
1024000000.0	0.791198001259
1026000000.0	0.00375348429842
1028000000.0	-1.03278305329
1030000000.0	-0.337518289501
1032000000.0	-1.09816171303
1034000000.0	0.294278680716
1036000000.0	0.224539840956
1038000000.0	0.0691126848258
1040000000.0	0.108259195002
1042000000.0	-0.143914004864
1044000000.0	-0.736497536775
1046000000.0	0.325274775861
1048000000.0	0.154861809213
1050000000.0	0.426284689376
1052000000.0	0.370204949364
1054000000.0	-0.283232721286
1056000000.0	-0.625710264508
1058000000.0	-0.0333005000202
1060000000.0	0.2115420291
1062000000.0	0.331601367284
1064000000.0	-0.747865030547
1066000000.0	-0.0622179641325
1068000000.0	-0.0961003564225
1070000000.0	-0.293232708507
1072000000.0	-0.780201714651
1074000000.0	0.51083697187
1076000000.0	-0.423676944457
1078000000.0	-0.195794976403
1080000000.0	-0.0598928672704
1082000000.0	-0.580301839399
1084000000.0	-0.460238063971
1086000000.0	0.575274898237
1088000000.0	0.314359617932
1090000000.0	0.162749828244
1092000000.0	-0.225048991633
1094000000.0	-0.465888879958
1096000000.0	0.298780179436
1098000000.0	0.511586375665
1100000000.0	0.700317096379
1102000000.0	0.170707136331
1104000000.0	-0.304882779547
1106000000.0	0.396395297144
1108000000.0	0.217337271118
1110000000.0	-0.367823499472
1112000000.0	0.688145054842
1114000000.0	-0.101184340785
1116000000.0	-0.676008889821
1118000000.0	-0.19369877123
1120000000.0	-0.275041826636
1122000000.0	-0.578888534794
1124000000.0	-0.575376751392
1126000000.0	0.0199053218683
1128000000.0	-0.448586927837
1130000000.0	-0.0394254159631
1132000000.0	-0.806061772921
1134000000.0	0.483601837049
1136000000.0	0.356947944459
1138000000.0	0.300640901079
1140000000.0	0.457561827689
1142000000.0	-0.481843289482
1144000000.0	0.18482067921
1146000000.0	-0.469960666662
1148000000.0	-0.661944555507
1150000000.0	-0.48026031924
1152000000.0	0.337709070131
1154000000.0	0.761508266263
1156000000.0	0.564918158176
1158000000.0	-0.423748503526
1160000000.0	-0.731536711482
1162000000.0	0.0682620082963
1164000000.0	0.50442721584
1166000000.0	0.370323116919
1168000000.0	-0.46167744051
1170000000.0	-0.816775178629
1172000000.0	-1.00232848056
1174000000.0	1.42091533176
1176000000.0	0.349382573998
1178000000.0	0.051961522552
1180000000.0	0.337811710508
1182000000.0	0.00775702172395
1184000000.0	0.141445857006
1186000000.0	-0.304382984398
1188000000.0	0.753456864937
1190000000.0	-0.645472656742
1192000000.0	0.139849689172
1194000000.0	-0.0744249428997
1196000000.0	-0.255714234654
1198000000.0	-0.846052334158
1200000000.0	1.63479881714
1202000000.0	0.353915797515
1204000000.0	-0.157231137991
1206000000.0	0.171720170088
1208000000.0	-0.0621942819339
1210000000.0	0.228437249372
1212000000.0	-0.355025208321
1214000000.0	0.59164041426
1216000000.0	-0.629472954837
1218000000.0	-0.18056638044
1220000000.0	-0.332703999823
1222000000.0	0.0337559951731
1224000000.0	0.156397195911
1226000000.0	0.0935783300742
1228000000.0	-0.00178664867672
1230000000.0	-0.318319855948
1232000000.0	0.353868117935
1234000000.0	-0.148025277334
1236000000.0	1.11647281071
1238000000.0	0.322525769926
1240000000.0	-0.291645087177
1242000000.0	0.411860790223
1244000000.0	-0.021166347742
1246000000.0	0.11595408471
1248000000.0	0.402285232303
1250000000.0	1.24638461831
1252000000.0	-0.396230058693
1254000000.0	-0.377062431768
1256000000.0	0.176265907618
1258000000.0	0.0564523267838
1260000000.0	-0.196371450299
1262000000.0	-0.101311228839
1264000000.0	-0.410450125487
1266000000.0	0.455365894005
1268000000.0	0.0678494860192
1270000000.0	0.411615929775
1272000000.0	0.0132946230477
1274000000.0	0.0868074827181
1276000000.0	0.612797230838
1278000000.0	-0.254930265161
1280000000.0	0.0743088732244
1282000000.0	0.630039685587
1284000000.0	0.407925442589
1286000000.0	0.492725964409
1288000000.0	0.372078907692
1290000000.0	0.226556031383
1292000000.0	-0.598345247077
1294000000.0	0.409565381285
1296000000.0	0.0668684496945
1298000000.0	0.470653127205
1300000000.0	-3.32554988405
1302000000.0	0.738136413081
1304000000.0	0.982451988037
1306000000.0	-0.181540330716
1308000000.0	-1.05842808815
1310000000.0	-0.103705707719
1312000000.0	-0.39045008963
1314000000.0	0.0267092621707
1316000000.0	0.539832721057
1318000000.0	0.431199982808
1320000000.0	0.328590802322
1322000000.0	-0.140748620584
1324000000.0	-0.680878898732
1326000000.0	-0.218169278745
1328000000.0	0.498928980934
1330000000.0	0.451131129239
1332000000.0	0.176559921866
1334000000.0	-0.42130099172
1336000000.0	-0.892209086107
1338000000.0	0.0477596609846
1340000000.0	0.101828010675
1342000000.0	-0.682615501732
1344000000.0	-0.108138998918
1346000000.0	-1.22784254531
1348000000.0	0.231043017528
1350000000.0	-0.811448836568
1352000000.0	0.122765312636
1354000000.0	0.864496967567
1356000000.0	0.412032122904
1358000000.0	0.205408860923
1360000000.0	0.397400133519
1362000000.0	-0.282054045046
1364000000.0	0.210162841896
1366000000.0	0.108700175608
1368000000.0	-0.573017639132
1370000000.0	1.08045466127
1372000000.0	0.426785513283
1374000000.0	1.0917335739
1376000000.0	-1.45133446774
1378000000.0	-0.649644498303
1380000000.0	0.0563957881178
1382000000.0	-0.198673865697
1384000000.0	-0.368294963636
1386000000.0	-0.152926032376
1388000000.0	-0.0470839626687
1390000000.0	0.69870029419
1392000000.0	-0.169567515238
1394000000.0	0.315361162801
1396000000.0	-0.459201377047
1398000000.0	-0.313250378953
1400000000.0	-0.0120264360229
1402000000.0	-0.282442741033
1404000000.0	0.6146569939
1406000000.0	0.551221342703
1408000000.0	0.253885119597
1410000000.0	-0.354044426754
1412000000.0	-0.757201826577
1414000000.0	0.11969373116
1416000000.0	-0.265826803454
1418000000.0	0.810884474018
1420000000.0	0.706146776539
1422000000.0	0.226327761193
1424000000.0	0.168177822069
1426000000.0	-0.0933838737694
1428000000.0	-1.29937630691
1430000000.0	0.141442149957
1432000000.0	0.700065589563
1434000000.0	0.425257765707
1436000000.0	-0.195148312799
1438000000.0	-0.947616991528
1440000000.0	-0.105669388079
1442000000.0	0.4777914877
1444000000.0	0.360647149667
1446000000.0	0.262820952562
1448000000.0	-0.72273267592
1450000000.0	-0.0956208365983
1452000000.0	-0.549285063943
1454000000.0	-1.37120002278
1456000000.0	0.339546127539
1458000000.0	1.07038073164
1460000000.0	0.357983664986
1462000000.0	-0.143350726323
1464000000.0	-0.424490982546
1466000000.0	-1.01566450637
1468000000.0	-1.116961045
1470000000.0	-0.0472085090574
1472000000.0	1.55307598427
1474000000.0	0.336301027818
1476000000.0	1.10525636735
1478000000.0	-0.976035400906
1480000000.0	-0.851268005004
1482000000.0	0.31376087228
1484000000.0	1.40102702633
1486000000.0	1.3884359786
1488000000.0	-0.612425518636
1490000000.0	-2.36047940584
1492000000.0	-2.74716473433
1494000000.0	1.29692380638
1496000000.0	9.14016315205
1498000000.0	19.5390084979
1500000000.0	-44.3037337362
1502000000.0	16.4219854202
1504000000.0	9.93023794873
1506000000.0	2.64124472402
1508000000.0	-1.33173133329
1510000000.0	-2.70183865097
1512000000.0	-1.54776330178
1514000000.0	-0.127922032114
1516000000.0	1.20467074929
1518000000.0	0.786731789031
1520000000.0	0.436660323409
1522000000.0	-0.417759447969
1524000000.0	-0.754889188558
1526000000.0	0.265859330536
1528000000.0	-0.0309103265172
1530000000.0	0.688993611591
1532000000.0	1.20399616594
1534000000.0	-0.425959536609
1536000000.0	-1.43260052482
1538000000.0	-0.695823577922
1540000000.0	-0.136237826456
1542000000.0	0.0357606081915
1544000000.0	0.0882174692691
1546000000.0	0.414811902006
1548000000.0	-0.674284025675
1550000000.0	-0.0616299246563
1552000000.0	-0.704468341665
1554000000.0	0.41909162216
1556000000.0	-0.214485308428
1558000000.0	-0.188214445295
1560000000.0	0.877577081565
1562000000.0	0.0819440759992
1564000000.0	-0.966167221734
1566000000.0	-0.130196465706
1568000000.0	0.160851480896
1570000000.0	0.209227608962
1572000000.0	0.401517656658
1574000000.0	-0.261062524305
1576000000.0	0.363388675678
1578000000.0	-0.034661287421
1580000000.0	-0.216984012328
1582000000.0	-0.237974387639
1584000000.0	0.265665096661
1586000000.0	-0.44009191896
1588000000.0	-0.491386031378
1590000000.0	-0.239742832688
1592000000.0	-0.132478076402
1594000000.0	-0.0802542378016
1596000000.0	-0.486712992599
1598000000.0	-0.213643153422
1600000000.0	-0.448193831201
1602000000.0	-0.716255126334
1604000000.0	-0.313330422664
1606000000.0	-0.238810068533
1608000000.0	0.319101650836
1610000000.0	-0.294015976411
1612000000.0	-0.647002006905
1614000000.0	-0.0996074726812
1616000000.0	0.301513551878
1618000000.0	-0.337562896219
1620000000.0	0.29810905263
1622000000.0	0.154248803577
1624000000.0	1.47991776259
1626000000.0	-1.39300323516
1628000000.0	-0.415177039811
1630000000.0	-0.453238587037
1632000000.0	0.534338104717
1634000000.0	0.550306798085
1636000000.0	0.194409929553
1638000000.0	-0.27798904186
1640000000.0	0.528671618138
1642000000.0	0.296725024646
1644000000.0	-0.364535771786
1646000000.0	0.153217691534
1648000000.0	0.362067809577
1650000000.0	-0.191217505839
1652000000.0	-0.3014674409
1654000000.0	0.181507243793
1656000000.0	-0.0178693140182
1658000000.0	0.242442145692
1660000000.0	0.106591126826
1662000000.0	-0.238550224603
1664000000.0	-0.238431749025
1666000000.0	-0.0254012794115
1668000000.0	-0.214146073428
1670000000.0	0.517474422902
1672000000.0	0.520407795501
1674000000.0	0.561034069178
1676000000.0	-0.00634837294682
1678000000.0	-0.150053674982
1680000000.0	-0.867194544228
1682000000.0	-0.124806285758
1684000000.0	0.0848241478101
1686000000.0	0.489296106538
1688000000.0	-0.0238588150701
1690000000.0	0.370746390525
1692000000.0	0.124473071475
1694000000.0	-0.0612682713727
1696000000.0	-0.0393210433081
1698000000.0	-0.454871041542
1700000000.0	1.79350959278
1702000000.0	0.193766491399
1704000000.0	-0.791397013383
1706000000.0	0.28266714049
1708000000.0	0.312228061792
1710000000.0	0.828699033555
1712000000.0	-0.181102600947
1714000000.0	-0.464815932323
1716000000.0	0.461614652164
1718000000.0	-0.426018443701
1720000000.0	0.374894940808
1722000000.0	0.0346209757151
1724000000.0	-1.0892294154
1726000000.0	0.978067810425
1728000000.0	0.171965592625
1730000000.0	0.00744531038988
1732000000.0	0.26724483176
1734000000.0	-0.107296160838
1736000000.0	0.435702796797
1738000000.0	0.323346589438
1740000000.0	-0.37999092916
1742000000.0	-0.304741949243
1744000000.0	0.110900085421
1746000000.0	-0.126571383096
1748000000.0	0.713816007521
1750000000.0	2.24704019801
1752000000.0	-0.0552760690077
1754000000.0	0.152818591724
1756000000.0	0.00659477963719
1758000000.0	0.304243869809
1760000000.0	0.0311814518002
1762000000.0	0.155183440712
1764000000.0	-0.0175824585441
1766000000.0	-0.167276915216
1768000000.0	-1.0577106133
1770000000.0	-0.28025411497
1772000000.0	-0.572662860297
1774000000.0	-0.192256755895
1776000000.0	-0.573851499003
1778000000.0	-0.499863435416
1780000000.0	-0.370487530245
1782000000.0	0.46373814327
1784000000.0	-0.0373366236464
1786000000.0	-0.485354415467
1788000000.0	-0.438761880618
1790000000.0	0.0589233392397
1792000000.0	-0.546421701255
1794000000.0	0.604397120366
1796000000.0	-0.293073536903
1798000000.0	0.13946206637
1800000000.0	1.14272700408
1802000000.0	0.138368041386
1804000000.0	-0.78015538683
1806000000.0	0.169944836075
1808000000.0	0.685907712106
1810000000.0	0.0217344432111
1812000000.0	-0.112511891223
1814000000.0	-0.103396139155
1816000000.0	0.192466096133
1818000000.0	-0.19690218459
1820000000.0	-0.470926950922
1822000000.0	0.140817471536
1824000000.0	0.176614206707
1826000000.0	0.0471613880777
1828000000.0	-0.481876381921
1830000000.0	0.0459562529868
1832000000.0	0.226884928371
1834000000.0	0.159644463817
1836000000.0	0.231780997618
1838000000.0	0.266887825972
1840000000.0	-0.161616999577
1842000000.0	0.0778120059132
1844000000.0	0.664225789221
1846000000.0	-0.547191990254
1848000000.0	-0.71534094656
1850000000.0	0.0841982974015
1852000000.0	0.505202525137
1854000000.0	0.191262669239
1856000000.0	0.133206752075
1858000000.0	0.0457205686358
1860000000.0	0.313025326053
1862000000.0	0.103397930294
1864000000.0	-0.0658640179137
1866000000.0	-0.230497201171
1868000000.0	-0.715278543197
1870000000.0	0.475581409823
1872000000.0	-0.363721051175
1874000000.0	-0.17569340118
1876000000.0	-0.0518014658244
1878000000.0	0.61663763607
1880000000.0	0.238042705138
1882000000.0	-0.579081834254
1884000000.0	0.619218465533
1886000000.0	0.372806047439
1888000000.0	0.0814434090504
1890000000.0	-0.441837406271
1892000000.0	-0.935943924384
1894000000.0	0.347277857872
1896000000.0	2.70095368994
1898000000.0	3.93195520033
1900000000.0	-12.0837058164
1902000000.0	4.89229193394
1904000000.0	2.33746599969
1906000000.0	0.469058714692
1908000000.0	-1.00433977769
1910000000.0	-0.533530196968
1912000000.0	-0.339605846555
1914000000.0	-0.155581494614
1916000000.0	0.0128305838868
1918000000.0	-0.0599511079573
1920000000.0	-0.0445723607066
1922000000.0	0.182019342685
1924000000.0	0.0968508546151
1926000000.0	0.0947457778795
1928000000.0	-0.13345998539
1930000000.0	0.221292350304
1932000000.0	-0.311979522019
1934000000.0	0.370758746134
1936000000.0	0.243923797
1938000000.0	-0.277924323938
1940000000.0	0.101969215335
1942000000.0	0.264481496764
1944000000.0	0.403016322238
1946000000.0	0.0715801854809
1948000000.0	-0.178687286541
1950000000.0	0.364762345878
1952000000.0	-0.0495303051293
1954000000.0	0.305086871607
1956000000.0	0.772185347462
1958000000.0	0.129201711926
1960000000.0	-0.0480945902299
1962000000.0	-0.120064544377
1964000000.0	0.194876546521
1966000000.0	0.00734804264508
1968000000.0	0.378954050997
1970000000.0	0.408801983343
1972000000.0	-0.313355296213
1974000000.0	0.206838154087
1976000000.0	0.507385674354
1978000000.0	-0.32294918775
1980000000.0	-0.46145929697
1982000000.0	0.620074739536
1984000000.0	0.171759008659
1986000000.0	-0.709436884293
1988000000.0	-0.187454420932
1990000000.0	-0.323899731723
1992000000.0	0.711957596309
1994000000.0	0.526060601162
1996000000.0	1.05368246976
1998000000.0	0.400277771353
2000000000.0	-2.71875
