0.0	-3.162523
2000000.0	-0.111061331757
4000000.0	0.184519506273
6000000.0	-0.342363231171
8000000.0	-0.235808566869
10000000.0	-0.294808620218
12000000.0	0.212651101784
14000000.0	0.745396192212
16000000.0	1.57809099844
18000000.0	2.51572510084
20000000.0	2.52061218281
22000000.0	1.6356765774
24000000.0	0.0826720815387
26000000.0	-1.62444475109
28000000.0	-2.75797563553
30000000.0	-3.07707444001
32000000.0	-2.00683613774
34000000.0	-0.196189853284
36000000.0	2.08984421697
38000000.0	2.95261491528
40000000.0	2.24232057525
42000000.0	1.19570482128
44000000.0	-0.198091920681
46000000.0	-1.22078116925
48000000.0	-1.52561761479
50000000.0	-0.972553290996
52000000.0	-0.130166761777
54000000.0	0.543350826117
56000000.0	0.678999673024
58000000.0	0.432685258334
60000000.0	-0.183953722849
62000000.0	-0.433084181782
64000000.0	-0.244698274913
66000000.0	0.0920375751625
68000000.0	0.395730527416
70000000.0	0.247128466896
72000000.0	0.0735653356113
74000000.0	-0.463647575908
76000000.0	-0.713871422108
78000000.0	-0.325472804347
80000000.0	0.0716310721582
82000000.0	0.453947314949
84000000.0	0.582953697231
86000000.0	0.281700415109
88000000.0	-0.139085939254
90000000.0	-0.528890868372
92000000.0	-0.558443922814
94000000.0	-0.143188506459
96000000.0	0.138724995616
98000000.0	0.346358313318
100000000.0	0.266687840683
102000000.0	0.0602404250636
104000000.0	-0.117836054929
106000000.0	-0.15146926532
108000000.0	-0.0438275568323
110000000.0	0.120906167706
112000000.0	0.147055164067
114000000.0	-0.0978514046238
116000000.0	-0.294797171929
118000000.0	-0.375536714697
120000000.0	-0.189224596171
122000000.0	0.170620847809
124000000.0	0.679490621041
126000000.0	0.469104552993
128000000.0	0.319672412754
130000000.0	-0.127279690861
132000000.0	-0.668693315295
134000000.0	-0.624518231189
136000000.0	-0.534965350867
138000000.0	0.101753770076
140000000.0	0.470421613014
142000000.0	0.681285824285
144000000.0	0.555102308137
146000000.0	0.0538450025967
148000000.0	-0.329393176155
150000000.0	-0.497195474123
152000000.0	-0.345603374364
154000000.0	-0.119557631447
156000000.0	0.0331184552452
158000000.0	0.195221588282
160000000.0	0.132782127545
162000000.0	0.0878568892403
164000000.0	0.0760216298889
166000000.0	0.0964614139318
168000000.0	0.0653278897685
170000000.0	0.0212121311623
172000000.0	-0.377698307061
174000000.0	-0.377134866971
176000000.0	-0.277036298471
178000000.0	-0.125853396428
180000000.0	0.367402511142
182000000.0	0.568413498156
184000000.0	0.48107520804
186000000.0	0.0838131763578
188000000.0	-0.33735408317
190000000.0	-0.739234090002
192000000.0	-0.553705800515
194000000.0	-0.12286065348
196000000.0	0.400586031461
198000000.0	0.667446421441
200000000.0	0.480116805897
202000000.0	0.159737282821
204000000.0	-0.335337228842
206000000.0	-0.677036872548
208000000.0	-0.52889147159
210000000.0	-0.310306125742
212000000.0	0.193332250506
214000000.0	0.504978865882
216000000.0	0.464447272045
218000000.0	0.226036279699
220000000.0	-0.146445033947
222000000.0	-0.215506793621
224000000.0	-0.294901876785
226000000.0	-0.131308441678
228000000.0	-0.0562642658248
230000000.0	-0.0936848651455
232000000.0	-0.0710739290028
234000000.0	-0.0457091212497
236000000.0	0.173635377997
238000000.0	0.482625462792
240000000.0	0.44025261147
242000000.0	0.142434816766
244000000.0	-0.439497807948
246000000.0	-0.813177339724
248000000.0	-0.871566744338
250000000.0	-0.361417254327
252000000.0	0.453695419199
254000000.0	1.1671553572
256000000.0	1.48498088401
258000000.0	0.793406833216
260000000.0	-0.464875475342
262000000.0	-1.62491151398
264000000.0	-1.93894968239
266000000.0	-1.07738059956
268000000.0	0.479409840949
270000000.0	1.89336568918
272000000.0	2.34339783006
274000000.0	1.50133371291
276000000.0	-0.473929498823
278000000.0	-2.14328379409
280000000.0	-2.61192362876
282000000.0	-1.80823727482
284000000.0	0.319703772807
286000000.0	2.30383925947
288000000.0	2.92052874277
290000000.0	1.80001430299
292000000.0	-0.396959509101
294000000.0	-2.24731918741
296000000.0	-2.67123866595
298000000.0	-1.54693132619
300000000.0	0.845431402652
302000000.0	0.951509875411
304000000.0	2.20597883546
306000000.0	2.15593592058
308000000.0	0.637175704376
310000000.0	-1.45735656907
312000000.0	-2.57901379897
314000000.0	-2.21220458135
316000000.0	-0.420180298564
318000000.0	1.51059013611
320000000.0	2.4149814073
322000000.0	1.91261174042
324000000.0	0.445160718251
326000000.0	-0.962636835928
328000000.0	-2.02169837445
330000000.0	-1.80650766542
332000000.0	-0.561033334911
334000000.0	0.975220556571
336000000.0	1.81183484439
338000000.0	1.45481272926
340000000.0	0.488563353577
342000000.0	-0.683522785997
344000000.0	-1.2108683438
346000000.0	-1.14878805276
348000000.0	-0.301108760231
350000000.0	0.420501407101
352000000.0	0.868743809845
354000000.0	0.785213183806
356000000.0	0.248583372005
358000000.0	-0.215973929665
360000000.0	-0.524253837165
362000000.0	-0.446411823207
364000000.0	-0.104505838221
366000000.0	0.13247620596
368000000.0	0.174090626748
370000000.0	0.0682605897663
372000000.0	-0.014729576648
374000000.0	-0.0165113170103
376000000.0	0.0584723957886
378000000.0	0.191989463642
380000000.0	0.15636610801
382000000.0	-0.00152963176831
384000000.0	-0.265831020652
386000000.0	-0.331846396938
388000000.0	-0.289975521594
390000000.0	-0.0558572384095
392000000.0	0.360697463284
394000000.0	0.560255062325
396000000.0	0.339555011326
398000000.0	0.078417047163
400000000.0	-0.327102499118
402000000.0	-0.473605079622
404000000.0	-0.380337818781
406000000.0	-0.0226225503834
408000000.0	0.20861855556
410000000.0	0.508003520394
412000000.0	0.381322078238
414000000.0	0.0737339089951
416000000.0	-0.284190917867
418000000.0	-0.427416887025
420000000.0	-0.2626768014
422000000.0	-0.0758586040584
424000000.0	0.215004838234
426000000.0	0.321271538128
428000000.0	0.172921904285
430000000.0	0.0767812031824
432000000.0	-0.0532965356044
434000000.0	-0.169484731241
436000000.0	-0.207479138129
438000000.0	-0.0385259547528
440000000.0	-0.0138404570833
442000000.0	0.107309211025
444000000.0	0.0119617969825
446000000.0	0.00395845724043
448000000.0	0.0703034592387
450000000.0	-0.0313604302289
452000000.0	0.0827410272805
454000000.0	0.082123835372
456000000.0	-0.0751615043182
458000000.0	-0.132999643587
460000000.0	-0.1396066663
462000000.0	-0.0734795277354
464000000.0	-0.0396870769249
466000000.0	0.11594094768
468000000.0	0.298491223567
470000000.0	0.114882778246
472000000.0	-0.00545233017793
474000000.0	-0.160963156444
476000000.0	-0.277367559808
478000000.0	-0.211734337591
480000000.0	0.044603326832
482000000.0	0.168645083387
484000000.0	0.251144592911
486000000.0	0.179051233649
488000000.0	0.0147382818045
490000000.0	-0.251332407422
492000000.0	-0.232946898266
494000000.0	-0.180413854117
496000000.0	-0.080344648037
498000000.0	0.17923678621
500000000.0	0.296161410763
502000000.0	0.131496982974
504000000.0	0.0241597308901
506000000.0	-0.00554645429211
508000000.0	0.0229261439704
510000000.0	-0.139786085029
512000000.0	-0.044432274696
514000000.0	-0.0685087430348
516000000.0	0.0253173553827
518000000.0	-0.0175795629754
520000000.0	0.0422396816509
522000000.0	0.0304321913558
524000000.0	-0.0118635148815
526000000.0	-0.0852415091907
528000000.0	-0.0325915381975
530000000.0	-0.109694671524
532000000.0	-0.0739792854675
534000000.0	-0.122088329935
536000000.0	-0.0127379507688
538000000.0	0.0542619690853
540000000.0	0.025954855965
542000000.0	0.0997723653393
544000000.0	-0.012515584715
546000000.0	-0.0795727754899
548000000.0	-0.108015387577
550000000.0	-0.108470685726
552000000.0	-0.0738889950704
554000000.0	0.116044477032
556000000.0	0.0369542490864
558000000.0	0.198004296971
560000000.0	0.111440154993
562000000.0	-0.00260724907903
564000000.0	-0.0567592132432
566000000.0	-0.0633236398827
568000000.0	-0.149565824097
570000000.0	-0.00801342756776
572000000.0	0.0473179658347
574000000.0	0.0110623949777
576000000.0	0.0386601067565
578000000.0	0.0730765424501
580000000.0	0.0689820378404
582000000.0	-0.0185699179313
584000000.0	-0.0715524985623
586000000.0	-0.0031906428109
588000000.0	-0.165978757004
590000000.0	0.0130490680153
592000000.0	0.159841151201
594000000.0	0.0961243107748
596000000.0	0.123249984763
598000000.0	0.157726268389
600000000.0	-0.459976951243
602000000.0	0.0144704567718
604000000.0	0.0115423260657
606000000.0	-0.0456737674753
608000000.0	0.104146199011
610000000.0	0.0588144395231
612000000.0	0.0490582722178
614000000.0	0.0321094793099
616000000.0	-0.0225817696124
618000000.0	-0.00938865231608
620000000.0	-0.00524421500117
622000000.0	0.0697727623285
624000000.0	0.076574132187
626000000.0	-0.136932269955
628000000.0	0.0453973716009
630000000.0	0.0238327452481
632000000.0	-0.05578368242
634000000.0	0.0237587072814
636000000.0	0.0305323055186
638000000.0	0.0418165807292
640000000.0	-0.110826742803
642000000.0	-0.00864296772708
644000000.0	-0.153341689014
646000000.0	-0.0421729795957
648000000.0	-0.00648398029823
650000000.0	0.114003547806
652000000.0	0.204996213261
654000000.0	0.0390972959159
656000000.0	0.0049388182398
658000000.0	-0.0571674818286
660000000.0	-0.087909832599
662000000.0	-0.054422242341
664000000.0	-0.012535671527
666000000.0	0.115093382173
668000000.0	0.0188723171688
670000000.0	0.108253355598
672000000.0	0.0363468860296
674000000.0	-0.173404818108
676000000.0	-0.0902299739801
678000000.0	-0.166408175873
680000000.0	-0.0364716240566
682000000.0	0.0552735010499
684000000.0	0.0171384110208
686000000.0	0.02695488856
688000000.0	0.0573039955622
690000000.0	-0.143115233017
692000000.0	0.0414212448306
694000000.0	0.0381790785179
696000000.0	0.0185558151843
698000000.0	-0.0846822214958
700000000.0	0.0661916031201
702000000.0	-0.079982865016
704000000.0	-0.0473577685761
706000000.0	-0.0917173173547
708000000.0	0.0833222920438
710000000.0	0.0794763974084
712000000.0	0.0616461256819
714000000.0	-0.00253522534824
716000000.0	-0.0246380361038
718000000.0	-0.111613863561
720000000.0	-0.0304399956238
722000000.0	0.0437938493061
724000000.0	0.0674934227547
726000000.0	0.127041828484
728000000.0	0.0832871506904
730000000.0	-0.0119317579471
732000000.0	-0.151581285292
734000000.0	-0.030590285378
736000000.0	-0.101880184447
738000000.0	0.0787323627911
740000000.0	0.0413937942672
742000000.0	0.0177534616161
744000000.0	0.116408866298
746000000.0	-0.0153879591545
748000000.0	-0.08306990208
750000000.0	-0.0631828082426
752000000.0	-0.0339294474736
754000000.0	-0.0318243050062
756000000.0	0.0964015784171
758000000.0	0.138525385423
760000000.0	0.0537304132981
762000000.0	-0.0323492331104
764000000.0	-0.0337028700979
766000000.0	-0.00483492041282
768000000.0	-0.104232048446
770000000.0	0.0610146932617
772000000.0	0.0162377580715
774000000.0	0.0739560063548
776000000.0	-0.128444185155
778000000.0	-0.00969233067709
780000000.0	0.10406975071
782000000.0	0.0615668218411
784000000.0	0.046810847105
786000000.0	0.0399308190387
788000000.0	0.00570027703639
790000000.0	-0.228531954389
792000000.0	-0.064900559813
794000000.0	-0.103662342199
796000000.0	0.125647965876
798000000.0	0.145910009435
800000000.0	0.00819911273136
802000000.0	0.0514454961809
804000000.0	-0.0379206585954
806000000.0	-0.205375443778
808000000.0	-0.0447311591308
810000000.0	-0.175380517257
812000000.0	0.032726322859
814000000.0	0.191924577918
816000000.0	0.128225986207
818000000.0	0.0435539947664
820000000.0	-0.0747122307782
822000000.0	-0.278543066059
824000000.0	-0.140778040136
826000000.0	-0.0418473922253
828000000.0	0.0266540589143
830000000.0	0.117462282864
832000000.0	0.108432572699
834000000.0	-0.0190243641006
836000000.0	0.0092593314249
838000000.0	-0.101130135418
840000000.0	-0.0116826127141
842000000.0	-0.0105440626332
844000000.0	0.0603341871335
846000000.0	0.057835257258
848000000.0	-0.0309587392154
850000000.0	-0.0756120131093
852000000.0	0.0105249702471
854000000.0	0.0539435402912
856000000.0	0.238571586884
858000000.0	0.170812488185
860000000.0	0.0284145836756
862000000.0	-0.297725788103
864000000.0	-0.427270130465
866000000.0	-0.330402869331
868000000.0	0.0663704074775
870000000.0	0.423431124327
872000000.0	0.640996349313
874000000.0	0.483042800298
876000000.0	0.0350578663282
878000000.0	-0.648813338044
880000000.0	-0.952956550564
882000000.0	-0.718090443287
884000000.0	0.0713165387335
886000000.0	0.985082414691
888000000.0	1.4320573606
890000000.0	1.1374648367
892000000.0	-0.124437734513
894000000.0	-1.69651396196
896000000.0	-3.36023207619
898000000.0	-4.51420598051
900000000.0	13.6261818492
902000000.0	-3.62590835918
904000000.0	-2.23776243334
906000000.0	-0.78505713031
908000000.0	-0.0598174789264
910000000.0	0.2899272874
912000000.0	0.168617402551
914000000.0	-0.0865568187333
916000000.0	-0.0483624725654
918000000.0	0.0785765901523
920000000.0	0.153850819503
922000000.0	0.182499977961
924000000.0	0.110733034381
926000000.0	-0.0956120735349
928000000.0	-0.326824810218
930000000.0	-0.341101969784
932000000.0	-0.10812270822
934000000.0	0.188330419841
936000000.0	0.412446612912
938000000.0	0.377154056845
940000000.0	0.105115691515
942000000.0	-0.176274509399
944000000.0	-0.300562352051
946000000.0	-0.418084705893
948000000.0	-0.188300599236
950000000.0	0.177512902227
952000000.0	0.317606594208
954000000.0	0.262529439613
956000000.0	0.220236170404
958000000.0	-0.062069636989
960000000.0	-0.233696528701
962000000.0	-0.292602540232
964000000.0	-0.0812479670767
966000000.0	0.0416421049942
968000000.0	0.084040336164
970000000.0	0.0968451656314
972000000.0	0.0426365669583
974000000.0	0.0486443674583
976000000.0	-0.180244914332
978000000.0	-0.064717046255
980000000.0	-0.00114526270669
982000000.0	-0.018512848841
984000000.0	-0.0728672772532
986000000.0	-0.00951174197242
988000000.0	-0.0382306794661
990000000.0	0.0249628199104
992000000.0	0.172406594612
994000000.0	0.111400885911
996000000.0	0.04966210052
998000000.0	-0.0182511994242
1000000000.0	0.2093835
1002000000.0	-0.0961419263176
1004000000.0	-0.100017678704
1006000000.0	-0.0183944767488
1008000000.0	0.0987253537905
1010000000.0	0.115560199642
1012000000.0	0.0900785421332
1014000000.0	0.000815862481887
1016000000.0	-0.0575318586532
1018000000.0	-0.133440669786
1020000000.0	-0.132018863007
1022000000.0	-0.0102074532152
1024000000.0	0.0954719340253
1026000000.0	0.0564467675947
1028000000.0	0.0543754755872
1030000000.0	-0.0261196556289
1032000000.0	-0.117010263904
1034000000.0	-0.0381637069247
1036000000.0	-0.0868703054764
1038000000.0	-0.0169844192842
1040000000.0	0.063175085539
1042000000.0	0.0563153120956
1044000000.0	0.0701425036081
1046000000.0	-0.0242639885052
1048000000.0	0.0175878902238
1050000000.0	-0.0116720632071
1052000000.0	0.0289182804291
1054000000.0	-0.0787311462126
1056000000.0	-0.0639740080117
1058000000.0	-0.0167995811082
1060000000.0	-0.0554342589843
1062000000.0	-0.0575636242518
1064000000.0	0.00479068996304
1066000000.0	0.0960094361688
1068000000.0	0.0834558997326
1070000000.0	-0.0440219306885
1072000000.0	-0.0172694704538
1074000000.0	-0.131304094158
1076000000.0	-0.110209719207
1078000000.0	-0.0891752194078
1080000000.0	0.00298290166019
1082000000.0	0.100043275777
1084000000.0	0.194763911915
1086000000.0	0.0881478465065
1088000000.0	0.0365626608353
1090000000.0	0.0192820638405
1092000000.0	-0.12154577416
1094000000.0	-0.0564038131377
1096000000.0	0.0200796612588
1098000000.0	0.0294440011508
1100000000.0	0.165177296413
1102000000.0	0.0358721284992
1104000000.0	-0.101884949994
1106000000.0	0.0346982714212
1108000000.0	-0.103836214701
1110000000.0	-0.0335846183567
1112000000.0	-0.00875255072361
1114000000.0	-0.00826056052823
1116000000.0	0.044501027073
1118000000.0	-0.0513347844909
1120000000.0	0.117734832656
1122000000.0	0.0475273294441
1124000000.0	0.0634261557244
1126000000.0	0.0486044525004
1128000000.0	0.0232020980131
1130000000.0	-0.018899184933
1132000000.0	-0.0574781531382
1134000000.0	0.00640365874494
1136000000.0	0.00327390722334
1138000000.0	0.0691808052572
1140000000.0	0.110738620189
1142000000.0	0.0484831158734
1144000000.0	0.0372294100425
1146000000.0	-0.042280429045
1148000000.0	-0.0421233883544
1150000000.0	-0.101811190435
1152000000.0	-0.0343779613655
1154000000.0	0.0305115924259
1156000000.0	0.0803223991021
1158000000.0	0.0584664497927
1160000000.0	0.0194508958971
1162000000.0	-0.030014093915
1164000000.0	-0.0698250398876
1166000000.0	-0.0545157046348
1168000000.0	0.0117613921212
1170000000.0	-0.00701366574011
1172000000.0	0.088264787602
1174000000.0	-0.063667149998
1176000000.0	0.0544567850589
1178000000.0	0.0388369289129
1180000000.0	0.049923308966
1182000000.0	0.000169072862937
1184000000.0	-0.00245318720668
1186000000.0	-0.119763949117
1188000000.0	-0.00282946136038
1190000000.0	-0.0231236176704
1192000000.0	-0.0166714147435
1194000000.0	0.0911543647393
1196000000.0	0.129638076122
1198000000.0	0.0866933305338
1200000000.0	-0.472092500882
1202000000.0	0.116528905516
1204000000.0	0.0727258438289
1206000000.0	-0.013970278916
1208000000.0	0.0238962771982
1210000000.0	-0.0402736328599
1212000000.0	0.0308841869813
1214000000.0	0.00175926179119
1216000000.0	-0.0169313380166
1218000000.0	0.130971396239
1220000000.0	-0.024527903315
1222000000.0	-0.112710581697
1224000000.0	-0.0173115315319
1226000000.0	-0.0439589921241
1228000000.0	0.0840283594255
1230000000.0	0.00237827957713
1232000000.0	0.0544666967882
1234000000.0	-0.0114560719707
1236000000.0	0.00987688628761
1238000000.0	-0.0216867711968
1240000000.0	-0.0752095914273
1242000000.0	0.041036472389
1244000000.0	-0.020727812316
1246000000.0	-0.054769439617
1248000000.0	-0.0214580490768
1250000000.0	-0.132578635877
1252000000.0	0.0571285572842
1254000000.0	-0.0520840082136
1256000000.0	-0.0240149961274
1258000000.0	-0.0512322694757
1260000000.0	-0.0453361720729
1262000000.0	-0.0375269553361
1264000000.0	-0.048690852261
1266000000.0	0.0468300767519
1268000000.0	-0.036451196572
1270000000.0	0.0461010188739
1272000000.0	0.0785327935101
1274000000.0	-0.043652258682
1276000000.0	-0.0116986334342
1278000000.0	-0.00737326544141
1280000000.0	-0.155486939505
1282000000.0	-0.0537573915593
1284000000.0	0.0254148029245
1286000000.0	0.0273291446215
1288000000.0	0.111371362538
1290000000.0	0.00825455563578
1292000000.0	-0.0382525795784
1294000000.0	-0.0501135811797
1296000000.0	-0.176430124736
1298000000.0	-0.244825226514
1300000000.0	0.567465725362
1302000000.0	-0.156926432374
1304000000.0	-0.10717261568
1306000000.0	-0.11065589924
1308000000.0	0.127681730806
1310000000.0	0.0213014149513
1312000000.0	-0.0471137510053
1314000000.0	0.0210659504084
1316000000.0	-0.0597618699882
1318000000.0	-0.040362359854
1320000000.0	-0.0125566289324
1322000000.0	-0.090373115414
1324000000.0	0.0265104672146
1326000000.0	-0.0496643896594
1328000000.0	0.00753074888922
1330000000.0	-0.00491014401506
1332000000.0	-0.0408736423728
1334000000.0	-0.0584276731477
1336000000.0	-0.0242022846393
1338000000.0	-0.0436165312932
1340000000.0	0.0950526599799
1342000000.0	0.071483173581
1344000000.0	0.0539818763008
1346000000.0	0.00981479835592
1348000000.0	-0.0454798978532
1350000000.0	-0.0653732916638
1352000000.0	-0.000582007994427
1354000000.0	0.037884218371
1356000000.0	0.0167506829383
1358000000.0	0.0715687855334
1360000000.0	0.0387230918364
1362000000.0	0.0412944784197
1364000000.0	-0.0392226856384
1366000000.0	-0.00175012864558
1368000000.0	-0.0416187525426
1370000000.0	0.00564004714245
1372000000.0	-0.00583815811365
1374000000.0	0.10245446041
1376000000.0	-0.110829810044
1378000000.0	-0.105770660822
1380000000.0	-0.0481496205973
1382000000.0	0.0261078589928
1384000000.0	0.00340074533585
1386000000.0	0.15224040869
1388000000.0	0.0402678151322
1390000000.0	-0.0875911804942
1392000000.0	-0.0585339895665
1394000000.0	-0.0169011414882
1396000000.0	-0.0336823404558
1398000000.0	0.0596769188978
1400000000.0	0.0367348876842
1402000000.0	0.0783575140843
1404000000.0	0.00423067878462
1406000000.0	-0.000366533106104
1408000000.0	0.0207607317688
1410000000.0	-0.0349247113355
1412000000.0	0.0677564865883
1414000000.0	0.0533210216343
1416000000.0	0.101509404311
1418000000.0	-0.0635517553527
1420000000.0	-0.0490558109553
1422000000.0	-0.0902076740121
1424000000.0	-0.102090993799
1426000000.0	0.0396194446882
1428000000.0	-0.004399490894
1430000000.0	0.0229412283589
1432000000.0	0.0864587350518
1434000000.0	0.055199588398
1436000000.0	-0.0317452405865
1438000000.0	-0.134272527697
1440000000.0	-0.0542937865499
1442000000.0	-0.0597075159891
1444000000.0	0.0328426140553
1446000000.0	0.0500059379092
1448000000.0	0.100138625572
1450000000.0	-0.0236780358964
1452000000.0	-0.0264254325003
1454000000.0	-0.0135290415397
1456000000.0	-0.016884778969
1458000000.0	0.0912684631381
1460000000.0	-0.000225137560221
1462000000.0	0.0183382411468
1464000000.0	-0.0444466281684
1466000000.0	-0.122074963633
1468000000.0	-0.0502924848238
1470000000.0	0.122041316479
1472000000.0	0.0741753030554
1474000000.0	0.137834311839
1476000000.0	-0.0224574096804
1478000000.0	-0.0912607464969
1480000000.0	-0.19290680561
1482000000.0	-0.194439504036
1484000000.0	-0.0305903040215
1486000000.0	0.344505038629
1488000000.0	0.560837448323
1490000000.0	0.423072380016
1492000000.0	0.0755532042277
1494000000.0	-0.804115967817
1496000000.0	-1.59689367275
1498000000.0	-2.47209641663
1500000000.0	7.71635258924
1502000000.0	-2.15522686048
1504000000.0	-1.47275479823
1506000000.0	-0.554036494022
1508000000.0	-0.0392554379296
1510000000.0	0.351258327795
1512000000.0	0.318993327284
1514000000.0	0.268818685437
1516000000.0	0.0357772661002
1518000000.0	-0.164568218257
1520000000.0	-0.200704438906
1522000000.0	-0.0733592659174
1524000000.0	0.00803098726413
1526000000.0	0.0737472246918
1528000000.0	0.020579731905
1530000000.0	-0.0374127070137
1532000000.0	-0.00429250994561
1534000000.0	-0.00557140615337
1536000000.0	0.0561655625286
1538000000.0	0.101092877445
1540000000.0	-0.0173569417128
1542000000.0	-0.0844308681347
1544000000.0	-0.0831882404802
1546000000.0	-0.168823265427
1548000000.0	-0.0320684348712
1550000000.0	0.0747146016638
1552000000.0	0.0218176463526
1554000000.0	0.0326296751774
1556000000.0	0.046489250939
1558000000.0	0.00239555892767
1560000000.0	-0.177439643738
1562000000.0	-0.135026007388
1564000000.0	-0.0265061825736
1566000000.0	0.0103564018114
1568000000.0	0.0467891908097
1570000000.0	0.0517065914658
1572000000.0	0.0421379550962
1574000000.0	-0.0115675853656
1576000000.0	-0.0970555711448
1578000000.0	-0.0883184896382
1580000000.0	-0.058169005855
1582000000.0	-0.0282079856027
1584000000.0	0.0389279318138
1586000000.0	-0.0509736728494
1588000000.0	-0.0576716956973
1590000000.0	-0.00918812946699
1592000000.0	0.040317446655
1594000000.0	-0.0521176020965
1596000000.0	-0.0547150068808
1598000000.0	0.017943540499
1600000000.0	0.0378873872686
1602000000.0	-0.01957131708
1604000000.0	0.0403206981302
1606000000.0	0.00280202817446
1608000000.0	-0.0206416628936
1610000000.0	0.0612590776307
1612000000.0	-0.00386775166652
1614000000.0	-0.0132090704313
1616000000.0	-0.0327429703009
1618000000.0	-0.0949753327641
1620000000.0	0.0336925518133
1622000000.0	0.00559213479924
1624000000.0	0.0343824990183
1626000000.0	0.00207529629049
1628000000.0	-0.0182160921166
1630000000.0	-0.00231165662736
1632000000.0	-0.0507184694226
1634000000.0	-0.00248568797029
1636000000.0	-0.0828690043706
1638000000.0	-0.025537895791
1640000000.0	0.0301884590617
1642000000.0	0.0308013094704
1644000000.0	0.0193292846906
1646000000.0	0.0539440152504
1648000000.0	0.0263076308931
1650000000.0	-0.07804880978
1652000000.0	-0.0115764739677
1654000000.0	0.00313944162862
1656000000.0	-0.0536085308318
1658000000.0	-0.00784036637943
1660000000.0	0.0225476350308
1662000000.0	0.0625248926847
1664000000.0	-0.0389284668604
1666000000.0	-0.00718563495344
1668000000.0	0.0674142311816
1670000000.0	-0.090720622109
1672000000.0	-0.0598646567381
1674000000.0	-0.103570991163
1676000000.0	-0.0615741578078
1678000000.0	-0.0674242679979
1680000000.0	0.00142108445333
1682000000.0	0.0192284390871
1684000000.0	-0.00223251159001
1686000000.0	0.0167327684327
1688000000.0	-0.028263684057
1690000000.0	-0.0653551228886
1692000000.0	-0.0624744829527
1694000000.0	0.0385944663686
1696000000.0	-0.157185604322
1698000000.0	0.0294448484228
1700000000.0	0.186272929256
1702000000.0	0.0427618280732
1704000000.0	-0.049838483209
1706000000.0	-0.0902579810669
1708000000.0	0.00620037430989
1710000000.0	-0.0621857361208
1712000000.0	0.000153657966334
1714000000.0	0.0363562763283
1716000000.0	0.021990258318
1718000000.0	0.0350560426515
1720000000.0	0.0515135317346
1722000000.0	0.0308779337395
1724000000.0	-0.0123121948977
1726000000.0	-0.0424721311883
1728000000.0	-0.0490148663654
1730000000.0	-0.0485168337171
1732000000.0	0.0173881965115
1734000000.0	0.00967458816561
1736000000.0	0.0147771523692
1738000000.0	0.0190336449033
1740000000.0	0.0266957138035
1742000000.0	0.107316830392
1744000000.0	0.0478755905474
1746000000.0	0.00402570231466
1748000000.0	0.0373453875909
1750000000.0	-0.0553193015537
1752000000.0	-0.00772709497752
1754000000.0	0.0123593239257
1756000000.0	0.0857261921602
1758000000.0	0.0525508627912
1760000000.0	-0.0565735802001
1762000000.0	-0.0323780802693
1764000000.0	-0.0941762468759
1766000000.0	-0.0769816550038
1768000000.0	-0.021873374236
1770000000.0	0.0210189812072
1772000000.0	-0.0335473421613
1774000000.0	-0.0285183048843
1776000000.0	0.0526424907343
1778000000.0	-0.0455282303227
1780000000.0	-0.0827198894826
1782000000.0	-0.0525958175328
1784000000.0	0.0198168570952
1786000000.0	-0.0529465918335
1788000000.0	-0.0166365551612
1790000000.0	0.0165441366345
1792000000.0	-0.00773134539919
1794000000.0	0.0212232727214
1796000000.0	0.160388680883
1798000000.0	0.0617828988223
1800000000.0	-0.344383242339
1802000000.0	0.142324332145
1804000000.0	0.0714778042771
1806000000.0	0.0198241487362
1808000000.0	-0.0409633732245
1810000000.0	-0.0451676107564
1812000000.0	-0.0334188806437
1814000000.0	-0.000589622526151
1816000000.0	0.0338403950429
1818000000.0	-0.0122690493103
1820000000.0	0.0363053040293
1822000000.0	-0.0262852818072
1824000000.0	-0.0142619750288
1826000000.0	-0.0854405738594
1828000000.0	-0.0416377288019
1830000000.0	0.0615051114702
1832000000.0	-0.06092517836
1834000000.0	-0.000240320835059
1836000000.0	-0.0258359217228
1838000000.0	-0.067534327967
1840000000.0	-0.105060865355
1842000000.0	0.00747154773289
1844000000.0	0.0494681395501
1846000000.0	0.0923718748063
1848000000.0	-0.00666828454626
1850000000.0	0.109393634479
1852000000.0	-0.0153799910787
1854000000.0	-0.0300787330396
1856000000.0	-0.0283722962287
1858000000.0	-0.0512482140619
1860000000.0	-0.0105562210588
1862000000.0	0.0887989306283
1864000000.0	0.0368319670035
1866000000.0	0.00661633210323
1868000000.0	-0.034257841153
1870000000.0	-0.0111804647973
1872000000.0	0.0381329212195
1874000000.0	-0.0265480744773
1876000000.0	-0.0063077495552
1878000000.0	-0.0686833371195
1880000000.0	-0.0552262852991
1882000000.0	-0.0423633627693
1884000000.0	-0.0207088597503
1886000000.0	0.128223844784
1888000000.0	0.138845036649
1890000000.0	0.102252053133
1892000000.0	-0.0684234958742
1894000000.0	-0.235332678314
1896000000.0	-0.432530360254
1898000000.0	-0.570941944699
1900000000.0	1.9672023533
1902000000.0	-0.638501862332
1904000000.0	-0.462168700202
1906000000.0	-0.150539892542
1908000000.0	0.022550576781
1910000000.0	0.134111304976
1912000000.0	0.0697996040238
1914000000.0	-0.0228347634639
1916000000.0	0.0125375083654
1918000000.0	-0.0421943446228
1920000000.0	-0.036705366576
1922000000.0	-0.000600249203787
1924000000.0	0.00158182416918
1926000000.0	-0.0344982733983
1928000000.0	0.0158014155509
1930000000.0	0.049166708037
1932000000.0	0.00614368601755
1934000000.0	0.00759319796526
1936000000.0	-0.034272733729
1938000000.0	-0.0226882253157
1940000000.0	0.0049808240839
1942000000.0	0.0239890890647
1944000000.0	0.0398923295198
1946000000.0	0.0116396858299
1948000000.0	0.0155313811873
1950000000.0	-0.00535280811247
1952000000.0	0.0555542236434
1954000000.0	0.0441875684173
1956000000.0	-0.0328779502585
1958000000.0	-0.105447904677
1960000000.0	-0.0236665671026
1962000000.0	-0.0191000222262
1964000000.0	-0.0173499891738
1966000000.0	0.0258294946764
1968000000.0	0.00477721690329
1970000000.0	-0.0411166403818
1972000000.0	0.0458174999659
1974000000.0	-0.0901521726375
1976000000.0	0.0196333479754
1978000000.0	-0.0447660465222
1980000000.0	0.0235109651047
1982000000.0	0.021767869334
1984000000.0	-0.00961335015388
1986000000.0	0.00999561117732
1988000000.0	-0.0227570580687
1990000000.0	-0.036977799491
1992000000.0	-0.0537606889854
1994000000.0	0.0275640689568
1996000000.0	0.0551735564609
1998000000.0	0.0128045551105
2000000000.0	-0.20626
