0.0	-9.1625
2000000.0	1.5182701803
4000000.0	2.38131945112
6000000.0	1.30841442726
8000000.0	-0.0577173557189
10000000.0	0.447174412685
12000000.0	-1.88125288177
14000000.0	-1.61277633203
16000000.0	0.723035991806
18000000.0	4.12924931436
20000000.0	5.30600716966
22000000.0	4.6944895088
24000000.0	1.56173591954
26000000.0	-1.09156467791
28000000.0	-3.4644193927
30000000.0	-4.95034233079
32000000.0	-3.86705975589
34000000.0	-1.31759156074
36000000.0	3.32179212682
38000000.0	5.00884472465
40000000.0	3.79204027434
42000000.0	1.9220262343
44000000.0	-0.375141575918
46000000.0	-2.22064521055
48000000.0	-2.51294108384
50000000.0	-1.39439019222
52000000.0	-0.052045335563
54000000.0	1.1189564766
56000000.0	1.3594952242
58000000.0	0.514007996944
60000000.0	-0.92024792962
62000000.0	-1.80103120862
64000000.0	-1.22812188664
66000000.0	-0.0306601935075
68000000.0	0.554466391701
70000000.0	1.32621041599
72000000.0	0.334776503495
74000000.0	-0.39595276747
76000000.0	-1.18961937713
78000000.0	-1.466956287
80000000.0	-1.03353094212
82000000.0	0.0204124196464
84000000.0	0.787211061412
86000000.0	0.629876365645
88000000.0	-0.400220665214
90000000.0	-0.417212443002
92000000.0	-0.794464963295
94000000.0	-0.440416028123
96000000.0	0.00219948936018
98000000.0	0.628894219303
100000000.0	0.579380115837
102000000.0	-0.271896342659
104000000.0	-0.714266767605
106000000.0	-1.01812102763
108000000.0	-0.681126366481
110000000.0	0.0168281853245
112000000.0	0.572764167284
114000000.0	0.979136548935
116000000.0	0.646063080707
118000000.0	-0.0131742547251
120000000.0	-0.707935597327
122000000.0	-1.16111530919
124000000.0	-1.35217972305
126000000.0	0.872447812669
128000000.0	0.747479653969
130000000.0	0.652815165915
132000000.0	0.424482247264
134000000.0	-0.0290225558752
136000000.0	-0.469745903873
138000000.0	-0.436076927741
140000000.0	0.0560457887412
142000000.0	0.47788753468
144000000.0	0.432247122753
146000000.0	0.121991436259
148000000.0	-0.207252798305
150000000.0	-0.579351575011
152000000.0	-0.751484605477
154000000.0	-0.384488329585
156000000.0	0.138751430598
158000000.0	0.55458030556
160000000.0	0.700186053759
162000000.0	0.220600145576
164000000.0	0.0489294422936
166000000.0	-0.339912587285
168000000.0	-0.489856601274
170000000.0	-0.303709985243
172000000.0	0.0372163946926
174000000.0	-0.0746168520104
176000000.0	0.409111262752
178000000.0	0.215089341689
180000000.0	0.510457989969
182000000.0	0.209356616069
184000000.0	0.18200019352
186000000.0	-0.129446435342
188000000.0	-0.284123056921
190000000.0	-0.341810999005
192000000.0	-0.349862327801
194000000.0	-0.0242711581682
196000000.0	0.0545972756932
198000000.0	0.246720059688
200000000.0	0.72386455722
202000000.0	0.220377956437
204000000.0	0.390614820825
206000000.0	0.183317452323
208000000.0	-0.281050629639
210000000.0	-0.664136694365
212000000.0	-0.513960455747
214000000.0	-0.0444697094648
216000000.0	0.159185678439
218000000.0	0.240319173659
220000000.0	0.46162783277
222000000.0	0.820147567314
224000000.0	0.793685225292
226000000.0	-0.077577398503
228000000.0	-0.757510047848
230000000.0	-1.03880890435
232000000.0	-0.677295406809
234000000.0	0.0456569007028
236000000.0	1.20711818278
238000000.0	1.46284753821
240000000.0	1.129606534
242000000.0	-0.207393676354
244000000.0	-0.940017885324
246000000.0	-1.52599945237
248000000.0	-1.29840192958
250000000.0	0.88102963754
252000000.0	0.725816812901
254000000.0	1.71162895791
256000000.0	1.77805792424
258000000.0	0.00128138796941
260000000.0	-1.80292312874
262000000.0	-2.48495450334
264000000.0	-0.800584025524
266000000.0	1.23397571131
268000000.0	2.29892220594
270000000.0	1.1217863335
272000000.0	-0.540977548086
274000000.0	-1.48554246966
276000000.0	-1.08283846725
278000000.0	-0.192526660276
280000000.0	0.262381313504
282000000.0	1.59804837103
284000000.0	3.02892695133
286000000.0	2.66283276212
288000000.0	-3.2611193012
290000000.0	-11.3550847517
292000000.0	-10.9744485485
294000000.0	5.74635037395
296000000.0	36.7566696846
298000000.0	65.3005300924
300000000.0	-166.756105356
302000000.0	50.2312951648
304000000.0	28.694178982
306000000.0	13.1080298849
308000000.0	3.04946608114
310000000.0	-4.58882345881
312000000.0	-10.3964599188
314000000.0	-10.5124651261
316000000.0	-3.83142491956
318000000.0	5.58081591187
320000000.0	9.9316281434
322000000.0	6.73371694135
324000000.0	-0.70117679073
326000000.0	-5.54558009895
328000000.0	-6.26865097687
330000000.0	-2.83416734658
332000000.0	0.92185455249
334000000.0	3.43751855989
336000000.0	3.68872434741
338000000.0	2.23794856485
340000000.0	-0.721972849406
342000000.0	-2.73208657125
344000000.0	-3.09739609398
346000000.0	-1.4538556317
348000000.0	1.31877150294
350000000.0	2.97387036329
352000000.0	2.14845022003
354000000.0	0.13134833296
356000000.0	-2.13394327012
358000000.0	-2.674195469
360000000.0	-1.24650149642
362000000.0	0.924852574699
364000000.0	2.24856104045
366000000.0	2.05462404752
368000000.0	0.258383207833
370000000.0	-1.15223531568
372000000.0	-2.00793787871
374000000.0	-1.09624832172
376000000.0	-0.361349541507
378000000.0	1.42620258218
380000000.0	2.01910865437
382000000.0	1.28813534181
384000000.0	-0.52704932573
386000000.0	-1.90265681712
388000000.0	-2.12404731504
390000000.0	-0.912472531974
392000000.0	0.711271160213
394000000.0	1.86580253942
396000000.0	1.80152012642
398000000.0	0.588717167043
400000000.0	-0.850626374633
402000000.0	-1.81783742235
404000000.0	-1.49922140241
406000000.0	-0.160065446158
408000000.0	1.10813076108
410000000.0	1.66147051072
412000000.0	0.919482942376
414000000.0	-0.129604707728
416000000.0	-1.25606057591
418000000.0	-1.16129820992
420000000.0	-0.562923271702
422000000.0	0.151676500921
424000000.0	1.12251420523
426000000.0	0.737736674397
428000000.0	0.204932230788
430000000.0	-0.588177418443
432000000.0	-0.899158388888
434000000.0	-0.95698798499
436000000.0	0.0690805021073
438000000.0	0.605438504533
440000000.0	0.852619640897
442000000.0	0.270718420044
444000000.0	-0.431346290455
446000000.0	-0.58297977629
448000000.0	-0.816807458132
450000000.0	0.109231431815
452000000.0	0.726254741868
454000000.0	0.777980681012
456000000.0	0.485843288752
458000000.0	-0.051959439926
460000000.0	-0.76278466106
462000000.0	-1.02722107045
464000000.0	-0.525431359286
466000000.0	0.444317226743
468000000.0	1.00053522833
470000000.0	0.900446014138
472000000.0	0.408635562086
474000000.0	-0.106173911474
476000000.0	-0.560000755448
478000000.0	-0.598334791242
480000000.0	-0.303062420376
482000000.0	0.475383189476
484000000.0	0.705169649883
486000000.0	0.528007163987
488000000.0	-0.101202627595
490000000.0	-0.688225827682
492000000.0	-0.587023975304
494000000.0	-0.309184953088
496000000.0	0.297282735859
498000000.0	0.539957069533
500000000.0	0.697798279149
502000000.0	0.0653111214636
504000000.0	-0.268995517178
506000000.0	-0.805923285631
508000000.0	-0.313766425544
510000000.0	-0.118278740521
512000000.0	0.332959715953
514000000.0	0.238739950468
516000000.0	0.200492482961
518000000.0	-0.402222376086
520000000.0	-0.759400265342
522000000.0	-0.484285914075
524000000.0	-0.0475649332328
526000000.0	0.314977173483
528000000.0	0.396246060199
530000000.0	0.327205533871
532000000.0	-0.327846249213
534000000.0	-0.468591609991
536000000.0	-0.385651395517
538000000.0	-0.0394455227394
540000000.0	0.468845907716
542000000.0	0.656865475154
544000000.0	0.413627116739
546000000.0	-0.0938286181389
548000000.0	-0.291894995736
550000000.0	-0.635180735925
552000000.0	-0.41531827081
554000000.0	0.137833554884
556000000.0	0.740410979537
558000000.0	0.392331544605
560000000.0	0.02399533408
562000000.0	-0.101025078966
564000000.0	-0.341182023086
566000000.0	-0.334186696526
568000000.0	-0.213435974472
570000000.0	-0.0762880891071
572000000.0	0.26612032494
574000000.0	0.172973296604
576000000.0	-0.436285979507
578000000.0	-0.0811680502869
580000000.0	-0.434037382066
582000000.0	-0.187901874338
584000000.0	0.327766417131
586000000.0	0.617252150587
588000000.0	0.0772203762719
590000000.0	-0.211478387557
592000000.0	-0.434975648043
594000000.0	-0.461032780467
596000000.0	-0.134988462415
598000000.0	0.0434924117497
600000000.0	0.400559300098
602000000.0	0.435244102008
604000000.0	-0.0875117565863
606000000.0	-0.160988784494
608000000.0	-0.531610537099
610000000.0	-0.275158271341
612000000.0	-0.0702894351637
614000000.0	0.492161344656
616000000.0	0.521546274495
618000000.0	0.39074854822
620000000.0	0.0775744431051
622000000.0	-0.558699250702
624000000.0	0.0729025599155
626000000.0	-0.661006570907
628000000.0	0.0393764131896
630000000.0	0.20456799132
632000000.0	0.275538237802
634000000.0	-0.33597716894
636000000.0	-0.130997217311
638000000.0	-0.485024006019
640000000.0	-0.221516859513
642000000.0	0.0653470325447
644000000.0	0.455854272972
646000000.0	0.332142819915
648000000.0	0.0810005370062
650000000.0	-0.067209266494
652000000.0	-0.365835654432
654000000.0	-0.503299055531
656000000.0	0.0688739904695
658000000.0	0.282115900134
660000000.0	0.27207864357
662000000.0	0.436635666871
664000000.0	-0.27628611736
666000000.0	-0.199991602611
668000000.0	-0.197414283651
670000000.0	0.0731673524986
672000000.0	0.205060402646
674000000.0	0.442720529546
676000000.0	0.68014711239
678000000.0	-0.000682361130251
680000000.0	-0.228818182075
682000000.0	-0.633624089521
684000000.0	-0.536621590383
686000000.0	0.0222003458557
688000000.0	0.235643797034
690000000.0	0.687263997151
692000000.0	0.336809182627
694000000.0	-0.176034789919
696000000.0	-0.570385172391
698000000.0	-0.658651540332
700000000.0	1.25420206665
702000000.0	-0.371908616022
704000000.0	0.24185894505
706000000.0	0.345088145785
708000000.0	0.131501837711
710000000.0	-0.1939274658
712000000.0	-0.727993232122
714000000.0	-0.147227951847
716000000.0	0.00222016610483
718000000.0	0.399159239878
720000000.0	0.360500913504
722000000.0	-0.034404032302
724000000.0	-0.441956308097
726000000.0	-0.237321239151
728000000.0	-0.617321464708
730000000.0	0.0143751363667
732000000.0	0.313295699617
734000000.0	0.248030169763
736000000.0	0.192812751187
738000000.0	-0.150869013846
740000000.0	-0.603920160122
742000000.0	-0.283810419235
744000000.0	0.312027984358
746000000.0	0.241642193283
748000000.0	0.162310027424
750000000.0	0.0969933471892
752000000.0	-0.00147496259602
754000000.0	-0.551898308749
756000000.0	-0.496515224892
758000000.0	-0.323813254972
760000000.0	0.136528368877
762000000.0	0.686528934181
764000000.0	0.439089427647
766000000.0	0.336509329405
768000000.0	-0.254474684693
770000000.0	-0.246078990853
772000000.0	-0.428185521748
774000000.0	0.131911240734
776000000.0	-0.130901371146
778000000.0	0.137970555214
780000000.0	0.335138296042
782000000.0	-0.0182984855931
784000000.0	-0.285479864965
786000000.0	-0.156537823108
788000000.0	-0.124438435243
790000000.0	0.14238782427
792000000.0	0.471652292952
794000000.0	0.72179623632
796000000.0	-0.173924961044
798000000.0	-0.397603666749
800000000.0	-0.269262745781
802000000.0	-0.202484397413
804000000.0	0.0252147102044
806000000.0	0.579859052451
808000000.0	0.367867633876
810000000.0	-0.175089861127
812000000.0	-0.275179468342
814000000.0	-0.217222206439
816000000.0	-0.652325062802
818000000.0	0.0319650286886
820000000.0	0.31083136646
822000000.0	0.627933522446
824000000.0	0.573805593086
826000000.0	-0.283204503068
828000000.0	-0.932947014044
830000000.0	-0.799338613802
832000000.0	-0.332959677508
834000000.0	0.173748565283
836000000.0	0.899511595442
838000000.0	0.726254488533
840000000.0	0.194738442763
842000000.0	-0.864611081695
844000000.0	-0.766498302322
846000000.0	-0.491270106862
848000000.0	-0.130826198965
850000000.0	0.512902088734
852000000.0	0.940435525937
854000000.0	0.720569090632
856000000.0	-0.263939687385
858000000.0	-0.696304240996
860000000.0	-0.952263817104
862000000.0	-0.478774286682
864000000.0	0.576373049428
866000000.0	1.20303052979
868000000.0	1.03722343627
870000000.0	-0.0936946643337
872000000.0	-1.2690421682
874000000.0	-1.90081270055
876000000.0	-0.764062712282
878000000.0	1.1307955494
880000000.0	2.30421105819
882000000.0	1.94092398923
884000000.0	0.449371127538
886000000.0	-1.25473711124
888000000.0	-2.90266260283
890000000.0	-3.9757670757
892000000.0	-2.63955234788
894000000.0	3.58057231056
896000000.0	15.3712990602
898000000.0	27.7900986527
900000000.0	-75.165969023
902000000.0	24.841029815
904000000.0	14.2340949978
906000000.0	3.9569241254
908000000.0	-1.53384219333
910000000.0	-3.31724077727
912000000.0	-2.78385289856
914000000.0	-2.15097808482
916000000.0	-0.240431096232
918000000.0	1.42164059667
920000000.0	2.31697207922
922000000.0	1.46663713572
924000000.0	-0.369397803163
926000000.0	-1.33243792239
928000000.0	-1.4921581165
930000000.0	-0.190861919884
932000000.0	1.07123310334
934000000.0	1.04409419028
936000000.0	0.829792022135
938000000.0	-0.213676780793
940000000.0	-0.546569620164
942000000.0	-0.385320618293
944000000.0	-0.250512669198
946000000.0	0.137516069832
948000000.0	0.381382705662
950000000.0	0.461227688234
952000000.0	0.340639109978
954000000.0	-0.298871195848
956000000.0	-0.503620867388
958000000.0	-0.55885547596
960000000.0	0.0585363031586
962000000.0	0.631130285113
964000000.0	0.386384217693
966000000.0	0.403578044666
968000000.0	-0.19734268511
970000000.0	-0.394435780431
972000000.0	-0.655785410733
974000000.0	-0.0778518395084
976000000.0	-0.0357188355561
978000000.0	0.394314232107
980000000.0	0.459528001627
982000000.0	0.0151284679486
984000000.0	0.0115095278696
986000000.0	-0.322521134324
988000000.0	-0.584812312743
990000000.0	-0.358186236754
992000000.0	0.411935050457
994000000.0	0.529294666477
996000000.0	0.457466580713
998000000.0	0.146087663946
1000000000.0	-1.16875
1002000000.0	-0.14398789892
1004000000.0	-0.0411792045345
1006000000.0	-0.108627201871
1008000000.0	-0.225725180346
1010000000.0	0.0501646462193
1012000000.0	0.305489358235
1014000000.0	-0.00760918492124
1016000000.0	-0.253021086806
1018000000.0	0.0305983290961
1020000000.0	0.0577886631757
1022000000.0	-0.168437183985
1024000000.0	0.339454911313
1026000000.0	0.154751147351
1028000000.0	-0.374109662944
1030000000.0	-0.0197733497738
1032000000.0	-0.181141641029
1034000000.0	0.190846326361
1036000000.0	0.0895065447219
1038000000.0	0.0698136736715
1040000000.0	0.164962675122
1042000000.0	0.0872469767731
1044000000.0	-0.184230132997
1046000000.0	-0.314799497462
1048000000.0	-0.180670295129
1050000000.0	-0.11404218523
1052000000.0	-0.0316624458405
1054000000.0	0.250276466383
1056000000.0	-0.0398215095376
1058000000.0	0.396074091029
1060000000.0	-0.0201292440036
1062000000.0	-0.000119555680172
1064000000.0	-0.413155565522
1066000000.0	0.280726467071
1068000000.0	-0.16266755973
1070000000.0	0.0414285172652
1072000000.0	-0.11054128809
1074000000.0	-0.176538709844
1076000000.0	0.336296667166
1078000000.0	-0.309155026551
1080000000.0	-0.143937091792
1082000000.0	-0.0254830216316
1084000000.0	0.0909840632497
1086000000.0	0.200592619864
1088000000.0	-0.0590607204612
1090000000.0	0.0371192444145
1092000000.0	-0.0837998292897
1094000000.0	-0.126953262477
1096000000.0	0.375528313636
1098000000.0	0.111850435975
1100000000.0	0.146735178194
1102000000.0	0.121630033272
1104000000.0	-0.0866029416624
1106000000.0	-0.165201854857
1108000000.0	-0.164272668485
1110000000.0	-0.0475705189042
1112000000.0	-0.267067125868
1114000000.0	0.158353627569
1116000000.0	0.102089973084
1118000000.0	-0.0172466068038
1120000000.0	-0.0170738265579
1122000000.0	-0.120545517681
1124000000.0	-0.384203344274
1126000000.0	-0.249952441127
1128000000.0	0.075319273966
1130000000.0	-0.0204417072501
1132000000.0	0.064082332306
1134000000.0	0.14788998347
1136000000.0	-0.147703357447
1138000000.0	-0.0418758854917
1140000000.0	0.0594052969567
1142000000.0	-0.0506138545517
1144000000.0	-0.0450059064714
1146000000.0	-0.12878295878
1148000000.0	0.0831936608368
1150000000.0	0.103927666559
1152000000.0	0.0091926530633
1154000000.0	-0.134868020542
1156000000.0	0.0840076012491
1158000000.0	-0.18594667069
1160000000.0	0.204554798
1162000000.0	0.339195461758
1164000000.0	-0.0494062274505
1166000000.0	0.221564196663
1168000000.0	-0.356376098046
1170000000.0	-0.206089871301
1172000000.0	-0.112251952578
1174000000.0	0.251850211988
1176000000.0	0.134472404876
1178000000.0	0.565821661076
1180000000.0	0.0490237127234
1182000000.0	0.161065365823
1184000000.0	0.0680563085136
1186000000.0	0.100655467614
1188000000.0	0.198892395455
1190000000.0	0.14755437722
1192000000.0	0.000732979447159
1194000000.0	-0.200674286374
1196000000.0	-0.227370600479
1198000000.0	-0.764188999534
1200000000.0	1.70687637463
1202000000.0	-0.322032646017
1204000000.0	-0.3822300914
1206000000.0	-0.200595384314
1208000000.0	0.399397052099
1210000000.0	-0.161093065678
1212000000.0	0.227316614545
1214000000.0	-0.0388474483719
1216000000.0	0.382540178209
1218000000.0	-0.0155636336756
1220000000.0	-0.0939267396855
1222000000.0	-0.0533500052711
1224000000.0	-0.215839276037
1226000000.0	0.326408915376
1228000000.0	0.0741566194462
1230000000.0	0.0942986363021
1232000000.0	-0.0420462876987
1234000000.0	0.0295135205429
1236000000.0	-0.095233923821
1238000000.0	0.0247757278036
1240000000.0	-0.14644224893
1242000000.0	-0.0488582761322
1244000000.0	-0.0668110342828
1246000000.0	0.00978447477888
1248000000.0	-0.130384955576
1250000000.0	-0.856092372956
1252000000.0	0.133649234413
1254000000.0	-0.00553772223786
1256000000.0	-0.379722558161
1258000000.0	0.0811273710847
1260000000.0	0.0223787825207
1262000000.0	0.109592173333
1264000000.0	-0.0541872871974
1266000000.0	-0.221319826097
1268000000.0	0.227481904042
1270000000.0	0.0861157829585
1272000000.0	0.245093415564
1274000000.0	-0.0219210580015
1276000000.0	0.342374316289
1278000000.0	-0.0547360910646
1280000000.0	-0.0202918486553
1282000000.0	0.00595782163038
1284000000.0	0.0278567736173
1286000000.0	0.104174750534
1288000000.0	0.294392793457
1290000000.0	-0.0477491338786
1292000000.0	-0.259835371286
1294000000.0	-0.0293119558218
1296000000.0	-0.274350962034
1298000000.0	-0.756962614466
1300000000.0	2.99430376541
1302000000.0	-1.44332234637
1304000000.0	-0.619812043374
1306000000.0	-0.135572780401
1308000000.0	0.380886492197
1310000000.0	0.306214872459
1312000000.0	0.00810237268727
1314000000.0	-0.101928094391
1316000000.0	-0.289111088864
1318000000.0	-0.108906983218
1320000000.0	-0.084503740791
1322000000.0	-0.129038770455
1324000000.0	0.081394574223
1326000000.0	0.248453637629
1328000000.0	-0.107722465467
1330000000.0	0.240307889084
1332000000.0	0.153299710214
1334000000.0	0.200210871636
1336000000.0	-0.110043846332
1338000000.0	0.0242109400989
1340000000.0	-0.0655851058412
1342000000.0	-0.0396389741592
1344000000.0	0.0431762969327
1346000000.0	-0.0795310465986
1348000000.0	-0.33607201834
1350000000.0	-0.353924762783
1352000000.0	-0.127760594559
1354000000.0	-0.136120118069
1356000000.0	0.00496906360686
1358000000.0	-0.0689267289345
1360000000.0	-0.15889470166
1362000000.0	0.0263322354159
1364000000.0	-0.20963024644
1366000000.0	-0.182003356775
1368000000.0	-0.12621983477
1370000000.0	-0.269574230021
1372000000.0	-0.0423032494076
1374000000.0	-0.0399834517034
1376000000.0	0.337905040814
1378000000.0	0.194862901471
1380000000.0	-0.0422901182951
1382000000.0	-0.377173830746
1384000000.0	-0.0955532692433
1386000000.0	0.194054357324
1388000000.0	0.363243568188
1390000000.0	0.0308753627281
1392000000.0	0.103679398795
1394000000.0	0.158658421268
1396000000.0	-0.210171737802
1398000000.0	-0.235761030744
1400000000.0	-0.0326195300743
1402000000.0	0.0316074246431
1404000000.0	0.30542739234
1406000000.0	0.328699004045
1408000000.0	0.123153739751
1410000000.0	0.104071241343
1412000000.0	0.165384003299
1414000000.0	0.145808185634
1416000000.0	-0.33067744001
1418000000.0	0.110683059507
1420000000.0	0.121271372999
1422000000.0	0.0390576756924
1424000000.0	0.252879488348
1426000000.0	-0.203569039665
1428000000.0	-0.0655420952355
1430000000.0	-0.102668179418
1432000000.0	0.0825960451783
1434000000.0	0.180144225255
1436000000.0	0.186126894569
1438000000.0	0.249477799505
1440000000.0	0.0500688728064
1442000000.0	-0.222384750251
1444000000.0	-0.294643667263
1446000000.0	0.409017020504
1448000000.0	0.295838823881
1450000000.0	-0.00720602255597
1452000000.0	0.460530983975
1454000000.0	-0.448654523688
1456000000.0	-0.324052164885
1458000000.0	-0.448326436179
1460000000.0	0.0996675435539
1462000000.0	0.118033793059
1464000000.0	0.605986102444
1466000000.0	0.381859728889
1468000000.0	0.171326903099
1470000000.0	-0.191590334518
1472000000.0	-0.854522998856
1474000000.0	-1.25644102034
1476000000.0	-0.198915277691
1478000000.0	0.623866968456
1480000000.0	1.2664352303
1482000000.0	0.822887019398
1484000000.0	-0.150234824691
1486000000.0	-1.08830027237
1488000000.0	-0.968547586898
1490000000.0	-0.930037821129
1492000000.0	-0.39604326147
1494000000.0	1.14929304472
1496000000.0	4.37796871896
1498000000.0	8.18677370718
1500000000.0	-24.3602982791
1502000000.0	8.91307959234
1504000000.0	5.17910860113
1506000000.0	1.07257570587
1508000000.0	-1.38677709166
1510000000.0	-2.07857654996
1512000000.0	-0.79639710725
1514000000.0	0.161845240023
1516000000.0	0.651430994119
1518000000.0	0.332498277634
1520000000.0	0.183628138141
1522000000.0	-0.207994770466
1524000000.0	-0.29836941679
1526000000.0	-0.435133857684
1528000000.0	-0.123739512562
1530000000.0	0.158810795863
1532000000.0	0.477034986704
1534000000.0	0.432044696386
1536000000.0	0.00937943378916
1538000000.0	-0.365184514349
1540000000.0	-0.46900484247
1542000000.0	-0.0269406832685
1544000000.0	0.230975140245
1546000000.0	0.183257806251
1548000000.0	0.416267740063
1550000000.0	-0.114651188052
1552000000.0	-0.123082396989
1554000000.0	-0.266112845544
1556000000.0	-0.0902012927845
1558000000.0	0.000239311280771
1560000000.0	0.0667061775711
1562000000.0	0.209785179635
1564000000.0	-0.138558931351
1566000000.0	0.154443380002
1568000000.0	-0.46186708421
1570000000.0	-0.121903543683
1572000000.0	-0.0765035578658
1574000000.0	0.0236409473298
1576000000.0	0.373843493642
1578000000.0	0.128212476434
1580000000.0	0.16318961077
1582000000.0	-0.0265182119995
1584000000.0	-0.167609349525
1586000000.0	0.206323813688
1588000000.0	-0.141339014903
1590000000.0	0.215024822812
1592000000.0	-0.270703256908
1594000000.0	-0.0484894880024
1596000000.0	-0.160177581562
1598000000.0	-0.252283558167
1600000000.0	0.569262745781
1602000000.0	-0.323422157954
1604000000.0	0.201664142842
1606000000.0	0.183470700118
1608000000.0	0.110807485236
1610000000.0	0.0448272791644
1612000000.0	-0.245706060533
1614000000.0	0.0585123363705
1616000000.0	0.116572705505
1618000000.0	0.106807655371
1620000000.0	0.0600826824945
1622000000.0	-0.0327305315558
1624000000.0	-0.438917447004
1626000000.0	0.436491077341
1628000000.0	0.328506905689
1630000000.0	0.0525463788674
1632000000.0	0.063881131449
1634000000.0	-0.142802332704
1636000000.0	0.103796285356
1638000000.0	0.0776562618315
1640000000.0	0.343523586399
1642000000.0	0.00883391526548
1644000000.0	-0.309067253683
1646000000.0	-0.0172887507449
1648000000.0	0.115018649071
1650000000.0	0.160693384806
1652000000.0	0.179172632339
1654000000.0	0.104657982143
1656000000.0	-0.238957047398
1658000000.0	0.113438113443
1660000000.0	-0.0734696026312
1662000000.0	-0.105270884025
1664000000.0	0.210703611945
1666000000.0	-0.0254776388425
1668000000.0	-0.0357706222372
1670000000.0	0.306022736499
1672000000.0	-0.0537518818402
1674000000.0	-0.14148721128
1676000000.0	0.115268496238
1678000000.0	0.268728513388
1680000000.0	-0.0963917651575
1682000000.0	0.0403308474663
1684000000.0	0.0887701258081
1686000000.0	0.17546099038
1688000000.0	-0.276885427785
1690000000.0	0.147831006751
1692000000.0	0.0774487029456
1694000000.0	0.184983276805
1696000000.0	0.350421154493
1698000000.0	-0.0250926426661
1700000000.0	-0.68259224844
1702000000.0	0.21653557131
1704000000.0	0.082903537145
1706000000.0	0.17273594995
1708000000.0	-0.0625785918787
1710000000.0	-0.0197069020878
1712000000.0	-0.00537565957441
1714000000.0	-0.146809106573
1716000000.0	0.121974348186
1718000000.0	-0.139033226294
1720000000.0	0.172226207559
1722000000.0	-0.0371346987157
1724000000.0	-0.0910299386378
1726000000.0	0.181210105707
1728000000.0	-0.160150142132
1730000000.0	-0.097402316336
1732000000.0	0.151303648767
1734000000.0	-0.16647034753
1736000000.0	-0.17178227721
1738000000.0	-0.122312166817
1740000000.0	-0.0466466306283
1742000000.0	-0.0736069203225
1744000000.0	0.206979595112
1746000000.0	-0.0722492984811
1748000000.0	-0.0922589995763
1750000000.0	-1.32193061177
1752000000.0	-0.0458790149157
1754000000.0	-0.0757524091461
1756000000.0	0.0928608595262
1758000000.0	-0.437463871175
1760000000.0	0.0798057694182
1762000000.0	0.0733114145327
1764000000.0	0.0544662669483
1766000000.0	0.271952657405
1768000000.0	-0.157506173537
1770000000.0	0.15151065152
1772000000.0	0.0964863407545
1774000000.0	-0.192788491959
1776000000.0	0.130354152554
1778000000.0	0.109986112617
1780000000.0	-0.210577284332
1782000000.0	-0.0829830917532
1784000000.0	0.103154438149
1786000000.0	0.104356446516
1788000000.0	-0.0693275189936
1790000000.0	-0.166040767165
1792000000.0	0.128073745309
1794000000.0	0.0434337275909
1796000000.0	-0.166765984179
1798000000.0	-0.270837241129
1800000000.0	1.13944567276
1802000000.0	-0.384073753215
1804000000.0	-0.028028899844
1806000000.0	-0.0500202672145
1808000000.0	0.0181855347398
1810000000.0	0.155460033485
1812000000.0	0.129459202534
1814000000.0	0.137849341166
1816000000.0	0.0990767072662
1818000000.0	-0.156649266933
1820000000.0	-0.191436683697
1822000000.0	-0.0832830489009
1824000000.0	-0.0176384651031
1826000000.0	0.118953707007
1828000000.0	0.0942016790997
1830000000.0	-0.244514381114
1832000000.0	-0.266543865854
1834000000.0	0.0674569736316
1836000000.0	-0.0739683234357
1838000000.0	-0.00117735708052
1840000000.0	-0.174962244098
1842000000.0	0.127046436573
1844000000.0	0.257175977969
1846000000.0	0.0612888464191
1848000000.0	-0.162310522823
1850000000.0	-0.13029077132
1852000000.0	-0.395653675629
1854000000.0	0.0357034508672
1856000000.0	-0.120947038603
1858000000.0	-0.198462109697
1860000000.0	0.297654280984
1862000000.0	0.00215140130698
1864000000.0	0.0445862572606
1866000000.0	-0.21419966515
1868000000.0	0.089305271792
1870000000.0	0.0372308216984
1872000000.0	0.166466628265
1874000000.0	-0.0138820046524
1876000000.0	-0.190076258605
1878000000.0	-0.0198033977641
1880000000.0	-0.40177175274
1882000000.0	-0.019801790069
1884000000.0	0.399378260467
1886000000.0	0.39077738417
1888000000.0	0.0370818677186
1890000000.0	-0.334290157195
1892000000.0	-0.282257289349
1894000000.0	-0.207676564905
1896000000.0	0.121394118637
1898000000.0	0.0650407195393
1900000000.0	1.16754550155
1902000000.0	-0.753031098318
1904000000.0	-0.466210881576
1906000000.0	-0.0616556788221
1908000000.0	0.339874406612
1910000000.0	0.139238660081
1912000000.0	0.0761100358242
1914000000.0	-0.176841995875
1916000000.0	-0.154123211107
1918000000.0	0.0334085233509
1920000000.0	0.194844812561
1922000000.0	0.122285830493
1924000000.0	0.0169636111573
1926000000.0	-0.239122977506
1928000000.0	-0.24573125007
1930000000.0	0.0437947164969
1932000000.0	-0.0448898480698
1934000000.0	-0.115946563801
1936000000.0	-0.159386679094
1938000000.0	0.487354386938
1940000000.0	0.0342289180616
1942000000.0	-0.030701425465
1944000000.0	0.0369138477422
1946000000.0	-0.153692616366
1948000000.0	0.0398233813982
1950000000.0	-0.100605923848
1952000000.0	-0.0333340436605
1954000000.0	-0.108557388249
1956000000.0	-0.334501285703
1958000000.0	-0.135746886324
1960000000.0	0.0793342559953
1962000000.0	0.0564847693286
1964000000.0	-0.031049080098
1966000000.0	0.355851145516
1968000000.0	-0.33340964073
1970000000.0	-0.0122546928716
1972000000.0	-0.13579353772
1974000000.0	0.0331816866439
1976000000.0	-0.0484755063931
1978000000.0	0.111330860588
1980000000.0	-0.0962258866984
1982000000.0	-0.325611859995
1984000000.0	-0.134108066918
1986000000.0	-0.232752401383
1988000000.0	0.129135126963
1990000000.0	-0.083836942584
1992000000.0	-0.249910940342
1994000000.0	-0.0290067092267
1996000000.0	-0.14137355714
1998000000.0	0.0339699141066
2000000000.0	0.225
