0.0	-44.656355
2000000.0	4.62109403105
4000000.0	9.80564386378
6000000.0	5.71426553673
8000000.0	-4.97698714974
10000000.0	-10.3739148769
12000000.0	-10.0706636554
14000000.0	-2.3379767105
16000000.0	7.30396426166
18000000.0	16.9141778513
20000000.0	16.273662603
22000000.0	3.03569032411
24000000.0	-16.5793193933
26000000.0	-28.3922945999
28000000.0	-22.2504433444
30000000.0	-4.11810109513
32000000.0	15.1582246898
34000000.0	19.2120103409
36000000.0	7.97175141056
38000000.0	-4.03213347668
40000000.0	-12.9038235593
42000000.0	-14.7889724889
44000000.0	-7.27517629368
46000000.0	1.57508793151
48000000.0	7.14473675942
50000000.0	4.63547246393
52000000.0	-0.969751942005
54000000.0	-3.56214363029
56000000.0	-2.80892186826
58000000.0	2.92903040862
60000000.0	5.60481116017
62000000.0	4.32607657443
64000000.0	-0.254874529047
66000000.0	-3.30849251577
68000000.0	-4.89085840321
70000000.0	0.589116339601
72000000.0	5.10542997904
74000000.0	6.42559954275
76000000.0	3.79575480323
78000000.0	-2.4541081001
80000000.0	-6.10422719409
82000000.0	-5.13579898042
84000000.0	-0.725982855785
86000000.0	5.14886410415
88000000.0	5.45395239429
90000000.0	0.661146757722
92000000.0	-3.3342122102
94000000.0	-4.77261757448
96000000.0	-2.48373048295
98000000.0	2.80420928004
100000000.0	2.77040137411
102000000.0	2.26585805324
104000000.0	-1.63100195245
106000000.0	-5.55399393092
108000000.0	-3.84812485074
110000000.0	1.66477989489
112000000.0	5.83300397933
114000000.0	5.55332299524
116000000.0	1.93883858082
118000000.0	-4.15631148956
120000000.0	-7.10228305073
122000000.0	-3.68338571336
124000000.0	1.70632212922
126000000.0	5.0002259107
128000000.0	5.57389767613
130000000.0	1.1959336012
132000000.0	-3.14586009952
134000000.0	-3.8699760064
136000000.0	-2.06546136398
138000000.0	1.43748760707
140000000.0	2.53311224012
142000000.0	2.43312651122
144000000.0	0.251042368963
146000000.0	-1.51221071229
148000000.0	-2.13926600136
150000000.0	-0.256474149841
152000000.0	2.47307560389
154000000.0	2.78427445494
156000000.0	0.686656980515
158000000.0	-2.17053064753
160000000.0	-3.03081658429
162000000.0	-0.884052489295
164000000.0	2.00393536855
166000000.0	2.79150353901
168000000.0	1.61724067236
170000000.0	-1.56163511883
172000000.0	-3.77843120112
174000000.0	-2.17034066062
176000000.0	-1.35125292808
178000000.0	2.7562853301
180000000.0	5.21206833925
182000000.0	3.29746449478
184000000.0	-1.06180397469
186000000.0	-4.16721872884
188000000.0	-3.57706909334
190000000.0	-1.59613809427
192000000.0	2.17474487028
194000000.0	3.07219485115
196000000.0	2.31081812651
198000000.0	-1.52014196354
200000000.0	-1.68800205747
202000000.0	-1.01028382322
204000000.0	0.728923614589
206000000.0	2.94238220494
208000000.0	2.02264471266
210000000.0	-1.62779799812
212000000.0	-4.42682319857
214000000.0	-3.76975293264
216000000.0	0.613433320086
218000000.0	3.64930914897
220000000.0	5.07891646684
222000000.0	1.69629710319
224000000.0	-1.21580004903
226000000.0	-4.51663247712
228000000.0	-3.96836148619
230000000.0	-0.013625421125
232000000.0	3.76423726137
234000000.0	4.57606948403
236000000.0	2.21314584196
238000000.0	-1.6605614274
240000000.0	-4.13388707551
242000000.0	-3.33770106509
244000000.0	1.63409478691
246000000.0	3.88280231772
248000000.0	4.21239268978
250000000.0	-2.96983139661
252000000.0	-5.23607544265
254000000.0	-4.61653519408
256000000.0	-0.569499667907
258000000.0	5.11781668118
260000000.0	8.11464024254
262000000.0	3.71718243237
264000000.0	-6.44123486407
266000000.0	-11.9406099194
268000000.0	-10.6756782073
270000000.0	2.92858551436
272000000.0	18.6355614321
274000000.0	18.6379123352
276000000.0	5.98032004724
278000000.0	-16.4223352814
280000000.0	-27.8276373703
282000000.0	-15.3263372374
284000000.0	13.2459514495
286000000.0	30.3657556649
288000000.0	18.9502507141
290000000.0	-15.2271612354
292000000.0	-35.5170729525
294000000.0	-11.1614457317
296000000.0	62.1705260365
298000000.0	140.616588621
300000000.0	-351.024373199
302000000.0	121.613731306
304000000.0	74.7641124422
306000000.0	32.3237318473
308000000.0	-1.51680504948
310000000.0	-24.8201478283
312000000.0	-31.0544040813
314000000.0	-19.787564805
316000000.0	1.68675497909
318000000.0	20.68832235
320000000.0	22.6911125501
322000000.0	8.5828903549
324000000.0	-9.48837893882
326000000.0	-18.7886105172
328000000.0	-10.0584961688
330000000.0	3.83468689856
332000000.0	12.2051615082
334000000.0	8.18290237442
336000000.0	-2.66057395503
338000000.0	-8.91981294752
340000000.0	-7.37335339172
342000000.0	2.6695109003
344000000.0	8.98371815364
346000000.0	7.16422806386
348000000.0	-1.33989147404
350000000.0	-9.54257497225
352000000.0	-7.33643524605
354000000.0	-0.473893017854
356000000.0	7.22087319917
358000000.0	9.01728231086
360000000.0	3.01742465499
362000000.0	-3.86445117565
364000000.0	-8.35267620647
366000000.0	-6.10953592573
368000000.0	1.02219310171
370000000.0	6.34194231961
372000000.0	5.44812787955
374000000.0	2.13680888525
376000000.0	-4.50548688055
378000000.0	-4.79126995597
380000000.0	-2.05229683153
382000000.0	2.71793352668
384000000.0	4.19799956519
386000000.0	1.29402945812
388000000.0	-2.2823641857
390000000.0	-3.92151968362
392000000.0	-1.23879578892
394000000.0	1.85572138987
396000000.0	4.35719917025
398000000.0	3.13773078843
400000000.0	-0.277643248491
402000000.0	-4.09443908099
404000000.0	-4.40260605496
406000000.0	-1.43655291923
408000000.0	1.77903604505
410000000.0	4.49679969224
412000000.0	3.47694595428
414000000.0	-1.38576375372
416000000.0	-2.71867818393
418000000.0	-1.8698816139
420000000.0	-0.631542469202
422000000.0	2.55251404688
424000000.0	2.69838876052
426000000.0	0.668789583141
428000000.0	-2.28852730758
430000000.0	-2.23210482947
432000000.0	-0.3772995738
434000000.0	2.04816129282
436000000.0	3.56133027896
438000000.0	1.03145115004
440000000.0	-1.53267295131
442000000.0	-3.45142297906
444000000.0	-1.9841431306
446000000.0	1.62854362653
448000000.0	2.73220355005
450000000.0	2.17185974325
452000000.0	-0.280537371815
454000000.0	-1.95277163599
456000000.0	-1.81043883854
458000000.0	-0.955002260636
460000000.0	1.92019875208
462000000.0	2.36598193121
464000000.0	2.25628259138
466000000.0	-1.40291808814
468000000.0	-2.76424588882
470000000.0	-0.861411054722
472000000.0	0.698193051193
474000000.0	1.94527785242
476000000.0	1.01476598287
478000000.0	0.198111687144
480000000.0	-2.19076998537
482000000.0	-1.16227861704
484000000.0	0.977557648703
486000000.0	1.07148378387
488000000.0	1.93749813941
490000000.0	1.09177747953
492000000.0	-2.10921025805
494000000.0	-2.79042710318
496000000.0	-1.07761350555
498000000.0	0.389354064219
500000000.0	1.85970493225
502000000.0	1.35911936594
504000000.0	-0.048366171116
506000000.0	-1.1459639792
508000000.0	-1.43142549027
510000000.0	-0.894818736922
512000000.0	1.20502836704
514000000.0	1.64355759076
516000000.0	0.141270574104
518000000.0	-0.733738071438
520000000.0	-1.18014022664
522000000.0	-0.669296879923
524000000.0	0.608386202475
526000000.0	2.19906874527
528000000.0	0.661443367263
530000000.0	-0.0525724903839
532000000.0	-1.82499874608
534000000.0	-1.31102761069
536000000.0	-0.218527765916
538000000.0	1.10806834182
540000000.0	2.12279282017
542000000.0	0.846000767924
544000000.0	-1.10452756586
546000000.0	-2.17560111893
548000000.0	-0.594899860275
550000000.0	0.824333707041
552000000.0	1.37217321106
554000000.0	1.10800199073
556000000.0	-0.813363334072
558000000.0	-0.683997363986
560000000.0	-1.4163590241
562000000.0	-0.137779130481
564000000.0	0.464267847751
566000000.0	0.558063165471
568000000.0	-0.0396460373973
570000000.0	-1.16499391929
572000000.0	-0.941325542177
574000000.0	-0.80934933339
576000000.0	1.32740455834
578000000.0	1.31817270533
580000000.0	0.926730421658
582000000.0	-0.721540856044
584000000.0	-1.19039963262
586000000.0	-1.29912506881
588000000.0	-0.958951704807
590000000.0	1.66443781828
592000000.0	1.16319853682
594000000.0	0.741017406229
596000000.0	-1.14796494236
598000000.0	-1.64980990887
600000000.0	-0.123493781596
602000000.0	0.463255976687
604000000.0	-0.104874938556
606000000.0	0.0612755365303
608000000.0	-0.851484028621
610000000.0	-0.869990008728
612000000.0	-0.823235894535
614000000.0	-0.00395380199928
616000000.0	0.938858689851
618000000.0	0.542811880609
620000000.0	-0.843988004637
622000000.0	-0.82841170925
624000000.0	-2.06873884342
626000000.0	1.61126986133
628000000.0	0.308278583166
630000000.0	1.77896349514
632000000.0	1.31484844842
634000000.0	-1.50420225714
636000000.0	-1.09905957621
638000000.0	-0.162501222226
640000000.0	0.602042971032
642000000.0	0.751327651277
644000000.0	0.417788858422
646000000.0	0.784301853857
648000000.0	-0.0381518016314
650000000.0	-0.236418548847
652000000.0	-0.742882605526
654000000.0	1.05876154679
656000000.0	-0.429297077388
658000000.0	0.821427837514
660000000.0	-0.342853276524
662000000.0	-0.818796842126
664000000.0	-0.158099348875
666000000.0	1.04654821099
668000000.0	1.00982049174
670000000.0	0.445999300691
672000000.0	-0.412043341859
674000000.0	-1.17703921993
676000000.0	-0.99348457467
678000000.0	-0.000836713986759
680000000.0	1.18946541392
682000000.0	1.41408536956
684000000.0	0.497200831405
686000000.0	-0.651104518841
688000000.0	-0.699451958212
690000000.0	0.131032798511
692000000.0	1.38107417376
694000000.0	1.04427102804
696000000.0	1.19836736372
698000000.0	0.931974289209
700000000.0	-3.13528031147
702000000.0	0.995950702568
704000000.0	1.12486997715
706000000.0	0.517578718618
708000000.0	0.633183138685
710000000.0	-1.02241342361
712000000.0	-0.430875899046
714000000.0	-0.859020145424
716000000.0	0.309201069041
718000000.0	1.14560502054
720000000.0	0.465540125239
722000000.0	0.491297280999
724000000.0	-0.408990421927
726000000.0	-0.508153091871
728000000.0	0.445773205656
730000000.0	0.100623111104
732000000.0	0.803629813677
734000000.0	0.240950517291
736000000.0	-0.602027350814
738000000.0	-0.865222720049
740000000.0	-0.260870183727
742000000.0	-0.155308723127
744000000.0	1.3929070558
746000000.0	0.946475938271
748000000.0	0.487303209784
750000000.0	-1.57288154082
752000000.0	-0.924827022833
754000000.0	0.368425747454
756000000.0	0.980299667162
758000000.0	0.0660935871657
760000000.0	0.185717764628
762000000.0	-0.0721494148703
764000000.0	-0.259934286124
766000000.0	-0.127233385498
768000000.0	0.345982885011
770000000.0	0.172951848614
772000000.0	1.03027762432
774000000.0	0.291352574097
776000000.0	-1.51830042236
778000000.0	-0.526748434744
780000000.0	0.769442787779
782000000.0	1.48207965642
784000000.0	0.558519741201
786000000.0	-1.33828173841
788000000.0	-1.19578743509
790000000.0	-0.806153321154
792000000.0	0.0168808445051
794000000.0	-0.102620771804
796000000.0	0.947160137702
798000000.0	-1.18048922077
800000000.0	1.63608266967
802000000.0	-2.06007833517
804000000.0	-0.0348359943185
806000000.0	-0.0756010256594
808000000.0	1.45350802695
810000000.0	0.517052542255
812000000.0	-0.695300579752
814000000.0	-1.86459239144
816000000.0	-0.0655681858177
818000000.0	0.657719097284
820000000.0	1.60169826388
822000000.0	1.37231727696
824000000.0	0.630789851435
826000000.0	-1.35458216624
828000000.0	-0.958061173859
830000000.0	-1.32713591709
832000000.0	0.247007708417
834000000.0	0.880058872473
836000000.0	1.77587470626
838000000.0	-0.242506577481
840000000.0	-0.615005308096
842000000.0	-1.11317771274
844000000.0	-0.492316206204
846000000.0	1.56311158901
848000000.0	0.671760004045
850000000.0	-0.160213177677
852000000.0	-2.09029204735
854000000.0	-1.93968706333
856000000.0	0.781427826397
858000000.0	1.94866359219
860000000.0	3.2208580166
862000000.0	0.290761314753
864000000.0	-1.71164049829
866000000.0	-3.69700753016
868000000.0	-2.74343298045
870000000.0	0.462400955243
872000000.0	5.38660880371
874000000.0	5.65606142538
876000000.0	1.36725501893
878000000.0	-4.45761971954
880000000.0	-6.33580511541
882000000.0	-3.59739525963
884000000.0	3.81739626498
886000000.0	8.64482851022
888000000.0	2.75536053477
890000000.0	-6.96757386717
892000000.0	-13.0643640997
894000000.0	-0.574519157929
896000000.0	30.6258109201
898000000.0	65.2840778695
900000000.0	-163.246539353
902000000.0	58.3313242967
904000000.0	33.5169499114
906000000.0	9.74138016228
908000000.0	-5.13679601465
910000000.0	-10.3245972402
912000000.0	-7.92242163209
914000000.0	-2.45088297312
916000000.0	1.72060358674
918000000.0	4.51532255622
920000000.0	3.27055670786
922000000.0	0.621687915921
924000000.0	-2.15422527132
926000000.0	-2.9134320884
928000000.0	-1.31314634928
930000000.0	1.26140300487
932000000.0	2.43432763935
934000000.0	0.216482452688
936000000.0	-1.65472829196
938000000.0	-1.99660262012
940000000.0	-0.427876472339
942000000.0	2.37614769648
944000000.0	2.51297715285
946000000.0	-0.109298388207
948000000.0	-1.85758790389
950000000.0	-2.34949468085
952000000.0	-0.585558174031
954000000.0	0.320595048671
956000000.0	2.48721303922
958000000.0	2.14249091504
960000000.0	0.137061721267
962000000.0	-2.01094091074
964000000.0	-1.70840073295
966000000.0	0.120422893687
968000000.0	0.566163320886
970000000.0	1.60168036216
972000000.0	0.578580932456
974000000.0	-0.682802523229
976000000.0	-1.12329059431
978000000.0	-0.0601526115475
980000000.0	0.928851812372
982000000.0	1.67324112451
984000000.0	0.545129582609
986000000.0	-1.03944519504
988000000.0	-0.480602229699
990000000.0	-1.0604797179
992000000.0	0.784213944256
994000000.0	0.557335809555
996000000.0	1.2045863695
998000000.0	-0.0209091375619
1000000000.0	2.84378
1002000000.0	-1.43315060159
1004000000.0	-0.41556973197
1006000000.0	0.734516952854
1008000000.0	0.247284473659
1010000000.0	0.532199881983
1012000000.0	0.752772505736
1014000000.0	-0.743812681276
1016000000.0	-0.362287999682
1018000000.0	0.726976688314
1020000000.0	0.418568989495
1022000000.0	-0.184227465122
1024000000.0	-0.364111194928
1026000000.0	-0.446830547351
1028000000.0	-1.14136866509
1030000000.0	-0.00419790006659
1032000000.0	0.836199138323
1034000000.0	0.87374479225
1036000000.0	-0.17555374008
1038000000.0	-0.0784489431247
1040000000.0	0.204574222093
1042000000.0	-0.0241041113733
1044000000.0	0.414749374896
1046000000.0	1.09929797629
1048000000.0	-0.0290469934611
1050000000.0	-0.6753326062
1052000000.0	-0.442149947826
1054000000.0	-0.513135676552
1056000000.0	0.0515591733707
1058000000.0	0.0513552317358
1060000000.0	0.360698888971
1062000000.0	0.36272398282
1064000000.0	0.25776920227
1066000000.0	0.18061692382
1068000000.0	0.239585957477
1070000000.0	-0.446292236609
1072000000.0	0.355093463602
1074000000.0	0.174758257051
1076000000.0	-0.42085494255
1078000000.0	-0.436647940663
1080000000.0	-0.547937470934
1082000000.0	0.207573449856
1084000000.0	0.00701594033748
1086000000.0	0.0293853354048
1088000000.0	0.269318999047
1090000000.0	-0.514928907279
1092000000.0	-0.193093514225
1094000000.0	-0.206760037842
1096000000.0	-0.0274318449727
1098000000.0	0.395007683634
1100000000.0	0.834244516704
1102000000.0	0.00101499634528
1104000000.0	0.191978265837
1106000000.0	-0.196642240171
1108000000.0	0.305868357427
1110000000.0	0.41681042757
1112000000.0	0.465168601292
1114000000.0	0.375169807485
1116000000.0	-1.36728114233
1118000000.0	-0.432561245815
1120000000.0	-0.314744843075
1122000000.0	-0.154066566274
1124000000.0	0.70110394002
1126000000.0	1.63334745307
1128000000.0	0.0298648203746
1130000000.0	1.01761841181
1132000000.0	0.143337022565
1134000000.0	-0.523270398576
1136000000.0	-0.0642865971157
1138000000.0	0.242298430704
1140000000.0	0.0796679561399
1142000000.0	-0.643400274776
1144000000.0	-0.368182924772
1146000000.0	-0.509977543292
1148000000.0	0.751627152026
1150000000.0	0.926522338637
1152000000.0	-0.317281380965
1154000000.0	0.462221051263
1156000000.0	-0.29581357084
1158000000.0	-0.0486301889377
1160000000.0	0.488161461238
1162000000.0	0.357385475763
1164000000.0	0.659504842398
1166000000.0	-0.0801497553605
1168000000.0	0.0850779323286
1170000000.0	-0.458660610862
1172000000.0	0.116999187374
1174000000.0	-0.313787067782
1176000000.0	0.48851852446
1178000000.0	0.45551724289
1180000000.0	0.584991769145
1182000000.0	-0.272459856739
1184000000.0	-0.662991411507
1186000000.0	-0.153788130941
1188000000.0	0.266013139315
1190000000.0	-0.151334067032
1192000000.0	0.642337779573
1194000000.0	-0.400221020638
1196000000.0	-0.383498925131
1198000000.0	-0.104618948485
1200000000.0	1.80117324849
1202000000.0	-1.24439914277
1204000000.0	-0.851298826552
1206000000.0	-0.392443936516
1208000000.0	-0.581061024719
1210000000.0	0.834897056626
1212000000.0	-0.0846835264095
1214000000.0	-0.19728420406
1216000000.0	0.700505172947
1218000000.0	-0.0958335786661
1220000000.0	-1.05260841834
1222000000.0	0.10302658147
1224000000.0	-0.500666289998
1226000000.0	0.374392181264
1228000000.0	0.303736121968
1230000000.0	0.183012837182
1232000000.0	0.0303587371287
1234000000.0	-0.671476678353
1236000000.0	-0.219094605121
1238000000.0	-0.595299781183
1240000000.0	-0.50249820778
1242000000.0	-0.370482071534
1244000000.0	0.312773056249
1246000000.0	-0.0758733665296
1248000000.0	1.19450224761
1250000000.0	-1.68425044228
1252000000.0	0.554253370072
1254000000.0	-0.48604939713
1256000000.0	-0.0828216572249
1258000000.0	0.374306356093
1260000000.0	-0.374606786447
1262000000.0	0.0553350733023
1264000000.0	0.239249234164
1266000000.0	0.126586265922
1268000000.0	0.598812146868
1270000000.0	-1.03167048779
1272000000.0	0.29808646566
1274000000.0	0.189014097338
1276000000.0	0.558178403546
1278000000.0	1.10891462438
1280000000.0	0.0443802328493
1282000000.0	-0.421974942917
1284000000.0	0.0751181438085
1286000000.0	-0.363623881765
1288000000.0	-0.0341192107893
1290000000.0	-0.521226754525
1292000000.0	0.718805748437
1294000000.0	0.39444094478
1296000000.0	0.854798828363
1298000000.0	0.885496644811
1300000000.0	-3.99253166278
1302000000.0	2.27459704484
1304000000.0	0.593619494853
1306000000.0	0.0763016514313
1308000000.0	-1.27222575976
1310000000.0	-0.830186422129
1312000000.0	-0.841558312738
1314000000.0	0.405464584067
1316000000.0	0.444375039821
1318000000.0	-0.456494218013
1320000000.0	-0.328083617546
1322000000.0	-0.0405181706903
1324000000.0	-0.0750191759257
1326000000.0	-0.403718799144
1328000000.0	-0.625098901876
1330000000.0	0.551285618473
1332000000.0	-0.400587985271
1334000000.0	-0.0747663711605
1336000000.0	-0.184195446681
1338000000.0	-0.0283660769402
1340000000.0	0.0373854477412
1342000000.0	0.844515848778
1344000000.0	0.743241914093
1346000000.0	-0.327836275565
1348000000.0	0.452819661402
1350000000.0	-0.138602487654
1352000000.0	0.91729208654
1354000000.0	0.714246154313
1356000000.0	0.443976057577
1358000000.0	0.234191005491
1360000000.0	-0.269420000858
1362000000.0	-0.59895526936
1364000000.0	0.254053912913
1366000000.0	-0.803657377588
1368000000.0	-0.0179960646418
1370000000.0	0.516534937651
1372000000.0	-0.898611765526
1374000000.0	-1.30862243286
1376000000.0	1.19929278727
1378000000.0	1.15954640525
1380000000.0	0.624287360037
1382000000.0	0.904215951058
1384000000.0	-0.236423406645
1386000000.0	-0.208709380008
1388000000.0	-0.429976745053
1390000000.0	-0.0532677654657
1392000000.0	0.396691316359
1394000000.0	1.10874792825
1396000000.0	0.879075609551
1398000000.0	-0.56034599721
1400000000.0	1.97221038854
1402000000.0	-0.737033588704
1404000000.0	0.53835239672
1406000000.0	1.14305865776
1408000000.0	0.0501602616336
1410000000.0	0.663841518798
1412000000.0	-0.083842969968
1414000000.0	-0.626268283895
1416000000.0	-0.929873677857
1418000000.0	0.0988846932027
1420000000.0	1.38703546376
1422000000.0	-0.051902489898
1424000000.0	-0.254621978501
1426000000.0	-0.201249247164
1428000000.0	-0.676821531935
1430000000.0	-0.233478574419
1432000000.0	0.106383212813
1434000000.0	0.691900869397
1436000000.0	0.048197750864
1438000000.0	-0.719633266133
1440000000.0	0.0622972505589
1442000000.0	-0.0649338630287
1444000000.0	1.23063708549
1446000000.0	0.360114889804
1448000000.0	0.810617740749
1450000000.0	-0.0793900801052
1452000000.0	-0.660131612372
1454000000.0	-0.293320026134
1456000000.0	0.708404100179
1458000000.0	1.30799277115
1460000000.0	1.64718736405
1462000000.0	-0.231261813489
1464000000.0	-0.554002843862
1466000000.0	-1.67773839741
1468000000.0	-0.667494395643
1470000000.0	0.384867468652
1472000000.0	1.60781132347
1474000000.0	1.87028268815
1476000000.0	0.620377379321
1478000000.0	-1.92178297267
1480000000.0	-2.13683387535
1482000000.0	-0.252965976594
1484000000.0	2.22298115639
1486000000.0	1.80587039235
1488000000.0	-0.114958272137
1490000000.0	-4.08719977783
1492000000.0	-5.11540748531
1494000000.0	0.775134533542
1496000000.0	14.5904492729
1498000000.0	30.1186604784
1500000000.0	-75.9219349323
1502000000.0	25.900730091
1504000000.0	15.1165741792
1506000000.0	3.86091478077
1508000000.0	-3.07480293808
1510000000.0	-4.62166099774
1512000000.0	-2.12762977154
1514000000.0	-0.391037735075
1516000000.0	1.78570585161
1518000000.0	1.39740149737
1520000000.0	0.657753999563
1522000000.0	0.880918065573
1524000000.0	-0.433203954229
1526000000.0	-0.367156567337
1528000000.0	0.738467475771
1530000000.0	1.30642441073
1532000000.0	0.359874737151
1534000000.0	0.0372145231559
1536000000.0	-1.22499741232
1538000000.0	-0.412934978717
1540000000.0	0.831452288296
1542000000.0	1.2479372874
1544000000.0	1.01131775483
1546000000.0	0.425158136053
1548000000.0	-0.0685811726093
1550000000.0	-1.17449955234
1552000000.0	-0.699229275959
1554000000.0	0.306524510407
1556000000.0	0.7040725546
1558000000.0	0.431411141202
1560000000.0	-0.277262827102
1562000000.0	-0.13582073928
1564000000.0	-0.59109510145
1566000000.0	0.297239189334
1568000000.0	-0.592444710372
1570000000.0	0.104441227905
1572000000.0	0.831422819759
1574000000.0	-0.228286223015
1576000000.0	-0.192431862956
1578000000.0	-0.0300762125721
1580000000.0	-0.0555739319882
1582000000.0	0.957992090101
1584000000.0	-0.581093675243
1586000000.0	-0.24335923443
1588000000.0	-0.931429886899
1590000000.0	-0.356993904528
1592000000.0	-0.740335366957
1594000000.0	0.170027477413
1596000000.0	0.618516426559
1598000000.0	-0.133335172552
1600000000.0	-0.128342669673
1602000000.0	-0.00377576052279
1604000000.0	0.699297355401
1606000000.0	0.104387225853
1608000000.0	-0.0263211464739
1610000000.0	0.350898798228
1612000000.0	0.14463745623
1614000000.0	0.0367531649838
1616000000.0	-0.294767468464
1618000000.0	-0.201878586532
1620000000.0	-0.633398002411
1622000000.0	-0.249592533886
1624000000.0	0.92351914906
1626000000.0	-0.373484410363
1628000000.0	0.000202979686408
1630000000.0	0.345878346628
1632000000.0	0.773621240371
1634000000.0	0.196627605572
1636000000.0	0.894227871235
1638000000.0	0.354401324155
1640000000.0	-0.629172296745
1642000000.0	-0.253170989307
1644000000.0	0.154566164802
1646000000.0	-0.130398867482
1648000000.0	0.625967808458
1650000000.0	0.0820253939976
1652000000.0	-0.326318225148
1654000000.0	-0.547710147654
1656000000.0	0.076931203623
1658000000.0	0.320463771612
1660000000.0	0.235798178741
1662000000.0	0.159381186805
1664000000.0	0.310892337385
1666000000.0	0.632689001748
1668000000.0	0.0961297460938
1670000000.0	0.222304141681
1672000000.0	-0.0929344144142
1674000000.0	0.305794569563
1676000000.0	-0.796187662391
1678000000.0	0.178479538063
1680000000.0	0.814987654359
1682000000.0	-0.985925117264
1684000000.0	0.374145456331
1686000000.0	0.471273949675
1688000000.0	0.888064111668
1690000000.0	-0.164126921078
1692000000.0	-0.571419261606
1694000000.0	0.483103045033
1696000000.0	0.236195416622
1698000000.0	-0.555266411206
1700000000.0	1.81753345307
1702000000.0	-0.118266280698
1704000000.0	-0.0154593756184
1706000000.0	-0.118838155648
1708000000.0	0.145369996769
1710000000.0	0.00725588391084
1712000000.0	0.199856035322
1714000000.0	0.0288007387496
1716000000.0	-0.139941681891
1718000000.0	-0.877811520255
1720000000.0	0.00458720807063
1722000000.0	-1.02508933771
1724000000.0	-0.468714765709
1726000000.0	0.156486142947
1728000000.0	0.00422453612685
1730000000.0	0.197321928598
1732000000.0	-0.306176585963
1734000000.0	0.370590984687
1736000000.0	0.632960740173
1738000000.0	-0.199994886988
1740000000.0	-0.427285667977
1742000000.0	-0.502588502035
1744000000.0	0.398016223453
1746000000.0	0.269933319005
1748000000.0	-0.567478647871
1750000000.0	-2.58549662029
1752000000.0	-0.903157784423
1754000000.0	-1.11747867791
1756000000.0	-0.476498887431
1758000000.0	0.536325675519
1760000000.0	-0.396255020638
1762000000.0	-0.0803588751242
1764000000.0	-0.163941340901
1766000000.0	0.243586753121
1768000000.0	0.402675752432
1770000000.0	0.391065686795
1772000000.0	0.0518275802965
1774000000.0	0.211612344931
1776000000.0	0.0751483591232
1778000000.0	-0.0372005928962
1780000000.0	-0.257100589754
1782000000.0	0.127905392387
1784000000.0	-0.127339495672
1786000000.0	-0.539097643193
1788000000.0	0.379151984095
1790000000.0	-0.72458446962
1792000000.0	-0.0391701444038
1794000000.0	-0.170245238932
1796000000.0	-0.319035418593
1798000000.0	-0.509176507058
1800000000.0	1.37050545053
1802000000.0	-0.885284372103
1804000000.0	0.0957061341299
1806000000.0	0.274706492792
1808000000.0	0.153775335611
1810000000.0	0.461539049902
1812000000.0	0.193797787545
1814000000.0	0.0534992219453
1816000000.0	0.740694219412
1818000000.0	-0.131899177155
1820000000.0	-0.617114135026
1822000000.0	-0.0335474493454
1824000000.0	-0.271636491568
1826000000.0	-0.0165406817935
1828000000.0	0.0260959782675
1830000000.0	-0.695930022486
1832000000.0	0.44117394303
1834000000.0	0.0503241563576
1836000000.0	0.48916542647
1838000000.0	0.400703439902
1840000000.0	0.179404908709
1842000000.0	-0.241272000302
1844000000.0	0.271136039153
1846000000.0	0.46447487498
1848000000.0	-0.753185681872
1850000000.0	-0.385926613126
1852000000.0	0.180994840676
1854000000.0	-0.129051400732
1856000000.0	0.135467555568
1858000000.0	0.32538998232
1860000000.0	0.273433197697
1862000000.0	0.0184586101951
1864000000.0	-0.264607390854
1866000000.0	-0.197459327517
1868000000.0	-0.259595757762
1870000000.0	0.375298581358
1872000000.0	0.433976626944
1874000000.0	0.510835891542
1876000000.0	0.738452320102
1878000000.0	0.979909621332
1880000000.0	-0.301874700455
1882000000.0	-0.111913622329
1884000000.0	0.712102948527
1886000000.0	0.635178390662
1888000000.0	-0.524656228359
1890000000.0	-0.886261580811
1892000000.0	-1.34433494311
1894000000.0	-0.054614518051
1896000000.0	3.31800257277
1898000000.0	6.0605913893
1900000000.0	-18.086224817
1902000000.0	7.93475487224
1904000000.0	4.04836723799
1906000000.0	0.128806197083
1908000000.0	-0.966983236789
1910000000.0	-0.955002864861
1912000000.0	-0.202881405979
1914000000.0	0.690821013043
1916000000.0	0.939144106898
1918000000.0	-0.375077242189
1920000000.0	-0.494995792409
1922000000.0	-0.562405438615
1924000000.0	-0.962874368234
1926000000.0	-0.146898621035
1928000000.0	0.0532996175673
1930000000.0	0.343816527297
1932000000.0	0.5087952663
1934000000.0	-0.237398358582
1936000000.0	0.0838987111456
1938000000.0	-0.335116581907
1940000000.0	0.145910524642
1942000000.0	0.559527746937
1944000000.0	-0.253892824972
1946000000.0	-0.44005618597
1948000000.0	-0.0568549489745
1950000000.0	-0.766326777961
1952000000.0	0.546510639583
1954000000.0	0.314581548158
1956000000.0	0.139374419284
1958000000.0	-0.331718700508
1960000000.0	-0.00506274837992
1962000000.0	0.196534807829
1964000000.0	0.782890317484
1966000000.0	-0.0183105642162
1968000000.0	0.491070804543
1970000000.0	1.35969045976
1972000000.0	0.266960872704
1974000000.0	-0.00611419998238
1976000000.0	-0.624378394939
1978000000.0	0.565990442457
1980000000.0	0.0412668064024
1982000000.0	-0.0318173826976
1984000000.0	-0.13897012942
1986000000.0	-0.704700263148
1988000000.0	-0.560111315566
1990000000.0	0.760473207354
1992000000.0	-0.31673649295
1994000000.0	0.363976717546
1996000000.0	0.634123073333
1998000000.0	-0.317867455793
2000000000.0	-2.031185
