0.0	-47.34375
2000000.0	4.32413434221
4000000.0	10.5571129375
6000000.0	6.2123667587
8000000.0	-9.22781434681
10000000.0	-22.1439461525
12000000.0	-16.6763974111
14000000.0	-0.894211148827
16000000.0	18.3106269065
18000000.0	26.1987558002
20000000.0	18.2539828823
22000000.0	-7.35425977931
24000000.0	-27.0514264839
26000000.0	-28.6779962731
28000000.0	-12.5328696587
30000000.0	11.9786276894
32000000.0	24.067234114
34000000.0	18.5542641663
36000000.0	-6.60682579662
38000000.0	-19.9396535126
40000000.0	-13.6663148281
42000000.0	-0.709826860907
44000000.0	13.1909239018
46000000.0	12.6090172851
48000000.0	1.03978627091
50000000.0	-11.4956419698
52000000.0	-10.7376463449
54000000.0	2.90416577286
56000000.0	13.9832166265
58000000.0	17.6554682157
60000000.0	6.49033811965
62000000.0	-9.84839869769
64000000.0	-17.0151324282
66000000.0	-8.75825936338
68000000.0	6.33115129305
70000000.0	13.4842058347
72000000.0	9.50490958555
74000000.0	-1.96366171515
76000000.0	-10.0928940733
78000000.0	-6.66742497119
80000000.0	-0.359055234934
82000000.0	6.71402928346
84000000.0	4.64709483543
86000000.0	-3.01588455689
88000000.0	-8.21034206488
90000000.0	-7.69588681233
92000000.0	0.477275903859
94000000.0	9.80587181015
96000000.0	9.28988124472
98000000.0	1.73553195414
100000000.0	-4.19995059389
102000000.0	-9.62556331999
104000000.0	-3.40117676838
106000000.0	2.94836948259
108000000.0	8.05056687035
110000000.0	2.76718484455
112000000.0	-4.0933268128
114000000.0	-6.56611299309
116000000.0	-3.02281213408
118000000.0	5.53385523964
120000000.0	8.16568646726
122000000.0	6.80230833577
124000000.0	0.817583110746
126000000.0	-11.3707963693
128000000.0	-8.96312848804
130000000.0	-3.16284324923
132000000.0	3.61521170469
134000000.0	7.50317131076
136000000.0	2.71192723865
138000000.0	-1.17112604222
140000000.0	-3.86160189893
142000000.0	-3.50759778591
144000000.0	-0.521598908217
146000000.0	1.3115154311
148000000.0	0.226592259691
150000000.0	-2.67790116746
152000000.0	-2.09712801073
154000000.0	-0.394274105933
156000000.0	4.02635011583
158000000.0	3.78086973126
160000000.0	1.58259438938
162000000.0	-2.2684199586
164000000.0	-5.32835283629
166000000.0	-5.77463160973
168000000.0	-0.943146762678
170000000.0	4.75603858612
172000000.0	6.78946952439
174000000.0	4.74505341146
176000000.0	0.440066297989
178000000.0	-4.46759967212
180000000.0	-5.77964680918
182000000.0	-1.72241324668
184000000.0	-0.139281206664
186000000.0	2.85798692187
188000000.0	1.15746310865
190000000.0	-1.08643065668
192000000.0	-1.72058198999
194000000.0	-0.0948905070681
196000000.0	5.39571169099
198000000.0	4.41878354943
200000000.0	-1.83523901893
202000000.0	-3.94157272055
204000000.0	-6.25507721318
206000000.0	-4.79986130875
208000000.0	-0.234050818148
210000000.0	6.45758811294
212000000.0	7.09480707656
214000000.0	2.79965180117
216000000.0	-1.77798978018
218000000.0	-6.58003902778
220000000.0	-2.4114276227
222000000.0	1.00434145452
224000000.0	4.48511486731
226000000.0	1.32121709013
228000000.0	-3.83714025967
230000000.0	-6.10832489983
232000000.0	-2.06750492349
234000000.0	6.81457375997
236000000.0	10.8814041105
238000000.0	5.93747773262
240000000.0	-5.08142708643
242000000.0	-13.2882688484
244000000.0	-11.7303757324
246000000.0	1.33326827923
248000000.0	13.2707890499
250000000.0	12.107532098
252000000.0	4.88928778195
254000000.0	-10.2971253073
256000000.0	-11.6867510892
258000000.0	-3.53094192759
260000000.0	10.6804838838
262000000.0	11.6011930148
264000000.0	-1.29785756365
266000000.0	-16.5390054152
268000000.0	-18.997229577
270000000.0	-1.04092605576
272000000.0	25.8766954231
274000000.0	37.0682203142
276000000.0	13.5685725868
278000000.0	-26.0890409192
280000000.0	-51.7771385148
282000000.0	-34.5113459678
284000000.0	17.2389964146
286000000.0	56.6507887687
288000000.0	41.9041450515
290000000.0	-18.7358645305
292000000.0	-67.3230237194
294000000.0	-27.6711585764
296000000.0	121.607171893
298000000.0	292.986622016
300000000.0	-757.26966123
302000000.0	286.92960665
304000000.0	170.959906493
306000000.0	56.5227558078
308000000.0	-27.2750199093
310000000.0	-66.0650511353
312000000.0	-55.349055722
314000000.0	-14.0875804165
316000000.0	23.9170435125
318000000.0	34.7370625503
320000000.0	17.3568669476
322000000.0	-6.57069234025
324000000.0	-16.8281110715
326000000.0	-8.80735679154
328000000.0	6.94721464442
330000000.0	12.7787272918
332000000.0	4.44484032413
334000000.0	-11.0360378639
336000000.0	-16.2019684524
338000000.0	-4.9894049394
340000000.0	8.11011494828
342000000.0	16.2189896068
344000000.0	12.0283957734
346000000.0	-1.65376854009
348000000.0	-14.0715547557
350000000.0	-15.7053428947
352000000.0	-1.78460716845
354000000.0	10.0718780307
356000000.0	11.7944411833
358000000.0	2.93487996517
360000000.0	-5.47994121129
362000000.0	-8.90962672946
364000000.0	-1.59867141702
366000000.0	8.3768766586
368000000.0	9.12718541866
370000000.0	1.16548477568
372000000.0	-8.10724188318
374000000.0	-8.45489735275
376000000.0	-5.51079920672
378000000.0	7.14397262788
380000000.0	11.9178298869
382000000.0	5.91337759619
384000000.0	-4.73417359437
386000000.0	-9.25136692609
388000000.0	-7.19121590617
390000000.0	2.24033024774
392000000.0	5.96802809616
394000000.0	3.89025134328
396000000.0	-1.6914220501
398000000.0	-6.17596879038
400000000.0	-5.59957264299
402000000.0	3.23912780403
404000000.0	7.96366131152
406000000.0	5.88097276308
408000000.0	-2.88764575412
410000000.0	-7.64996613373
412000000.0	-7.44509867895
414000000.0	-1.04041493995
416000000.0	5.28500361253
418000000.0	7.50129695167
420000000.0	1.08247007029
422000000.0	-3.64222801348
424000000.0	-5.50595652499
426000000.0	-0.397876628925
428000000.0	5.36852821166
430000000.0	4.8876970014
432000000.0	0.0980304092495
434000000.0	-5.23400694886
436000000.0	-5.45647498876
438000000.0	0.562770154955
440000000.0	4.14025215918
442000000.0	6.91920174832
444000000.0	0.494847030925
446000000.0	-4.45462821833
448000000.0	-6.35535138678
450000000.0	-2.44627187347
452000000.0	2.32968867365
454000000.0	6.46020665772
456000000.0	3.37527832367
458000000.0	-1.22115568653
460000000.0	-3.00793973629
462000000.0	-3.68300163477
464000000.0	-0.330296989526
466000000.0	5.72477706862
468000000.0	2.16370782176
470000000.0	-0.850933004412
472000000.0	-4.45836069287
474000000.0	-3.67785338366
476000000.0	1.28589492892
478000000.0	4.02318916718
480000000.0	2.45273455871
482000000.0	-0.869344296589
484000000.0	-4.02701563974
486000000.0	-5.46328951659
488000000.0	-0.637750287723
490000000.0	3.18860694976
492000000.0	3.627215398
494000000.0	0.839194016494
496000000.0	-2.02395785143
498000000.0	-3.21292039173
500000000.0	-0.366159466206
502000000.0	1.30299579415
504000000.0	3.93268344805
506000000.0	0.536038406566
508000000.0	-2.14662312336
510000000.0	-3.73033524846
512000000.0	-0.588592074349
514000000.0	1.73737551658
516000000.0	4.0900684518
518000000.0	3.18571134167
520000000.0	-2.1238485708
522000000.0	-3.60729453947
524000000.0	-2.65972198127
526000000.0	3.13339254972
528000000.0	1.47139888423
530000000.0	1.57769750645
532000000.0	-1.30026984856
534000000.0	-2.42358025321
536000000.0	-2.34713444865
538000000.0	1.07205714332
540000000.0	3.11970893439
542000000.0	2.35137571891
544000000.0	-0.187007446194
546000000.0	-3.46542019022
548000000.0	-1.15634500087
550000000.0	-0.603352165697
552000000.0	3.46109812393
554000000.0	1.68995667927
556000000.0	-0.893363832173
558000000.0	-1.09977078471
560000000.0	-1.44682759387
562000000.0	0.468712471406
564000000.0	1.91363740458
566000000.0	1.75894124898
568000000.0	0.220401796877
570000000.0	-2.35551287485
572000000.0	-3.04060169037
574000000.0	-0.648716719016
576000000.0	0.919429906192
578000000.0	2.74568785512
580000000.0	3.39169849786
582000000.0	-0.63143612476
584000000.0	-2.1588719536
586000000.0	-1.21012603268
588000000.0	2.52109960174
590000000.0	2.509417447
592000000.0	3.20343659516
594000000.0	-1.70298858367
596000000.0	-5.80805598484
598000000.0	-6.01174976398
600000000.0	17.6785944519
602000000.0	-3.18490160016
604000000.0	-4.50781303596
606000000.0	-1.1223310989
608000000.0	-0.37360045345
610000000.0	0.14330171039
612000000.0	2.98111719002
614000000.0	1.44305676919
616000000.0	1.02144582254
618000000.0	0.461315293561
620000000.0	-1.32904107452
622000000.0	-1.19581231772
624000000.0	4.67755092771
626000000.0	-2.2594934828
628000000.0	-0.144312826913
630000000.0	-0.241975030282
632000000.0	-2.50200711034
634000000.0	-2.36826449738
636000000.0	0.248866489697
638000000.0	2.29210366696
640000000.0	3.282590276
642000000.0	-1.08682957538
644000000.0	-1.96447460814
646000000.0	-1.13321097872
648000000.0	0.0157132006254
650000000.0	2.03201690009
652000000.0	1.13479477419
654000000.0	-1.89550489753
656000000.0	-2.27421333048
658000000.0	-1.99603388565
660000000.0	-0.705637809494
662000000.0	1.84630582643
664000000.0	0.89799682211
666000000.0	-0.665341200569
668000000.0	-2.05309663034
670000000.0	-3.32256112305
672000000.0	-0.477036801635
674000000.0	0.395023868727
676000000.0	2.38496295964
678000000.0	0.930850988584
680000000.0	-2.82022396251
682000000.0	-2.26067741305
684000000.0	-1.19591171922
686000000.0	0.740089905222
688000000.0	2.5038930632
690000000.0	-0.00496439016556
692000000.0	-0.287865201726
694000000.0	-2.92301363336
696000000.0	-0.708124600094
698000000.0	1.58785578467
700000000.0	0.965553443263
702000000.0	1.99853996145
704000000.0	-0.752669635169
706000000.0	-1.83239246675
708000000.0	-0.789468992675
710000000.0	0.242271210265
712000000.0	1.92289014503
714000000.0	1.31000361804
716000000.0	-0.284813554416
718000000.0	-1.83351010127
720000000.0	-2.34662875935
722000000.0	0.272992238376
724000000.0	2.202356961
726000000.0	1.51630838064
728000000.0	-0.319866272903
730000000.0	-2.51567561408
732000000.0	-1.60891230547
734000000.0	-1.56597586702
736000000.0	1.9084514019
738000000.0	2.39957536438
740000000.0	-1.45283036326
742000000.0	-1.60417257965
744000000.0	-2.23057898447
746000000.0	-0.364388087949
748000000.0	1.82867247911
750000000.0	3.31547112709
752000000.0	0.932198278773
754000000.0	-0.762442714376
756000000.0	-2.62994909878
758000000.0	0.0231744466125
760000000.0	1.37869687696
762000000.0	2.10568387812
764000000.0	-0.358227872634
766000000.0	-2.72103592211
768000000.0	-3.17557126381
770000000.0	-1.04418259527
772000000.0	1.70716238405
774000000.0	3.16637048965
776000000.0	1.012913849
778000000.0	-0.399077753865
780000000.0	-2.6920293313
782000000.0	-2.52353351284
784000000.0	-0.275680818808
786000000.0	4.32199220032
788000000.0	0.154676744849
790000000.0	-0.584085396321
792000000.0	-2.84336975954
794000000.0	-2.46813584662
796000000.0	3.08278527435
798000000.0	3.0835250575
800000000.0	1.17307834885
802000000.0	-0.280876033571
804000000.0	-3.08250527357
806000000.0	-2.71309813253
808000000.0	-0.613052318012
810000000.0	2.07343735763
812000000.0	3.01419032408
814000000.0	0.167084559766
816000000.0	-0.983177304606
818000000.0	-3.3217227286
820000000.0	0.134641343198
822000000.0	1.32804088895
824000000.0	2.47368333888
826000000.0	1.56735498977
828000000.0	-2.65124408805
830000000.0	-3.15129320342
832000000.0	-1.0773488264
834000000.0	3.16933231933
836000000.0	4.19865903497
838000000.0	3.25571189386
840000000.0	-2.51805565283
842000000.0	-4.84267953895
844000000.0	-3.89723904726
846000000.0	0.864640785055
848000000.0	4.46886828094
850000000.0	3.63785006856
852000000.0	-1.06728428548
854000000.0	-4.64878095274
856000000.0	-3.71227305866
858000000.0	1.13905664166
860000000.0	6.37838115438
862000000.0	4.54961336643
864000000.0	-1.83740749637
866000000.0	-7.70138216203
868000000.0	-7.20226325725
870000000.0	-0.644417767839
872000000.0	8.67399849663
874000000.0	10.6401092548
876000000.0	4.00030235229
878000000.0	-8.86040416409
880000000.0	-15.6619548032
882000000.0	-5.231153147
884000000.0	8.31027576356
886000000.0	18.3193086884
888000000.0	7.34930628117
890000000.0	-15.5375003198
892000000.0	-29.2616089898
894000000.0	-2.41675672376
896000000.0	66.5455615822
898000000.0	144.816193537
900000000.0	-353.674593169
902000000.0	132.165422074
904000000.0	72.4002434066
906000000.0	13.1584569212
908000000.0	-19.8510793823
910000000.0	-22.2202208918
912000000.0	-8.37933119259
914000000.0	3.23753428148
916000000.0	8.95575635836
918000000.0	4.75288052523
920000000.0	-2.37505204344
922000000.0	-3.90952330784
924000000.0	-2.69026896111
926000000.0	3.18203328797
928000000.0	5.4269585781
930000000.0	1.91582295871
932000000.0	-1.81110596971
934000000.0	-4.49670438026
936000000.0	-3.83651671234
938000000.0	1.15595136049
940000000.0	2.59056230098
942000000.0	2.03851885052
944000000.0	2.2430746589
946000000.0	-1.32166752555
948000000.0	-4.15708132835
950000000.0	-3.08852136352
952000000.0	0.863733630566
954000000.0	1.9089636058
956000000.0	0.491842363888
958000000.0	0.0176896851424
960000000.0	-1.27536855083
962000000.0	-0.719506998703
964000000.0	0.437585218232
966000000.0	1.01522553888
968000000.0	0.547784792752
970000000.0	-0.048227995489
972000000.0	-1.49213302768
974000000.0	-0.566134164674
976000000.0	0.015308831115
978000000.0	0.316986748023
980000000.0	1.28720817722
982000000.0	-0.280251955396
984000000.0	-0.561376511904
986000000.0	0.631419944212
988000000.0	-0.247510025765
990000000.0	0.139195401096
992000000.0	1.14081060679
994000000.0	0.163186415169
996000000.0	0.324781720023
998000000.0	1.48612210215
1000000000.0	-4.03125
1002000000.0	0.790122429351
1004000000.0	1.74465627535
1006000000.0	1.21229729965
1008000000.0	-0.054284976155
1010000000.0	0.878394488478
1012000000.0	-2.18361318596
1014000000.0	0.144020671201
1016000000.0	0.0272695198478
1018000000.0	1.20570822786
1020000000.0	0.0791929954681
1022000000.0	-0.807155254443
1024000000.0	0.113950809523
1026000000.0	-1.17239419206
1028000000.0	0.385396380393
1030000000.0	1.95503282575
1032000000.0	-0.288858024258
1034000000.0	0.32153742893
1036000000.0	-1.70821042616
1038000000.0	0.490664814839
1040000000.0	-0.772274236816
1042000000.0	0.282378048167
1044000000.0	0.134136477531
1046000000.0	0.539859196422
1048000000.0	-0.0991219680004
1050000000.0	0.704020727522
1052000000.0	0.808414538525
1054000000.0	0.662249939203
1056000000.0	1.54409569453
1058000000.0	0.655915435237
1060000000.0	0.314236713869
1062000000.0	-0.944879966886
1064000000.0	-0.69445709125
1066000000.0	0.211326847697
1068000000.0	0.118463773553
1070000000.0	-0.731574713421
1072000000.0	-1.15326378272
1074000000.0	0.550280625297
1076000000.0	0.544505734097
1078000000.0	1.6425476804
1080000000.0	1.03001464701
1082000000.0	-0.30337925889
1084000000.0	0.424454132404
1086000000.0	-0.504365495572
1088000000.0	-0.156673146607
1090000000.0	0.225120662367
1092000000.0	1.5726211224
1094000000.0	-0.177279071388
1096000000.0	-0.45120934882
1098000000.0	-0.783894552613
1100000000.0	2.35908725433
1102000000.0	-0.781225467111
1104000000.0	-0.358699246969
1106000000.0	-0.530605907145
1108000000.0	-0.157425408806
1110000000.0	0.0970308122435
1112000000.0	-0.876899778619
1114000000.0	-0.726973320939
1116000000.0	-0.400777252783
1118000000.0	-0.153227283236
1120000000.0	-0.636208674899
1122000000.0	0.641879939311
1124000000.0	-1.22178376571
1126000000.0	0.836578882839
1128000000.0	0.0776199372582
1130000000.0	0.612275204431
1132000000.0	1.30343100485
1134000000.0	-0.271475657755
1136000000.0	0.548157618649
1138000000.0	-0.57812416862
1140000000.0	-0.0359677809558
1142000000.0	-1.20420946407
1144000000.0	0.110241113413
1146000000.0	-0.278763968564
1148000000.0	0.904923667255
1150000000.0	-1.25284913353
1152000000.0	0.935496665516
1154000000.0	-0.107633923598
1156000000.0	0.0965570354192
1158000000.0	-0.199267703086
1160000000.0	0.205537614911
1162000000.0	0.900793850302
1164000000.0	0.0566524988857
1166000000.0	0.101339263866
1168000000.0	0.188234380996
1170000000.0	0.31950732376
1172000000.0	-0.487763928378
1174000000.0	-0.596429012446
1176000000.0	-1.70626134651
1178000000.0	0.863902955268
1180000000.0	1.25733424248
1182000000.0	-0.043011868948
1184000000.0	0.11641228015
1186000000.0	-1.55077678338
1188000000.0	-0.546870264033
1190000000.0	0.408261592626
1192000000.0	1.30613412454
1194000000.0	-0.242600010656
1196000000.0	-1.27495856775
1198000000.0	-3.62207028626
1200000000.0	9.45894764299
1202000000.0	-3.6456997094
1204000000.0	-2.35910688638
1206000000.0	-0.749752231682
1208000000.0	-0.291287020047
1210000000.0	0.818243548397
1212000000.0	-0.250048618489
1214000000.0	-0.891446695232
1216000000.0	-0.750755766413
1218000000.0	0.328894256328
1220000000.0	0.779267909148
1222000000.0	0.318398430097
1224000000.0	0.0863681294635
1226000000.0	-0.338731899391
1228000000.0	-0.0886558575394
1230000000.0	-1.42830366925
1232000000.0	0.44126486462
1234000000.0	-0.238015225258
1236000000.0	1.15502847142
1238000000.0	0.313803009311
1240000000.0	-0.211381659761
1242000000.0	-0.592290851821
1244000000.0	-0.0300241916638
1246000000.0	1.3854994122
1248000000.0	-0.255362598242
1250000000.0	-0.455320505416
1252000000.0	-0.384489848217
1254000000.0	-1.0886781166
1256000000.0	0.806348451121
1258000000.0	1.46682141515
1260000000.0	-0.276050690827
1262000000.0	1.06671450123
1264000000.0	1.50066131498
1266000000.0	-1.47765361212
1268000000.0	0.0760391084633
1270000000.0	0.88186681169
1272000000.0	1.75329998035
1274000000.0	-0.210376403863
1276000000.0	1.53800427476
1278000000.0	0.310167004809
1280000000.0	-0.914375087524
1282000000.0	-0.461742948439
1284000000.0	0.414551477379
1286000000.0	0.395408776551
1288000000.0	0.827452689804
1290000000.0	0.0416926428962
1292000000.0	-0.796552836145
1294000000.0	-0.176921501727
1296000000.0	-0.436051087826
1298000000.0	2.00097608344
1300000000.0	-3.57415844037
1302000000.0	1.42425245789
1304000000.0	1.32859388545
1306000000.0	0.928742215974
1308000000.0	0.982750988911
1310000000.0	-1.50354005532
1312000000.0	-0.432389547458
1314000000.0	0.196944966923
1316000000.0	-0.29912755288
1318000000.0	1.14326643171
1320000000.0	0.025078437665
1322000000.0	0.277831150875
1324000000.0	0.0480917008506
1326000000.0	-0.677120876595
1328000000.0	-1.59331963792
1330000000.0	0.371963642285
1332000000.0	0.342647644769
1334000000.0	1.17342279754
1336000000.0	0.167793630004
1338000000.0	0.842512578907
1340000000.0	1.21052924792
1342000000.0	0.544502788171
1344000000.0	0.179025327964
1346000000.0	0.61653258046
1348000000.0	0.148568453873
1350000000.0	-1.56176210097
1352000000.0	-0.605077047753
1354000000.0	-0.81521654423
1356000000.0	0.912030918861
1358000000.0	1.85368001124
1360000000.0	-0.265894978932
1362000000.0	-0.0649176183626
1364000000.0	-0.382598402429
1366000000.0	-1.05168673991
1368000000.0	-0.747471210454
1370000000.0	0.313113881351
1372000000.0	-1.57889838929
1374000000.0	-3.81443966434
1376000000.0	2.89524050018
1378000000.0	1.14726969528
1380000000.0	0.148622122218
1382000000.0	1.03778946298
1384000000.0	0.687908223713
1386000000.0	0.434639744489
1388000000.0	-0.789079247098
1390000000.0	-1.37139777032
1392000000.0	-0.290251062793
1394000000.0	0.469424666837
1396000000.0	2.09000249901
1398000000.0	1.76875344203
1400000000.0	-0.268801465646
1402000000.0	-0.772327091008
1404000000.0	-1.42284921777
1406000000.0	-0.322132889632
1408000000.0	0.408983665875
1410000000.0	-0.839887320509
1412000000.0	0.914743600794
1414000000.0	-1.55552782411
1416000000.0	-0.189409094704
1418000000.0	-0.364015453446
1420000000.0	0.969118222421
1422000000.0	1.27494478754
1424000000.0	-0.044728861961
1426000000.0	0.432751581452
1428000000.0	-0.816955136003
1430000000.0	-0.719376069699
1432000000.0	0.267422710104
1434000000.0	0.49543780593
1436000000.0	1.56701170927
1438000000.0	0.586645410276
1440000000.0	-0.429064287117
1442000000.0	-0.931135626719
1444000000.0	-0.747465699899
1446000000.0	1.61099343925
1448000000.0	0.403469892803
1450000000.0	1.62729717487
1452000000.0	-1.38985954329
1454000000.0	-1.62559519196
1456000000.0	-0.49928612918
1458000000.0	0.188375342669
1460000000.0	1.79492795599
1462000000.0	0.333121414389
1464000000.0	-0.584421646736
1466000000.0	-3.07613398179
1468000000.0	-2.62334103541
1470000000.0	0.235335845638
1472000000.0	3.1886600004
1474000000.0	2.82464583679
1476000000.0	1.26296428128
1478000000.0	-2.2395862287
1480000000.0	-4.17623051115
1482000000.0	-0.722595197281
1484000000.0	3.13775797257
1486000000.0	4.57028494714
1488000000.0	0.0228721923741
1490000000.0	-8.86687242054
1492000000.0	-10.2468992967
1494000000.0	1.31126331961
1496000000.0	29.77485808
1498000000.0	68.1662424838
1500000000.0	-161.321340534
1502000000.0	60.3112565998
1504000000.0	31.1092772292
1506000000.0	3.7339477299
1508000000.0	-9.60844938823
1510000000.0	-10.4304933977
1512000000.0	-0.820391102853
1514000000.0	4.8686421327
1516000000.0	3.96891037402
1518000000.0	0.113984867797
1520000000.0	-2.56672116765
1522000000.0	-2.8735059444
1524000000.0	-0.139670057241
1526000000.0	2.99102409803
1528000000.0	5.41600946655
1530000000.0	0.394182491793
1532000000.0	-2.19057284103
1534000000.0	-1.50216474147
1536000000.0	-2.74969995173
1538000000.0	1.57692765994
1540000000.0	2.53807460348
1542000000.0	0.864092385741
1544000000.0	0.595953086396
1546000000.0	-1.07612125365
1548000000.0	-1.8467753138
1550000000.0	-0.355012656232
1552000000.0	0.750540942768
1554000000.0	0.866577664659
1556000000.0	-0.391676685906
1558000000.0	-1.47183230576
1560000000.0	-0.519416117572
1562000000.0	-0.408951813809
1564000000.0	1.12543310394
1566000000.0	2.945410238
1568000000.0	0.977148772741
1570000000.0	-0.583437981694
1572000000.0	-1.80806150117
1574000000.0	-0.895904079551
1576000000.0	1.02409671413
1578000000.0	0.351860232322
1580000000.0	0.447920782442
1582000000.0	0.477855251866
1584000000.0	-0.0358958692934
1586000000.0	-0.445068357119
1588000000.0	0.0582650039605
1590000000.0	1.18065618679
1592000000.0	-0.82106877641
1594000000.0	0.778008118637
1596000000.0	-2.04522061197
1598000000.0	-1.11996412806
1600000000.0	2.18629665115
1602000000.0	1.00168740868
1604000000.0	0.286319918381
1606000000.0	-0.716863592936
1608000000.0	-0.37446560851
1610000000.0	-1.27910820043
1612000000.0	-0.291354067882
1614000000.0	0.939266392581
1616000000.0	0.35082927726
1618000000.0	0.407468110079
1620000000.0	0.0771562462165
1622000000.0	-2.01341716272
1624000000.0	-3.21250501862
1626000000.0	2.81890234926
1628000000.0	0.131444025099
1630000000.0	-0.293262718941
1632000000.0	0.263258212178
1634000000.0	-0.674492157318
1636000000.0	-0.651092006338
1638000000.0	1.72217437018
1640000000.0	1.40957207641
1642000000.0	1.34673530843
1644000000.0	-1.01567570201
1646000000.0	-0.708450274447
1648000000.0	-0.766430786596
1650000000.0	0.747645824609
1652000000.0	-0.523782266907
1654000000.0	0.0348407867666
1656000000.0	-0.674275686993
1658000000.0	0.79885621274
1660000000.0	0.662772889771
1662000000.0	-0.22029865003
1664000000.0	0.203151360736
1666000000.0	0.926051029221
1668000000.0	-0.278389372518
1670000000.0	0.816336574282
1672000000.0	0.244200839298
1674000000.0	-1.44718605208
1676000000.0	1.56470313256
1678000000.0	0.852069443292
1680000000.0	-0.536318559211
1682000000.0	-0.215689549869
1684000000.0	-0.560240360988
1686000000.0	-0.826612927017
1688000000.0	0.929318558921
1690000000.0	0.239265690015
1692000000.0	0.152945869716
1694000000.0	0.884055360216
1696000000.0	-0.21596712812
1698000000.0	-0.273618794717
1700000000.0	-0.586892899348
1702000000.0	0.523827447944
1704000000.0	0.772740629737
1706000000.0	-0.757946429023
1708000000.0	0.424905739768
1710000000.0	0.556413588938
1712000000.0	1.47538242087
1714000000.0	-0.638781903902
1716000000.0	0.995114631086
1718000000.0	-0.134246152146
1720000000.0	0.594879100759
1722000000.0	0.513631157048
1724000000.0	0.378000766915
1726000000.0	0.647479175257
1728000000.0	0.161463485143
1730000000.0	0.0879019933377
1732000000.0	0.0116268245681
1734000000.0	-1.81205640675
1736000000.0	-0.287130555483
1738000000.0	0.223470546765
1740000000.0	-0.478105877028
1742000000.0	0.407874971932
1744000000.0	-0.651893454233
1746000000.0	-0.232474766668
1748000000.0	-1.14687728693
1750000000.0	3.65731728034
1752000000.0	1.24611866235
1754000000.0	0.133705957909
1756000000.0	-0.745615599267
1758000000.0	-0.632462940733
1760000000.0	0.588855594537
1762000000.0	0.171491986727
1764000000.0	0.907560868939
1766000000.0	-0.0921888408693
1768000000.0	-1.08386534472
1770000000.0	-0.136893546543
1772000000.0	0.296721851492
1774000000.0	0.425880192525
1776000000.0	1.02342640276
1778000000.0	1.15885896201
1780000000.0	0.0276136898399
1782000000.0	0.442972803035
1784000000.0	0.58464284717
1786000000.0	0.885835863523
1788000000.0	-0.44120042112
1790000000.0	-0.515878142509
1792000000.0	0.402463025581
1794000000.0	-0.997888205644
1796000000.0	-1.3296684539
1798000000.0	-2.70900736325
1800000000.0	4.08169603272
1802000000.0	-1.35001807505
1804000000.0	-0.683702434488
1806000000.0	0.780237567192
1808000000.0	-0.422765712328
1810000000.0	0.894867313029
1812000000.0	1.12809962774
1814000000.0	-0.564226182138
1816000000.0	-0.527560528757
1818000000.0	-0.378171159895
1820000000.0	-0.784704768645
1822000000.0	0.756369445213
1824000000.0	0.209814080938
1826000000.0	0.254811043619
1828000000.0	0.320188203105
1830000000.0	-1.59447143736
1832000000.0	0.204752403404
1834000000.0	-0.809293991095
1836000000.0	0.782345465477
1838000000.0	-0.592735164666
1840000000.0	-0.103522579637
1842000000.0	-1.41444047476
1844000000.0	-1.879954597
1846000000.0	-0.408113237187
1848000000.0	0.326764813824
1850000000.0	1.2733764921
1852000000.0	-0.414276026703
1854000000.0	-1.60474436185
1856000000.0	-0.530723108681
1858000000.0	0.749854731782
1860000000.0	-0.0248957402702
1862000000.0	0.827354143434
1864000000.0	-0.19152505712
1866000000.0	0.348339867591
1868000000.0	-1.31208620402
1870000000.0	0.36686005821
1872000000.0	1.23548003899
1874000000.0	-0.95893548382
1876000000.0	2.51596415053
1878000000.0	-1.66098490578
1880000000.0	-1.04907766384
1882000000.0	-1.09139872269
1884000000.0	0.77186980376
1886000000.0	1.97811601068
1888000000.0	2.25656744558
1890000000.0	-0.832684411169
1892000000.0	-3.70075590851
1894000000.0	-0.0525089999599
1896000000.0	5.62041341479
1898000000.0	11.7571928071
1900000000.0	-32.6443843649
1902000000.0	14.616691023
1904000000.0	6.6112274732
1906000000.0	0.0227831963571
1908000000.0	-2.28912210268
1910000000.0	-2.49255485287
1912000000.0	0.330993929421
1914000000.0	-0.247423438903
1916000000.0	0.854793195909
1918000000.0	1.03480163744
1920000000.0	1.03824983414
1922000000.0	0.0398623408694
1924000000.0	-0.444038055256
1926000000.0	0.447745862342
1928000000.0	1.10208326287
1930000000.0	-0.937531742983
1932000000.0	-0.899664605577
1934000000.0	-0.48226620735
1936000000.0	-0.320076912182
1938000000.0	0.600149939227
1940000000.0	0.384255359389
1942000000.0	-0.717974522824
1944000000.0	0.609614722399
1946000000.0	1.16184008673
1948000000.0	-1.67520712011
1950000000.0	-0.0855518623828
1952000000.0	0.713334735555
1954000000.0	0.614652193865
1956000000.0	-0.240010195598
1958000000.0	-0.0410410137834
1960000000.0	0.235713355936
1962000000.0	0.707763989128
1964000000.0	0.310925964732
1966000000.0	0.263900865526
1968000000.0	0.00657133238831
1970000000.0	-0.0114365018342
1972000000.0	-1.26544885142
1974000000.0	-0.905485240609
1976000000.0	-0.433246613936
1978000000.0	0.836824281456
1980000000.0	0.58643632342
1982000000.0	0.62486944533
1984000000.0	0.966472132577
1986000000.0	0.577741673239
1988000000.0	0.816795297673
1990000000.0	-1.99012806968
1992000000.0	-0.653892404661
1994000000.0	0.0762690272839
1996000000.0	-1.17431243794
1998000000.0	-1.40333679338
2000000000.0	6.03125
