0.0	-48.625
2000000.0	1.85565824415
4000000.0	10.2367810836
6000000.0	5.02755516515
8000000.0	-7.78595040754
10000000.0	-17.810181522
12000000.0	-12.9310204694
14000000.0	0.29871864616
16000000.0	16.0351747102
18000000.0	24.9135144638
20000000.0	15.8335950603
22000000.0	-3.30828511584
24000000.0	-23.3139580106
26000000.0	-28.6864549743
28000000.0	-14.8046826446
30000000.0	10.88233692
32000000.0	26.3885688357
34000000.0	20.3596906749
36000000.0	-4.13624557096
38000000.0	-19.7311619105
40000000.0	-17.2715439077
42000000.0	-6.55660539605
44000000.0	8.16162711754
46000000.0	12.5597869817
48000000.0	4.9064196646
50000000.0	-7.90487697031
52000000.0	-9.83439804781
54000000.0	-2.29416178225
56000000.0	11.222962499
58000000.0	13.241961159
60000000.0	5.29602875669
62000000.0	-7.38068169425
64000000.0	-14.628522909
66000000.0	-9.71484491852
68000000.0	2.56187226864
70000000.0	12.7364595409
72000000.0	12.2386626961
74000000.0	1.35988416253
76000000.0	-7.26907865961
78000000.0	-9.26234413653
80000000.0	-3.62864207241
82000000.0	4.95392084451
84000000.0	6.7084477922
86000000.0	1.14022256152
88000000.0	-6.48852925013
90000000.0	-6.70375515492
92000000.0	-2.44541877929
94000000.0	4.81530673536
96000000.0	8.938265652
98000000.0	4.12853995092
100000000.0	-5.42661617113
102000000.0	-9.81849758954
104000000.0	-6.68929862393
106000000.0	2.49422531103
108000000.0	8.87824667307
110000000.0	7.73792938863
112000000.0	-0.70310789242
114000000.0	-6.60381924532
116000000.0	-9.2114435521
118000000.0	-2.7766681422
120000000.0	5.14336484331
122000000.0	7.65632987443
124000000.0	0.417444639484
126000000.0	-2.41028673901
128000000.0	-6.31733998614
130000000.0	-3.7408264013
132000000.0	2.1185793997
134000000.0	7.83707184684
136000000.0	5.44082879628
138000000.0	-0.451915808195
140000000.0	-5.14215459319
142000000.0	-6.1324769086
144000000.0	0.871659726203
146000000.0	5.51899101539
148000000.0	5.58530843673
150000000.0	-0.727394161352
152000000.0	-5.29627990619
154000000.0	-5.21137811384
156000000.0	-2.17699141248
158000000.0	4.13399159065
160000000.0	6.72843182508
162000000.0	2.12611938188
164000000.0	-3.97606706063
166000000.0	-6.27485948679
168000000.0	-3.17047060182
170000000.0	3.04311064285
172000000.0	5.62673702109
174000000.0	5.74968250655
176000000.0	1.23968866329
178000000.0	-6.40979009302
180000000.0	-7.28220400861
182000000.0	-1.08184844264
184000000.0	5.15126576061
186000000.0	5.85951178719
188000000.0	1.64395495988
190000000.0	-3.14939581636
192000000.0	-5.54477332795
194000000.0	-0.805689979264
196000000.0	5.66439561609
198000000.0	7.00650898691
200000000.0	1.77209496603
202000000.0	-3.05902718558
204000000.0	-7.40867851458
206000000.0	-6.74211834498
208000000.0	1.76571022454
210000000.0	8.09694239777
212000000.0	7.41788330809
214000000.0	0.819520273841
216000000.0	-5.68949055452
218000000.0	-6.16103298682
220000000.0	-2.38777463666
222000000.0	4.94192881982
224000000.0	8.00300235427
226000000.0	1.60227207575
228000000.0	-7.21648393666
230000000.0	-10.0395086908
232000000.0	-3.10950850134
234000000.0	7.42209101741
236000000.0	10.8426214887
238000000.0	7.59658593826
240000000.0	-3.94109810215
242000000.0	-12.7625184285
244000000.0	-11.1163846966
246000000.0	0.467567215692
248000000.0	13.4553358911
250000000.0	12.7645083935
252000000.0	2.2522976815
254000000.0	-9.89898203186
256000000.0	-13.2319280008
258000000.0	-1.69376188092
260000000.0	12.7243465379
262000000.0	14.0360670265
264000000.0	-0.465783825991
266000000.0	-16.0321856508
268000000.0	-20.6756763892
270000000.0	-3.62393807116
272000000.0	23.5738959191
274000000.0	32.3743592141
276000000.0	15.1600269123
278000000.0	-23.3611602282
280000000.0	-45.0420442524
282000000.0	-30.6640461212
284000000.0	13.3797239202
286000000.0	50.3676211293
288000000.0	40.5943619831
290000000.0	-7.59504437422
292000000.0	-52.8196591188
294000000.0	-31.4318064251
296000000.0	63.5924388348
298000000.0	171.724452019
300000000.0	-413.3086165
302000000.0	149.940248228
304000000.0	96.759567571
306000000.0	43.747385941
308000000.0	-5.53937760481
310000000.0	-39.3127220337
312000000.0	-45.2139065148
314000000.0	-22.4869738109
316000000.0	9.62759071552
318000000.0	30.4016884338
320000000.0	27.3051854439
322000000.0	6.0279329696
324000000.0	-14.6035800053
326000000.0	-18.8169697791
328000000.0	-4.95929776586
330000000.0	9.93650951124
332000000.0	11.9984960542
334000000.0	1.31937541676
336000000.0	-7.66015235552
338000000.0	-9.6807632718
340000000.0	-1.65539043447
342000000.0	11.0288194472
344000000.0	13.4104847024
346000000.0	3.98530700547
348000000.0	-10.5168434787
350000000.0	-16.0884253447
352000000.0	-7.4306371302
354000000.0	6.2025514268
356000000.0	14.9029439235
358000000.0	9.45905442624
360000000.0	-0.97990276072
362000000.0	-11.1260811948
364000000.0	-8.09430291454
366000000.0	1.13065796859
368000000.0	8.65018814228
370000000.0	4.84392030821
372000000.0	-1.35241206521
374000000.0	-7.85405015698
376000000.0	-4.62931190374
378000000.0	2.50790917682
380000000.0	8.77682035972
382000000.0	8.14174519769
384000000.0	0.110405354453
386000000.0	-8.56665696873
388000000.0	-9.23970489228
390000000.0	-2.475697437
392000000.0	5.58446306974
394000000.0	7.73305222008
396000000.0	5.1883327961
398000000.0	-2.74873064584
400000000.0	-7.08665694783
402000000.0	-2.40377054858
404000000.0	2.61647368388
406000000.0	6.21297793664
408000000.0	2.6456279376
410000000.0	-2.38565604172
412000000.0	-6.46795927573
414000000.0	-4.00991947316
416000000.0	1.85406731358
418000000.0	7.31644541359
420000000.0	4.44395446641
422000000.0	-1.37985834344
424000000.0	-5.92842836371
426000000.0	-4.58348945459
428000000.0	-0.012362324494
430000000.0	5.32551306594
432000000.0	4.43820238839
434000000.0	1.49250446853
436000000.0	-3.31309347568
438000000.0	-3.62995365603
440000000.0	-0.157721821785
442000000.0	3.15728886757
444000000.0	2.99427227442
446000000.0	1.49295631764
448000000.0	-1.7809235887
450000000.0	-2.06352445769
452000000.0	-1.62576651228
454000000.0	2.97270441663
456000000.0	3.98331256609
458000000.0	1.32783691738
460000000.0	-1.91768872432
462000000.0	-3.38128102568
464000000.0	-1.46366305078
466000000.0	0.872422230565
468000000.0	2.96426274194
470000000.0	3.08419196263
472000000.0	0.466933886171
474000000.0	-2.06636687918
476000000.0	-1.98271938523
478000000.0	-0.105432871915
480000000.0	2.40727212293
482000000.0	2.0922442427
484000000.0	-0.83674399154
486000000.0	-2.83231282647
488000000.0	-2.14980057764
490000000.0	-0.497196006552
492000000.0	1.1508643729
494000000.0	3.67805611216
496000000.0	0.432322026618
498000000.0	-3.28997571591
500000000.0	-3.68869728219
502000000.0	-0.236497600163
504000000.0	1.68775885415
506000000.0	2.51141227062
508000000.0	0.0557932124866
510000000.0	-0.919236277194
512000000.0	-2.11006386992
514000000.0	-1.35710085282
516000000.0	0.390686122534
518000000.0	3.36321507264
520000000.0	0.581819351809
522000000.0	-0.397989494837
524000000.0	-2.13729806172
526000000.0	-1.38553150959
528000000.0	1.13610024259
530000000.0	1.90570673023
532000000.0	1.94855289692
534000000.0	0.186534574546
536000000.0	-1.89990639666
538000000.0	-2.04806931074
540000000.0	-0.492844654074
542000000.0	2.72917523532
544000000.0	2.23086040009
546000000.0	0.69024912483
548000000.0	-0.885883664744
550000000.0	-1.41741871104
552000000.0	-1.14724388744
554000000.0	1.60616886376
556000000.0	2.24223540176
558000000.0	0.332221792153
560000000.0	-2.07953358049
562000000.0	-2.96678137028
564000000.0	-0.358997785385
566000000.0	2.5770052292
568000000.0	2.60646736285
570000000.0	1.9632887121
572000000.0	-1.24768397302
574000000.0	-2.05620167604
576000000.0	-3.04152947432
578000000.0	0.967902158138
580000000.0	2.81092384805
582000000.0	2.7504480749
584000000.0	-0.296697109355
586000000.0	-1.03790338289
588000000.0	-1.24872058505
590000000.0	1.37720371409
592000000.0	1.96606300669
594000000.0	1.84662811273
596000000.0	-1.88171701252
598000000.0	-4.1703734239
600000000.0	5.05663954762
602000000.0	-2.29983185742
604000000.0	-1.68319804423
606000000.0	1.23787227688
608000000.0	1.29895570944
610000000.0	-0.597654731547
612000000.0	-1.17460751485
614000000.0	-1.97061971182
616000000.0	-0.285786604788
618000000.0	1.50862577511
620000000.0	1.29241145532
622000000.0	-1.55430847218
624000000.0	-2.07418301693
626000000.0	-0.956437512575
628000000.0	0.701102174982
630000000.0	2.62253424504
632000000.0	0.286878295982
634000000.0	-1.23182467218
636000000.0	-1.80930177794
638000000.0	-1.08423684619
640000000.0	0.66720153134
642000000.0	-0.172455842342
644000000.0	1.42824055049
646000000.0	0.459774437874
648000000.0	0.167247176627
650000000.0	-1.79366432491
652000000.0	-1.68836724624
654000000.0	-0.150409831507
656000000.0	-0.0626078948611
658000000.0	0.427683916061
660000000.0	0.572898476775
662000000.0	-0.253701794576
664000000.0	-0.048987056309
666000000.0	0.529647830262
668000000.0	0.296549407859
670000000.0	1.37137971116
672000000.0	-0.4483005158
674000000.0	0.687788007867
676000000.0	-1.35480924579
678000000.0	0.966920770501
680000000.0	-0.0156531076466
682000000.0	1.00879679298
684000000.0	-0.00832390105362
686000000.0	0.142717639684
688000000.0	0.0812684778762
690000000.0	-0.698466272207
692000000.0	0.608762340766
694000000.0	0.99312429321
696000000.0	1.21866722427
698000000.0	1.22480853591
700000000.0	-3.93786715729
702000000.0	2.05695888074
704000000.0	0.479514567436
706000000.0	-0.25995424792
708000000.0	-0.313033222829
710000000.0	-0.868515655535
712000000.0	-1.27488348448
714000000.0	0.63219588881
716000000.0	0.0548320750401
718000000.0	0.156502790344
720000000.0	0.496875573076
722000000.0	-0.709400961313
724000000.0	0.811844146238
726000000.0	-1.5018137723
728000000.0	1.02168055108
730000000.0	0.76081393864
732000000.0	-0.510540764291
734000000.0	0.207260090734
736000000.0	0.577804650921
738000000.0	1.38770833807
740000000.0	1.21166811148
742000000.0	0.547464338314
744000000.0	-0.224134489739
746000000.0	-0.901755257263
748000000.0	0.382841500254
750000000.0	2.28876552247
752000000.0	-1.36182717261
754000000.0	0.511757430442
756000000.0	-0.206561463655
758000000.0	-1.01144448376
760000000.0	-0.201728552709
762000000.0	0.243154500471
764000000.0	0.511693079317
766000000.0	1.24501858602
768000000.0	-0.921568846951
770000000.0	-0.17089021065
772000000.0	0.345984503117
774000000.0	0.344647567662
776000000.0	2.72957896786
778000000.0	-0.108325591288
780000000.0	-0.990351754169
782000000.0	0.186159681785
784000000.0	-0.493595408307
786000000.0	0.363801993678
788000000.0	0.954654949787
790000000.0	0.0475364749149
792000000.0	-1.33716581336
794000000.0	0.651285026101
796000000.0	-1.05767515587
798000000.0	1.29270907632
800000000.0	-0.396387662402
802000000.0	1.72753096563
804000000.0	-0.0398956855736
806000000.0	-1.18111406548
808000000.0	-1.32801092166
810000000.0	0.605805926182
812000000.0	0.36669561045
814000000.0	2.65057264159
816000000.0	-0.0434368438577
818000000.0	0.00408388336107
820000000.0	-0.619935696692
822000000.0	-1.23033802003
824000000.0	1.39571414035
826000000.0	1.08054567858
828000000.0	1.01652305513
830000000.0	-0.55845434327
832000000.0	-1.15009709419
834000000.0	0.674415053642
836000000.0	3.81259340012
838000000.0	3.60534338575
840000000.0	1.5621931963
842000000.0	-4.31764951532
844000000.0	-4.11042499892
846000000.0	-0.302276166455
848000000.0	2.31070764383
850000000.0	4.65040904127
852000000.0	1.19192265226
854000000.0	-2.31393756437
856000000.0	-3.42409865321
858000000.0	-1.88390550401
860000000.0	1.57337597866
862000000.0	4.43317159621
864000000.0	1.72212127744
866000000.0	-2.05082209158
868000000.0	-5.11521613029
870000000.0	-2.78112766953
872000000.0	4.69100212589
874000000.0	9.27917152148
876000000.0	3.30094123098
878000000.0	-4.20276298285
880000000.0	-12.3028091574
882000000.0	-9.04742878708
884000000.0	2.84441276127
886000000.0	12.7983671892
888000000.0	9.66816703646
890000000.0	-5.60425987672
892000000.0	-16.8356630586
894000000.0	-6.89436777967
896000000.0	24.2919827959
898000000.0	61.2181714673
900000000.0	-145.349081832
902000000.0	52.1016760191
904000000.0	31.3216885017
906000000.0	10.8262640934
908000000.0	-3.7327134998
910000000.0	-11.9427808846
912000000.0	-11.3809506474
914000000.0	-4.74705256763
916000000.0	4.74832205196
918000000.0	8.29177891875
920000000.0	6.09631911551
922000000.0	-0.295480677775
924000000.0	-4.13949487786
926000000.0	-3.64354260945
928000000.0	0.0535172514757
930000000.0	3.07963329662
932000000.0	1.60466872598
934000000.0	-0.54264231802
936000000.0	-3.67853643463
938000000.0	-2.18551399867
940000000.0	0.774503567206
942000000.0	4.47772575371
944000000.0	2.42023765378
946000000.0	-0.878145495294
948000000.0	-4.51645237311
950000000.0	-4.43485004788
952000000.0	-0.355799028605
954000000.0	2.31706005149
956000000.0	2.57822014558
958000000.0	3.2829618639
960000000.0	-2.02664462471
962000000.0	-2.52813703944
964000000.0	-2.0348368442
966000000.0	-0.278197824624
968000000.0	1.77623680597
970000000.0	0.663777795505
972000000.0	-1.25157115996
974000000.0	-2.44505933403
976000000.0	-1.78851907579
978000000.0	1.00639094868
980000000.0	3.02079454653
982000000.0	2.00915759153
984000000.0	-2.80376455066
986000000.0	-2.86159692522
988000000.0	-2.42251160117
990000000.0	0.257877918144
992000000.0	2.90348670657
994000000.0	2.1071846176
996000000.0	1.30789352468
998000000.0	-0.420994256359
1000000000.0	4.9375
1002000000.0	1.27784396701
1004000000.0	2.68858148053
1006000000.0	3.466329717
1008000000.0	-0.71721401375
1010000000.0	-2.2348924522
1012000000.0	-1.9285929639
1014000000.0	-0.199491429708
1016000000.0	2.39886487296
1018000000.0	2.52221886602
1020000000.0	-1.14404044902
1022000000.0	-0.665039930118
1024000000.0	-0.90274447877
1026000000.0	-1.0535188989
1028000000.0	2.43066902876
1030000000.0	2.0328239684
1032000000.0	0.235409574796
1034000000.0	-0.66497401726
1036000000.0	-1.16808354685
1038000000.0	-2.32817324413
1040000000.0	1.07108446912
1042000000.0	0.885514320715
1044000000.0	-0.227575355851
1046000000.0	-0.750407947423
1048000000.0	-1.83905933121
1050000000.0	-1.88943198511
1052000000.0	-0.122393698546
1054000000.0	0.809669279816
1056000000.0	1.27184337282
1058000000.0	0.420690367336
1060000000.0	-1.4562379525
1062000000.0	-0.645157248682
1064000000.0	-1.40492893269
1066000000.0	1.81251526859
1068000000.0	0.355730744496
1070000000.0	-0.640321177591
1072000000.0	-0.136974286135
1074000000.0	0.486252201648
1076000000.0	-0.56107209846
1078000000.0	0.324154184894
1080000000.0	0.896084514635
1082000000.0	0.178292219358
1084000000.0	-0.864220345235
1086000000.0	-1.04180912057
1088000000.0	-0.606918517343
1090000000.0	0.041221960968
1092000000.0	1.0744533717
1094000000.0	-0.456661678818
1096000000.0	-1.78883505247
1098000000.0	-0.746603468287
1100000000.0	0.498032866704
1102000000.0	0.301736485087
1104000000.0	1.42477522662
1106000000.0	0.616259496859
1108000000.0	-0.100375616512
1110000000.0	-0.71316312867
1112000000.0	-1.18154480613
1114000000.0	0.104846931643
1116000000.0	1.45861489399
1118000000.0	1.02457548086
1120000000.0	0.209957903434
1122000000.0	1.09135236166
1124000000.0	-0.787321826554
1126000000.0	-0.680584940747
1128000000.0	-0.362530885236
1130000000.0	0.196629822164
1132000000.0	-0.554769468212
1134000000.0	-1.35486897843
1136000000.0	-0.356559592854
1138000000.0	0.478399364972
1140000000.0	1.17449618197
1142000000.0	0.532087130223
1144000000.0	1.58526439596
1146000000.0	0.345460148973
1148000000.0	-1.46556555642
1150000000.0	-1.13001270098
1152000000.0	0.339628987882
1154000000.0	-0.00263701653982
1156000000.0	-0.471811961514
1158000000.0	-0.50787073302
1160000000.0	-0.0244727855387
1162000000.0	-0.642909408877
1164000000.0	-1.93831717516
1166000000.0	1.42884690888
1168000000.0	-1.07211081907
1170000000.0	0.497688916811
1172000000.0	0.212952865676
1174000000.0	-1.31965238144
1176000000.0	-0.666162420158
1178000000.0	-1.0595371755
1180000000.0	1.12283731957
1182000000.0	1.13441614335
1184000000.0	0.137599326588
1186000000.0	0.133328349406
1188000000.0	-0.678693915934
1190000000.0	0.681525204281
1192000000.0	2.41463625212
1194000000.0	0.844219339369
1196000000.0	-1.21422729112
1198000000.0	0.579609292138
1200000000.0	-2.92896805217
1202000000.0	0.513479753179
1204000000.0	1.4193619029
1206000000.0	0.616184454866
1208000000.0	-2.46058537059
1210000000.0	0.90918025856
1212000000.0	1.46498312356
1214000000.0	0.976313899622
1216000000.0	0.58838427911
1218000000.0	-0.268626567214
1220000000.0	-0.677862210683
1222000000.0	-0.730107407946
1224000000.0	0.633824707536
1226000000.0	0.760241645535
1228000000.0	-0.377577225356
1230000000.0	1.06064138166
1232000000.0	-0.398090736073
1234000000.0	-0.0014854354068
1236000000.0	-0.273467770979
1238000000.0	0.0013923349039
1240000000.0	1.07485040578
1242000000.0	0.521268188624
1244000000.0	-0.92410532204
1246000000.0	-0.450488738574
1248000000.0	-0.637534004996
1250000000.0	-6.14146437524
1252000000.0	0.529140616379
1254000000.0	-0.21553531815
1256000000.0	-0.970062482969
1258000000.0	-0.446748110948
1260000000.0	0.303577892258
1262000000.0	0.228170983919
1264000000.0	0.258109009886
1266000000.0	0.25752370729
1268000000.0	-0.269305090419
1270000000.0	-1.44174780301
1272000000.0	-0.673744081366
1274000000.0	0.700456793163
1276000000.0	-0.00101729649462
1278000000.0	0.371811576443
1280000000.0	-0.61404603385
1282000000.0	-0.365713737313
1284000000.0	-1.18487832835
1286000000.0	0.223787034623
1288000000.0	-0.244713117077
1290000000.0	1.29214003797
1292000000.0	-0.878904454797
1294000000.0	0.448198504555
1296000000.0	2.02880767307
1298000000.0	2.71079428772
1300000000.0	-11.1105989785
1302000000.0	3.96210866714
1304000000.0	1.95410550641
1306000000.0	0.536961169696
1308000000.0	-1.04309599327
1310000000.0	-1.36326090452
1312000000.0	-0.238643110728
1314000000.0	1.53394402867
1316000000.0	0.710187009998
1318000000.0	-0.719228595385
1320000000.0	-1.11479073375
1322000000.0	0.685000780575
1324000000.0	0.359185932693
1326000000.0	0.941400645827
1328000000.0	0.554110764226
1330000000.0	0.612029407447
1332000000.0	-0.290064635677
1334000000.0	-0.200670737121
1336000000.0	0.532249042374
1338000000.0	0.353571014445
1340000000.0	1.01137081682
1342000000.0	0.169162100169
1344000000.0	-0.427238914592
1346000000.0	-1.86023949208
1348000000.0	-0.552179051484
1350000000.0	0.0349914810008
1352000000.0	0.856256572231
1354000000.0	-0.682622201609
1356000000.0	-1.13469397372
1358000000.0	1.12831255938
1360000000.0	-0.400653874423
1362000000.0	0.727077246109
1364000000.0	0.428025064734
1366000000.0	0.511708113974
1368000000.0	-0.158061639191
1370000000.0	-0.127479998981
1372000000.0	-1.06100327367
1374000000.0	-1.56217517621
1376000000.0	2.19692253813
1378000000.0	0.655480289429
1380000000.0	-0.921582770777
1382000000.0	-0.125158086101
1384000000.0	-0.120760852683
1386000000.0	-0.648041801332
1388000000.0	-0.79250699033
1390000000.0	0.731139257913
1392000000.0	-0.463856586272
1394000000.0	0.280183075695
1396000000.0	-0.0201311517238
1398000000.0	2.60585818012
1400000000.0	-3.06642336961
1402000000.0	0.729605589781
1404000000.0	-0.437571962198
1406000000.0	-0.860127611574
1408000000.0	-1.35179383132
1410000000.0	0.651403130582
1412000000.0	0.683347673307
1414000000.0	1.19279973602
1416000000.0	0.0921971332159
1418000000.0	-0.281489416148
1420000000.0	-0.391947547722
1422000000.0	0.880101150405
1424000000.0	-0.0283834099859
1426000000.0	1.79189679751
1428000000.0	0.244022397426
1430000000.0	-1.14927431881
1432000000.0	0.0507857628428
1434000000.0	-0.0520345916188
1436000000.0	0.347261063155
1438000000.0	1.53469577432
1440000000.0	0.23127483332
1442000000.0	-1.83151192462
1444000000.0	-1.53614807378
1446000000.0	-0.832846494622
1448000000.0	2.82657604617
1450000000.0	3.30685291895
1452000000.0	1.48613991716
1454000000.0	-1.0109162522
1456000000.0	-2.50297262526
1458000000.0	-0.724669718699
1460000000.0	1.08922612616
1462000000.0	2.89736984081
1464000000.0	0.213681663098
1466000000.0	-0.0525680248356
1468000000.0	-3.2129265421
1470000000.0	-1.76796501887
1472000000.0	2.19249715885
1474000000.0	3.47583368513
1476000000.0	2.24470743298
1478000000.0	-2.29154036564
1480000000.0	-4.33377738894
1482000000.0	-4.16030779999
1484000000.0	1.85488358271
1486000000.0	6.5092914463
1488000000.0	4.75857498849
1490000000.0	-2.47512379434
1492000000.0	-8.29335495375
1494000000.0	-3.5034976611
1496000000.0	13.576600857
1498000000.0	29.1468303188
1500000000.0	-68.1238027178
1502000000.0	24.4127357214
1504000000.0	13.7027644755
1506000000.0	4.65691661368
1508000000.0	-2.54744410948
1510000000.0	-4.3437858994
1512000000.0	-5.81392360887
1514000000.0	-0.294046158983
1516000000.0	2.73574293839
1518000000.0	2.87098404997
1520000000.0	1.4342883048
1522000000.0	-0.666781748668
1524000000.0	-0.672804293764
1526000000.0	-1.77976753414
1528000000.0	0.02877559583
1530000000.0	1.29070476727
1532000000.0	1.0109747664
1534000000.0	0.54886670255
1536000000.0	-1.10220687749
1538000000.0	-0.597447935332
1540000000.0	1.18506351756
1542000000.0	0.545818690652
1544000000.0	2.38708866494
1546000000.0	1.1150096127
1548000000.0	-1.41131645211
1550000000.0	-0.809038860144
1552000000.0	0.247510947133
1554000000.0	0.28806630065
1556000000.0	0.697046098172
1558000000.0	0.487138366045
1560000000.0	0.800868347081
1562000000.0	-1.23269867678
1564000000.0	-0.0696276703535
1566000000.0	0.155276441319
1568000000.0	0.0180700542506
1570000000.0	-0.845139476257
1572000000.0	-0.438074411893
1574000000.0	-0.86192233705
1576000000.0	-0.42795142228
1578000000.0	0.466692404491
1580000000.0	1.83472096359
1582000000.0	1.0947621548
1584000000.0	-0.522097242551
1586000000.0	-2.05039542272
1588000000.0	-1.03398306678
1590000000.0	-0.76842600508
1592000000.0	-0.372161001295
1594000000.0	0.0397372269877
1596000000.0	-1.24098458689
1598000000.0	-0.317640763473
1600000000.0	-1.6192373376
1602000000.0	0.235007259402
1604000000.0	0.0248114411839
1606000000.0	0.092851023375
1608000000.0	-1.10010910397
1610000000.0	-0.0453143620625
1612000000.0	-0.874021366832
1614000000.0	-0.0770941825403
1616000000.0	-0.371796166729
1618000000.0	0.126576739167
1620000000.0	-1.3343411899
1622000000.0	-2.30270317366
1624000000.0	-0.871646127869
1626000000.0	0.751383903401
1628000000.0	0.257957332859
1630000000.0	0.127817196487
1632000000.0	0.507094746705
1634000000.0	-0.229041995974
1636000000.0	0.450373571679
1638000000.0	1.07892183352
1640000000.0	0.400190761719
1642000000.0	-0.161912539708
1644000000.0	0.45450101357
1646000000.0	0.0238162531698
1648000000.0	-1.20172700685
1650000000.0	-0.18133141567
1652000000.0	-0.343329400029
1654000000.0	0.0786788914825
1656000000.0	1.14450208344
1658000000.0	0.454576147999
1660000000.0	0.659899183506
1662000000.0	-0.297442264102
1664000000.0	-0.241869520481
1666000000.0	0.870160828969
1668000000.0	0.678101114861
1670000000.0	1.7127196146
1672000000.0	0.842707132472
1674000000.0	-1.41664504808
1676000000.0	1.29763006748
1678000000.0	-0.215281903527
1680000000.0	0.559068799489
1682000000.0	-0.482197358202
1684000000.0	-1.50421508778
1686000000.0	-0.483213979731
1688000000.0	1.08585450898
1690000000.0	0.296891973603
1692000000.0	-0.553640888968
1694000000.0	-1.67252749967
1696000000.0	0.38828306461
1698000000.0	-0.257519938093
1700000000.0	1.20192851214
1702000000.0	-0.256887150546
1704000000.0	0.0746891377045
1706000000.0	-0.79058467812
1708000000.0	0.139978504963
1710000000.0	-0.390357704072
1712000000.0	-0.668665767061
1714000000.0	-1.11073392568
1716000000.0	-0.632076842445
1718000000.0	0.884296524749
1720000000.0	-0.11651446416
1722000000.0	0.50993985449
1724000000.0	-0.515603890652
1726000000.0	0.924135681481
1728000000.0	-1.28075497296
1730000000.0	-0.277893155199
1732000000.0	0.488830996699
1734000000.0	0.257166518765
1736000000.0	0.683864973156
1738000000.0	-0.757322585204
1740000000.0	0.00641185590087
1742000000.0	-0.623007059732
1744000000.0	0.409935405504
1746000000.0	0.130369871666
1748000000.0	1.50159737035
1750000000.0	0.0881904592256
1752000000.0	0.304107947871
1754000000.0	1.17466919496
1756000000.0	0.955799313211
1758000000.0	-1.21471191392
1760000000.0	0.335816074327
1762000000.0	-1.54505472275
1764000000.0	0.532834507013
1766000000.0	0.386132001403
1768000000.0	-0.449955007703
1770000000.0	1.34183297011
1772000000.0	0.255059347504
1774000000.0	-0.807304201395
1776000000.0	1.1117190791
1778000000.0	0.833410221797
1780000000.0	0.113567821198
1782000000.0	0.515280570927
1784000000.0	-0.0947174239097
1786000000.0	-0.406621815046
1788000000.0	-0.727413721263
1790000000.0	-0.905463293681
1792000000.0	-0.151527689068
1794000000.0	0.855809046627
1796000000.0	-0.22697334053
1798000000.0	0.570054062005
1800000000.0	-1.66856114404
1802000000.0	0.578250223324
1804000000.0	0.774919218594
1806000000.0	-0.623348963804
1808000000.0	0.523817507667
1810000000.0	-0.297090138611
1812000000.0	0.765352115712
1814000000.0	0.102948143594
1816000000.0	0.278255523378
1818000000.0	-0.305785327572
1820000000.0	-0.626699889145
1822000000.0	-0.466706205671
1824000000.0	-0.769474615676
1826000000.0	0.264447725982
1828000000.0	-0.0153786626301
1830000000.0	-0.777655814605
1832000000.0	-0.232197783441
1834000000.0	-0.438939602044
1836000000.0	-1.09218538333
1838000000.0	0.227447987188
1840000000.0	0.119544640384
1842000000.0	-0.176990442065
1844000000.0	-0.47204659145
1846000000.0	-0.581217271703
1848000000.0	0.416665265513
1850000000.0	-0.555352314844
1852000000.0	-0.773151111099
1854000000.0	-0.434872632854
1856000000.0	-0.0655207870451
1858000000.0	0.411316830039
1860000000.0	-0.38231812478
1862000000.0	0.647330838039
1864000000.0	-0.650707222919
1866000000.0	-0.460921349909
1868000000.0	0.0579506015159
1870000000.0	1.22356711113
1872000000.0	-0.305267940824
1874000000.0	-0.982085628354
1876000000.0	0.709511329198
1878000000.0	-0.039049850698
1880000000.0	0.162352234134
1882000000.0	-0.0647454958431
1884000000.0	0.953526807166
1886000000.0	0.645655162622
1888000000.0	-1.43048775959
1890000000.0	-1.36289120638
1892000000.0	-1.31183785316
1894000000.0	1.81454857536
1896000000.0	5.54630208642
1898000000.0	10.3772818059
1900000000.0	-28.2546807396
1902000000.0	10.4882682852
1904000000.0	6.18119044604
1906000000.0	-0.568606838527
1908000000.0	-2.44512108499
1910000000.0	-2.21283127732
1912000000.0	1.99462399479
1914000000.0	2.17992167682
1916000000.0	0.25756132157
1918000000.0	-1.47709957543
1920000000.0	-1.88507407581
1922000000.0	-0.971414448657
1924000000.0	-0.145898571987
1926000000.0	2.46214634934
1928000000.0	0.334010730215
1930000000.0	-0.574145321411
1932000000.0	-0.171958206792
1934000000.0	-0.641474234774
1936000000.0	-0.027516198363
1938000000.0	0.742094757918
1940000000.0	0.935589373061
1942000000.0	0.142357413301
1944000000.0	-0.18384557558
1946000000.0	0.38161898755
1948000000.0	-0.75539582423
1950000000.0	1.37806785339
1952000000.0	0.719431187836
1954000000.0	0.632037659384
1956000000.0	-0.857518501613
1958000000.0	-0.191251097534
1960000000.0	-0.584892994922
1962000000.0	1.51194810903
1964000000.0	1.37527625873
1966000000.0	-0.302027199848
1968000000.0	0.157018641465
1970000000.0	-0.944682254786
1972000000.0	-0.892600772116
1974000000.0	-0.746637770295
1976000000.0	0.897482893049
1978000000.0	0.604090694865
1980000000.0	-1.90720757985
1982000000.0	-0.00604166376539
1984000000.0	-0.697034220617
1986000000.0	-0.969095810017
1988000000.0	-0.172063156601
1990000000.0	0.841782796061
1992000000.0	-0.652054119276
1994000000.0	0.198852054655
1996000000.0	0.912477647237
1998000000.0	1.91202337762
2000000000.0	-5.125
