0.0	-8.5
2000000.0	1.8538546669
4000000.0	2.38536857578
6000000.0	0.707039436161
8000000.0	0.404416017627
10000000.0	-0.150857935325
12000000.0	-1.7125256653
14000000.0	-1.71275588251
16000000.0	0.992071976161
18000000.0	4.59577094605
20000000.0	5.91223449747
22000000.0	4.60618909242
24000000.0	0.735411379211
26000000.0	-2.32547130383
28000000.0	-4.58277388198
30000000.0	-4.71473880983
32000000.0	-3.46006914741
34000000.0	-0.0420106691801
36000000.0	4.74381397231
38000000.0	5.71429940121
40000000.0	2.92814693386
42000000.0	0.564081622619
44000000.0	-1.80225481093
46000000.0	-2.53916768091
48000000.0	-1.95768545486
50000000.0	-0.562176695893
52000000.0	0.824786227479
54000000.0	1.49612397358
56000000.0	0.647533359919
58000000.0	-0.391846668677
60000000.0	-1.27325122024
62000000.0	-1.01256204945
64000000.0	-0.291204154625
66000000.0	0.591799707888
68000000.0	0.865493620833
70000000.0	0.357648459619
72000000.0	-0.534258641806
74000000.0	-1.4213342254
76000000.0	-1.21057046549
78000000.0	-0.373584290855
80000000.0	0.420253001893
82000000.0	0.614297292273
84000000.0	-0.102256114287
86000000.0	-0.81187513442
88000000.0	-1.07767701475
90000000.0	-0.941340327531
92000000.0	0.102646678468
94000000.0	0.913476841619
96000000.0	1.09619074746
98000000.0	0.649730807497
100000000.0	-0.139349900893
102000000.0	-1.63823724553
104000000.0	-1.90356387536
106000000.0	-0.875013659889
108000000.0	0.807553705773
110000000.0	1.98124464669
112000000.0	1.89549002755
114000000.0	0.911784055611
116000000.0	-0.773822776236
118000000.0	-1.6598402304
120000000.0	-1.030622588
122000000.0	-0.0546422826137
124000000.0	1.4385279083
126000000.0	0.398956536642
128000000.0	0.755674516653
130000000.0	-0.189014722033
132000000.0	-0.737357387453
134000000.0	-0.766576781714
136000000.0	-0.45495329869
138000000.0	0.443377923849
140000000.0	1.00089774076
142000000.0	0.722990373697
144000000.0	-0.123676970328
146000000.0	-0.934724544844
148000000.0	-1.0318416166
150000000.0	-0.227132024624
152000000.0	0.628302917684
154000000.0	1.20886556841
156000000.0	0.71042704684
158000000.0	-0.0904105950124
160000000.0	-0.73423170153
162000000.0	-1.14933661642
164000000.0	-0.701085290971
166000000.0	0.0917886783194
168000000.0	0.765191147227
170000000.0	0.932567831894
172000000.0	0.231716895241
174000000.0	-0.519434188108
176000000.0	-1.25421841472
178000000.0	-0.647899579391
180000000.0	0.168963260285
182000000.0	1.16886301842
184000000.0	0.983119324887
186000000.0	0.351304086472
188000000.0	-0.633178956287
190000000.0	-1.46635814963
192000000.0	-1.1766287079
194000000.0	-0.29518225793
196000000.0	0.696333927729
198000000.0	1.59668426076
200000000.0	1.38679071132
202000000.0	-0.231225478559
204000000.0	-1.10807799331
206000000.0	-1.30706639013
208000000.0	-0.71738943489
210000000.0	0.236634272034
212000000.0	1.17159505665
214000000.0	1.23220237435
216000000.0	0.318794048803
218000000.0	-0.446834502384
220000000.0	-0.794162234366
222000000.0	-0.497426371531
224000000.0	0.50324173687
226000000.0	0.930812427677
228000000.0	0.717317431255
230000000.0	-0.37169513577
232000000.0	-1.37511380171
234000000.0	-1.19178054785
236000000.0	-0.312094125316
238000000.0	1.0255829233
240000000.0	1.76245805258
242000000.0	1.18820296058
244000000.0	0.0533303923182
246000000.0	-1.69954161152
248000000.0	-2.32329900689
250000000.0	-0.854145490249
252000000.0	0.236719404005
254000000.0	2.4326563785
256000000.0	3.14780989481
258000000.0	1.27400599034
260000000.0	-1.24602677099
262000000.0	-3.13933091806
264000000.0	-2.38253847034
266000000.0	0.0909036851812
268000000.0	1.7991998125
270000000.0	2.05978421361
272000000.0	1.01135154746
274000000.0	-0.32668179067
276000000.0	-1.37233777807
278000000.0	-1.97670821289
280000000.0	-1.62667830968
282000000.0	0.589209818345
284000000.0	3.90461885557
286000000.0	4.46611697004
288000000.0	-2.044111296
290000000.0	-10.5508170945
292000000.0	-12.0048896085
294000000.0	4.33828195674
296000000.0	33.976421928
298000000.0	61.8459393612
300000000.0	-155.324805972
302000000.0	47.4937323222
304000000.0	27.1390604551
306000000.0	11.6370612683
308000000.0	2.05926415593
310000000.0	-5.14176735748
312000000.0	-10.0290684203
314000000.0	-9.84449682994
316000000.0	-2.83913313254
318000000.0	5.8111824103
320000000.0	9.73950724059
322000000.0	6.45628906227
324000000.0	-0.966701930351
326000000.0	-6.04484780827
328000000.0	-6.01126690151
330000000.0	-2.18477019815
332000000.0	1.8326864844
334000000.0	3.62201233658
336000000.0	3.10249448449
338000000.0	1.4194948111
340000000.0	-0.928660038919
342000000.0	-2.89658820979
344000000.0	-2.69784975947
346000000.0	-0.840873387711
348000000.0	1.57508311747
350000000.0	2.65240666309
352000000.0	1.7574549164
354000000.0	-0.641989489285
356000000.0	-1.93720909774
358000000.0	-2.32228031877
360000000.0	-0.244691566197
362000000.0	1.25650776669
364000000.0	2.00991483432
366000000.0	1.17287638573
368000000.0	-0.181992190339
370000000.0	-1.62775785902
372000000.0	-1.85131631222
374000000.0	-1.1641901641
376000000.0	0.386309339418
378000000.0	1.70164460099
380000000.0	1.77492552353
382000000.0	0.531221980549
384000000.0	-0.88618284068
386000000.0	-1.81326332712
388000000.0	-1.33337887578
390000000.0	-0.484257064897
392000000.0	1.25568175214
394000000.0	1.65768543643
396000000.0	1.06591214633
398000000.0	-0.0813108544792
400000000.0	-0.62856152123
402000000.0	-1.34762639834
404000000.0	-0.790514810937
406000000.0	0.223325113773
408000000.0	0.964196987428
410000000.0	0.891139259675
412000000.0	0.451892727578
414000000.0	-0.335647896643
416000000.0	-0.648590432526
418000000.0	-0.680798829501
420000000.0	-0.0801710056795
422000000.0	0.445329806305
424000000.0	0.249454978454
426000000.0	0.392548597275
428000000.0	-0.125599476863
430000000.0	-0.440705151416
432000000.0	-0.193916614898
434000000.0	-0.0571593196455
436000000.0	0.389974902177
438000000.0	0.344682684618
440000000.0	0.193946324516
442000000.0	-0.36672230979
444000000.0	-0.279033546966
446000000.0	-0.361966720021
448000000.0	0.097964120248
450000000.0	0.439528359369
452000000.0	0.345125351133
454000000.0	0.335505723969
456000000.0	-0.152502822601
458000000.0	-0.331950068457
460000000.0	-0.724191014536
462000000.0	-0.265667336598
464000000.0	0.0308987115464
466000000.0	0.413879761714
468000000.0	0.549785859485
470000000.0	0.246210393925
472000000.0	-0.0545286484653
474000000.0	-0.294082373112
476000000.0	-0.173535710254
478000000.0	-0.0607756509844
480000000.0	0.130200555692
482000000.0	-0.0133680201275
484000000.0	0.396021577573
486000000.0	-0.327118901791
488000000.0	-0.181697426252
490000000.0	0.209190731372
492000000.0	-0.117214567556
494000000.0	0.212990522377
496000000.0	0.0495509509523
498000000.0	0.0491174874916
500000000.0	0.619800666676
502000000.0	-0.32953735019
504000000.0	-0.445603115683
506000000.0	0.018975498301
508000000.0	0.305485157081
510000000.0	0.110726872833
512000000.0	0.10652306401
514000000.0	0.100854810272
516000000.0	-0.263937625064
518000000.0	-0.437615807869
520000000.0	-0.112397234401
522000000.0	0.287564427645
524000000.0	0.152168760662
526000000.0	0.223705947317
528000000.0	-0.0644903104251
530000000.0	-0.248758174127
532000000.0	-0.126879513592
534000000.0	-0.0989689555654
536000000.0	-0.0492703783725
538000000.0	0.0258008268912
540000000.0	0.217510478283
542000000.0	-0.0556678801297
544000000.0	-0.140288199246
546000000.0	-0.209401237378
548000000.0	-0.0900827571773
550000000.0	-0.0779428776082
552000000.0	0.344605066414
554000000.0	0.120882159268
556000000.0	0.0568539393594
558000000.0	0.125805113317
560000000.0	-0.263678680827
562000000.0	0.0858782093288
564000000.0	-0.166167810765
566000000.0	-0.0814845984409
568000000.0	0.255901551308
570000000.0	0.103780193272
572000000.0	-0.0337591129898
574000000.0	-0.356607829419
576000000.0	-0.00497823780096
578000000.0	0.0389485094883
580000000.0	0.14937108117
582000000.0	0.330711948805
584000000.0	0.211605615245
586000000.0	-0.0876130781854
588000000.0	-0.165260823208
590000000.0	-0.315433481409
592000000.0	-0.00745761883608
594000000.0	-0.0195341442945
596000000.0	0.131343646873
598000000.0	-0.32308693349
600000000.0	-0.165799611388
602000000.0	-0.12597736599
604000000.0	0.208352859707
606000000.0	-0.336225046089
608000000.0	0.134877156865
610000000.0	-0.239411411385
612000000.0	-0.0934408412775
614000000.0	0.444357424149
616000000.0	-0.231627253621
618000000.0	-0.234329477561
620000000.0	0.134293500236
622000000.0	0.105850574507
624000000.0	-0.40753089582
626000000.0	0.480062109032
628000000.0	0.139022070371
630000000.0	-0.0346944046526
632000000.0	0.203371668891
634000000.0	0.154466555692
636000000.0	0.13033313165
638000000.0	-0.0563474191596
640000000.0	0.0202970283222
642000000.0	-0.23859268431
644000000.0	0.0614830960902
646000000.0	-0.0933069797464
648000000.0	-0.251718984296
650000000.0	0.156039949172
652000000.0	0.0930779924137
654000000.0	0.0487093649433
656000000.0	-0.152048990856
658000000.0	-0.089377659758
660000000.0	0.021800626016
662000000.0	-0.0412070351092
664000000.0	-0.0125573003342
666000000.0	0.0241786780752
668000000.0	0.0621034338809
670000000.0	0.0603610508588
672000000.0	0.0276118814425
674000000.0	0.122089472875
676000000.0	0.00431353643516
678000000.0	-0.11246923781
680000000.0	0.0387017533554
682000000.0	0.162519010573
684000000.0	0.0716471199716
686000000.0	-0.0653563525984
688000000.0	0.116680196939
690000000.0	0.167168277622
692000000.0	-0.0159021647208
694000000.0	0.141354571593
696000000.0	0.0305153898432
698000000.0	-0.108448760914
700000000.0	1.1692227442
702000000.0	-0.665512121814
704000000.0	-0.292016325476
706000000.0	-0.0550595229075
708000000.0	0.202355296253
710000000.0	0.518386391107
712000000.0	0.0182846625359
714000000.0	-0.112830503055
716000000.0	-0.0351789990552
718000000.0	-0.364738116976
720000000.0	0.0094287144087
722000000.0	0.28700858445
724000000.0	0.168014246461
726000000.0	0.249438326636
728000000.0	0.182826144702
730000000.0	-0.0905851294182
732000000.0	-0.199867973494
734000000.0	-0.14799454213
736000000.0	-0.184260569066
738000000.0	0.257975222496
740000000.0	0.098992825648
742000000.0	0.0396314430848
744000000.0	0.0460282161823
746000000.0	-0.0362610477079
748000000.0	0.0981998956182
750000000.0	-0.339858968537
752000000.0	0.264064279622
754000000.0	0.139210928168
756000000.0	-0.172043302795
758000000.0	-0.23725621972
760000000.0	-0.311887764947
762000000.0	-0.0736800208832
764000000.0	0.500046403353
766000000.0	0.272973287583
768000000.0	0.409191066957
770000000.0	0.158562617428
772000000.0	-0.347397966502
774000000.0	-0.794456213371
776000000.0	-0.122029043132
778000000.0	0.0666752565362
780000000.0	0.359174431331
782000000.0	0.56147419888
784000000.0	0.272192019314
786000000.0	0.0761781338257
788000000.0	-0.143967995929
790000000.0	-0.296945246128
792000000.0	-0.158083066256
794000000.0	0.0491809477446
796000000.0	0.232003512455
798000000.0	0.0974763168246
800000000.0	0.181623708746
802000000.0	-0.320214233132
804000000.0	-0.153210682048
806000000.0	0.0483858053322
808000000.0	-0.316770188307
810000000.0	0.250000675594
812000000.0	0.116653357727
814000000.0	-0.0522184824651
816000000.0	-0.253247563722
818000000.0	-0.259896880033
820000000.0	-0.00259687431243
822000000.0	0.123779151842
824000000.0	0.184054952284
826000000.0	0.402716774072
828000000.0	-0.0376416182585
830000000.0	-0.520017554726
832000000.0	-0.47790888096
834000000.0	-0.186282044459
836000000.0	0.131741671555
838000000.0	0.801604585114
840000000.0	0.377669824351
842000000.0	0.173552432489
844000000.0	-0.279135614993
846000000.0	-0.69304374933
848000000.0	-0.257628247597
850000000.0	-0.0960669464084
852000000.0	0.318041529126
854000000.0	0.534222109986
856000000.0	0.285948700224
858000000.0	-0.246935395156
860000000.0	-0.42211500357
862000000.0	-0.871056954787
864000000.0	-0.156315408306
866000000.0	0.707996604392
868000000.0	0.86443184865
870000000.0	0.0801267485551
872000000.0	-0.835136846301
874000000.0	-1.48577870105
876000000.0	-0.427338702886
878000000.0	0.546523127978
880000000.0	1.48138116016
882000000.0	1.52722062507
884000000.0	0.44744203765
886000000.0	-0.470752698593
888000000.0	-2.43523916739
890000000.0	-4.05769598553
892000000.0	-3.15640718285
894000000.0	2.9777618951
896000000.0	14.8530832797
898000000.0	27.1666059775
900000000.0	-72.3775763547
902000000.0	23.9826558103
904000000.0	13.8418422575
906000000.0	4.36099919868
908000000.0	-1.35368400829
910000000.0	-3.23693596506
912000000.0	-2.9222424315
914000000.0	-2.15709386264
916000000.0	-0.210947019478
918000000.0	1.92614601755
920000000.0	2.00161572933
922000000.0	1.20539515606
924000000.0	-0.377919093894
926000000.0	-2.13857705785
928000000.0	-1.69384871305
930000000.0	-0.378784840303
932000000.0	1.22751780267
934000000.0	0.898579797119
936000000.0	0.272006992638
938000000.0	-0.0837330697843
940000000.0	-0.739440037223
942000000.0	-0.635510384687
944000000.0	-0.030320782147
946000000.0	0.379497604346
948000000.0	0.670152645677
950000000.0	0.401507412334
952000000.0	0.00105753325837
954000000.0	-0.579593945204
956000000.0	-0.850980577829
958000000.0	-0.109422116234
960000000.0	0.367659455057
962000000.0	0.392864386932
964000000.0	0.883934628927
966000000.0	0.182675360419
968000000.0	-0.732938720214
970000000.0	-0.637864428424
972000000.0	-0.410768145599
974000000.0	0.113011571302
976000000.0	0.36327016637
978000000.0	0.540702112686
980000000.0	0.386030979184
982000000.0	-0.10063433685
984000000.0	-0.552977054697
986000000.0	-0.521489069776
988000000.0	-0.403492941141
990000000.0	-0.038291927075
992000000.0	0.227012470004
994000000.0	0.0573925001881
996000000.0	-0.260364298494
998000000.0	0.0692157131011
1000000000.0	-1.0375
1002000000.0	0.0881588324647
1004000000.0	0.131044239323
1006000000.0	0.273973550939
1008000000.0	0.428304769867
1010000000.0	-0.289456754969
1012000000.0	-0.0128632238533
1014000000.0	-0.478487628587
1016000000.0	-0.210628452267
1018000000.0	0.0936550891346
1020000000.0	0.203321233954
1022000000.0	0.139527126121
1024000000.0	-0.235581276338
1026000000.0	-0.019742637842
1028000000.0	-0.0579267743249
1030000000.0	-0.214643233586
1032000000.0	-0.00432957838339
1034000000.0	0.243978460517
1036000000.0	0.470183948901
1038000000.0	0.221667836069
1040000000.0	-0.196896363997
1042000000.0	-0.124277089585
1044000000.0	-0.353221459214
1046000000.0	-0.199602223985
1048000000.0	0.134259291568
1050000000.0	0.326020435526
1052000000.0	0.367999799862
1054000000.0	-0.0928332224618
1056000000.0	-0.247943975855
1058000000.0	-0.226991844224
1060000000.0	-0.0789161332882
1062000000.0	0.144580693911
1064000000.0	0.327951923109
1066000000.0	0.179369643565
1068000000.0	-0.0631922293188
1070000000.0	0.0832692381761
1072000000.0	-0.22931015952
1074000000.0	0.0160342293045
1076000000.0	-0.0132454093647
1078000000.0	-0.00731351285692
1080000000.0	0.304644626738
1082000000.0	0.0941434942237
1084000000.0	-0.402925034389
1086000000.0	-0.259679989124
1088000000.0	0.0893346103762
1090000000.0	0.0517009354289
1092000000.0	0.0130057590492
1094000000.0	-0.0302048546317
1096000000.0	-0.00755457192833
1098000000.0	-0.177914174518
1100000000.0	0.429014288749
1102000000.0	-0.288826195877
1104000000.0	0.028048843066
1106000000.0	0.0871158863121
1108000000.0	0.412228138487
1110000000.0	-0.0822520475668
1112000000.0	0.0018369219633
1114000000.0	-0.215234027071
1116000000.0	-0.156539012203
1118000000.0	-0.155232701908
1120000000.0	-0.0260872545312
1122000000.0	0.10445721948
1124000000.0	0.132922570084
1126000000.0	0.0444624138098
1128000000.0	0.0248106929342
1130000000.0	0.0613458787137
1132000000.0	-0.0546775171814
1134000000.0	-0.131908265778
1136000000.0	-0.048672970025
1138000000.0	0.13443490783
1140000000.0	0.167445390157
1142000000.0	0.183686456123
1144000000.0	-0.110128020281
1146000000.0	-0.0452929256762
1148000000.0	0.0713814963327
1150000000.0	-0.136683857076
1152000000.0	0.15696706987
1154000000.0	0.0239001165587
1156000000.0	-0.138194185283
1158000000.0	-0.214958429225
1160000000.0	-0.331257079145
1162000000.0	-0.14285349748
1164000000.0	0.308758447222
1166000000.0	0.227343067634
1168000000.0	0.152028520204
1170000000.0	-0.114813359481
1172000000.0	0.177303922845
1174000000.0	-0.196893464568
1176000000.0	0.0246967635318
1178000000.0	0.0327116522355
1180000000.0	0.171206843355
1182000000.0	0.290854791451
1184000000.0	0.0658366193506
1186000000.0	-0.0821994514122
1188000000.0	-0.199328455834
1190000000.0	-0.0580017989784
1192000000.0	0.0417542327265
1194000000.0	-0.0582480484448
1196000000.0	-0.385418753093
1198000000.0	-0.727901829172
1200000000.0	1.36293652123
1202000000.0	-0.448960575273
1204000000.0	-0.47916444596
1206000000.0	-0.252645721013
1208000000.0	0.151904710013
1210000000.0	-0.00143277069205
1212000000.0	0.0540769944514
1214000000.0	0.0317356718848
1216000000.0	0.0978643542101
1218000000.0	-0.103879162892
1220000000.0	-0.266530200695
1222000000.0	0.098400643474
1224000000.0	-0.102802749831
1226000000.0	0.205410000304
1228000000.0	0.325800696312
1230000000.0	-0.00388903932664
1232000000.0	-0.142983595267
1234000000.0	-0.192670776958
1236000000.0	-0.435292041822
1238000000.0	-0.0108986111342
1240000000.0	-0.0994138883173
1242000000.0	0.376325155574
1244000000.0	0.441444933511
1246000000.0	0.0800797840392
1248000000.0	-0.0914601634655
1250000000.0	-0.903554632281
1252000000.0	-0.218453878936
1254000000.0	-0.0291929463362
1256000000.0	0.455273332912
1258000000.0	0.0814370244083
1260000000.0	0.0899878780941
1262000000.0	-0.0542122244877
1264000000.0	-0.173524676056
1266000000.0	-0.0913420948317
1268000000.0	0.0287138066203
1270000000.0	0.0134708179153
1272000000.0	0.377893510422
1274000000.0	0.266348424649
1276000000.0	0.213448843139
1278000000.0	-0.0116060777534
1280000000.0	-0.116943677027
1282000000.0	-0.0280639293434
1284000000.0	0.119247550666
1286000000.0	0.0487397058767
1288000000.0	0.177056069934
1290000000.0	0.0977228749852
1292000000.0	-0.164898723696
1294000000.0	-0.0791083527761
1296000000.0	0.00858942271187
1298000000.0	-0.462273524433
1300000000.0	1.74285481922
1302000000.0	-0.952461524443
1304000000.0	-0.630052896912
1306000000.0	-0.263593295222
1308000000.0	0.122914863003
1310000000.0	0.13240325592
1312000000.0	0.120416776185
1314000000.0	-0.131328888514
1316000000.0	-0.225476323851
1318000000.0	0.0903406665983
1320000000.0	0.146496541988
1322000000.0	-0.0514980025873
1324000000.0	-0.186738946999
1326000000.0	-0.0930439906584
1328000000.0	-0.0673054216398
1330000000.0	0.16238225205
1332000000.0	0.056703508219
1334000000.0	0.0103053302838
1336000000.0	0.0464205625926
1338000000.0	0.119302246159
1340000000.0	0.166881674753
1342000000.0	0.170698521867
1344000000.0	-0.0639959725786
1346000000.0	0.249698344425
1348000000.0	0.299352137587
1350000000.0	0.130373708321
1352000000.0	0.125562113477
1354000000.0	0.0872046572583
1356000000.0	0.253612197602
1358000000.0	0.0488636706096
1360000000.0	-0.038625058352
1362000000.0	0.119868559637
1364000000.0	0.10518748681
1366000000.0	0.371789850576
1368000000.0	0.0125506852158
1370000000.0	0.330420889845
1372000000.0	0.0710918291122
1374000000.0	0.341678209324
1376000000.0	-0.556092528562
1378000000.0	-0.362489125885
1380000000.0	-0.0401738178349
1382000000.0	0.0291394522389
1384000000.0	0.111092242498
1386000000.0	0.299167005973
1388000000.0	-0.180912855085
1390000000.0	-0.0950586772853
1392000000.0	0.155401396709
1394000000.0	-0.0575475999784
1396000000.0	-0.0297120764635
1398000000.0	-0.292024115566
1400000000.0	-0.403310685291
1402000000.0	-0.256703946239
1404000000.0	0.308442937254
1406000000.0	0.224224608637
1408000000.0	0.139829633859
1410000000.0	-0.0508589829779
1412000000.0	0.0320020004129
1414000000.0	-0.269955575201
1416000000.0	-0.198644103954
1418000000.0	-0.0651461335778
1420000000.0	0.0420926468765
1422000000.0	-0.012826260764
1424000000.0	0.0160076960452
1426000000.0	0.269531843013
1428000000.0	-0.353376706848
1430000000.0	-0.276174130345
1432000000.0	-0.0113951333666
1434000000.0	-0.0364359038193
1436000000.0	-0.0121281860397
1438000000.0	0.153183455923
1440000000.0	0.23128906082
1442000000.0	-0.262744678194
1444000000.0	-0.357838238686
1446000000.0	-0.00126676268029
1448000000.0	0.00932829749476
1450000000.0	0.268107418048
1452000000.0	0.0708118542993
1454000000.0	-0.220100868029
1456000000.0	0.140310251536
1458000000.0	0.0650766931825
1460000000.0	-0.14182387022
1462000000.0	0.0941246347941
1464000000.0	0.126282620764
1466000000.0	0.443880457201
1468000000.0	0.0818743319913
1470000000.0	-0.0971011548364
1472000000.0	-0.840365770913
1474000000.0	-0.827315797376
1476000000.0	-0.0830280474498
1478000000.0	0.595537065656
1480000000.0	1.00882184417
1482000000.0	0.822330744961
1484000000.0	-0.155616581288
1486000000.0	-0.943711661031
1488000000.0	-1.11541265081
1490000000.0	-1.49233932221
1492000000.0	-0.61810011599
1494000000.0	1.38426132619
1496000000.0	5.28884788081
1498000000.0	9.81793493876
1500000000.0	-28.1948006667
1502000000.0	9.91214789284
1504000000.0	5.67003796068
1506000000.0	1.11616491874
1508000000.0	-1.02773850899
1510000000.0	-1.75769830215
1512000000.0	-0.70320258146
1514000000.0	-0.14720804257
1516000000.0	0.565510363233
1518000000.0	0.696570673877
1520000000.0	0.268716774357
1522000000.0	0.251483301765
1524000000.0	-0.209260562372
1526000000.0	-0.484043968754
1528000000.0	-0.431638905558
1530000000.0	-0.0257286091306
1532000000.0	0.189566150776
1534000000.0	0.493489034947
1536000000.0	-0.0904065290748
1538000000.0	-0.156540928722
1540000000.0	-0.295891042806
1542000000.0	0.32195227373
1544000000.0	0.295545879569
1546000000.0	0.162969408961
1548000000.0	0.0653559049832
1550000000.0	-0.0704275766193
1552000000.0	-0.127305160782
1554000000.0	-0.126331097871
1556000000.0	-0.110978002418
1558000000.0	0.176352525205
1560000000.0	0.256180914666
1562000000.0	0.153470591014
1564000000.0	0.0577322331216
1566000000.0	0.133882894031
1568000000.0	-0.231402787273
1570000000.0	-0.12370641299
1572000000.0	0.0133467974568
1574000000.0	-0.0184388781501
1576000000.0	0.0836036272613
1578000000.0	0.0311507569532
1580000000.0	0.1743242155
1582000000.0	-0.21537288841
1584000000.0	0.0400046820882
1586000000.0	0.145948058528
1588000000.0	0.0624061324667
1590000000.0	0.0608454592435
1592000000.0	-0.0467798431535
1594000000.0	-0.102574176161
1596000000.0	-0.171659867307
1598000000.0	-0.13130702093
1600000000.0	0.677751291254
1602000000.0	-0.317558692272
1604000000.0	0.0426791043504
1606000000.0	0.0322631918047
1608000000.0	-0.0209305767121
1610000000.0	0.0416975371097
1612000000.0	-0.00395476252293
1614000000.0	-0.194986322184
1616000000.0	0.224117675667
1618000000.0	0.291475022088
1620000000.0	-0.0742128215003
1622000000.0	-0.0626701398781
1624000000.0	0.519976829147
1626000000.0	-0.497784865114
1628000000.0	-0.0598378868564
1630000000.0	0.0530493551872
1632000000.0	0.134460799446
1634000000.0	0.282276596106
1636000000.0	0.00230330312181
1638000000.0	0.0124973225665
1640000000.0	-0.0535148159129
1642000000.0	-0.123421154176
1644000000.0	-0.0552991994437
1646000000.0	-0.0247853264005
1648000000.0	-0.0086465112174
1650000000.0	0.127754112824
1652000000.0	-0.0503269951662
1654000000.0	0.144067952096
1656000000.0	-0.184000597498
1658000000.0	0.00530281286394
1660000000.0	-0.0187866198663
1662000000.0	-0.077930667091
1664000000.0	0.0230242869875
1666000000.0	0.0972077102887
1668000000.0	-0.0442818737296
1670000000.0	-0.109175705827
1672000000.0	-0.0217050097726
1674000000.0	0.198599554216
1676000000.0	-0.230249732229
1678000000.0	-0.0825247629311
1680000000.0	0.137485219258
1682000000.0	-0.149579290593
1684000000.0	-0.0525663693308
1686000000.0	-0.146927837888
1688000000.0	0.214044310991
1690000000.0	-0.19495398541
1692000000.0	0.131957352082
1694000000.0	0.0131556733176
1696000000.0	0.0625390693488
1698000000.0	0.11840151471
1700000000.0	-0.572273093936
1702000000.0	0.286846860021
1704000000.0	-0.0813702043734
1706000000.0	0.184858736865
1708000000.0	-0.0290808755264
1710000000.0	0.0374846162701
1712000000.0	-0.00308525355253
1714000000.0	-0.222321891846
1716000000.0	-0.110182168381
1718000000.0	0.24891774282
1720000000.0	-0.0876687380779
1722000000.0	0.308663971606
1724000000.0	0.111943943609
1726000000.0	0.103700173118
1728000000.0	-0.160188510881
1730000000.0	0.0543363455311
1732000000.0	0.0790216513954
1734000000.0	0.0540088030597
1736000000.0	-0.0346681024327
1738000000.0	0.0108386736473
1740000000.0	-0.0028728735001
1742000000.0	0.0570495351342
1744000000.0	-0.0358537286373
1746000000.0	0.106099567733
1748000000.0	-0.0275164748527
1750000000.0	-1.20244090893
1752000000.0	-0.101370799951
1754000000.0	-0.2021909401
1756000000.0	0.0745763656758
1758000000.0	-0.129992096729
1760000000.0	-0.0567917920434
1762000000.0	-0.122990386892
1764000000.0	0.008569151267
1766000000.0	0.107910346195
1768000000.0	-0.165445601874
1770000000.0	0.0537561974543
1772000000.0	-0.00131059590346
1774000000.0	-0.0753871132165
1776000000.0	0.1537150216
1778000000.0	-0.160121505137
1780000000.0	0.0461239032921
1782000000.0	-0.117664902874
1784000000.0	-0.285641646439
1786000000.0	0.03940316486
1788000000.0	0.293135188863
1790000000.0	-0.199197695482
1792000000.0	0.190533889605
1794000000.0	0.0559974010938
1796000000.0	-0.0579445784282
1798000000.0	-0.346783404027
1800000000.0	1.18856958536
1802000000.0	-0.247118545661
1804000000.0	-0.19457449855
1806000000.0	0.038320473967
1808000000.0	0.135511116469
1810000000.0	0.0986489652488
1812000000.0	-0.0624188352808
1814000000.0	-0.0717118035849
1816000000.0	-0.0355257738216
1818000000.0	-0.00881671381199
1820000000.0	-0.127685753741
1822000000.0	-0.0663423039995
1824000000.0	-0.0838200484597
1826000000.0	0.0428116650497
1828000000.0	0.0832945320408
1830000000.0	-0.327687842451
1832000000.0	-0.120337437233
1834000000.0	-0.189553274212
1836000000.0	0.0294812100554
1838000000.0	0.0770395440583
1840000000.0	0.0757271805203
1842000000.0	0.0684003756441
1844000000.0	0.104566925944
1846000000.0	0.310536509224
1848000000.0	-0.313203463492
1850000000.0	-0.264518662887
1852000000.0	-0.063036053151
1854000000.0	-0.0198718797837
1856000000.0	0.221021318251
1858000000.0	-0.0878652342583
1860000000.0	-0.0844388580366
1862000000.0	-0.0479685252766
1864000000.0	-0.275177465137
1866000000.0	-0.250259442454
1868000000.0	0.0407581516276
1870000000.0	-0.0937563660847
1872000000.0	0.129931560171
1874000000.0	-0.208534532505
1876000000.0	-0.00433360192637
1878000000.0	0.00611758978414
1880000000.0	-0.0660704898693
1882000000.0	0.258745238708
1884000000.0	-0.0605436705388
1886000000.0	0.248463655381
1888000000.0	0.1608773298
1890000000.0	-0.192189930265
1892000000.0	-0.338984248218
1894000000.0	-0.329050616612
1896000000.0	0.75015681029
1898000000.0	0.86958451381
1900000000.0	-1.85208653089
1902000000.0	0.735017842217
1904000000.0	0.174851898906
1906000000.0	-0.0590252162006
1908000000.0	-0.107365911935
1910000000.0	0.0910669165671
1912000000.0	-0.248254367502
1914000000.0	-0.370425561072
1916000000.0	-0.220385770631
1918000000.0	0.120508876831
1920000000.0	0.163851084647
1922000000.0	0.272818233756
1924000000.0	-0.193397151742
1926000000.0	-0.25664277132
1928000000.0	-0.259857659229
1930000000.0	0.121386603013
1932000000.0	0.240369283161
1934000000.0	-0.00889014213725
1936000000.0	0.174897284086
1938000000.0	0.161012821124
1940000000.0	-0.0187900686386
1942000000.0	-0.12245806225
1944000000.0	-0.430064523653
1946000000.0	-0.0157142748333
1948000000.0	0.149916875806
1950000000.0	0.108210582436
1952000000.0	0.117931532868
1954000000.0	-0.114185718325
1956000000.0	-0.0872432343263
1958000000.0	-0.0554191684085
1960000000.0	-0.0420220184155
1962000000.0	0.149064394275
1964000000.0	0.1324130286
1966000000.0	-0.0485148387933
1968000000.0	0.0739760937966
1970000000.0	-0.00761641793284
1972000000.0	-0.256507084373
1974000000.0	0.231344209804
1976000000.0	0.155169917152
1978000000.0	-0.318391605723
1980000000.0	-0.0498424699252
1982000000.0	0.124593057284
1984000000.0	0.0184753741569
1986000000.0	0.0683023432157
1988000000.0	-0.121560408419
1990000000.0	0.00871011906442
1992000000.0	-0.0419218852687
1994000000.0	0.00665869085013
1996000000.0	-0.0999993808052
1998000000.0	-0.168616520815
2000000000.0	0.125
