0.0	-51.1875
2000000.0	6.47339058665
4000000.0	13.2494601631
6000000.0	11.0487036079
8000000.0	-11.5457455441
10000000.0	-27.3267707545
12000000.0	-22.7935375968
14000000.0	-1.35220751146
16000000.0	22.5378842481
18000000.0	32.9900164779
20000000.0	18.5514857242
22000000.0	-8.79803564321
24000000.0	-35.6063651504
26000000.0	-44.2185695458
28000000.0	-21.8578868887
30000000.0	10.2617635484
32000000.0	34.6439464232
34000000.0	28.3248229029
36000000.0	-1.79387847656
38000000.0	-20.7582652228
40000000.0	-25.652323004
42000000.0	-12.9318539231
44000000.0	7.74330365616
46000000.0	17.4561537905
48000000.0	8.50941854446
50000000.0	-7.62035665504
52000000.0	-10.1027240589
54000000.0	-2.18491389632
56000000.0	12.2891889783
58000000.0	20.6978282076
60000000.0	11.0119096848
62000000.0	-7.25890736916
64000000.0	-18.868982975
66000000.0	-15.623458989
68000000.0	0.54533807175
70000000.0	17.4533231862
72000000.0	19.156481243
74000000.0	4.62959859656
76000000.0	-9.53612763061
78000000.0	-16.3720080826
80000000.0	-10.9323542094
82000000.0	2.19279242594
84000000.0	8.77735290364
86000000.0	5.44653810619
88000000.0	-3.99910348373
90000000.0	-8.88965493046
92000000.0	-3.48964433572
94000000.0	7.09308541337
96000000.0	12.203587585
98000000.0	6.52570018618
100000000.0	-6.64297137894
102000000.0	-14.820288738
104000000.0	-12.3442592659
106000000.0	-0.14677264715
108000000.0	13.7101117821
110000000.0	17.6139125008
112000000.0	4.4197845423
114000000.0	-8.94973362577
116000000.0	-15.373110997
118000000.0	-10.5693675528
120000000.0	1.61782050116
122000000.0	10.3771474612
124000000.0	5.21058557605
126000000.0	3.89008438518
128000000.0	-7.70541391625
130000000.0	-7.99517500907
132000000.0	-0.670305482293
134000000.0	8.61427962754
136000000.0	7.84140083253
138000000.0	-0.800061188239
140000000.0	-8.56746392202
142000000.0	-8.85928050991
144000000.0	1.18328448131
146000000.0	11.0802021768
148000000.0	10.8297550116
150000000.0	1.69741486893
152000000.0	-8.62068695699
154000000.0	-11.3168146889
156000000.0	-5.30042267278
158000000.0	6.5455259245
160000000.0	13.5304828199
162000000.0	9.03691767714
164000000.0	-1.69954188972
166000000.0	-10.4439654357
168000000.0	-9.06143351053
170000000.0	0.386308260896
172000000.0	9.78909717153
174000000.0	7.70895390686
176000000.0	0.399981265288
178000000.0	-8.31095928498
180000000.0	-8.766247429
182000000.0	0.38622140669
184000000.0	8.94845395445
186000000.0	10.8402784629
188000000.0	0.716637204985
190000000.0	-9.43639055394
192000000.0	-12.4658533893
194000000.0	-3.74807539498
196000000.0	7.48050102064
198000000.0	14.124948582
200000000.0	11.9010642235
202000000.0	-4.77613954902
204000000.0	-14.2042318282
206000000.0	-11.8354688394
208000000.0	1.69717216176
210000000.0	9.86252315913
212000000.0	10.2405726093
214000000.0	0.464224953656
216000000.0	-9.943699688
218000000.0	-9.04356859419
220000000.0	0.302333144031
222000000.0	11.3255561909
224000000.0	11.8689506678
226000000.0	1.2270779991
228000000.0	-13.0625843086
230000000.0	-15.5625566619
232000000.0	-4.90925001374
234000000.0	10.8502035171
236000000.0	19.8270722617
238000000.0	12.0846910651
240000000.0	-6.1339933217
242000000.0	-20.0556062933
244000000.0	-16.2289228783
246000000.0	-0.0429847126752
248000000.0	17.3305877751
250000000.0	20.9758234431
252000000.0	1.94984029793
254000000.0	-15.9602738754
256000000.0	-17.0633339136
258000000.0	0.548541060868
260000000.0	20.5044727132
262000000.0	21.3592854472
264000000.0	-5.79304496763
266000000.0	-26.233308893
268000000.0	-32.5791506186
270000000.0	-4.45688963316
272000000.0	33.9768507136
274000000.0	49.6786083854
276000000.0	21.3855233193
278000000.0	-31.9178569742
280000000.0	-64.6102946692
282000000.0	-42.3991798098
284000000.0	19.6853047051
286000000.0	70.6281983192
288000000.0	53.0343410666
290000000.0	-24.2259998448
292000000.0	-87.1538800645
294000000.0	-42.4621058961
296000000.0	128.606048911
298000000.0	312.996680614
300000000.0	-737.908183097
302000000.0	274.709409115
304000000.0	153.72809921
306000000.0	56.8675748477
308000000.0	-18.3893319503
310000000.0	-59.8278031819
312000000.0	-59.7007900254
314000000.0	-24.6170386452
316000000.0	16.1842325987
318000000.0	39.4076987514
320000000.0	30.7388963969
322000000.0	3.13187080657
324000000.0	-20.1554722127
326000000.0	-19.6100001052
328000000.0	-5.96159966342
330000000.0	10.6334464538
332000000.0	11.2264088059
334000000.0	2.35192228834
336000000.0	-9.54504041106
338000000.0	-11.6217554121
340000000.0	-2.53132419943
342000000.0	12.5595541165
344000000.0	16.8902069647
346000000.0	5.23939280729
348000000.0	-11.6856730375
350000000.0	-19.098731964
352000000.0	-9.14377469102
354000000.0	7.43387638725
356000000.0	15.90815871
358000000.0	10.579996844
360000000.0	-0.347724343262
362000000.0	-11.9880726273
364000000.0	-12.8195699846
366000000.0	-0.856283909311
368000000.0	8.82628927191
370000000.0	7.26024211443
372000000.0	-0.120682988039
374000000.0	-4.38942809311
376000000.0	-8.04669049795
378000000.0	0.293925789148
380000000.0	7.58226826191
382000000.0	7.38217473252
384000000.0	-0.324932272192
386000000.0	-7.04769556316
388000000.0	-10.193438207
390000000.0	-4.74968829603
392000000.0	5.97666979956
394000000.0	9.77279639623
396000000.0	5.13632978943
398000000.0	-1.53471226584
400000000.0	-4.56844968391
402000000.0	-6.33615676808
404000000.0	0.567935043743
406000000.0	4.74519298997
408000000.0	3.30831090958
410000000.0	-0.574209222336
412000000.0	-4.16038556658
414000000.0	-1.86070674035
416000000.0	1.42546535942
418000000.0	5.24277521415
420000000.0	4.37588615839
422000000.0	0.719032359807
424000000.0	-2.77146008045
426000000.0	-7.42944879417
428000000.0	-2.45653190082
430000000.0	4.52144573117
432000000.0	5.84230587487
434000000.0	2.04168811292
436000000.0	-3.08328708338
438000000.0	-3.16451550787
440000000.0	-2.39663609417
442000000.0	-0.325030863489
444000000.0	3.37714434898
446000000.0	3.53061117644
448000000.0	-0.892911698553
450000000.0	-3.00203071049
452000000.0	-2.33490549479
454000000.0	-0.222396930401
456000000.0	3.55019507213
458000000.0	2.95685263319
460000000.0	0.667784460658
462000000.0	-4.54503386531
464000000.0	-3.23787933324
466000000.0	-0.439068791492
468000000.0	3.82800482865
470000000.0	3.74993111847
472000000.0	1.08469422435
474000000.0	-1.15919475348
476000000.0	-3.9532762733
478000000.0	-2.3911498421
480000000.0	-0.724749816771
482000000.0	3.61679952282
484000000.0	2.1384053181
486000000.0	0.833432882939
488000000.0	-2.76563172432
490000000.0	-0.400745633159
492000000.0	2.33219475116
494000000.0	2.98353887411
496000000.0	1.7328191035
498000000.0	0.320527533212
500000000.0	-1.94961343042
502000000.0	-3.24016309869
504000000.0	-1.82918151608
506000000.0	1.71245072715
508000000.0	2.03559713287
510000000.0	1.51128382741
512000000.0	-0.587055546215
514000000.0	-2.34235006999
516000000.0	-3.57178177191
518000000.0	0.00543914962646
520000000.0	2.06725785429
522000000.0	1.8526442103
524000000.0	-0.473744583357
526000000.0	-3.23991160775
528000000.0	-1.64273083887
530000000.0	1.52390209572
532000000.0	1.25443215414
534000000.0	1.79204135799
536000000.0	-1.10970815179
538000000.0	-1.27066117486
540000000.0	-1.42042499877
542000000.0	-0.624827942248
544000000.0	1.53309748992
546000000.0	2.04218497375
548000000.0	1.51366127152
550000000.0	-1.21589073802
552000000.0	-1.65489784301
554000000.0	0.532440749339
556000000.0	1.76501059216
558000000.0	2.15356606422
560000000.0	1.49173594712
562000000.0	0.00591916140294
564000000.0	-2.0238721883
566000000.0	-0.487516926232
568000000.0	0.723642780513
570000000.0	1.67035392457
572000000.0	1.96174320201
574000000.0	-3.28506145312
576000000.0	-3.78376251939
578000000.0	-1.45896461059
580000000.0	0.839373357709
582000000.0	3.79825455211
584000000.0	-0.32888922954
586000000.0	-1.27775666155
588000000.0	0.110120672613
590000000.0	0.16740315739
592000000.0	2.64601609111
594000000.0	-0.566066700372
596000000.0	-4.93828858082
598000000.0	-8.07767831264
600000000.0	27.9994669966
602000000.0	-10.9066896592
604000000.0	-7.93530486881
606000000.0	-0.602420754703
608000000.0	4.09380760248
610000000.0	3.81004319072
612000000.0	-0.0491549544365
614000000.0	-3.00479055456
616000000.0	-2.43709889676
618000000.0	0.564438123711
620000000.0	1.83509673964
622000000.0	2.44569248891
624000000.0	2.92958321914
626000000.0	-3.72797881823
628000000.0	-1.64903451957
630000000.0	-0.935892835734
632000000.0	2.52579883614
634000000.0	0.60235428441
636000000.0	1.03393105664
638000000.0	-0.549005630959
640000000.0	-1.44443118222
642000000.0	-1.2253944715
644000000.0	0.440792883016
646000000.0	1.91702340236
648000000.0	1.64394782158
650000000.0	0.971768866047
652000000.0	-1.6328825137
654000000.0	-1.26880849203
656000000.0	-0.627691343892
658000000.0	0.134993170094
660000000.0	3.80270110715
662000000.0	0.779227733813
664000000.0	-1.00443656453
666000000.0	-1.92560055733
668000000.0	-0.522607750171
670000000.0	0.285437415313
672000000.0	2.14238155761
674000000.0	-0.256986166709
676000000.0	1.02843511939
678000000.0	-1.48826525575
680000000.0	-1.64102799318
682000000.0	-0.884186955157
684000000.0	1.50337657151
686000000.0	1.89803296439
688000000.0	0.587577029244
690000000.0	-2.7429137312
692000000.0	-1.68791585165
694000000.0	-0.0217535079257
696000000.0	2.87033572634
698000000.0	3.24857169212
700000000.0	-4.7732614136
702000000.0	1.76411352585
704000000.0	-0.504659531394
706000000.0	-0.212991027731
708000000.0	-0.16845380164
710000000.0	1.62404546266
712000000.0	-0.216944563297
714000000.0	-1.08649611037
716000000.0	-1.42095609943
718000000.0	-0.832007722527
720000000.0	1.13040322975
722000000.0	1.75114328092
724000000.0	1.26705819057
726000000.0	0.35356772084
728000000.0	-1.67373009923
730000000.0	-2.31284884872
732000000.0	0.27209676722
734000000.0	1.34133979284
736000000.0	0.703050835692
738000000.0	-0.295463205196
740000000.0	-2.00365834532
742000000.0	-2.27174628942
744000000.0	1.62898130886
746000000.0	2.85479498476
748000000.0	0.790173157585
750000000.0	-0.590153065862
752000000.0	-2.43310763937
754000000.0	-1.50552058415
756000000.0	-0.928586863538
758000000.0	0.82040886122
760000000.0	1.61065475246
762000000.0	1.14576317912
764000000.0	-0.334752120854
766000000.0	-2.25844431181
768000000.0	-0.667847004959
770000000.0	1.08087110872
772000000.0	3.00201823168
774000000.0	2.04407073437
776000000.0	-0.772689148319
778000000.0	-1.78735889981
780000000.0	-2.22038621531
782000000.0	-0.650198091218
784000000.0	1.82932019031
786000000.0	2.23327072932
788000000.0	-1.79390119969
790000000.0	-2.22530284236
792000000.0	-1.3825774566
794000000.0	0.441527544806
796000000.0	1.68772155557
798000000.0	3.09598033683
800000000.0	2.72264411867
802000000.0	-1.66346465326
804000000.0	-3.28260100631
806000000.0	-2.13590245041
808000000.0	1.04731624442
810000000.0	2.20507652895
812000000.0	2.36609025402
814000000.0	0.466288545642
816000000.0	-1.73334095668
818000000.0	-0.383483433022
820000000.0	1.50830331885
822000000.0	2.75077189746
824000000.0	1.54880686145
826000000.0	-0.277146449103
828000000.0	-3.74458004361
830000000.0	-2.41215319578
832000000.0	0.126605898225
834000000.0	2.96399971902
836000000.0	4.39586503634
838000000.0	2.69807288325
840000000.0	-1.82750133256
842000000.0	-4.00172174578
844000000.0	-2.47968879871
846000000.0	1.16927712156
848000000.0	4.5536741564
850000000.0	2.14569538143
852000000.0	-1.01331156802
854000000.0	-4.11335362622
856000000.0	-2.61380619361
858000000.0	1.66790714663
860000000.0	6.66645985253
862000000.0	3.34544402722
864000000.0	-2.03739049544
866000000.0	-8.89230436322
868000000.0	-8.6055912012
870000000.0	0.801011482301
872000000.0	10.523570125
874000000.0	14.8979860088
876000000.0	2.85705695649
878000000.0	-9.01408669237
880000000.0	-16.625635638
882000000.0	-8.97440585535
884000000.0	8.96525993696
886000000.0	20.1842228666
888000000.0	11.0343446905
890000000.0	-16.4863082824
892000000.0	-32.9430915908
894000000.0	-6.0720968144
896000000.0	64.1311834105
898000000.0	140.657882627
900000000.0	-336.238248654
902000000.0	124.650609667
904000000.0	65.3329827283
906000000.0	16.0446765983
908000000.0	-15.1433866817
910000000.0	-21.9835543602
912000000.0	-14.2141980959
914000000.0	-1.60260745923
916000000.0	7.64975845658
918000000.0	8.73224853293
920000000.0	5.81908381631
922000000.0	-1.99563978533
924000000.0	-6.87397698943
926000000.0	-2.52390360567
928000000.0	2.24947015561
930000000.0	2.9209848383
932000000.0	0.99956096581
934000000.0	-3.50319643397
936000000.0	-3.69048672044
938000000.0	-1.98108924343
940000000.0	2.01300774257
942000000.0	5.50786252581
944000000.0	4.13017307857
946000000.0	1.4900190162
948000000.0	-4.71418615406
950000000.0	-5.60854946713
952000000.0	-1.23609463139
954000000.0	2.62339582112
956000000.0	4.00521732677
958000000.0	2.90673196769
960000000.0	-1.1064595234
962000000.0	-2.18972908108
964000000.0	-2.35801338025
966000000.0	0.0579522607549
968000000.0	3.47110733369
970000000.0	1.51443799524
972000000.0	-1.02949115463
974000000.0	-2.19963088716
976000000.0	-1.34525392101
978000000.0	0.98254262862
980000000.0	2.46115802517
982000000.0	2.24369951934
984000000.0	-1.02275789804
986000000.0	-2.97417898034
988000000.0	-2.51478642009
990000000.0	-0.412002277324
992000000.0	2.5121010891
994000000.0	3.56972210483
996000000.0	1.4680521789
998000000.0	-1.09862234436
1000000000.0	-4.71875
1002000000.0	-1.01513965967
1004000000.0	0.560758231309
1006000000.0	2.15189991978
1008000000.0	0.228781580283
1010000000.0	-0.600827053566
1012000000.0	-1.92338216501
1014000000.0	0.262863431405
1016000000.0	0.6717238182
1018000000.0	2.14681657036
1020000000.0	1.73443734237
1022000000.0	-0.802899885755
1024000000.0	-0.842078879603
1026000000.0	-2.97765799129
1028000000.0	-1.90752902819
1030000000.0	1.55882254395
1032000000.0	1.63328113502
1034000000.0	0.141470910268
1036000000.0	-1.12581786529
1038000000.0	-0.390087028409
1040000000.0	1.23417867149
1042000000.0	0.731040377102
1044000000.0	1.41818119102
1046000000.0	1.12296798432
1048000000.0	-0.343000850944
1050000000.0	0.389410561162
1052000000.0	-0.662377817709
1054000000.0	0.395500489019
1056000000.0	1.89104081104
1058000000.0	0.626834408519
1060000000.0	-0.762697540217
1062000000.0	-1.83698036569
1064000000.0	-0.326435302924
1066000000.0	-0.171698679899
1068000000.0	1.02062566195
1070000000.0	1.64935645158
1072000000.0	0.243587165067
1074000000.0	0.436418690292
1076000000.0	-1.17273161074
1078000000.0	0.0327147813997
1080000000.0	1.03868012171
1082000000.0	0.413014774996
1084000000.0	-0.987913375471
1086000000.0	0.637687190108
1088000000.0	-0.284034810829
1090000000.0	-0.532222786183
1092000000.0	-0.208908273439
1094000000.0	0.378647628442
1096000000.0	1.13631642148
1098000000.0	-1.09755209826
1100000000.0	-1.55769426182
1102000000.0	-0.778832405102
1104000000.0	0.583435444199
1106000000.0	0.482232439287
1108000000.0	0.910072331966
1110000000.0	1.39521320675
1112000000.0	1.02666726065
1114000000.0	-1.30423688276
1116000000.0	-0.336313110616
1118000000.0	0.831029139766
1120000000.0	0.850600330306
1122000000.0	0.180067954975
1124000000.0	1.46524026796
1126000000.0	-0.470888821359
1128000000.0	-1.38025173285
1130000000.0	0.558676415146
1132000000.0	0.730211311741
1134000000.0	2.55593306648
1136000000.0	-0.568017961156
1138000000.0	-0.570232020375
1140000000.0	-1.46381453174
1142000000.0	-0.350840721364
1144000000.0	1.4947750478
1146000000.0	2.14385399555
1148000000.0	-0.0648144580331
1150000000.0	-1.51195044071
1152000000.0	-0.129677446908
1154000000.0	-0.960785865214
1156000000.0	-0.374994062469
1158000000.0	0.0374699319522
1160000000.0	-0.833288135199
1162000000.0	-1.30387391889
1164000000.0	-1.94714559668
1166000000.0	-0.250008537918
1168000000.0	0.126002767877
1170000000.0	0.844603521403
1172000000.0	1.48951833658
1174000000.0	-0.822499550814
1176000000.0	-1.41852764622
1178000000.0	0.333091745901
1180000000.0	2.33906226852
1182000000.0	1.82582001352
1184000000.0	-1.09531432974
1186000000.0	-1.91682927783
1188000000.0	0.0145011572257
1190000000.0	1.1093166419
1192000000.0	1.44302497729
1194000000.0	1.43541787289
1196000000.0	-2.40164158981
1198000000.0	-5.10328293452
1200000000.0	8.56844968391
1202000000.0	-0.995793612085
1204000000.0	-1.33908761062
1206000000.0	-2.62870510995
1208000000.0	0.249453582459
1210000000.0	0.662618953058
1212000000.0	1.94267178559
1214000000.0	1.40360303327
1216000000.0	-0.491007252514
1218000000.0	-1.07096501453
1220000000.0	-1.16996416486
1222000000.0	1.00648241004
1224000000.0	-0.180019741034
1226000000.0	0.20427347399
1228000000.0	-0.161284703535
1230000000.0	-0.350329253403
1232000000.0	1.54760322174
1234000000.0	1.51931470513
1236000000.0	0.47382723961
1238000000.0	0.187911910767
1240000000.0	1.33544299597
1242000000.0	1.0985987991
1244000000.0	-1.08413380699
1246000000.0	-0.942747866539
1248000000.0	0.560986217474
1250000000.0	-5.07320595868
1252000000.0	-0.111416887931
1254000000.0	-0.113850485317
1256000000.0	-0.0865059219133
1258000000.0	0.241137611427
1260000000.0	1.02908045464
1262000000.0	0.878823255652
1264000000.0	-1.18252807205
1266000000.0	0.605970220004
1268000000.0	-0.543531698112
1270000000.0	-0.0249022588966
1272000000.0	0.912755347353
1274000000.0	0.932876319019
1276000000.0	-0.827072676571
1278000000.0	-1.33143856876
1280000000.0	-1.25797795641
1282000000.0	0.490966856905
1284000000.0	0.579204736797
1286000000.0	0.696496745041
1288000000.0	0.320906494899
1290000000.0	-0.788329769284
1292000000.0	-0.924182710216
1294000000.0	-0.651721988178
1296000000.0	2.76069362197
1298000000.0	5.80085226665
1300000000.0	-13.7549160827
1302000000.0	6.32319370662
1304000000.0	1.55325290148
1306000000.0	-0.380173843
1308000000.0	-0.266056845709
1310000000.0	0.353709543178
1312000000.0	-1.9077417759
1314000000.0	-0.65798928785
1316000000.0	0.46489212846
1318000000.0	-0.449270070814
1320000000.0	-0.633235835555
1322000000.0	0.747048132621
1324000000.0	-1.45906791539
1326000000.0	-1.63701754186
1328000000.0	0.390393734339
1330000000.0	-0.442838729313
1332000000.0	0.817729965494
1334000000.0	-0.0897422883423
1336000000.0	-0.364444567752
1338000000.0	-0.943643852913
1340000000.0	-0.240469385324
1342000000.0	-0.766488325612
1344000000.0	-0.322539571693
1346000000.0	1.55370988187
1348000000.0	0.587653798686
1350000000.0	-1.5544990412
1352000000.0	-0.541983224494
1354000000.0	-0.515162115205
1356000000.0	-1.58272821226
1358000000.0	-0.250897019757
1360000000.0	0.400722233549
1362000000.0	0.585648379318
1364000000.0	0.82054616232
1366000000.0	-0.35343887825
1368000000.0	0.013104342148
1370000000.0	0.477585704603
1372000000.0	0.623285207644
1374000000.0	-3.32552738639
1376000000.0	2.55863262291
1378000000.0	0.925598398157
1380000000.0	1.39117442493
1382000000.0	0.57740269834
1384000000.0	2.27759427972
1386000000.0	-0.287548535224
1388000000.0	-0.334032813046
1390000000.0	-1.66025729115
1392000000.0	-1.61598682415
1394000000.0	2.13678994274
1396000000.0	1.27046937947
1398000000.0	2.5002914397
1400000000.0	0.463042167605
1402000000.0	0.322557271968
1404000000.0	-0.727629430938
1406000000.0	0.307636846831
1408000000.0	0.858026563854
1410000000.0	-1.18137114816
1412000000.0	-0.0926843897614
1414000000.0	-0.925132356506
1416000000.0	0.176739972044
1418000000.0	0.0276981839636
1420000000.0	1.24371051021
1422000000.0	0.681574101326
1424000000.0	0.777913663708
1426000000.0	-0.478088259492
1428000000.0	-2.23403605315
1430000000.0	-0.424136048301
1432000000.0	0.728846318369
1434000000.0	1.24267708841
1436000000.0	0.586617806283
1438000000.0	0.541381576333
1440000000.0	0.179154032778
1442000000.0	-0.803370937651
1444000000.0	-0.0416859357109
1446000000.0	0.474240567922
1448000000.0	0.432496539851
1450000000.0	0.282033132667
1452000000.0	-0.229712256749
1454000000.0	-0.97103101376
1456000000.0	-0.867422726103
1458000000.0	1.41199448359
1460000000.0	3.0171122953
1462000000.0	1.62746585147
1464000000.0	-0.784447352388
1466000000.0	-2.84796909763
1468000000.0	-2.62884406404
1470000000.0	-0.277893416117
1472000000.0	3.04644639619
1474000000.0	3.71836820488
1476000000.0	0.883399586413
1478000000.0	-3.43001556015
1480000000.0	-5.13831651516
1482000000.0	-2.30032828164
1484000000.0	5.12025150683
1486000000.0	7.79314399482
1488000000.0	1.62912438398
1490000000.0	-8.22200131235
1492000000.0	-13.9409105922
1494000000.0	-0.124810494394
1496000000.0	33.2890131348
1498000000.0	71.0508053895
1500000000.0	-170.55038657
1502000000.0	61.7676592622
1504000000.0	32.9014281927
1506000000.0	6.73838944336
1508000000.0	-7.42766960172
1510000000.0	-10.2300343237
1512000000.0	-3.66462703864
1514000000.0	1.93866742391
1516000000.0	5.06620350872
1518000000.0	1.44364477419
1520000000.0	0.139902816182
1522000000.0	-3.69817564238
1524000000.0	-3.47365117238
1526000000.0	2.59220719384
1528000000.0	3.17413482882
1530000000.0	1.26272612052
1532000000.0	0.245801397074
1534000000.0	-1.78456743839
1536000000.0	-1.2046842024
1538000000.0	-0.908798279767
1540000000.0	0.871759442295
1542000000.0	1.67979120414
1544000000.0	1.0838329174
1546000000.0	0.51045604489
1548000000.0	-2.04603649529
1550000000.0	-0.63098945867
1552000000.0	0.456205994895
1554000000.0	0.140493941258
1556000000.0	-0.379585052189
1558000000.0	1.17319881076
1560000000.0	-0.646097876946
1562000000.0	-0.831607291705
1564000000.0	-0.674031727911
1566000000.0	0.285874431613
1568000000.0	2.44323069694
1570000000.0	0.326247797832
1572000000.0	-0.539797456135
1574000000.0	-1.93943462203
1576000000.0	-1.31104916193
1578000000.0	-0.171193674338
1580000000.0	1.90920320474
1582000000.0	1.45162654435
1584000000.0	-0.841262302618
1586000000.0	-0.5871237459
1588000000.0	-0.778070794653
1590000000.0	1.09485053963
1592000000.0	1.29083762154
1594000000.0	0.327347498245
1596000000.0	0.846890058127
1598000000.0	-1.70993081538
1600000000.0	1.46485588133
1602000000.0	-0.840432067554
1604000000.0	0.271318930266
1606000000.0	0.551379286611
1608000000.0	0.81284207144
1610000000.0	0.00673228047024
1612000000.0	-0.000516545263157
1614000000.0	-0.408741133827
1616000000.0	0.089867996877
1618000000.0	1.68535122469
1620000000.0	0.531576936628
1622000000.0	0.362386622608
1624000000.0	-2.30308381669
1626000000.0	1.66107829458
1628000000.0	0.369352419536
1630000000.0	1.03941703933
1632000000.0	1.73137787015
1634000000.0	-0.355015545225
1636000000.0	0.122312428829
1638000000.0	-1.6255588592
1640000000.0	0.704396115953
1642000000.0	0.887215639728
1644000000.0	0.306487506007
1646000000.0	0.478521683701
1648000000.0	-1.18243905366
1650000000.0	-1.79195885393
1652000000.0	1.08336841887
1654000000.0	-0.426701912221
1656000000.0	2.07284436126
1658000000.0	1.61618825547
1660000000.0	0.584091500953
1662000000.0	-0.111601703252
1664000000.0	-1.70546684321
1666000000.0	0.882272752477
1668000000.0	1.50518895639
1670000000.0	-0.161230628
1672000000.0	0.472653923404
1674000000.0	0.259965383741
1676000000.0	0.766883812296
1678000000.0	-0.48388656736
1680000000.0	-1.1155057612
1682000000.0	0.338092150762
1684000000.0	0.157628930019
1686000000.0	-0.411793194036
1688000000.0	-0.643337689596
1690000000.0	0.789741689691
1692000000.0	0.95005490355
1694000000.0	0.965898835985
1696000000.0	0.637207242485
1698000000.0	0.418196065368
1700000000.0	-1.13606944262
1702000000.0	0.657325851514
1704000000.0	-0.245196844627
1706000000.0	1.03963360747
1708000000.0	0.0810203681256
1710000000.0	0.326731843333
1712000000.0	-1.27252379914
1714000000.0	-1.08308965619
1716000000.0	0.308161771966
1718000000.0	0.428310236505
1720000000.0	0.0228466447436
1722000000.0	-1.45015178748
1724000000.0	0.582042025473
1726000000.0	-0.27112852884
1728000000.0	0.420031414919
1730000000.0	0.245148310442
1732000000.0	-0.084994370929
1734000000.0	1.17816066361
1736000000.0	-0.248586916778
1738000000.0	-0.434881205849
1740000000.0	0.591669939407
1742000000.0	-0.496562710616
1744000000.0	0.00865533118816
1746000000.0	0.0139130416826
1748000000.0	0.145103332754
1750000000.0	-7.81246441859
1752000000.0	-1.53980647771
1754000000.0	0.504750492694
1756000000.0	0.847838614448
1758000000.0	0.726194768338
1760000000.0	0.965988315838
1762000000.0	-0.299281856644
1764000000.0	0.202224560705
1766000000.0	-0.127922947554
1768000000.0	0.548219851135
1770000000.0	0.415064410912
1772000000.0	-0.0395872592752
1774000000.0	-0.260580080961
1776000000.0	0.392908656187
1778000000.0	-0.161433063995
1780000000.0	0.218406773572
1782000000.0	0.194314701751
1784000000.0	-0.360914249185
1786000000.0	-0.0439163304851
1788000000.0	-1.62842910714
1790000000.0	-1.11557551768
1792000000.0	-0.338736461315
1794000000.0	-0.0449108666545
1796000000.0	1.39221667033
1798000000.0	0.0211556294969
1800000000.0	-0.488573387699
1802000000.0	0.723637706059
1804000000.0	-0.330712678798
1806000000.0	-1.36814071616
1808000000.0	0.80741692068
1810000000.0	-0.252991208672
1812000000.0	-0.199901085597
1814000000.0	-0.134145866689
1816000000.0	-0.354706397601
1818000000.0	0.199440926992
1820000000.0	1.00609588624
1822000000.0	-0.0826000442121
1824000000.0	0.451519285332
1826000000.0	-0.82747731167
1828000000.0	-1.33845362561
1830000000.0	0.940378761505
1832000000.0	0.514408045977
1834000000.0	-0.109676705584
1836000000.0	-0.63176448939
1838000000.0	-0.508432249361
1840000000.0	0.410546032232
1842000000.0	-0.0114221970194
1844000000.0	1.17007247839
1846000000.0	-0.509098538201
1848000000.0	0.561856858245
1850000000.0	0.351481443321
1852000000.0	0.478742221999
1854000000.0	0.950635333437
1856000000.0	-0.318150584959
1858000000.0	1.57063577971
1860000000.0	0.162546614633
1862000000.0	-0.0536167709951
1864000000.0	-1.51571113159
1866000000.0	-1.1580742178
1868000000.0	0.396831764875
1870000000.0	0.824926450194
1872000000.0	0.332878508598
1874000000.0	1.65432013695
1876000000.0	-1.47277362575
1878000000.0	-2.35707857146
1880000000.0	-1.88991281013
1882000000.0	-0.443725495371
1884000000.0	1.16107190295
1886000000.0	1.49999385114
1888000000.0	-0.651302266679
1890000000.0	-2.96385234401
1892000000.0	-3.19700800131
1894000000.0	1.42075500534
1896000000.0	8.07441331947
1898000000.0	17.5585874315
1900000000.0	-47.6761556687
1902000000.0	19.9213385896
1904000000.0	9.63970071589
1906000000.0	0.374383969126
1908000000.0	-3.91680687478
1910000000.0	-3.54655616105
1912000000.0	0.186165345494
1914000000.0	1.97300093075
1916000000.0	1.49969847369
1918000000.0	0.430614446919
1920000000.0	-0.012753416905
1922000000.0	-1.2419581588
1924000000.0	-0.635871539183
1926000000.0	-0.215584567634
1928000000.0	-0.137451801804
1930000000.0	-0.483405524413
1932000000.0	-0.129916414086
1934000000.0	-1.3011252023
1936000000.0	-0.412212750371
1938000000.0	0.0865214628567
1940000000.0	1.81162149322
1942000000.0	0.601903308204
1944000000.0	-0.600498724533
1946000000.0	-0.253386284896
1948000000.0	-0.774667892954
1950000000.0	0.57215307568
1952000000.0	1.6919453139
1954000000.0	0.975384979319
1956000000.0	-0.284834067829
1958000000.0	0.993440938441
1960000000.0	-0.00607419326037
1962000000.0	-0.144172369762
1964000000.0	1.1345600271
1966000000.0	-0.57222299733
1968000000.0	-0.495641859756
1970000000.0	-0.573016798737
1972000000.0	-1.1861953838
1974000000.0	-0.282601905456
1976000000.0	0.0935993229176
1978000000.0	1.55636711861
1980000000.0	0.770161353585
1982000000.0	0.82240931751
1984000000.0	0.898665609963
1986000000.0	-0.476076123027
1988000000.0	-0.825958105002
1990000000.0	-1.200983658
1992000000.0	0.252312914398
1994000000.0	-0.0621964207021
1996000000.0	-0.974184889207
1998000000.0	-0.901050313885
2000000000.0	5.125
