0.0	-3.2125
2000000.0	0.28914393194
4000000.0	0.830940843277
6000000.0	0.213206945798
8000000.0	0.0579423428064
10000000.0	-0.0791125664007
12000000.0	-0.712737830221
14000000.0	-0.948720778909
16000000.0	0.401339120909
18000000.0	2.31984435424
20000000.0	3.59939140927
22000000.0	3.32906572072
24000000.0	1.93593413923
26000000.0	0.130522656035
28000000.0	-2.07674305082
30000000.0	-3.8548797162
32000000.0	-4.13247695136
34000000.0	-2.36384857736
36000000.0	1.28537434045
38000000.0	3.04752001321
40000000.0	3.4486024389
42000000.0	2.82027669593
44000000.0	0.94385142002
46000000.0	-0.655687233626
48000000.0	-1.76229021791
50000000.0	-1.16604383614
52000000.0	-0.224841304209
54000000.0	0.778710488428
56000000.0	0.938146555652
58000000.0	0.248996632163
60000000.0	-0.552570906569
62000000.0	-1.18572077023
64000000.0	-1.00602472328
66000000.0	0.336380341202
68000000.0	1.54540545753
70000000.0	1.85625129537
72000000.0	1.04167186453
74000000.0	-0.690000702518
76000000.0	-1.97785077588
78000000.0	-1.9331480988
80000000.0	-1.12413310973
82000000.0	0.563955436368
84000000.0	1.68862941025
86000000.0	1.82650314379
88000000.0	1.15581135571
90000000.0	-0.482793957086
92000000.0	-1.51228829742
94000000.0	-1.80830345465
96000000.0	-1.04497814925
98000000.0	0.412001190418
100000000.0	1.39547359402
102000000.0	1.15409995753
104000000.0	0.453423435415
106000000.0	-0.555078413493
108000000.0	-1.17422437317
110000000.0	-0.676572102159
112000000.0	-0.1354717937
114000000.0	0.515274842573
116000000.0	0.915643327952
118000000.0	0.463105739188
120000000.0	0.0142581276773
122000000.0	-0.540628638141
124000000.0	-0.312098282379
126000000.0	-0.435427990901
128000000.0	0.427452388958
130000000.0	0.734116560367
132000000.0	0.365882948329
134000000.0	-0.122014078335
136000000.0	-0.865918201568
138000000.0	-0.88223436231
140000000.0	-0.566223524459
142000000.0	0.241902080541
144000000.0	0.979610306084
146000000.0	0.83553393312
148000000.0	0.334296245565
150000000.0	-0.556345583033
152000000.0	-1.09069690314
154000000.0	-1.00497203563
156000000.0	-0.382964053824
158000000.0	0.847784146967
160000000.0	1.30900576392
162000000.0	0.812918143684
164000000.0	0.0498690623377
166000000.0	-0.734843649033
168000000.0	-1.35888663971
170000000.0	-1.00109642443
172000000.0	-0.0016450305251
174000000.0	0.90957170167
176000000.0	1.20136492207
178000000.0	0.76108836676
180000000.0	-0.140401732546
182000000.0	-1.07118594382
184000000.0	-1.19733258627
186000000.0	-0.460723882122
188000000.0	0.546490078932
190000000.0	1.11765133345
192000000.0	0.816231432019
194000000.0	0.236996510907
196000000.0	-0.868548299631
198000000.0	-1.2045963922
200000000.0	-0.69223803756
202000000.0	0.104172682455
204000000.0	1.02951894512
206000000.0	1.39332312072
208000000.0	0.686324671869
210000000.0	-0.547152726617
212000000.0	-1.41472227257
214000000.0	-1.35522091405
216000000.0	-0.494217802665
218000000.0	0.666578896705
220000000.0	1.63002059553
222000000.0	1.38273793346
224000000.0	0.555565180735
226000000.0	-0.927953532036
228000000.0	-1.59705578915
230000000.0	-1.3775266466
232000000.0	-0.139019743489
234000000.0	0.997063618342
236000000.0	1.91941664265
238000000.0	1.27282369324
240000000.0	-0.317638536725
242000000.0	-1.60250239667
244000000.0	-1.81079667259
246000000.0	-0.583324593258
248000000.0	1.04175666344
250000000.0	2.24308174948
252000000.0	1.46760250585
254000000.0	0.127399048403
256000000.0	-1.43525657371
258000000.0	-2.08413962936
260000000.0	-1.57928455621
262000000.0	0.16076988428
264000000.0	2.30346543289
266000000.0	3.19020897378
268000000.0	2.07268967697
270000000.0	-1.37719075799
272000000.0	-4.66480273052
274000000.0	-4.70612220404
276000000.0	-1.25570013407
278000000.0	3.98776869452
280000000.0	6.87221368608
282000000.0	5.3733962656
284000000.0	-0.085290588907
286000000.0	-5.97880816619
288000000.0	-9.75358677643
290000000.0	-10.1198516153
292000000.0	-3.45204205988
294000000.0	13.1930777703
296000000.0	39.2020687993
298000000.0	66.4466194054
300000000.0	-197.429602502
302000000.0	66.0357338924
304000000.0	39.9460480968
306000000.0	12.8638350859
308000000.0	-4.33106076588
310000000.0	-10.2152452385
312000000.0	-9.00766260112
314000000.0	-4.59060237951
316000000.0	0.394168515039
318000000.0	4.25121509798
320000000.0	5.49203320901
322000000.0	3.40016734546
324000000.0	-0.724982910301
326000000.0	-3.891294714
328000000.0	-3.60389023051
330000000.0	-1.00332582249
332000000.0	1.60126258022
334000000.0	2.59815173294
336000000.0	1.25501454446
338000000.0	-0.148791309446
340000000.0	-1.25787820467
342000000.0	-1.08181614178
344000000.0	-0.416898592237
346000000.0	0.547239835004
348000000.0	1.04318382979
350000000.0	0.761374831202
352000000.0	0.202414467575
354000000.0	-0.79767914986
356000000.0	-1.39077900303
358000000.0	-0.860078605823
360000000.0	0.413219193549
362000000.0	1.35793376169
364000000.0	1.46522686117
366000000.0	0.563427855912
368000000.0	-0.860469218549
370000000.0	-1.59985195865
372000000.0	-1.39444632833
374000000.0	-0.31031432994
376000000.0	0.759675550211
378000000.0	1.37299575711
380000000.0	1.33033780021
382000000.0	0.470859133677
384000000.0	-0.517095125416
386000000.0	-1.32457026818
388000000.0	-1.22995160748
390000000.0	-0.505075640829
392000000.0	0.525457317583
394000000.0	1.4445908323
396000000.0	1.11554618662
398000000.0	0.292455742121
400000000.0	-0.789315873861
402000000.0	-1.00949643114
404000000.0	-0.675694504263
406000000.0	-0.319150418976
408000000.0	0.434762625088
410000000.0	0.70773201491
412000000.0	0.616555528634
414000000.0	0.221176509587
416000000.0	-0.379566931435
418000000.0	-0.610260730245
420000000.0	-0.450198493341
422000000.0	-0.0393779510757
424000000.0	0.270935059451
426000000.0	0.248587801493
428000000.0	0.337236830918
430000000.0	0.0554062601766
432000000.0	-0.0190449832972
434000000.0	-0.185541747178
436000000.0	-0.0130194973649
438000000.0	0.250616192397
440000000.0	0.158176282632
442000000.0	-0.0387494474896
444000000.0	-0.268191589053
446000000.0	-0.258508099739
448000000.0	-0.268223648191
450000000.0	0.0987211395775
452000000.0	0.336006536575
454000000.0	0.445265308063
456000000.0	0.236532376829
458000000.0	-0.298237167284
460000000.0	-0.474673701238
462000000.0	-0.630288660001
464000000.0	-0.0874729353701
466000000.0	0.183644416826
468000000.0	0.686545634941
470000000.0	0.661856803601
472000000.0	0.185878617197
474000000.0	-0.190891614779
476000000.0	-0.656357539369
478000000.0	-0.769948723686
480000000.0	-0.380854148685
482000000.0	0.110852654534
484000000.0	0.479887901342
486000000.0	0.625675712479
488000000.0	0.221960288084
490000000.0	-0.25572310633
492000000.0	-0.327533245687
494000000.0	-0.368096819358
496000000.0	-0.251764133288
498000000.0	0.0248077716126
500000000.0	0.457634029351
502000000.0	0.248836202946
504000000.0	0.18947414482
506000000.0	-0.0899865620247
508000000.0	-0.245460778147
510000000.0	-0.250850470253
512000000.0	-0.0876873724799
514000000.0	0.00989187703901
516000000.0	0.116486294747
518000000.0	0.156746835301
520000000.0	0.0207112393771
522000000.0	-0.0359012895075
524000000.0	-0.0509665989496
526000000.0	-0.0334388431818
528000000.0	-0.0573992419878
530000000.0	0.126672902362
532000000.0	-0.173883932553
534000000.0	-0.12512456108
536000000.0	-0.161694809732
538000000.0	-0.286679321469
540000000.0	0.129843037077
542000000.0	0.264187930634
544000000.0	0.350617917793
546000000.0	0.164620109165
548000000.0	-0.187321029325
550000000.0	-0.35579274635
552000000.0	-0.24344825177
554000000.0	-0.28950569897
556000000.0	0.084981827824
558000000.0	0.449191969686
560000000.0	0.287759397576
562000000.0	0.135303622443
564000000.0	-0.0288446519078
566000000.0	-0.288518930949
568000000.0	-0.590426790683
570000000.0	-0.212724702036
572000000.0	0.00931235712314
574000000.0	0.148196333424
576000000.0	0.351908507666
578000000.0	0.352625089925
580000000.0	-0.0200359509197
582000000.0	-0.299640184975
584000000.0	-0.459783908926
586000000.0	-0.0816070951711
588000000.0	0.00612768978933
590000000.0	0.252296924615
592000000.0	0.225500039499
594000000.0	0.11639104227
596000000.0	-0.231778258544
598000000.0	-0.494091108339
600000000.0	1.05396140814
602000000.0	-0.61154011232
604000000.0	-0.195155337663
606000000.0	-0.0525043758201
608000000.0	0.194948131549
610000000.0	0.0609445880266
612000000.0	0.0815024338424
614000000.0	0.0232120910155
616000000.0	-0.0771880864417
618000000.0	0.042357465323
620000000.0	-0.205961100487
622000000.0	-0.119576750551
624000000.0	-0.193521689141
626000000.0	0.0165611373302
628000000.0	-0.0781385232973
630000000.0	0.162644869331
632000000.0	0.150920695199
634000000.0	0.176887232264
636000000.0	0.110072195682
638000000.0	0.0516524385732
640000000.0	-0.24168255464
642000000.0	-0.0239065802996
644000000.0	-0.179400073684
646000000.0	0.0310783448399
648000000.0	0.210082022801
650000000.0	0.376251452815
652000000.0	0.0955660803084
654000000.0	-0.0632474398732
656000000.0	-0.171718522852
658000000.0	-0.18932277758
660000000.0	-0.156109322921
662000000.0	-0.0999144502968
664000000.0	0.19438094417
666000000.0	0.323306453445
668000000.0	0.202606941609
670000000.0	0.137698504663
672000000.0	-0.103350855738
674000000.0	-0.189542822038
676000000.0	-0.144336491832
678000000.0	-0.140049413852
680000000.0	0.0621886824144
682000000.0	0.0697404546529
684000000.0	0.160682987764
686000000.0	0.0598652909761
688000000.0	-0.00674989199399
690000000.0	-0.149560404675
692000000.0	-0.0217028014893
694000000.0	0.0264690067335
696000000.0	0.0961955928076
698000000.0	-0.114789006282
700000000.0	-0.33735442144
702000000.0	-0.0532941437745
704000000.0	0.153406997848
706000000.0	0.0307977875325
708000000.0	0.247254466516
710000000.0	-0.149617406746
712000000.0	-0.0568382927079
714000000.0	-0.197488530363
716000000.0	-0.223202832647
718000000.0	-0.0015706729095
720000000.0	-0.0140660593042
722000000.0	0.282202976613
724000000.0	0.244157311154
726000000.0	0.0303978942451
728000000.0	-0.185714006057
730000000.0	-0.00909724335354
732000000.0	-0.323323182879
734000000.0	-0.234348397297
736000000.0	0.131235976627
738000000.0	0.144284636493
740000000.0	0.272934285751
742000000.0	0.191519437703
744000000.0	-0.0684686631302
746000000.0	-0.14362970081
748000000.0	-0.259264070933
750000000.0	-0.227631096193
752000000.0	-0.10647439732
754000000.0	0.287464865872
756000000.0	0.182637392612
758000000.0	0.109079847738
760000000.0	0.0507236454276
762000000.0	-0.0210717456417
764000000.0	-0.0280053261484
766000000.0	-0.210713151246
768000000.0	0.0178303501532
770000000.0	-0.101387534702
772000000.0	0.0245354796519
774000000.0	-0.13078870956
776000000.0	0.0590356403953
778000000.0	-0.00417615578205
780000000.0	0.0798641620956
782000000.0	0.189278976903
784000000.0	0.00950321967872
786000000.0	-0.0906951824198
788000000.0	-0.189385049524
790000000.0	-0.261330533566
792000000.0	-0.0340479657405
794000000.0	-0.16104390642
796000000.0	0.343963012805
798000000.0	0.47073884946
800000000.0	-0.193066102967
802000000.0	-0.029349688171
804000000.0	-0.197204117286
806000000.0	-0.347063200215
808000000.0	-0.27777859377
810000000.0	0.0222944262006
812000000.0	0.345555042002
814000000.0	0.382314802407
816000000.0	0.188589745262
818000000.0	-0.226927424669
820000000.0	-0.396812470762
822000000.0	-0.406890131549
824000000.0	-0.299157747902
826000000.0	0.242321106227
828000000.0	0.300304465693
830000000.0	0.313709659146
832000000.0	0.188416960948
834000000.0	0.00815545387961
836000000.0	-0.417923224497
838000000.0	-0.418309918434
840000000.0	-0.16184042001
842000000.0	0.200075953276
844000000.0	0.408345485721
846000000.0	0.430897510393
848000000.0	0.147754976071
850000000.0	-0.204334182485
852000000.0	-0.279736679234
854000000.0	-0.186486633125
856000000.0	0.0905629449647
858000000.0	0.153376090887
860000000.0	0.589529651705
862000000.0	0.301533267686
864000000.0	-0.389577986463
866000000.0	-0.692481865473
868000000.0	-0.379102517768
870000000.0	0.286147030688
872000000.0	0.849128590539
874000000.0	1.02526492186
876000000.0	0.227410800547
878000000.0	-0.723459225227
880000000.0	-1.28458794469
882000000.0	-1.09811632948
884000000.0	-0.150164134151
886000000.0	0.972287582316
888000000.0	2.18093032086
890000000.0	2.83603580682
892000000.0	1.72206969802
894000000.0	-2.88769180025
896000000.0	-10.5129275271
898000000.0	-18.564890645
900000000.0	51.0212173943
902000000.0	-16.1799118907
904000000.0	-9.78588248646
906000000.0	-3.45241675166
908000000.0	0.604279795588
910000000.0	2.16997568649
912000000.0	2.47065960739
914000000.0	1.60248806774
916000000.0	0.278742949551
918000000.0	-1.22627770724
920000000.0	-1.80266723355
922000000.0	-1.26481668184
924000000.0	0.0301581913027
926000000.0	1.08461083791
928000000.0	1.11098650662
930000000.0	0.461856913093
932000000.0	-0.457482213574
934000000.0	-0.91468186717
936000000.0	-0.670277379586
938000000.0	-0.0679812391096
940000000.0	0.429204463623
942000000.0	0.43337191244
944000000.0	0.289328517402
946000000.0	0.157444943818
948000000.0	-0.265069188679
950000000.0	-0.520246564487
952000000.0	-0.265905273701
954000000.0	0.0517350166545
956000000.0	0.349997181122
958000000.0	0.388084231475
960000000.0	0.177120724387
962000000.0	-0.294468349361
964000000.0	-0.259578439268
966000000.0	-0.210296607187
968000000.0	0.111936805774
970000000.0	0.221954167244
972000000.0	0.364202720529
974000000.0	0.0684125961795
976000000.0	0.0515017209209
978000000.0	-0.208616172123
980000000.0	-0.27929896761
982000000.0	-0.148798839599
984000000.0	0.00704163808969
986000000.0	0.325914961579
988000000.0	0.332857679998
990000000.0	0.0863650235804
992000000.0	-0.0869723479132
994000000.0	-0.40750388067
996000000.0	-0.249546285587
998000000.0	-0.145095861472
1000000000.0	0.759375
1002000000.0	-0.0385886964956
1004000000.0	0.100072324489
1006000000.0	0.0389321380914
1008000000.0	-0.148289755971
1010000000.0	-0.207264805855
1012000000.0	-0.127958826157
1014000000.0	-0.0758598661393
1016000000.0	0.0409313622012
1018000000.0	0.146186684961
1020000000.0	0.220476541483
1022000000.0	-0.109783213844
1024000000.0	-0.197563991295
1026000000.0	-0.0940184138876
1028000000.0	-0.164580958031
1030000000.0	0.144910704025
1032000000.0	0.192593344673
1034000000.0	0.0985792237656
1036000000.0	0.0194288200424
1038000000.0	-0.217277393511
1040000000.0	-0.208054363255
1042000000.0	-0.170762668307
1044000000.0	-0.107110742167
1046000000.0	0.104399651921
1048000000.0	0.149192915807
1050000000.0	0.0745160454077
1052000000.0	-0.0912754877804
1054000000.0	-0.0314913507392
1056000000.0	-0.0973118021722
1058000000.0	-0.0168851677951
1060000000.0	0.0378297577251
1062000000.0	0.215774450587
1064000000.0	0.187975759828
1066000000.0	-0.0425929926798
1068000000.0	-0.211735558376
1070000000.0	-0.144301882642
1072000000.0	-0.0661873935172
1074000000.0	-0.0878478985449
1076000000.0	0.0130933226344
1078000000.0	0.177347128175
1080000000.0	0.156775413894
1082000000.0	-0.0916246567043
1084000000.0	-0.0750815837454
1086000000.0	-0.19543581274
1088000000.0	-0.0705122530342
1090000000.0	0.0236429282441
1092000000.0	0.0882933701213
1094000000.0	0.150964438841
1096000000.0	-0.0826663861461
1098000000.0	0.059225539336
1100000000.0	-0.266657826869
1102000000.0	-0.0379907249246
1104000000.0	0.0105953817041
1106000000.0	0.0875017684979
1108000000.0	0.0288832629939
1110000000.0	0.0483720444595
1112000000.0	-7.83005828309e-06
1114000000.0	-0.154162804486
1116000000.0	0.0730443059333
1118000000.0	-0.0340012807491
1120000000.0	0.0487602680131
1122000000.0	0.141746139097
1124000000.0	0.146018777035
1126000000.0	-0.14669055234
1128000000.0	0.0307309407058
1130000000.0	-0.0859897756035
1132000000.0	-0.0245052754122
1134000000.0	-0.140250146425
1136000000.0	-0.0175237600535
1138000000.0	0.181673097931
1140000000.0	0.061586268285
1142000000.0	-0.171467161118
1144000000.0	-0.104231988604
1146000000.0	-0.0943268702142
1148000000.0	0.0520511320019
1150000000.0	0.180140514385
1152000000.0	-0.104240961826
1154000000.0	0.0751446631006
1156000000.0	0.12760908228
1158000000.0	0.0226633774385
1160000000.0	-0.249970234828
1162000000.0	-0.0260224667295
1164000000.0	-0.0876252656466
1166000000.0	-0.0157624312294
1168000000.0	-0.0061193732435
1170000000.0	-0.014662809006
1172000000.0	0.0951169012839
1174000000.0	-0.110752054774
1176000000.0	-0.0630189614912
1178000000.0	-0.0785386196661
1180000000.0	0.129418954919
1182000000.0	0.0129485684501
1184000000.0	0.10651779368
1186000000.0	0.0055082192964
1188000000.0	-0.0164594555176
1190000000.0	0.081636546302
1192000000.0	-0.178794836907
1194000000.0	0.0797727597995
1196000000.0	0.2680973103
1198000000.0	0.65910508598
1200000000.0	-1.18412162614
1202000000.0	0.483805016606
1204000000.0	0.251633528278
1206000000.0	0.00425497085684
1208000000.0	-0.127619174779
1210000000.0	0.049863582207
1212000000.0	-0.145330785853
1214000000.0	0.082035072106
1216000000.0	0.0744537798495
1218000000.0	0.0563774230977
1220000000.0	0.0375022800692
1222000000.0	0.0716435385173
1224000000.0	-0.137987374898
1226000000.0	-0.134895175292
1228000000.0	0.0668406220312
1230000000.0	0.165586193591
1232000000.0	0.00280125214522
1234000000.0	0.0199104324562
1236000000.0	-0.0603319715517
1238000000.0	-0.13244897551
1240000000.0	0.0544547481065
1242000000.0	0.0268998481947
1244000000.0	0.00454627427203
1246000000.0	0.107368994426
1248000000.0	-0.0152002608218
1250000000.0	0.382503933002
1252000000.0	-0.0180795690535
1254000000.0	0.0539444960539
1256000000.0	-0.165895665694
1258000000.0	0.0615949369715
1260000000.0	-0.025542847879
1262000000.0	0.0527311946497
1264000000.0	0.11555166811
1266000000.0	-0.013501032187
1268000000.0	-0.136585501565
1270000000.0	-0.0675315936823
1272000000.0	-0.124404526571
1274000000.0	0.0426685692226
1276000000.0	-0.141596325695
1278000000.0	0.0343303868832
1280000000.0	0.169931468041
1282000000.0	0.060097997838
1284000000.0	-0.0693060975666
1286000000.0	-0.194919643948
1288000000.0	-0.037643876905
1290000000.0	-0.0196092261156
1292000000.0	0.0532626695772
1294000000.0	0.109018487012
1296000000.0	0.180982821983
1298000000.0	0.289869386712
1300000000.0	-1.22056903178
1302000000.0	0.634169857638
1304000000.0	0.373191156338
1306000000.0	0.105632797955
1308000000.0	-0.22471800107
1310000000.0	-0.121822163513
1312000000.0	-0.0716083474118
1314000000.0	0.00170217964842
1316000000.0	-0.0849766233877
1318000000.0	-0.053064436889
1320000000.0	0.0512047674457
1322000000.0	-0.0194166350312
1324000000.0	0.0442492342251
1326000000.0	0.0599484898364
1328000000.0	0.119807635772
1330000000.0	-0.0096652875972
1332000000.0	0.0253961778351
1334000000.0	0.165753156648
1336000000.0	-0.0243454857451
1338000000.0	-0.000351576259707
1340000000.0	0.114868327302
1342000000.0	0.0632729138322
1344000000.0	-0.0212136054937
1346000000.0	0.114604984069
1348000000.0	0.0807306119626
1350000000.0	-0.100454906204
1352000000.0	0.0037123736998
1354000000.0	-0.134940158137
1356000000.0	-0.103884679235
1358000000.0	0.129914180472
1360000000.0	0.0707499906092
1362000000.0	0.02871236755
1364000000.0	0.102478833505
1366000000.0	0.0874996454215
1368000000.0	-0.012957241116
1370000000.0	0.102384565831
1372000000.0	-0.01825073632
1374000000.0	0.349620850426
1376000000.0	-0.0561088687468
1378000000.0	-0.035100414356
1380000000.0	-0.0459423516732
1382000000.0	-0.117736296409
1384000000.0	-0.204864001644
1386000000.0	-0.0682744176976
1388000000.0	-0.0362113722052
1390000000.0	0.0384274582089
1392000000.0	0.0645566898776
1394000000.0	-0.126837051273
1396000000.0	-0.178595845769
1398000000.0	-0.23638269397
1400000000.0	0.149825079735
1402000000.0	-0.119664833659
1404000000.0	-0.0368909235451
1406000000.0	0.00971539301898
1408000000.0	0.135336687011
1410000000.0	0.079700094964
1412000000.0	-0.211557635755
1414000000.0	-0.142010140288
1416000000.0	-0.0838421523805
1418000000.0	-0.0876028565446
1420000000.0	0.130506563315
1422000000.0	0.0614761009999
1424000000.0	0.16445730201
1426000000.0	-0.0798720888774
1428000000.0	-0.226380647106
1430000000.0	-0.226058144292
1432000000.0	0.0156381191453
1434000000.0	0.0968291260532
1436000000.0	0.0517953490887
1438000000.0	0.0559303734206
1440000000.0	-0.0407894674964
1442000000.0	0.0290783737688
1444000000.0	-0.330619996103
1446000000.0	-0.237217651455
1448000000.0	-0.0611545607794
1450000000.0	-0.0583473334962
1452000000.0	0.160593159899
1454000000.0	0.302661660151
1456000000.0	0.193813039465
1458000000.0	-0.0782614936082
1460000000.0	-0.307767454771
1462000000.0	-0.147526545015
1464000000.0	0.0678202558936
1466000000.0	0.323202857504
1468000000.0	0.155387875028
1470000000.0	-0.041821886094
1472000000.0	-0.296502711584
1474000000.0	-0.280066158695
1476000000.0	-0.157356429473
1478000000.0	0.0713598213333
1480000000.0	0.176314964216
1482000000.0	0.271782030994
1484000000.0	0.129919978086
1486000000.0	-0.131342290469
1488000000.0	-0.464075636282
1490000000.0	-0.899081297202
1492000000.0	-0.814694666885
1494000000.0	0.706112680162
1496000000.0	3.56623164126
1498000000.0	6.50814620576
1500000000.0	-17.9138840294
1502000000.0	5.20767299627
1504000000.0	3.18286232616
1506000000.0	1.34637190007
1508000000.0	0.149913643707
1510000000.0	-0.474608564085
1512000000.0	-1.0083205751
1514000000.0	-0.850787077721
1516000000.0	-0.412517426227
1518000000.0	0.358674984139
1520000000.0	0.809292234691
1522000000.0	0.651223874847
1524000000.0	0.0503004660655
1526000000.0	-0.405177277427
1528000000.0	-0.579531079064
1530000000.0	-0.331515295046
1532000000.0	0.0391564343588
1534000000.0	0.135831588731
1536000000.0	0.329727739078
1538000000.0	0.259810871184
1540000000.0	0.0584858365873
1542000000.0	-0.120361318218
1544000000.0	-0.207415165863
1546000000.0	-0.32164328272
1548000000.0	0.0213588436381
1550000000.0	0.116677610866
1552000000.0	0.0276679783086
1554000000.0	0.121176318775
1556000000.0	-0.111948321276
1558000000.0	-0.165148672152
1560000000.0	0.0265523529695
1562000000.0	0.127689989245
1564000000.0	0.136168135993
1566000000.0	-0.0496754179541
1568000000.0	-0.0700679809786
1570000000.0	-0.155050823081
1572000000.0	-0.122570092273
1574000000.0	-0.0129229440987
1576000000.0	-0.123106887277
1578000000.0	0.196495686268
1580000000.0	0.135157199146
1582000000.0	0.0647204937946
1584000000.0	-0.0562522453541
1586000000.0	-0.175769360699
1588000000.0	-0.0818781820038
1590000000.0	-0.0885815844948
1592000000.0	-0.0102437368012
1594000000.0	0.22175373058
1596000000.0	0.165743306012
1598000000.0	0.170111175137
1600000000.0	-0.161621397033
1602000000.0	0.0183854242723
1604000000.0	-0.0825006129689
1606000000.0	-0.17999331891
1608000000.0	-0.167701320702
1610000000.0	0.12964569853
1612000000.0	0.030948441506
1614000000.0	0.0477126056688
1616000000.0	-0.126145440254
1618000000.0	-0.154528715399
1620000000.0	-0.0028212872678
1622000000.0	-0.106310116754
1624000000.0	0.00805818733853
1626000000.0	-0.017944302838
1628000000.0	0.224988637503
1630000000.0	0.17201810697
1632000000.0	0.0287816965479
1634000000.0	-0.146659203445
1636000000.0	-0.0747463672206
1638000000.0	-0.1007790159
1640000000.0	0.0498326469506
1642000000.0	0.109665682397
1644000000.0	-0.0169756594969
1646000000.0	-0.0848046204553
1648000000.0	-0.0513866770316
1650000000.0	-0.0702798559588
1652000000.0	0.00215737243978
1654000000.0	0.0266001326101
1656000000.0	0.0671363007583
1658000000.0	0.0168930224328
1660000000.0	0.0505770751292
1662000000.0	-0.151731469099
1664000000.0	0.0126697664771
1666000000.0	-0.0133398957777
1668000000.0	0.0440034159975
1670000000.0	-0.0181565003178
1672000000.0	0.0469660994537
1674000000.0	0.0709860172815
1676000000.0	-0.0218588597774
1678000000.0	-0.00498104230427
1680000000.0	-0.12688759769
1682000000.0	0.0500526907124
1684000000.0	-0.00699601103168
1686000000.0	0.0945771093053
1688000000.0	0.0565223084606
1690000000.0	0.00865737402152
1692000000.0	-0.0542211128863
1694000000.0	-0.0144336707515
1696000000.0	-0.108627995694
1698000000.0	-0.165622091404
1700000000.0	0.160298689067
1702000000.0	-0.0698579833537
1704000000.0	0.0864095652923
1706000000.0	0.105275012515
1708000000.0	-0.11892191461
1710000000.0	-0.0599073711827
1712000000.0	-0.0187405391188
1714000000.0	0.00113749561123
1716000000.0	0.075207609821
1718000000.0	0.0434522137289
1720000000.0	0.0225987882798
1722000000.0	-0.069197881771
1724000000.0	-0.0351460121851
1726000000.0	-0.120263697626
1728000000.0	-0.0815398671848
1730000000.0	-0.107104159994
1732000000.0	-0.14636758363
1734000000.0	-0.00816888536671
1736000000.0	0.0228420222465
1738000000.0	0.0114663980009
1740000000.0	-0.0153299168149
1742000000.0	0.0609485803697
1744000000.0	0.00824533247277
1746000000.0	-0.0203365532245
1748000000.0	-0.0919607561745
1750000000.0	-0.0729545862941
1752000000.0	-0.163241159111
1754000000.0	0.0104704724409
1756000000.0	-0.0328885572133
1758000000.0	0.000448346713126
1760000000.0	0.0812691008308
1762000000.0	-0.0319908888348
1764000000.0	-0.105905773763
1766000000.0	0.0321318761587
1768000000.0	-0.0252574804974
1770000000.0	0.0204422243531
1772000000.0	-0.102169358761
1774000000.0	0.0243862121405
1776000000.0	-0.0999238140309
1778000000.0	0.0682864203763
1780000000.0	-0.00828144599277
1782000000.0	0.0663365718062
1784000000.0	-0.224855455996
1786000000.0	0.0260462992465
1788000000.0	0.013875305816
1790000000.0	-0.00902029354929
1792000000.0	-0.0263673691122
1794000000.0	0.0441986631872
1796000000.0	-0.202147785826
1798000000.0	-0.3770596149
1800000000.0	0.729076549681
1802000000.0	-0.226023190826
1804000000.0	-0.199473249833
1806000000.0	-0.130219253363
1808000000.0	9.91052944853e-05
1810000000.0	-0.0177965929597
1812000000.0	0.0253429191094
1814000000.0	0.0791003453294
1816000000.0	0.00768983063272
1818000000.0	-0.00955549976747
1820000000.0	-0.0807820096626
1822000000.0	0.0910794293233
1824000000.0	-0.0475257048691
1826000000.0	0.0398491867487
1828000000.0	0.129438933013
1830000000.0	-0.0154165864882
1832000000.0	-0.0925154572145
1834000000.0	-0.102955625047
1836000000.0	-0.0284603645496
1838000000.0	0.0107913130065
1840000000.0	-0.0533715114774
1842000000.0	0.0964735181081
1844000000.0	-0.0116072065604
1846000000.0	-0.0682592643562
1848000000.0	0.036959548739
1850000000.0	0.0173579926068
1852000000.0	-0.0257986960254
1854000000.0	0.0800384907193
1856000000.0	0.0013669377272
1858000000.0	0.0716799193015
1860000000.0	-0.104896011055
1862000000.0	-0.0449056740425
1864000000.0	-0.0939283321064
1866000000.0	-0.0961351328652
1868000000.0	-0.0270881411494
1870000000.0	0.0139335706873
1872000000.0	0.140292103038
1874000000.0	0.256648228981
1876000000.0	-0.0841482231474
1878000000.0	-0.078994939276
1880000000.0	-0.279668287496
1882000000.0	-0.0895266720175
1884000000.0	0.118860043247
1886000000.0	0.320532847936
1888000000.0	0.294016039442
1890000000.0	0.146371271992
1892000000.0	-0.233824824511
1894000000.0	-0.354090128035
1896000000.0	-0.68449806203
1898000000.0	-1.00517100264
1900000000.0	4.10219410523
1902000000.0	-1.7372611474
1904000000.0	-0.806253461969
1906000000.0	-0.151291031856
1908000000.0	0.323681751491
1910000000.0	0.181006780588
1912000000.0	-0.0129922590865
1914000000.0	-0.0766305948674
1916000000.0	-0.220959753412
1918000000.0	0.0849286637524
1920000000.0	-0.0444818633804
1922000000.0	0.133826672338
1924000000.0	0.0287671849814
1926000000.0	0.108635049247
1928000000.0	-0.021421960857
1930000000.0	-0.00895662016484
1932000000.0	-0.146648412191
1934000000.0	-0.0946485079714
1936000000.0	-0.00386357070077
1938000000.0	0.0264281603056
1940000000.0	0.0806589127033
1942000000.0	0.0457922417187
1944000000.0	-0.128761050846
1946000000.0	-0.134714116181
1948000000.0	-0.0323235004123
1950000000.0	-0.105694578706
1952000000.0	0.134094611016
1954000000.0	0.0869394317244
1956000000.0	0.0471806792199
1958000000.0	-0.00366639264145
1960000000.0	-0.0680558020403
1962000000.0	0.0293864289457
1964000000.0	-0.0633832568659
1966000000.0	-0.0528221167653
1968000000.0	-0.0275933751402
1970000000.0	0.043146031311
1972000000.0	0.0317119457509
1974000000.0	0.101913871971
1976000000.0	-0.0365146092627
1978000000.0	-0.127924280438
1980000000.0	-0.0723808650683
1982000000.0	0.0576246435465
1984000000.0	-0.00622550651366
1986000000.0	0.0928614365156
1988000000.0	0.127711952435
1990000000.0	0.00753389145658
1992000000.0	-0.165464283469
1994000000.0	-0.0674708062916
1996000000.0	0.0458267855464
1998000000.0	0.0320396567857
2000000000.0	0.05625
