0.0	-52.109485
2000000.0	5.86135630153
4000000.0	5.72717385638
6000000.0	3.54154696213
8000000.0	-5.3938818419
10000000.0	-10.4085361152
12000000.0	-13.0859822346
14000000.0	-7.10561816259
16000000.0	6.57618721198
18000000.0	17.5565826634
20000000.0	19.0958251845
22000000.0	7.80869994894
24000000.0	-10.0432694276
26000000.0	-24.057796478
28000000.0	-19.2200621977
30000000.0	-2.19909089295
32000000.0	15.7135604487
34000000.0	19.5697853416
36000000.0	8.87799182766
38000000.0	-0.90576294767
40000000.0	-11.4331491008
42000000.0	-14.6301722159
44000000.0	-5.21405983663
46000000.0	4.85645951699
48000000.0	7.07673047818
50000000.0	4.61189747202
52000000.0	-2.28397640223
54000000.0	-5.33505243741
56000000.0	-2.42784798813
58000000.0	2.90670293058
60000000.0	4.67802777604
62000000.0	3.59439861356
64000000.0	-1.07765456462
66000000.0	-5.62251178604
68000000.0	-5.56982950829
70000000.0	0.427086658033
72000000.0	6.59334951515
74000000.0	7.54048405225
76000000.0	3.54464389457
78000000.0	-4.22015983537
80000000.0	-9.13902444314
82000000.0	-5.90938795931
84000000.0	0.44096586021
86000000.0	7.31942686541
88000000.0	7.31539583865
90000000.0	1.81611387758
92000000.0	-3.36317618098
94000000.0	-6.69083015637
96000000.0	-3.57759458574
98000000.0	2.12526790677
100000000.0	6.41233006285
102000000.0	3.44557246428
104000000.0	-1.23940731109
106000000.0	-5.94380822922
108000000.0	-4.891251892
110000000.0	0.468955471546
112000000.0	5.65381757227
114000000.0	6.86227925464
116000000.0	2.13993730971
118000000.0	-3.79350813379
120000000.0	-6.08342806347
122000000.0	-4.14949694527
124000000.0	2.40641033098
126000000.0	3.19740622831
128000000.0	4.32163405251
130000000.0	1.10102145395
132000000.0	-3.11019252961
134000000.0	-3.45892752783
136000000.0	-2.42815407337
138000000.0	2.77754229007
140000000.0	4.23972460638
142000000.0	1.4020093443
144000000.0	-1.24598284109
146000000.0	-3.85680544332
148000000.0	-2.97152979739
150000000.0	0.30131614963
152000000.0	3.1304559512
154000000.0	4.2881629297
156000000.0	0.629483862788
158000000.0	-2.52358465992
160000000.0	-4.62819888544
162000000.0	-2.61570391646
164000000.0	1.77854974595
166000000.0	4.71537610602
168000000.0	3.05347555194
170000000.0	-0.289910049535
172000000.0	-4.21670579478
174000000.0	-4.1584593394
176000000.0	-2.15731291675
178000000.0	2.35490403482
180000000.0	5.77931799353
182000000.0	3.2686442097
184000000.0	0.467749789749
186000000.0	-4.33983626608
188000000.0	-3.80766726274
190000000.0	-0.856291346171
192000000.0	2.50488585416
194000000.0	3.62671387168
196000000.0	0.858598041337
198000000.0	-1.60384155656
200000000.0	-4.82683466335
202000000.0	-1.17846489966
204000000.0	2.59116145649
206000000.0	4.73303413594
208000000.0	2.31463440332
210000000.0	-1.91804224433
212000000.0	-6.1939802194
214000000.0	-4.54568212476
216000000.0	-0.0399552618668
218000000.0	5.38747559144
220000000.0	7.22819261464
222000000.0	3.79860860487
224000000.0	-1.57893300718
226000000.0	-5.88945915933
228000000.0	-5.56379752694
230000000.0	-1.22133416488
232000000.0	3.51515568759
234000000.0	4.77207415649
236000000.0	2.69028268916
238000000.0	-1.1412221852
240000000.0	-4.06215775438
242000000.0	-2.80842906579
244000000.0	1.88573328724
246000000.0	4.17473963587
248000000.0	4.1453755272
250000000.0	-0.359908824104
252000000.0	-5.60919135913
254000000.0	-6.56141942745
256000000.0	-1.85045308608
258000000.0	6.19657291371
260000000.0	11.4205782086
262000000.0	6.16499441545
264000000.0	-7.82398679839
266000000.0	-17.0170235467
268000000.0	-13.1149763969
270000000.0	4.11874495799
272000000.0	22.7748001255
274000000.0	24.6553783314
276000000.0	5.81931791169
278000000.0	-21.7852393529
280000000.0	-33.5909212897
282000000.0	-16.0559852229
284000000.0	16.6557983988
286000000.0	36.9431272746
288000000.0	21.3122833401
290000000.0	-18.9689911234
292000000.0	-42.4183633931
294000000.0	-14.2964814419
296000000.0	69.4768794747
298000000.0	157.714764437
300000000.0	-374.932654372
302000000.0	125.689522997
304000000.0	77.6729302179
306000000.0	35.3289141197
308000000.0	0.0590231645628
310000000.0	-25.7870567595
312000000.0	-33.81269017
314000000.0	-23.3969350516
316000000.0	0.50838382114
318000000.0	22.7513723617
320000000.0	27.8222518746
322000000.0	11.308614119
324000000.0	-10.0611619703
326000000.0	-21.9355977646
328000000.0	-15.1143420713
330000000.0	3.19904821763
332000000.0	14.7214466575
334000000.0	12.3539420406
336000000.0	0.0439275360295
338000000.0	-10.9277566067
340000000.0	-9.93894532592
342000000.0	1.47346603392
344000000.0	9.9590944802
346000000.0	8.55464552655
348000000.0	-1.01475835722
350000000.0	-9.36671914033
352000000.0	-9.68620676797
354000000.0	-0.39353103197
356000000.0	9.12439122176
358000000.0	9.74919131808
360000000.0	3.58939911907
362000000.0	-5.55852284865
364000000.0	-9.57898488543
366000000.0	-6.77407890772
368000000.0	1.70375036588
370000000.0	8.08338906554
372000000.0	6.9861816828
374000000.0	2.47369969695
376000000.0	-4.77510539649
378000000.0	-6.90213657048
380000000.0	-2.96489110565
382000000.0	0.91042501332
384000000.0	4.43606318934
386000000.0	2.97239918984
388000000.0	-1.1958146909
390000000.0	-3.7343150405
392000000.0	-2.71348475687
394000000.0	1.37431646141
396000000.0	4.73939802966
398000000.0	3.83897867249
400000000.0	-1.93491771251
402000000.0	-3.96832180234
404000000.0	-5.00598499601
406000000.0	-1.30030466537
408000000.0	2.29349332628
410000000.0	5.060870971
412000000.0	3.67832033521
414000000.0	-1.81888731008
416000000.0	-4.31609425647
418000000.0	-4.30218272907
420000000.0	-0.418672817751
422000000.0	2.8022465104
424000000.0	3.73514799186
426000000.0	2.62011856245
428000000.0	-2.34623938865
430000000.0	-3.43320151488
432000000.0	-2.30073739209
434000000.0	1.20823724793
436000000.0	2.7155202795
438000000.0	1.94985285942
440000000.0	-1.63732708992
442000000.0	-3.21048595602
444000000.0	-2.14121673601
446000000.0	-0.0996563960023
448000000.0	3.60714954972
450000000.0	2.74801394326
452000000.0	0.640894730735
454000000.0	-2.50680761789
456000000.0	-3.70577603745
458000000.0	-1.86312790374
460000000.0	1.3889304031
462000000.0	3.75021083705
464000000.0	1.62911963518
466000000.0	-0.8031336824
468000000.0	-2.66646382784
470000000.0	-2.6284358668
472000000.0	-0.696987473985
474000000.0	1.84871443025
476000000.0	2.79076683749
478000000.0	1.13794492735
480000000.0	-1.09189721668
482000000.0	-2.37986415688
484000000.0	-0.961626867444
486000000.0	0.889958903807
488000000.0	1.9890522087
490000000.0	1.66480514618
492000000.0	-1.15421327836
494000000.0	-2.13377586075
496000000.0	-2.13337005425
498000000.0	-0.103081001683
500000000.0	1.02679744226
502000000.0	1.73734408459
504000000.0	0.0858099300039
506000000.0	-1.85220588131
508000000.0	-2.48686542911
510000000.0	-1.27874936093
512000000.0	1.18392339203
514000000.0	2.85928404433
516000000.0	1.84239612264
518000000.0	0.122201756138
520000000.0	-1.97593382736
522000000.0	-2.32495553272
524000000.0	0.574530212756
526000000.0	0.89911578645
528000000.0	1.98244735923
530000000.0	-0.342014196269
532000000.0	-1.38051637753
534000000.0	-1.77108959073
536000000.0	-0.579003734387
538000000.0	0.821088623979
540000000.0	0.67271445294
542000000.0	0.621748982951
544000000.0	-0.627707842666
546000000.0	-1.74371853257
548000000.0	-1.04000491361
550000000.0	1.14390986261
552000000.0	1.38464920968
554000000.0	0.816143326952
556000000.0	0.645646799297
558000000.0	-0.819878037776
560000000.0	-0.900990261494
562000000.0	-0.879345722355
564000000.0	1.68516202571
566000000.0	1.60711561554
568000000.0	1.17018489619
570000000.0	0.00183451880824
572000000.0	-0.91544936062
574000000.0	-1.87861018759
576000000.0	0.10567482514
578000000.0	0.833825868134
580000000.0	1.35084187356
582000000.0	0.0945923275959
584000000.0	-1.17625614823
586000000.0	-1.68186286802
588000000.0	-1.03889029426
590000000.0	0.760357772172
592000000.0	1.67351061237
594000000.0	0.655850723753
596000000.0	-1.58311970641
598000000.0	-1.76943412162
600000000.0	1.07376745635
602000000.0	0.853786426963
604000000.0	-0.36560430219
606000000.0	0.65638881042
608000000.0	0.201800716407
610000000.0	-0.853032634508
612000000.0	-2.17270873716
614000000.0	-0.288427461097
616000000.0	0.786383868796
618000000.0	0.7867078924
620000000.0	0.338537613017
622000000.0	0.0512379108594
624000000.0	-0.959765543281
626000000.0	-0.113847242267
628000000.0	0.765537374888
630000000.0	-0.333536659712
632000000.0	0.317438212511
634000000.0	0.400676540133
636000000.0	-1.200727425
638000000.0	-1.6631641445
640000000.0	0.915323802918
642000000.0	1.29101759944
644000000.0	0.135176012507
646000000.0	0.479089140223
648000000.0	-0.794214252725
650000000.0	-0.643825205855
652000000.0	-0.992169407661
654000000.0	0.303273495124
656000000.0	0.953215063416
658000000.0	0.515578981452
660000000.0	0.07462528587
662000000.0	-0.321735419561
664000000.0	-0.884170028914
666000000.0	-0.551432911283
668000000.0	0.686067564314
670000000.0	0.589307765636
672000000.0	-0.250441138929
674000000.0	-0.540823761834
676000000.0	-0.581211346635
678000000.0	0.211088341667
680000000.0	0.334335655815
682000000.0	0.988736287729
684000000.0	0.650784520052
686000000.0	-0.688849576499
688000000.0	-1.18296868647
690000000.0	-0.163132802072
692000000.0	-0.0851852032612
694000000.0	0.724083046152
696000000.0	0.331423909417
698000000.0	-0.135198182257
700000000.0	-1.65614419767
702000000.0	-0.0214182691915
704000000.0	-0.214450041203
706000000.0	-0.0765374523889
708000000.0	0.22367409007
710000000.0	0.0694072174266
712000000.0	-0.681539608925
714000000.0	-0.673373724014
716000000.0	-0.0770756652132
718000000.0	0.655251245546
720000000.0	0.215693640388
722000000.0	0.200152419862
724000000.0	-0.826588234445
726000000.0	-0.0651436887983
728000000.0	-0.0851074912215
730000000.0	-0.373373885683
732000000.0	1.49954854544
734000000.0	0.163585714646
736000000.0	0.651462964607
738000000.0	-0.528269771745
740000000.0	0.0524053196233
742000000.0	-1.05166832643
744000000.0	-0.331716545188
746000000.0	1.04986517058
748000000.0	0.815584332111
750000000.0	-1.10079724981
752000000.0	0.326825252844
754000000.0	-0.280630923629
756000000.0	0.485104578275
758000000.0	-0.0795798893588
760000000.0	-0.134094700282
762000000.0	-0.579281877887
764000000.0	-1.11012417752
766000000.0	-0.0839560316774
768000000.0	0.759587032089
770000000.0	0.288509197064
772000000.0	0.457103453894
774000000.0	-0.734993872968
776000000.0	-0.91941419808
778000000.0	-0.69364280673
780000000.0	-0.316827480224
782000000.0	1.26183060535
784000000.0	0.935183284964
786000000.0	0.250246451458
788000000.0	-1.21483905948
790000000.0	-1.65892963807
792000000.0	-0.32749422071
794000000.0	1.22414633438
796000000.0	0.938944034848
798000000.0	1.3447378821
800000000.0	-1.52034181318
802000000.0	-0.375102653663
804000000.0	-0.046963545356
806000000.0	0.37668103999
808000000.0	0.262826278518
810000000.0	0.897122965623
812000000.0	-0.148683663157
814000000.0	-1.28563496294
816000000.0	-1.12907289407
818000000.0	0.739637664485
820000000.0	1.62736242099
822000000.0	1.86955850571
824000000.0	-0.169396911196
826000000.0	-1.16643814383
828000000.0	-1.59240666211
830000000.0	-0.345123552807
832000000.0	0.0612128515505
834000000.0	1.28370035394
836000000.0	1.50584824017
838000000.0	0.431455652396
840000000.0	-0.332346559454
842000000.0	-1.7961051434
844000000.0	-0.618621095059
846000000.0	0.786995621592
848000000.0	1.60947866622
850000000.0	0.554083991621
852000000.0	-1.24889162902
854000000.0	-2.20673437525
856000000.0	-0.868683758619
858000000.0	1.22810376721
860000000.0	3.35600550402
862000000.0	2.23347907538
864000000.0	-1.66529397177
866000000.0	-4.21657108142
868000000.0	-4.28045499848
870000000.0	0.106208855786
872000000.0	5.77616298885
874000000.0	6.64025504756
876000000.0	1.45948452824
878000000.0	-4.68391069456
880000000.0	-9.13223174869
882000000.0	-5.10317755993
884000000.0	5.07971971164
886000000.0	10.7343831425
888000000.0	5.08374393042
890000000.0	-8.19965630324
892000000.0	-14.4651334634
894000000.0	-3.0812502592
896000000.0	27.5502746927
898000000.0	63.5972877818
900000000.0	-149.909199792
902000000.0	52.0316019678
904000000.0	29.5102063881
906000000.0	9.00729841101
908000000.0	-3.97274890156
910000000.0	-9.67282923598
912000000.0	-7.91442116173
914000000.0	-3.30404276914
916000000.0	1.77163945675
918000000.0	5.63334968724
920000000.0	5.80242962715
922000000.0	0.930216968177
924000000.0	-3.25201766613
926000000.0	-4.34321356964
928000000.0	-2.48081198472
930000000.0	1.46555008272
932000000.0	3.46607446305
934000000.0	2.63646559612
936000000.0	-2.24790683967
938000000.0	-2.68738152992
940000000.0	-0.991316795447
942000000.0	1.94139271536
944000000.0	2.37664754283
946000000.0	1.88753420969
948000000.0	-2.30810350438
950000000.0	-3.72937673331
952000000.0	-1.83071096583
954000000.0	0.948312940396
956000000.0	2.95643961201
958000000.0	2.42041204475
960000000.0	0.0419988410835
962000000.0	-2.6497640638
964000000.0	-2.4743977071
966000000.0	-1.09739625427
968000000.0	1.98677716346
970000000.0	2.33092896783
972000000.0	0.866777565775
974000000.0	-0.112146921589
976000000.0	-0.82712446454
978000000.0	-0.916614369364
980000000.0	-0.0649074327743
982000000.0	1.14506797848
984000000.0	0.898172513677
986000000.0	-0.0916092573295
988000000.0	-0.506026999653
990000000.0	-1.12533726338
992000000.0	-0.175621863511
994000000.0	1.95265914718
996000000.0	1.47238279952
998000000.0	0.0669173085664
1000000000.0	-3.5625
1002000000.0	-1.19698143107
1004000000.0	-0.675408303569
1006000000.0	0.151207358832
1008000000.0	0.876238746613
1010000000.0	1.36180530884
1012000000.0	0.0831146047058
1014000000.0	-0.587432589008
1016000000.0	-0.541989068974
1018000000.0	-0.0974887133454
1020000000.0	0.485092626137
1022000000.0	1.1344241815
1024000000.0	-0.0577598992289
1026000000.0	-0.157310037851
1028000000.0	-0.588118566266
1030000000.0	0.379777263191
1032000000.0	0.0624818623572
1034000000.0	1.56265628135
1036000000.0	-0.270814516085
1038000000.0	-0.206092552197
1040000000.0	-1.16106320166
1042000000.0	-1.07803580596
1044000000.0	0.0546849564248
1046000000.0	0.785056521103
1048000000.0	0.61235318918
1050000000.0	0.149839508542
1052000000.0	-0.379042619814
1054000000.0	-1.23792554757
1056000000.0	-0.605179320868
1058000000.0	0.270950623281
1060000000.0	0.53901445533
1062000000.0	1.03549424757
1064000000.0	-0.484828008427
1066000000.0	-0.562957420686
1068000000.0	-0.618080647662
1070000000.0	0.173164952793
1072000000.0	0.426633928377
1074000000.0	0.972765307081
1076000000.0	-0.0795044704862
1078000000.0	-0.41344184452
1080000000.0	0.157916255657
1082000000.0	-0.346794796152
1084000000.0	0.228948801985
1086000000.0	1.30473843342
1088000000.0	-0.367849599562
1090000000.0	-0.623835706412
1092000000.0	-0.1641415725
1094000000.0	0.50836439561
1096000000.0	0.156382422278
1098000000.0	1.09395675521
1100000000.0	-0.408135118161
1102000000.0	0.223686465459
1104000000.0	-0.967291908952
1106000000.0	-1.36467861803
1108000000.0	-0.200185063029
1110000000.0	0.401821570901
1112000000.0	-0.354947970924
1114000000.0	0.105546357877
1116000000.0	-0.344843968344
1118000000.0	-0.350951993166
1120000000.0	-1.29861711005
1122000000.0	0.264583103165
1124000000.0	0.541773769479
1126000000.0	0.114408478701
1128000000.0	-0.53972971254
1130000000.0	-0.757103540792
1132000000.0	0.0318165189237
1134000000.0	0.347738476659
1136000000.0	0.784732946066
1138000000.0	1.33799464645
1140000000.0	-0.324264275152
1142000000.0	0.773147722788
1144000000.0	-0.174504820133
1146000000.0	-0.0766853367189
1148000000.0	-0.505560992504
1150000000.0	1.15438615815
1152000000.0	0.302997876294
1154000000.0	0.387988097699
1156000000.0	0.504471072381
1158000000.0	0.107854066873
1160000000.0	0.799316763947
1162000000.0	-0.394964983442
1164000000.0	0.510306615349
1166000000.0	0.604956020787
1168000000.0	0.121328079298
1170000000.0	-0.66509111853
1172000000.0	0.172409403165
1174000000.0	-0.0509930414406
1176000000.0	-0.235588178459
1178000000.0	-0.260724007791
1180000000.0	0.113835438798
1182000000.0	-0.0655310435031
1184000000.0	0.195776515025
1186000000.0	0.248016812678
1188000000.0	0.293448259596
1190000000.0	0.190510501353
1192000000.0	-0.494626974934
1194000000.0	0.453934809495
1196000000.0	0.244757813622
1198000000.0	-0.19483737977
1200000000.0	-0.502537287487
1202000000.0	1.07787302766
1204000000.0	0.40124979375
1206000000.0	-0.793028294086
1208000000.0	-0.141441647276
1210000000.0	-1.07952382543
1212000000.0	0.821878495213
1214000000.0	0.3659392231
1216000000.0	0.422863421703
1218000000.0	0.300947133711
1220000000.0	-0.443081506441
1222000000.0	-0.430874797924
1224000000.0	0.578271235802
1226000000.0	-0.42973117854
1228000000.0	0.735888928129
1230000000.0	-0.505124594377
1232000000.0	-0.298451421501
1234000000.0	-0.0200407518885
1236000000.0	-0.303552066598
1238000000.0	1.06594919001
1240000000.0	1.29594181571
1242000000.0	0.60609634265
1244000000.0	-0.541914327641
1246000000.0	-0.1494580104
1248000000.0	-0.881196127725
1250000000.0	0.912384406771
1252000000.0	0.103429766415
1254000000.0	-0.155241343443
1256000000.0	-0.521731375173
1258000000.0	-0.61038135179
1260000000.0	-0.00505551896393
1262000000.0	0.46310950824
1264000000.0	0.57100833549
1266000000.0	0.871617633647
1268000000.0	0.728937153427
1270000000.0	-0.0553193253704
1272000000.0	-0.840991549017
1274000000.0	0.0953475870437
1276000000.0	0.659727808279
1278000000.0	0.621687632001
1280000000.0	0.561329632074
1282000000.0	0.554909127007
1284000000.0	-0.429713852345
1286000000.0	-1.28848085721
1288000000.0	-0.531078367789
1290000000.0	0.867999320621
1292000000.0	0.781878348086
1294000000.0	1.02447938381
1296000000.0	0.788738912521
1298000000.0	1.10855298269
1300000000.0	-4.52814990341
1302000000.0	2.45433307304
1304000000.0	1.68800544138
1306000000.0	-0.0931460950696
1308000000.0	0.779162522099
1310000000.0	-0.150357895155
1312000000.0	0.583293547688
1314000000.0	-0.285280974139
1316000000.0	0.205293418962
1318000000.0	-0.617776286096
1320000000.0	0.172454903964
1322000000.0	-0.289435283091
1324000000.0	-0.660202915692
1326000000.0	0.479909435964
1328000000.0	0.652518936808
1330000000.0	0.242385084814
1332000000.0	0.608341876346
1334000000.0	-1.04998398555
1336000000.0	-0.332887669153
1338000000.0	-0.261152330512
1340000000.0	-0.0447027316023
1342000000.0	0.0503297850441
1344000000.0	0.00359890599501
1346000000.0	-0.25872160443
1348000000.0	0.521896461915
1350000000.0	-0.866836738333
1352000000.0	-0.53462202776
1354000000.0	0.502436286632
1356000000.0	-0.18061328288
1358000000.0	0.499191496188
1360000000.0	0.311848727761
1362000000.0	-0.524833779078
1364000000.0	0.429961869767
1366000000.0	0.827336923834
1368000000.0	0.159868909686
1370000000.0	0.32576332466
1372000000.0	0.335233464233
1374000000.0	-1.00634885188
1376000000.0	-1.29005875061
1378000000.0	-0.288781709886
1380000000.0	1.1692758718
1382000000.0	0.9856937175
1384000000.0	1.45809010993
1386000000.0	-0.209830962964
1388000000.0	-0.592200062299
1390000000.0	-0.0104330142173
1392000000.0	0.161704255629
1394000000.0	0.589412198567
1396000000.0	0.0021410656438
1398000000.0	0.742256324135
1400000000.0	-2.01709434814
1402000000.0	0.983110492847
1404000000.0	0.41118116681
1406000000.0	0.503978011773
1408000000.0	0.37514622038
1410000000.0	-0.889814875198
1412000000.0	-0.845195449783
1414000000.0	-0.623520942409
1416000000.0	0.599000737938
1418000000.0	0.121311238442
1420000000.0	0.940908068652
1422000000.0	0.829228104336
1424000000.0	0.00290139690518
1426000000.0	0.261726873893
1428000000.0	-0.542627199342
1430000000.0	0.486968730569
1432000000.0	0.201156686329
1434000000.0	0.713799856899
1436000000.0	-0.121941527798
1438000000.0	-0.0135440664842
1440000000.0	-0.225591206921
1442000000.0	-0.701762124206
1444000000.0	-0.201374225841
1446000000.0	0.921373498548
1448000000.0	-0.430881325208
1450000000.0	0.715700115425
1452000000.0	-1.01359333476
1454000000.0	-1.32228576786
1456000000.0	0.0733370145658
1458000000.0	0.683418498525
1460000000.0	0.995650256055
1462000000.0	1.05148194474
1464000000.0	-0.552359483911
1466000000.0	-1.54837733884
1468000000.0	-1.48640057375
1470000000.0	0.80503992494
1472000000.0	2.32246225117
1474000000.0	3.39465951405
1476000000.0	0.490538653395
1478000000.0	-2.71239259973
1480000000.0	-4.10179160983
1482000000.0	-1.22440105061
1484000000.0	2.07109224929
1486000000.0	3.50419016715
1488000000.0	0.0536458498317
1490000000.0	-3.54305390526
1492000000.0	-5.90313238919
1494000000.0	0.157393064403
1496000000.0	13.2214572425
1498000000.0	29.2321351688
1500000000.0	-68.0266274423
1502000000.0	24.1935486026
1504000000.0	12.9643740876
1506000000.0	3.68474434747
1508000000.0	-2.22989164849
1510000000.0	-3.63953010803
1512000000.0	-2.86679751428
1514000000.0	-0.364647515055
1516000000.0	0.540930634529
1518000000.0	2.07952118335
1520000000.0	2.11493798759
1522000000.0	0.278870001275
1524000000.0	-0.287671751064
1526000000.0	-0.946541072175
1528000000.0	-0.928665004952
1530000000.0	0.0646903465704
1532000000.0	1.42394090176
1534000000.0	0.68934043681
1536000000.0	-0.840216345759
1538000000.0	-0.918963908635
1540000000.0	-0.462216169475
1542000000.0	0.533859809373
1544000000.0	1.3219464164
1546000000.0	1.21221799417
1548000000.0	-0.00109903385822
1550000000.0	-1.63141219763
1552000000.0	-0.508833126291
1554000000.0	0.787047035127
1556000000.0	1.48336608908
1558000000.0	1.10760213643
1560000000.0	0.570932137859
1562000000.0	-1.52054952754
1564000000.0	-1.1648327031
1566000000.0	0.335653653129
1568000000.0	0.869460279536
1570000000.0	1.20390791598
1572000000.0	0.819806724785
1574000000.0	-0.928375550239
1576000000.0	-0.312852974567
1578000000.0	0.214198309423
1580000000.0	-0.489629221061
1582000000.0	0.0844351758297
1584000000.0	0.276963688535
1586000000.0	0.538545024494
1588000000.0	-0.318967553901
1590000000.0	-0.264775046335
1592000000.0	-0.250200611177
1594000000.0	0.845416439707
1596000000.0	0.92582133083
1598000000.0	0.383526235995
1600000000.0	-1.13592818682
1602000000.0	-0.2589103686
1604000000.0	-0.118795781361
1606000000.0	0.288551097756
1608000000.0	0.357319625022
1610000000.0	0.419241665539
1612000000.0	0.266648896603
1614000000.0	-0.267531432455
1616000000.0	-0.461381814812
1618000000.0	0.280982287788
1620000000.0	0.0294882935529
1622000000.0	0.206811575458
1624000000.0	-0.278855706319
1626000000.0	0.67663427667
1628000000.0	-0.331395788311
1630000000.0	-0.688339816202
1632000000.0	-0.0117259660169
1634000000.0	-0.0599406544259
1636000000.0	-0.204759117748
1638000000.0	0.168709862561
1640000000.0	-0.307829707699
1642000000.0	-0.252343673516
1644000000.0	-0.0377269926561
1646000000.0	-0.120932143062
1648000000.0	-0.00290810404724
1650000000.0	-0.0443773212064
1652000000.0	-0.366346142508
1654000000.0	0.0911167670456
1656000000.0	-0.31398573378
1658000000.0	0.125269570169
1660000000.0	0.361992561413
1662000000.0	0.522452878544
1664000000.0	-0.128811606363
1666000000.0	0.140668090293
1668000000.0	-0.271182035194
1670000000.0	-0.44729742205
1672000000.0	0.107980919142
1674000000.0	-0.334670339228
1676000000.0	-0.304040264373
1678000000.0	-0.166813300958
1680000000.0	-0.947610883575
1682000000.0	-0.317558137894
1684000000.0	-0.210168704253
1686000000.0	0.593908295904
1688000000.0	0.0509709645299
1690000000.0	-0.118198656843
1692000000.0	0.233201058701
1694000000.0	-0.164457034531
1696000000.0	0.0922725334615
1698000000.0	0.459331889059
1700000000.0	-1.04492178571
1702000000.0	0.320088936877
1704000000.0	0.350739756136
1706000000.0	0.0508054440564
1708000000.0	0.393057546643
1710000000.0	-0.13629310194
1712000000.0	-0.0496826402217
1714000000.0	0.605792729796
1716000000.0	0.70931328625
1718000000.0	-0.464186847415
1720000000.0	-0.174831571346
1722000000.0	-0.137500928536
1724000000.0	0.242974230077
1726000000.0	-0.288208153018
1728000000.0	-0.548846549955
1730000000.0	0.338403153033
1732000000.0	-0.355578048467
1734000000.0	0.278815312988
1736000000.0	0.410790743463
1738000000.0	0.83007912177
1740000000.0	-0.493818344342
1742000000.0	-0.486381096124
1744000000.0	-0.230776330798
1746000000.0	0.396708526732
1748000000.0	-0.33779699111
1750000000.0	-0.889178332854
1752000000.0	0.214687367052
1754000000.0	-0.769110681985
1756000000.0	-0.534517425852
1758000000.0	0.224775319318
1760000000.0	-0.297542870096
1762000000.0	-0.0538223568845
1764000000.0	-0.585063866325
1766000000.0	0.489105768606
1768000000.0	0.529268782011
1770000000.0	0.453676615945
1772000000.0	-0.0347151322114
1774000000.0	-0.0211974167012
1776000000.0	0.0300612002026
1778000000.0	0.619434977294
1780000000.0	-0.171575635538
1782000000.0	0.247457002912
1784000000.0	0.302503429808
1786000000.0	-0.648286549808
1788000000.0	0.710830485639
1790000000.0	-0.185504014221
1792000000.0	0.291889315905
1794000000.0	0.38055317843
1796000000.0	-0.0215714555042
1798000000.0	-0.752403894211
1800000000.0	0.738936555143
1802000000.0	0.069569342406
1804000000.0	-0.265610817121
1806000000.0	-0.416927823645
1808000000.0	-0.473263304765
1810000000.0	-0.27711770441
1812000000.0	0.0881140520761
1814000000.0	-0.184449082874
1816000000.0	0.187360915574
1818000000.0	-0.299030568847
1820000000.0	0.395283197625
1822000000.0	-0.361557842707
1824000000.0	-0.355534211585
1826000000.0	0.243803511386
1828000000.0	0.176120030733
1830000000.0	0.748331285198
1832000000.0	-0.0210748290991
1834000000.0	0.662032464034
1836000000.0	0.270878379504
1838000000.0	-0.775027854984
1840000000.0	0.279047937189
1842000000.0	0.0909255757473
1844000000.0	0.226132335165
1846000000.0	0.12075247016
1848000000.0	0.110495225362
1850000000.0	-0.272358950466
1852000000.0	0.55055510995
1854000000.0	0.628702944235
1856000000.0	0.463233788354
1858000000.0	-0.525182351266
1860000000.0	-0.0168304982798
1862000000.0	0.549874806968
1864000000.0	-0.539281687948
1866000000.0	-0.322029450329
1868000000.0	-0.248029841352
1870000000.0	0.330220186602
1872000000.0	-0.252374134721
1874000000.0	-0.072872763534
1876000000.0	-0.310064339198
1878000000.0	-0.0486836714753
1880000000.0	0.474353861395
1882000000.0	0.56000230007
1884000000.0	0.687438610816
1886000000.0	0.337102397044
1888000000.0	0.0572758531295
1890000000.0	0.0285393804297
1892000000.0	-0.628292789423
1894000000.0	1.17630829958
1896000000.0	3.46169896563
1898000000.0	6.00421007139
1900000000.0	-19.1207948933
1902000000.0	8.35254952068
1904000000.0	4.31546715866
1906000000.0	0.429576192393
1908000000.0	-1.96290837839
1910000000.0	-0.839832130569
1912000000.0	0.205148555521
1914000000.0	0.65635997922
1916000000.0	0.844415695506
1918000000.0	0.128526130588
1920000000.0	-0.314606861444
1922000000.0	0.187138971569
1924000000.0	-0.205404121557
1926000000.0	1.27860871568
1928000000.0	0.763092456748
1930000000.0	0.251468314771
1932000000.0	0.0586167683734
1934000000.0	0.11558589762
1936000000.0	-0.408700537966
1938000000.0	-0.372493244202
1940000000.0	0.257204671187
1942000000.0	0.138789245592
1944000000.0	0.391289660948
1946000000.0	0.422294302674
1948000000.0	0.0794317033115
1950000000.0	0.363259085879
1952000000.0	-0.449938506462
1954000000.0	0.34322169891
1956000000.0	0.856234417385
1958000000.0	0.198679894563
1960000000.0	-0.300826620658
1962000000.0	0.164281074975
1964000000.0	-0.00928806400772
1966000000.0	0.494103532291
1968000000.0	0.550558500719
1970000000.0	0.60908552561
1972000000.0	-0.716527060132
1974000000.0	-0.0247222696613
1976000000.0	-0.61462129436
1978000000.0	0.0751173950402
1980000000.0	0.243400161197
1982000000.0	0.844314792336
1984000000.0	0.434222489761
1986000000.0	-0.254357179396
1988000000.0	-0.466525943745
1990000000.0	-0.214597082774
1992000000.0	0.131155594821
1994000000.0	0.476804285227
1996000000.0	0.0257763032524
1998000000.0	0.117413926926
2000000000.0	0.109385
