0.0	-2.954708
2000000.0	0.417151805447
4000000.0	0.823426527413
6000000.0	0.043248800977
8000000.0	0.00950512647775
10000000.0	0.204336603785
12000000.0	0.153974540919
14000000.0	0.612322170423
16000000.0	1.68607622583
18000000.0	3.24202031406
20000000.0	3.24165420677
22000000.0	1.75182909223
24000000.0	-0.352350088354
26000000.0	-2.1184308065
28000000.0	-3.18816744412
30000000.0	-3.08055496583
32000000.0	-1.80257572396
34000000.0	0.620656587691
36000000.0	3.04589461351
38000000.0	3.65427529918
40000000.0	2.0736804036
42000000.0	0.505669194586
44000000.0	-1.10538504926
46000000.0	-1.81397556205
48000000.0	-1.68194305273
50000000.0	-0.953408019255
52000000.0	-0.06407844053
54000000.0	0.850671042554
56000000.0	0.953325064713
58000000.0	0.428518827877
60000000.0	-0.346464115321
62000000.0	-0.793367695104
64000000.0	-0.747642851603
66000000.0	-0.411496089863
68000000.0	-0.0783068918053
70000000.0	-0.0900722278008
72000000.0	-0.154260724615
74000000.0	-0.0218913498843
76000000.0	-0.217674531492
78000000.0	-0.0429841391347
80000000.0	0.00372136986708
82000000.0	0.0113809934579
84000000.0	-0.229402511945
86000000.0	-0.51325214989
88000000.0	-0.510150190152
90000000.0	-0.348781211693
92000000.0	0.132102212511
94000000.0	0.599793937003
96000000.0	0.610783534164
98000000.0	0.340664430076
100000000.0	-0.319564692691
102000000.0	-0.756643703107
104000000.0	-0.848957813425
106000000.0	-0.430016074693
108000000.0	0.151334287793
110000000.0	0.644076264592
112000000.0	0.736336058541
114000000.0	0.441541663343
116000000.0	-0.129554825071
118000000.0	-0.460955453665
120000000.0	-0.512180209539
122000000.0	-0.190823765652
124000000.0	0.427559170231
126000000.0	0.264943974218
128000000.0	0.202902385108
130000000.0	-0.000967436269888
132000000.0	-0.364329666899
134000000.0	-0.428922227319
136000000.0	-0.066101136453
138000000.0	0.310672519956
140000000.0	0.452775871097
142000000.0	0.273100393506
144000000.0	-0.0440025688674
146000000.0	-0.417865565555
148000000.0	-0.469936448416
150000000.0	-0.267001353378
152000000.0	-0.000410844596477
154000000.0	0.335234725984
156000000.0	0.331471538859
158000000.0	0.141689402738
160000000.0	-0.0168481230343
162000000.0	-0.279992761756
164000000.0	-0.104280411943
166000000.0	-0.0264260776266
168000000.0	0.125162179193
170000000.0	0.124706042658
172000000.0	-0.180634891912
174000000.0	-0.342684700413
176000000.0	-0.499322892781
178000000.0	-0.0598970891115
180000000.0	0.348583436376
182000000.0	0.657326644504
184000000.0	0.505257685078
186000000.0	0.184497675065
188000000.0	-0.50936956829
190000000.0	-0.848925219882
192000000.0	-0.721698587829
194000000.0	-0.213779684716
196000000.0	0.393319503653
198000000.0	0.756432151497
200000000.0	0.8224392495
202000000.0	0.262567891343
204000000.0	-0.279275749007
206000000.0	-0.667088538916
208000000.0	-0.68644548968
210000000.0	-0.2263523926
212000000.0	0.140723420679
214000000.0	0.528621175815
216000000.0	0.366133936729
218000000.0	0.201824659282
220000000.0	-0.142161474855
222000000.0	-0.0584290515984
224000000.0	0.0336482450657
226000000.0	-0.0732163913671
228000000.0	-0.0774895621116
230000000.0	-0.316923641145
232000000.0	-0.472239504926
234000000.0	-0.260667831469
236000000.0	0.232604037148
238000000.0	0.740722109346
240000000.0	0.962294125153
242000000.0	0.436667227049
244000000.0	-0.326511980943
246000000.0	-1.06287262984
248000000.0	-1.20740871746
250000000.0	-0.570344462414
252000000.0	0.322247458689
254000000.0	1.32905614456
256000000.0	1.71113503045
258000000.0	0.954772828711
260000000.0	-0.427249587145
262000000.0	-1.85518392587
264000000.0	-2.07093424868
266000000.0	-0.860197975118
268000000.0	0.58545371407
270000000.0	1.6423490783
272000000.0	1.79478028559
274000000.0	0.889791879922
276000000.0	-0.292651524499
278000000.0	-1.39414104955
280000000.0	-1.7504290902
282000000.0	-1.01582754164
284000000.0	0.502368373728
286000000.0	1.56450467948
288000000.0	0.915392999404
290000000.0	-1.13215500765
292000000.0	-1.8720090159
294000000.0	1.1028921424
296000000.0	7.47419865601
298000000.0	13.9631879077
300000000.0	-44.0278574295
302000000.0	13.5118376586
304000000.0	10.1533114798
306000000.0	6.02591943334
308000000.0	1.430323147
310000000.0	-2.97101008741
312000000.0	-5.24297792509
314000000.0	-4.36348350364
316000000.0	-0.832614820311
318000000.0	2.69874718441
320000000.0	4.06560859359
322000000.0	2.75858556166
324000000.0	0.294851469506
326000000.0	-2.05098031032
328000000.0	-2.65505138878
330000000.0	-1.92195430403
332000000.0	-0.138704897118
334000000.0	1.41978702126
336000000.0	1.95734867209
338000000.0	1.39669140611
340000000.0	0.119851755313
342000000.0	-1.05783528883
344000000.0	-1.45543914612
346000000.0	-0.802669062784
348000000.0	0.194413939986
350000000.0	0.792777998515
352000000.0	0.705227798219
354000000.0	0.164558353691
356000000.0	-0.289691904196
358000000.0	-0.521329902139
360000000.0	-0.196545342566
362000000.0	0.0647363192858
364000000.0	0.374459430782
366000000.0	0.338980545657
368000000.0	-0.0247757516675
370000000.0	-0.430450384167
372000000.0	-0.56785669736
374000000.0	-0.240080050394
376000000.0	0.395183331213
378000000.0	0.633408634861
380000000.0	0.494755428869
382000000.0	0.0385514249328
384000000.0	-0.462316486819
386000000.0	-0.684524875541
388000000.0	-0.61086926662
390000000.0	-0.0602168218416
392000000.0	0.405872187097
394000000.0	0.704193090644
396000000.0	0.534339146296
398000000.0	0.0722534835162
400000000.0	-0.397315188224
402000000.0	-0.72649856368
404000000.0	-0.474710856804
406000000.0	-0.0507320025047
408000000.0	0.470912479384
410000000.0	0.609079374444
412000000.0	0.347231487631
414000000.0	-0.0638290918994
416000000.0	-0.264541947589
418000000.0	-0.419505021001
420000000.0	-0.145272332544
422000000.0	0.0901766270316
424000000.0	0.19655693164
426000000.0	0.237590176965
428000000.0	0.0854343284996
430000000.0	-0.0511763953211
432000000.0	-0.113927404221
434000000.0	-0.103538825301
436000000.0	-0.00101696470329
438000000.0	0.0770520270311
440000000.0	0.10757159597
442000000.0	-0.00553862529993
444000000.0	-0.122111263236
446000000.0	-0.11312941344
448000000.0	0.00648978583478
450000000.0	0.229228502224
452000000.0	0.238896339837
454000000.0	0.0877624312662
456000000.0	-0.056469036627
458000000.0	-0.232903684424
460000000.0	-0.268865571763
462000000.0	-0.134833284638
464000000.0	-0.0437791161163
466000000.0	0.202320173987
468000000.0	0.259962924177
470000000.0	0.0349503637516
472000000.0	-0.147750854013
474000000.0	-0.204363762899
476000000.0	-0.313672541418
478000000.0	-0.11880781952
480000000.0	0.0232716938367
482000000.0	0.208429822149
484000000.0	0.182706170358
486000000.0	0.159662441284
488000000.0	-0.125947294357
490000000.0	-0.111751273035
492000000.0	-0.0729613385663
494000000.0	-0.0446671415711
496000000.0	0.0337754682663
498000000.0	-0.0249660985913
500000000.0	0.182217140412
502000000.0	-0.0348277885527
504000000.0	0.00240005660353
506000000.0	-0.0307253084767
508000000.0	0.0311408862268
510000000.0	0.000831203197724
512000000.0	-0.0323199829428
514000000.0	0.00333612785956
516000000.0	-0.0154118662882
518000000.0	-0.0400342233766
520000000.0	-0.0203592053753
522000000.0	0.0434967912293
524000000.0	0.0537403087242
526000000.0	0.133464040124
528000000.0	0.0243140564508
530000000.0	-0.0684449600904
532000000.0	-0.0710959622419
534000000.0	-0.100216333143
536000000.0	-0.0393164528279
538000000.0	0.109871014343
540000000.0	0.160114643463
542000000.0	0.0890224604921
544000000.0	0.0686986968587
546000000.0	-0.0402492352004
548000000.0	-0.133469107563
550000000.0	-0.0529138142661
552000000.0	-0.00530993821719
554000000.0	0.027784334294
556000000.0	0.069582829736
558000000.0	0.150627541369
560000000.0	0.0173701830791
562000000.0	0.0738518221144
564000000.0	0.0812966321961
566000000.0	-0.118214417496
568000000.0	0.0162392554581
570000000.0	-0.00383160427985
572000000.0	-0.0459521056012
574000000.0	0.00174697341708
576000000.0	0.00748835807996
578000000.0	0.138685775855
580000000.0	-0.0461825217482
582000000.0	0.0751298582295
584000000.0	-0.0759636837187
586000000.0	-0.110868827194
588000000.0	-0.158647235904
590000000.0	-0.0351421879988
592000000.0	-0.029764622509
594000000.0	0.00101274169329
596000000.0	0.18303953597
598000000.0	0.164183228353
600000000.0	-0.211265850448
602000000.0	0.0700151922064
604000000.0	-0.0436760174103
606000000.0	-0.161117171888
608000000.0	0.0119997881394
610000000.0	-0.05617281938
612000000.0	-0.0348168350733
614000000.0	-0.0379978421379
616000000.0	0.0839111286946
618000000.0	0.0293019696183
620000000.0	-0.110897358003
622000000.0	-0.0279577679757
624000000.0	-0.285194648934
626000000.0	0.0750694498113
628000000.0	-9.53279649599e-06
630000000.0	0.0360369384694
632000000.0	0.0823711380411
634000000.0	0.125075410506
636000000.0	0.0373741960011
638000000.0	0.064170500536
640000000.0	-0.119318975102
642000000.0	-0.0173863674702
644000000.0	-0.157104697191
646000000.0	-0.0946236003691
648000000.0	0.104061798209
650000000.0	0.0384908240594
652000000.0	-0.0333812450693
654000000.0	0.0708734318921
656000000.0	0.0235537822201
658000000.0	-0.0158873068132
660000000.0	-0.0712529189562
662000000.0	-0.13613549329
664000000.0	-0.00321315608587
666000000.0	-0.0395432385031
668000000.0	0.0726150024251
670000000.0	0.0843748538931
672000000.0	-0.0219361703659
674000000.0	0.061591746944
676000000.0	-0.0248013222998
678000000.0	-0.137228389382
680000000.0	0.0591592235626
682000000.0	0.0523570636569
684000000.0	0.0370778524095
686000000.0	-0.0534940669457
688000000.0	-0.0226947131567
690000000.0	0.140764697941
692000000.0	0.0941587493895
694000000.0	0.106323556786
696000000.0	0.0426064929969
698000000.0	-0.07434422167
700000000.0	-0.234706677333
702000000.0	-0.0453995192335
704000000.0	0.0446705828672
706000000.0	0.0588158504047
708000000.0	0.175775765451
710000000.0	0.126917512722
712000000.0	0.075945073856
714000000.0	-0.0259865575863
716000000.0	-0.191874885907
718000000.0	-0.185445127463
720000000.0	-0.0348682361351
722000000.0	0.070485418606
724000000.0	0.0842252168581
726000000.0	0.0284727633096
728000000.0	0.111187913768
730000000.0	-0.0389656829559
732000000.0	-0.0817340942012
734000000.0	-0.208823680309
736000000.0	-0.0370095843043
738000000.0	0.0410903324214
740000000.0	0.0664046905767
742000000.0	0.0420899818374
744000000.0	0.00306309910242
746000000.0	0.0186376517757
748000000.0	-0.0378382075906
750000000.0	-0.0691440974026
752000000.0	0.0392213685989
754000000.0	-0.0154323806336
756000000.0	-0.00446359527923
758000000.0	-0.112871014791
760000000.0	-0.0570296351599
762000000.0	-0.0582120339027
764000000.0	0.0457364737747
766000000.0	0.0679505862299
768000000.0	0.0171668409011
770000000.0	0.037767822605
772000000.0	-0.0520710826021
774000000.0	-0.112445936578
776000000.0	-0.185487941274
778000000.0	-0.110842188267
780000000.0	0.205538284666
782000000.0	0.283395787628
784000000.0	0.135130031396
786000000.0	0.0295676883198
788000000.0	-0.124692366275
790000000.0	-0.151858028091
792000000.0	-0.222219385896
794000000.0	-0.0799322795689
796000000.0	0.0475902885145
798000000.0	0.187898161162
800000000.0	0.16157389995
802000000.0	0.0859137972886
804000000.0	-0.0657803059102
806000000.0	-0.112046149789
808000000.0	-0.170484041525
810000000.0	0.0108637643484
812000000.0	0.0213717520994
814000000.0	0.150097650233
816000000.0	0.0111351644874
818000000.0	-0.0152013580123
820000000.0	-0.0101667975719
822000000.0	-0.00780972873458
824000000.0	0.0210584999003
826000000.0	-0.0479062669939
828000000.0	0.031733933846
830000000.0	-0.063077726955
832000000.0	-0.179977744338
834000000.0	-0.126189955521
836000000.0	0.140657404211
838000000.0	0.217149057238
840000000.0	0.255794062648
842000000.0	0.165319869358
844000000.0	-0.0630327698741
846000000.0	-0.288693674436
848000000.0	-0.371536053472
850000000.0	-0.263372451364
852000000.0	0.0404206168238
854000000.0	0.358399791063
856000000.0	0.423910981186
858000000.0	0.287530602061
860000000.0	-0.0996816906751
862000000.0	-0.432074308055
864000000.0	-0.454306965121
866000000.0	-0.282961590251
868000000.0	0.170661028225
870000000.0	0.36077638958
872000000.0	0.345394677364
874000000.0	0.188310854176
876000000.0	-0.116351895163
878000000.0	-0.237095162259
880000000.0	-0.174718319662
882000000.0	-0.111041201409
884000000.0	0.186710791057
886000000.0	0.181252101021
888000000.0	-0.151306174243
890000000.0	-0.639981606337
892000000.0	-0.587002426153
894000000.0	0.796283457064
896000000.0	3.19842629087
898000000.0	5.84200519489
900000000.0	-17.5149901148
902000000.0	5.33377355842
904000000.0	3.91059785632
906000000.0	2.06575626368
908000000.0	0.310707533924
910000000.0	-1.03679225157
912000000.0	-1.71768040646
914000000.0	-1.3694197077
916000000.0	-0.186678666417
918000000.0	0.90805695872
920000000.0	1.29001982245
922000000.0	0.79372389794
924000000.0	0.0101533069391
926000000.0	-0.651096319005
928000000.0	-0.863402898161
930000000.0	-0.535928200576
932000000.0	0.0943301354157
934000000.0	0.405869133663
936000000.0	0.481165173476
938000000.0	0.288229021726
940000000.0	-0.022196298175
942000000.0	-0.308338517244
944000000.0	-0.327522977063
946000000.0	-0.124931884491
948000000.0	0.128472348024
950000000.0	0.205486611869
952000000.0	0.0236570655299
954000000.0	-0.0915680023695
956000000.0	-0.139769787701
958000000.0	-0.161067449868
960000000.0	0.00248657752453
962000000.0	0.153336190129
964000000.0	0.142952512644
966000000.0	0.00564940808992
968000000.0	-0.126007989505
970000000.0	-0.234680102102
972000000.0	-0.195665388931
974000000.0	-0.104078726841
976000000.0	0.284910801204
978000000.0	0.230129659517
980000000.0	0.146099341439
982000000.0	-0.0715180104636
984000000.0	-0.210670689597
986000000.0	-0.238569797936
988000000.0	-0.224491014718
990000000.0	0.0555080986138
992000000.0	0.229791178058
994000000.0	0.177068910035
996000000.0	0.0928709038749
998000000.0	-0.037125028798
1000000000.0	-0.412511
1002000000.0	-0.255436334934
1004000000.0	-0.102129549758
1006000000.0	0.0251972137275
1008000000.0	0.243175749853
1010000000.0	0.15903721495
1012000000.0	0.0596607224133
1014000000.0	-0.0757902609729
1016000000.0	-0.154603429163
1018000000.0	0.0101392342791
1020000000.0	0.0664557940427
1022000000.0	-0.00092335575939
1024000000.0	-0.0487582874722
1026000000.0	0.0417753937597
1028000000.0	-0.121309956874
1030000000.0	-0.046883803775
1032000000.0	0.0299991467339
1034000000.0	0.0578086807746
1036000000.0	0.0842377390178
1038000000.0	0.108776633105
1040000000.0	0.0309151766686
1042000000.0	-0.13182735452
1044000000.0	-0.0507264253911
1046000000.0	-0.0674668889145
1048000000.0	-0.00214443196587
1050000000.0	0.180021194614
1052000000.0	0.145136981721
1054000000.0	0.101154269653
1056000000.0	-0.089720791489
1058000000.0	-0.144949180921
1060000000.0	-0.104237063044
1062000000.0	-0.020725863387
1064000000.0	0.0597105159974
1066000000.0	0.116485266969
1068000000.0	0.127929596537
1070000000.0	0.0993207696631
1072000000.0	-0.0963326538986
1074000000.0	-0.0780931715758
1076000000.0	-0.0670208136291
1078000000.0	0.077480590158
1080000000.0	0.0454431495337
1082000000.0	0.0505007807536
1084000000.0	0.0289134507284
1086000000.0	0.0186641124169
1088000000.0	-0.118634950408
1090000000.0	0.0155852120432
1092000000.0	0.0152222757853
1094000000.0	0.0400694916136
1096000000.0	-0.0259291164453
1098000000.0	-0.0751659597158
1100000000.0	0.00453087347206
1102000000.0	-0.0883317514852
1104000000.0	0.00590934288755
1106000000.0	0.0368059791448
1108000000.0	0.101672078582
1110000000.0	0.0991333100377
1112000000.0	0.00959438758437
1114000000.0	-0.143909265356
1116000000.0	-0.145000061757
1118000000.0	-0.0755578036769
1120000000.0	0.00778463996148
1122000000.0	0.101939272851
1124000000.0	-0.0300220691014
1126000000.0	0.133598880771
1128000000.0	0.01942407566
1130000000.0	-0.0273730541651
1132000000.0	-0.03410629987
1134000000.0	-0.00201759500796
1136000000.0	-0.0118246483288
1138000000.0	0.102602420333
1140000000.0	0.0782392223508
1142000000.0	0.0616835709717
1144000000.0	-0.0466264753182
1146000000.0	-0.011515068634
1148000000.0	-0.0449033643162
1150000000.0	0.00259471801116
1152000000.0	-0.0387945636203
1154000000.0	0.0147510323792
1156000000.0	0.0342300199558
1158000000.0	-0.00459625915927
1160000000.0	-0.024396899206
1162000000.0	0.0240997702463
1164000000.0	0.0436023225011
1166000000.0	0.00303486249016
1168000000.0	-0.00993388830408
1170000000.0	-0.0298620698896
1172000000.0	-0.0489444121151
1174000000.0	-0.106393282581
1176000000.0	-0.0827137931552
1178000000.0	0.0550275119918
1180000000.0	-0.0168787781348
1182000000.0	0.151423485502
1184000000.0	0.0813185918134
1186000000.0	-0.0576591548007
1188000000.0	-0.0990957674786
1190000000.0	-0.0632703278999
1192000000.0	0.0609812014603
1194000000.0	0.0576945969432
1196000000.0	0.0491295938432
1198000000.0	0.0321005540354
1200000000.0	-0.0112865617757
1202000000.0	0.0327758913326
1204000000.0	-0.0310194049271
1206000000.0	-0.0620024374076
1208000000.0	-0.0405587981492
1210000000.0	-0.0544800246831
1212000000.0	-0.0156920627034
1214000000.0	0.0727617787708
1216000000.0	-0.0194268500014
1218000000.0	0.067808389274
1220000000.0	-0.0505002783494
1222000000.0	-0.0943046639799
1224000000.0	-0.0857685643921
1226000000.0	-0.0192242158366
1228000000.0	0.0499174381199
1230000000.0	0.0159594696084
1232000000.0	-0.0188261540437
1234000000.0	-0.0234953428731
1236000000.0	-0.0683339622849
1238000000.0	0.0248072485955
1240000000.0	0.0186550280422
1242000000.0	0.125851626753
1244000000.0	-0.0492972066985
1246000000.0	0.0440957886621
1248000000.0	-0.0383453228094
1250000000.0	-0.0817254832144
1252000000.0	-0.067766013481
1254000000.0	0.116933705985
1256000000.0	0.0226702979466
1258000000.0	0.00989297316484
1260000000.0	0.0287618182767
1262000000.0	-0.139158640466
1264000000.0	0.0364553544318
1266000000.0	-0.0467028495903
1268000000.0	0.00424495512202
1270000000.0	0.117633547794
1272000000.0	0.0864505656052
1274000000.0	0.0585199936553
1276000000.0	0.0234291330826
1278000000.0	-0.076088674141
1280000000.0	0.00517902521619
1282000000.0	0.0298590744186
1284000000.0	-0.0157307651564
1286000000.0	-0.049270976251
1288000000.0	-0.0524434648215
1290000000.0	-0.010393092077
1292000000.0	-0.0175763244068
1294000000.0	0.0263422400904
1296000000.0	0.179797121821
1298000000.0	0.1799576473
1300000000.0	-0.846303369379
1302000000.0	0.248903623546
1304000000.0	0.20831727306
1306000000.0	0.0355882694063
1308000000.0	0.00609321534244
1310000000.0	-0.0702790924125
1312000000.0	-0.0156264065545
1314000000.0	-0.0306489553555
1316000000.0	0.0442056093527
1318000000.0	-0.109068631086
1320000000.0	0.00798174970223
1322000000.0	0.00813816762758
1324000000.0	0.0567341732519
1326000000.0	-0.025316709887
1328000000.0	-0.0613722037085
1330000000.0	0.0490683552488
1332000000.0	-0.00654223835591
1334000000.0	-0.0191468079819
1336000000.0	-0.073532206544
1338000000.0	-0.000814659517462
1340000000.0	-0.0437168912765
1342000000.0	0.0450096841016
1344000000.0	-0.0526724886825
1346000000.0	0.0154946969081
1348000000.0	0.069247947912
1350000000.0	0.0383902903165
1352000000.0	-0.0639689857558
1354000000.0	0.0165583489994
1356000000.0	-0.068247261504
1358000000.0	0.00120328748576
1360000000.0	-0.00542099452577
1362000000.0	-0.0265057449962
1364000000.0	-0.0211265600598
1366000000.0	-0.0654613077318
1368000000.0	-0.0941415622015
1370000000.0	-0.041747017578
1372000000.0	-0.117422392224
1374000000.0	-0.40904662674
1376000000.0	0.161977787746
1378000000.0	0.101541497628
1380000000.0	0.0944645427107
1382000000.0	0.120988834907
1384000000.0	-0.0163709133229
1386000000.0	-0.0052473433507
1388000000.0	-0.00283110433721
1390000000.0	-0.0309595255165
1392000000.0	-0.0891919977996
1394000000.0	-0.0124066047283
1396000000.0	0.0505658881047
1398000000.0	0.0713548996588
1400000000.0	0.0192102683715
1402000000.0	-0.000312755746116
1404000000.0	-0.012036562309
1406000000.0	0.00489301444417
1408000000.0	-0.00550050588648
1410000000.0	-0.0362606978905
1412000000.0	0.0220987667964
1414000000.0	-0.0611158181912
1416000000.0	-0.00594737659587
1418000000.0	-0.0257606011549
1420000000.0	-0.0139402909023
1422000000.0	0.0181976056924
1424000000.0	0.0404508629363
1426000000.0	0.102550682319
1428000000.0	0.0169637672285
1430000000.0	-0.136654144882
1432000000.0	-0.123552040314
1434000000.0	-0.05267280876
1436000000.0	0.106896222154
1438000000.0	0.194278982722
1440000000.0	0.0844921559274
1442000000.0	0.0471542177631
1444000000.0	-0.0975988895235
1446000000.0	-0.135068132383
1448000000.0	-0.105898926833
1450000000.0	-0.0501386767043
1452000000.0	-0.0201568097797
1454000000.0	0.142159193922
1456000000.0	0.115962503246
1458000000.0	0.143059037227
1460000000.0	-0.0570964776432
1462000000.0	-0.223059848591
1464000000.0	-0.114385670353
1466000000.0	-0.0624425720098
1468000000.0	0.127728552816
1470000000.0	0.141894125347
1472000000.0	0.0416248577775
1474000000.0	-0.00107923246738
1476000000.0	-0.012491861504
1478000000.0	0.00729864737598
1480000000.0	0.0818777126842
1482000000.0	0.0380130236053
1484000000.0	0.0993169956104
1486000000.0	-0.134686146687
1488000000.0	-0.192271789057
1490000000.0	-0.333744326602
1492000000.0	-0.20837631581
1494000000.0	0.418587196778
1496000000.0	1.6008433278
1498000000.0	2.79349742052
1500000000.0	-8.06660914041
1502000000.0	2.40946195766
1504000000.0	1.74761183512
1506000000.0	0.809872710377
1508000000.0	0.117514694968
1510000000.0	-0.485817465932
1512000000.0	-0.644093625991
1514000000.0	-0.576982118789
1516000000.0	-0.0662072256268
1518000000.0	0.268018500567
1520000000.0	0.49791535957
1522000000.0	0.271362812476
1524000000.0	-0.00925669854727
1526000000.0	-0.241129837388
1528000000.0	-0.239893382672
1530000000.0	-0.0936968253478
1532000000.0	0.000398084474369
1534000000.0	0.0852476782665
1536000000.0	0.203933038796
1538000000.0	0.0988830091781
1540000000.0	0.0112163748198
1542000000.0	-0.124672307472
1544000000.0	-0.106903114737
1546000000.0	-0.0253249730363
1548000000.0	-0.0184925296505
1550000000.0	0.127108738369
1552000000.0	0.0191126420207
1554000000.0	-0.0557140944201
1556000000.0	-0.0309751093046
1558000000.0	-0.0032537761434
1560000000.0	-0.00157784392463
1562000000.0	0.0714016660386
1564000000.0	-0.013758581347
1566000000.0	0.00404005594533
1568000000.0	-0.0891865913579
1570000000.0	-0.0800122676581
1572000000.0	-0.0619141078763
1574000000.0	-0.0642355823254
1576000000.0	0.00942352789048
1578000000.0	0.0541229246487
1580000000.0	0.0197955137749
1582000000.0	0.0837939853069
1584000000.0	-0.0335773910546
1586000000.0	-0.0307542388644
1588000000.0	-0.0512742452908
1590000000.0	-0.0420562838977
1592000000.0	0.0181631853085
1594000000.0	0.0943053762291
1596000000.0	0.0846960199661
1598000000.0	0.032951114565
1600000000.0	-0.0358211499504
1602000000.0	-0.202711500485
1604000000.0	-0.0510359549444
1606000000.0	0.00310303644473
1608000000.0	-0.0403527255458
1610000000.0	0.101163562739
1612000000.0	0.029604648084
1614000000.0	-0.0583978405549
1616000000.0	-0.0443177528775
1618000000.0	0.0228621170586
1620000000.0	0.03330486518
1622000000.0	-0.0204263141813
1624000000.0	-0.0985699545003
1626000000.0	0.166942715352
1628000000.0	0.0226646659318
1630000000.0	-0.037975231268
1632000000.0	0.0121316050542
1634000000.0	-0.0579389000587
1636000000.0	-0.0205868510417
1638000000.0	-0.00425793632781
1640000000.0	-0.0368137159959
1642000000.0	-0.0317277367295
1644000000.0	-0.0175952234649
1646000000.0	-0.0512721886978
1648000000.0	0.0258738460839
1650000000.0	0.0188847349347
1652000000.0	-0.0299819519982
1654000000.0	-0.0442236045759
1656000000.0	-0.0614118461173
1658000000.0	-0.126430654285
1660000000.0	-0.0342237123287
1662000000.0	-0.0305296349023
1664000000.0	0.0280815930605
1666000000.0	0.0180795336783
1668000000.0	-0.0226359945472
1670000000.0	0.0733798912715
1672000000.0	-0.0717343653901
1674000000.0	-0.0521203289355
1676000000.0	-0.0104352484294
1678000000.0	-0.0323555176163
1680000000.0	0.0159607607218
1682000000.0	0.0659234351795
1684000000.0	-0.0214040014854
1686000000.0	0.0159472758782
1688000000.0	0.0433607244468
1690000000.0	0.0369150557474
1692000000.0	0.0598691629675
1694000000.0	-0.0390194987919
1696000000.0	-0.012540767627
1698000000.0	-0.12012517582
1700000000.0	0.0669719859502
1702000000.0	-0.0422778510533
1704000000.0	-0.0149900458864
1706000000.0	-0.00110238259726
1708000000.0	-0.00348366311884
1710000000.0	0.0493663426853
1712000000.0	0.0586847999008
1714000000.0	-0.0471362733063
1716000000.0	-0.0131745518307
1718000000.0	-0.0684954606466
1720000000.0	0.0210241203566
1722000000.0	-0.00153791364113
1724000000.0	0.0231989552782
1726000000.0	-0.0428443720215
1728000000.0	0.163268989707
1730000000.0	0.0809559875975
1732000000.0	0.0186957738114
1734000000.0	-0.0553498496557
1736000000.0	0.0447656140329
1738000000.0	0.00218166345532
1740000000.0	0.0244985812677
1742000000.0	0.0655597419976
1744000000.0	-0.0130079307772
1746000000.0	0.126508682192
1748000000.0	0.0395356449486
1750000000.0	0.158708043031
1752000000.0	-0.00558580905645
1754000000.0	0.070254169327
1756000000.0	-0.0336899852345
1758000000.0	-0.0396431243765
1760000000.0	0.00870530636922
1762000000.0	-0.0411294635357
1764000000.0	0.0924050304641
1766000000.0	-0.0740547993217
1768000000.0	0.103540850739
1770000000.0	0.0317964493638
1772000000.0	-0.0452363535943
1774000000.0	-0.0198158547615
1776000000.0	-0.00539142386749
1778000000.0	-0.0250039731254
1780000000.0	0.00799659386115
1782000000.0	-0.00138080330751
1784000000.0	0.039763843474
1786000000.0	-0.0568124728702
1788000000.0	0.0236338937324
1790000000.0	-0.020207959982
1792000000.0	0.0426738120035
1794000000.0	0.00651990864323
1796000000.0	-0.00620040572573
1798000000.0	-0.0878658895403
1800000000.0	0.211807332577
1802000000.0	-0.118795496664
1804000000.0	-0.0773907094802
1806000000.0	0.0108054405691
1808000000.0	-0.0202704461837
1810000000.0	-0.0333969012549
1812000000.0	0.0195008496515
1814000000.0	-0.00381101317275
1816000000.0	-0.0408878139241
1818000000.0	-0.0318515238044
1820000000.0	-0.0491927752748
1822000000.0	0.0259887115763
1824000000.0	0.0231873754997
1826000000.0	-0.0292429806512
1828000000.0	0.0786349648811
1830000000.0	-0.0241064852397
1832000000.0	0.0206102759382
1834000000.0	0.0417036452118
1836000000.0	0.0332640699245
1838000000.0	0.0303200992749
1840000000.0	0.0540343252627
1842000000.0	-0.0319470083864
1844000000.0	-0.0719593479605
1846000000.0	-0.0415196386743
1848000000.0	-0.0264276802834
1850000000.0	0.0231897188753
1852000000.0	0.0333102396153
1854000000.0	-0.0479437562374
1856000000.0	-0.0232623143256
1858000000.0	-0.031057002234
1860000000.0	-0.0479887508222
1862000000.0	-0.0117373418394
1864000000.0	0.0189598146989
1866000000.0	0.0537674914644
1868000000.0	0.0120616251509
1870000000.0	-0.00133766372197
1872000000.0	-0.0382824201618
1874000000.0	0.000398885499015
1876000000.0	-0.082655198536
1878000000.0	0.100291400472
1880000000.0	0.139558567045
1882000000.0	0.00647436081939
1884000000.0	-0.0227992551799
1886000000.0	-0.168375287604
1888000000.0	-0.196389716047
1890000000.0	-0.0830177109095
1892000000.0	0.0291973042707
1894000000.0	0.239346037333
1896000000.0	0.575777805925
1898000000.0	0.688968368104
1900000000.0	-2.64998857568
1902000000.0	0.893289525511
1904000000.0	0.527790937829
1906000000.0	0.216991582244
1908000000.0	0.0228568447167
1910000000.0	-0.139407930366
1912000000.0	-0.0813440007026
1914000000.0	-0.0646187255177
1916000000.0	-0.0205083333381
1918000000.0	0.0494218724483
1920000000.0	0.10272785571
1922000000.0	0.0360368837801
1924000000.0	-0.0553388216127
1926000000.0	-0.0203383590722
1928000000.0	-0.004417860118
1930000000.0	0.0322054143479
1932000000.0	0.0219014886589
1934000000.0	-0.0637994076673
1936000000.0	-0.0350103281558
1938000000.0	-0.0568416825027
1940000000.0	-0.0350665053736
1942000000.0	-0.0199691786501
1944000000.0	-0.0414047498505
1946000000.0	0.0374503105392
1948000000.0	-0.00329288026952
1950000000.0	0.0556869831793
1952000000.0	-0.0391472832296
1954000000.0	-0.0124144683192
1956000000.0	-0.0464093927847
1958000000.0	-0.0105190342198
1960000000.0	-0.0171009936269
1962000000.0	-0.00149957383998
1964000000.0	0.0168587330006
1966000000.0	-0.00629949477826
1968000000.0	-0.0329495796105
1970000000.0	0.0189294479203
1972000000.0	-0.0226521411933
1974000000.0	-0.0334541610847
1976000000.0	-0.0151003306167
1978000000.0	-0.0368075537954
1980000000.0	0.0270962250557
1982000000.0	0.0295331642107
1984000000.0	0.0318360319404
1986000000.0	-0.07067862822
1988000000.0	0.0593820708233
1990000000.0	0.0185032766986
1992000000.0	-0.0341652950697
1994000000.0	0.0174021576437
1996000000.0	0.0892496980677
1998000000.0	0.134995496966
2000000000.0	-0.276554
