0.0	-8.5
2000000.0	1.4957160659
4000000.0	4.73461125826
6000000.0	0.179027662888
8000000.0	-2.15383205635
10000000.0	-3.56392536589
12000000.0	-4.69744910126
14000000.0	-4.32202512994
16000000.0	0.557853599215
18000000.0	7.10255258451
20000000.0	11.1724272201
22000000.0	7.92937047877
24000000.0	-0.537160137634
26000000.0	-8.22597406557
28000000.0	-9.50127624865
30000000.0	-5.6704949691
32000000.0	0.868361010071
34000000.0	5.35885228327
36000000.0	6.82893357047
38000000.0	7.28566343051
40000000.0	0.797384325957
42000000.0	-4.19562608487
44000000.0	-5.06764248737
46000000.0	-2.23601138085
48000000.0	1.78650050854
50000000.0	3.96156102019
52000000.0	1.93889012176
54000000.0	-1.97077056116
56000000.0	-4.85308426485
58000000.0	-4.32440158144
60000000.0	-0.123065788277
62000000.0	4.03135340493
64000000.0	5.16358345044
66000000.0	2.58641409245
68000000.0	-1.44504187185
70000000.0	-4.6262756611
72000000.0	-4.36647700425
74000000.0	-2.12406383418
76000000.0	1.56742686719
78000000.0	3.41211957533
80000000.0	3.12880009697
82000000.0	1.08505947321
84000000.0	-1.7694489728
86000000.0	-2.51021413921
88000000.0	-1.6784448287
90000000.0	0.937912951553
92000000.0	2.3469801872
94000000.0	1.71738881712
96000000.0	-0.215211973572
98000000.0	-1.8650727779
100000000.0	-2.92597429614
102000000.0	-0.260130463329
104000000.0	2.12727124186
106000000.0	2.62192678385
108000000.0	1.51655282306
110000000.0	-0.788098382591
112000000.0	-2.68789083726
114000000.0	-2.41206898412
116000000.0	-0.357936506862
118000000.0	1.39578806259
120000000.0	2.22870567562
122000000.0	1.19472373919
124000000.0	-0.318912359029
126000000.0	-1.68799195489
128000000.0	-1.67313365963
130000000.0	-0.078014775164
132000000.0	1.67480393381
134000000.0	1.62019911677
136000000.0	0.354486557248
138000000.0	-1.56572032577
140000000.0	-2.59820452153
142000000.0	-1.72300381962
144000000.0	0.568672825124
146000000.0	2.29396236187
148000000.0	2.64680810083
150000000.0	0.634373381849
152000000.0	-1.82271074898
154000000.0	-2.82899419149
156000000.0	-2.06029156236
158000000.0	0.0814049668706
160000000.0	2.13437320065
162000000.0	2.35313364566
164000000.0	1.15188951042
166000000.0	-1.31595999863
168000000.0	-1.9081723946
170000000.0	-1.88222896314
172000000.0	0.192308411452
174000000.0	1.58351611191
176000000.0	2.07685719285
178000000.0	0.284765129443
180000000.0	-1.42645190044
182000000.0	-2.25548637765
184000000.0	-1.31034003799
186000000.0	0.787368258305
188000000.0	1.99987883088
190000000.0	1.73571516848
192000000.0	0.387880000336
194000000.0	-1.39158368331
196000000.0	-2.12237552465
198000000.0	-0.763383193961
200000000.0	0.387944917694
202000000.0	1.65783506114
204000000.0	1.06303791466
206000000.0	-0.286306286466
208000000.0	-1.55202334966
210000000.0	-1.28795002558
212000000.0	0.162537094998
214000000.0	1.69698207627
216000000.0	1.92618026537
218000000.0	0.770995290613
220000000.0	-1.43716759424
222000000.0	-2.88086998747
224000000.0	-2.48701210185
226000000.0	0.082674190058
228000000.0	3.02055988797
230000000.0	3.41531692266
232000000.0	2.07872647901
234000000.0	-1.91457546793
236000000.0	-4.13425272136
238000000.0	-4.07744802055
240000000.0	-0.497576069994
242000000.0	3.67530815071
244000000.0	5.13610018799
246000000.0	2.19134499093
248000000.0	-2.25587647916
250000000.0	-5.09593117827
252000000.0	-3.74027768134
254000000.0	0.746999263949
256000000.0	4.04194405363
258000000.0	4.28602055286
260000000.0	1.51445310495
262000000.0	-2.42245629923
264000000.0	-4.8546481443
266000000.0	-4.36662070816
268000000.0	-0.885679108244
270000000.0	3.61478761695
272000000.0	6.46526564138
274000000.0	5.14249040129
276000000.0	-0.0207731925009
278000000.0	-7.07012110202
280000000.0	-9.14337197444
282000000.0	-2.34877107333
284000000.0	8.33269965439
286000000.0	12.1240177066
288000000.0	1.52804822158
290000000.0	-15.5126708192
292000000.0	-20.8251562805
294000000.0	2.64277227369
296000000.0	50.4797792687
298000000.0	98.0493004566
300000000.0	-247.695420477
302000000.0	79.9932894445
304000000.0	47.5244661651
306000000.0	19.5833427473
308000000.0	0.198868541258
310000000.0	-11.9747616442
312000000.0	-16.9578400713
314000000.0	-13.7209819499
316000000.0	-1.99728513509
318000000.0	10.7710162626
320000000.0	14.5634171503
322000000.0	7.78623171298
324000000.0	-3.42731208673
326000000.0	-11.0106435785
328000000.0	-8.52851029893
330000000.0	-0.596064719017
332000000.0	6.42195092437
334000000.0	7.1954017948
336000000.0	2.27236880961
338000000.0	-3.31252580069
340000000.0	-4.89669772044
342000000.0	-3.06297893063
344000000.0	1.06792393367
346000000.0	3.44564490768
348000000.0	3.32221552649
350000000.0	1.41263669224
352000000.0	-1.71357277349
354000000.0	-2.98623125718
356000000.0	-2.36803266509
358000000.0	-0.449171485703
360000000.0	1.84394546339
362000000.0	2.61083340686
364000000.0	1.72527248634
366000000.0	-0.895180850977
368000000.0	-2.16796671574
370000000.0	-1.79396296865
372000000.0	-0.0245239317542
374000000.0	1.7548782185
376000000.0	1.5694860662
378000000.0	-0.0802153029827
380000000.0	-1.73886164142
382000000.0	-1.9240832826
384000000.0	-0.192726808507
386000000.0	1.58012133915
388000000.0	2.40672368416
390000000.0	1.21644615191
392000000.0	-0.807341616133
394000000.0	-2.26886699429
396000000.0	-2.26019041272
398000000.0	-0.944840526944
400000000.0	1.05157705759
402000000.0	1.98349795402
404000000.0	1.94695943519
406000000.0	0.612904437731
408000000.0	-1.16790497778
410000000.0	-1.69478220078
412000000.0	-1.75572926859
414000000.0	0.129457352302
416000000.0	1.39814885855
418000000.0	1.41626067397
420000000.0	0.468119073442
422000000.0	-0.643374694233
424000000.0	-1.30246480319
426000000.0	-0.519067816815
428000000.0	0.594207392476
430000000.0	1.39628988404
432000000.0	0.811308283541
434000000.0	-0.263636941257
436000000.0	-0.755553151689
438000000.0	-1.22325590682
440000000.0	-0.46474601449
442000000.0	0.520936046032
444000000.0	1.0667106689
446000000.0	0.655826359952
448000000.0	0.417739354854
450000000.0	-0.610382981101
452000000.0	-1.03816665771
454000000.0	-0.329154242231
456000000.0	0.139745782803
458000000.0	0.392619021406
460000000.0	0.29423428993
462000000.0	0.134450343722
464000000.0	-0.649791342068
466000000.0	-0.389430587364
468000000.0	-0.124900799892
470000000.0	0.598554082424
472000000.0	0.652937688622
474000000.0	0.212210968276
476000000.0	-0.719180532127
478000000.0	-0.744749735644
480000000.0	-0.855554058974
482000000.0	-0.107246321624
484000000.0	0.418799471472
486000000.0	1.28808192905
488000000.0	0.576478298867
490000000.0	-0.263500851948
492000000.0	-0.936104585417
494000000.0	-0.964743616531
496000000.0	-0.638333503564
498000000.0	0.254197544527
500000000.0	0.668968449708
502000000.0	0.519434405491
504000000.0	0.320100953241
506000000.0	-0.424693403887
508000000.0	-0.821653145464
510000000.0	-0.551793975177
512000000.0	0.555369615258
514000000.0	0.438191053492
516000000.0	0.204055253243
518000000.0	-0.35064519217
520000000.0	-0.442216316235
522000000.0	-0.654590307998
524000000.0	-0.0256180484844
526000000.0	0.276806324757
528000000.0	0.747975527153
530000000.0	0.547395887696
532000000.0	-0.165175577095
534000000.0	-0.601387450692
536000000.0	-0.590269321699
538000000.0	-0.196417414161
540000000.0	-0.00492693170635
542000000.0	0.34036931055
544000000.0	0.538299728021
546000000.0	-0.148295720868
548000000.0	-0.438116742783
550000000.0	-0.0496193117775
552000000.0	-0.0143697110672
554000000.0	0.211464336964
556000000.0	0.0218251287657
558000000.0	-0.175209848549
560000000.0	-0.451397711517
562000000.0	-0.152053888219
564000000.0	-0.379684831012
566000000.0	0.553711729919
568000000.0	0.324921266874
570000000.0	0.4649588127
572000000.0	0.484645505836
574000000.0	-0.377875436622
576000000.0	-0.341020856456
578000000.0	-0.480548361636
580000000.0	-0.24760299539
582000000.0	-0.0455854296503
584000000.0	0.146249983612
586000000.0	0.0431473581523
588000000.0	0.0314630585057
590000000.0	-0.0631737744705
592000000.0	0.202529887574
594000000.0	-0.344041430642
596000000.0	-0.0143944911794
598000000.0	-0.448962867219
600000000.0	0.475909174365
602000000.0	-0.362831884218
604000000.0	-0.181195781509
606000000.0	-0.0478829486282
608000000.0	0.0103601433143
610000000.0	0.273294123854
612000000.0	0.0670247399672
614000000.0	0.0537536909572
616000000.0	-0.071840604695
618000000.0	-0.309131714913
620000000.0	-0.340988468906
622000000.0	-0.322930635332
624000000.0	-0.368625210161
626000000.0	0.373056400787
628000000.0	0.30547104772
630000000.0	0.478703139753
632000000.0	0.0907198275256
634000000.0	-0.00965165773679
636000000.0	-0.0371364746198
638000000.0	-0.277513559763
640000000.0	-0.0468576388937
642000000.0	-0.139931966948
644000000.0	-0.220470440697
646000000.0	0.420129762048
648000000.0	0.234784474294
650000000.0	0.146733716756
652000000.0	0.234671911098
654000000.0	0.0197643505622
656000000.0	-0.16297249917
658000000.0	0.323954416847
660000000.0	-0.151186866011
662000000.0	-0.174836679364
664000000.0	-0.180453678546
666000000.0	0.0960063752728
668000000.0	0.214023965788
670000000.0	0.213218088859
672000000.0	0.0238349383864
674000000.0	-0.435460227964
676000000.0	0.403018034781
678000000.0	-0.181473358497
680000000.0	-0.305136126848
682000000.0	-0.139319355724
684000000.0	-0.0794603936214
686000000.0	-0.185159175394
688000000.0	0.196529850219
690000000.0	0.384733330373
692000000.0	0.106248366088
694000000.0	-0.189049942261
696000000.0	-0.509817943798
698000000.0	-0.560709722615
700000000.0	1.38209672278
702000000.0	-0.605604179893
704000000.0	-0.12986060139
706000000.0	-0.0804959533383
708000000.0	-0.217988155015
710000000.0	0.0520284223686
712000000.0	0.19717443554
714000000.0	0.300730337822
716000000.0	0.275422101346
718000000.0	-0.11292097158
720000000.0	-0.0505904973353
722000000.0	-0.479353937474
724000000.0	-0.0413237235898
726000000.0	-0.0955646306641
728000000.0	0.520349706408
730000000.0	0.38643669967
732000000.0	0.0464130163708
734000000.0	-0.114800574624
736000000.0	-0.11767646671
738000000.0	-0.574511734208
740000000.0	-0.403646284439
742000000.0	0.0774517099597
744000000.0	0.303355338048
746000000.0	0.109652276933
748000000.0	-0.0180802227505
750000000.0	-0.475641331925
752000000.0	-0.148650752751
754000000.0	-0.0280861245761
756000000.0	0.29454895874
758000000.0	0.174061843953
760000000.0	0.0666326492893
762000000.0	-0.324842396011
764000000.0	-0.560977719117
766000000.0	-0.566045046875
768000000.0	0.37298930688
770000000.0	0.329645652732
772000000.0	0.548729055119
774000000.0	0.27625255389
776000000.0	0.0466642403316
778000000.0	0.0651000553947
780000000.0	-0.232263650039
782000000.0	-0.323222794057
784000000.0	0.160873963651
786000000.0	0.471342002452
788000000.0	0.356401745985
790000000.0	-0.163037168833
792000000.0	-0.607186868378
794000000.0	0.0468620906782
796000000.0	0.187354740771
798000000.0	0.828419609484
800000000.0	-0.178197517547
802000000.0	0.131143851748
804000000.0	-0.371432824964
806000000.0	-1.04418260288
808000000.0	-0.496034845352
810000000.0	0.364386922249
812000000.0	0.731320344712
814000000.0	1.0034623857
816000000.0	0.289700124755
818000000.0	-0.384532891041
820000000.0	-0.822202233271
822000000.0	-0.755514427445
824000000.0	-0.232481774256
826000000.0	0.441681907865
828000000.0	0.807764869957
830000000.0	0.565609359039
832000000.0	-0.126960454256
834000000.0	-0.537717521041
836000000.0	-0.80179429256
838000000.0	-0.293226009143
840000000.0	0.467153820576
842000000.0	1.01159224639
844000000.0	0.934820585405
846000000.0	-0.234021497476
848000000.0	-1.23746778944
850000000.0	-1.04454556519
852000000.0	0.0569377398704
854000000.0	1.41772339801
856000000.0	1.41432349669
858000000.0	0.489972713167
860000000.0	-0.728299291956
862000000.0	-1.55197455651
864000000.0	-1.00424555995
866000000.0	0.165466713846
868000000.0	1.34256361776
870000000.0	0.691346149087
872000000.0	-0.0255123551939
874000000.0	-1.03360940942
876000000.0	-0.29463429757
878000000.0	-0.327720956599
880000000.0	0.312725041249
882000000.0	1.58153571136
884000000.0	1.90066196235
886000000.0	0.772136478855
888000000.0	-2.86750361068
890000000.0	-6.99471473172
892000000.0	-5.9054055335
894000000.0	4.49100809538
896000000.0	23.8536767111
898000000.0	44.4145035378
900000000.0	-117.780384834
902000000.0	39.6930028047
904000000.0	23.0375702881
906000000.0	6.39663037814
908000000.0	-3.53497843425
910000000.0	-6.19358474737
912000000.0	-4.3264880197
914000000.0	-2.02144328425
916000000.0	0.767519990253
918000000.0	2.94996139141
920000000.0	2.59190010517
922000000.0	1.02524414373
924000000.0	-1.00722404971
926000000.0	-2.24490960332
928000000.0	-1.44336849325
930000000.0	0.0865852961514
932000000.0	1.1682286949
934000000.0	1.42733582331
936000000.0	0.147451163868
938000000.0	-1.26766645539
940000000.0	-1.33649764782
942000000.0	-0.318328063432
944000000.0	0.973218044083
946000000.0	0.723259483456
948000000.0	0.305850056285
950000000.0	0.0312911287195
952000000.0	-0.835559462515
954000000.0	-0.706454237627
956000000.0	0.413147946993
958000000.0	0.217141867496
960000000.0	0.888644573409
962000000.0	0.24215506507
964000000.0	-0.476954527856
966000000.0	-0.352908566592
968000000.0	-0.216735630838
970000000.0	0.0971989016599
972000000.0	0.442123231543
974000000.0	0.609010184599
976000000.0	0.353369940643
978000000.0	-0.288485900317
980000000.0	-0.900390927015
982000000.0	-0.245121006631
984000000.0	0.055397301911
986000000.0	0.819599904191
988000000.0	0.459511385862
990000000.0	0.272792254763
992000000.0	-0.0954916436497
994000000.0	-0.524516304597
996000000.0	-0.654052057084
998000000.0	-0.196813096271
1000000000.0	2.19375
1002000000.0	0.552472676617
1004000000.0	0.381852909662
1006000000.0	-0.0582882004746
1008000000.0	-0.315048771623
1010000000.0	0.0592768203519
1012000000.0	-0.0953828323002
1014000000.0	-0.0784689748886
1016000000.0	0.0459970634537
1018000000.0	0.1669857804
1020000000.0	-0.0208857954199
1022000000.0	-0.272692773124
1024000000.0	-0.365627988399
1026000000.0	0.128400823801
1028000000.0	0.406913220095
1030000000.0	-0.0147041427213
1032000000.0	0.0138076390313
1034000000.0	-0.0944482566617
1036000000.0	0.0385058285187
1038000000.0	-0.188593944204
1040000000.0	0.160351496377
1042000000.0	0.47867195824
1044000000.0	0.203576680281
1046000000.0	-0.035745405444
1048000000.0	-0.257890781027
1050000000.0	-0.444535008863
1052000000.0	0.0468787971792
1054000000.0	0.360028958237
1056000000.0	0.0558722094934
1058000000.0	-0.314981638745
1060000000.0	-0.215560865713
1062000000.0	-0.0950444578945
1064000000.0	-0.205327536023
1066000000.0	0.0769709187808
1068000000.0	0.209667486505
1070000000.0	0.374596964486
1072000000.0	0.218503117948
1074000000.0	0.0277486892397
1076000000.0	-0.326413735965
1078000000.0	-0.17255031604
1080000000.0	-0.194097684203
1082000000.0	0.00080049613344
1084000000.0	0.127318397981
1086000000.0	0.367458071417
1088000000.0	0.0190398529613
1090000000.0	-0.100232911575
1092000000.0	-0.0424868331999
1094000000.0	0.239209116528
1096000000.0	-0.113141098475
1098000000.0	-0.189399522335
1100000000.0	0.0503927679086
1102000000.0	0.0403368314698
1104000000.0	0.117368640355
1106000000.0	-0.195663745323
1108000000.0	-0.33041534589
1110000000.0	-0.0671658398683
1112000000.0	0.1777279777
1114000000.0	0.118079498293
1116000000.0	-0.208088930838
1118000000.0	-0.034952344839
1120000000.0	0.0319115989994
1122000000.0	0.122674861211
1124000000.0	0.327686642494
1126000000.0	-0.14476708358
1128000000.0	-0.0665602283921
1130000000.0	0.227590893134
1132000000.0	-0.453401636277
1134000000.0	-0.145769993862
1136000000.0	-0.0969404212036
1138000000.0	0.15090510056
1140000000.0	-0.0510401762779
1142000000.0	-0.263651848217
1144000000.0	0.236140205302
1146000000.0	0.133311198477
1148000000.0	0.042702644129
1150000000.0	0.24199488897
1152000000.0	0.23361488671
1154000000.0	-0.224135669857
1156000000.0	-0.146423094177
1158000000.0	-0.153588528988
1160000000.0	-0.552944287539
1162000000.0	-0.0595827120218
1164000000.0	0.186004207844
1166000000.0	0.298437215463
1168000000.0	-0.0382667143284
1170000000.0	-0.284448445911
1172000000.0	-0.086576545915
1174000000.0	-0.0363600295806
1176000000.0	0.0620576218352
1178000000.0	-0.136851273151
1180000000.0	-0.000859362063406
1182000000.0	0.0416770236917
1184000000.0	-0.123207649255
1186000000.0	-0.0441632641997
1188000000.0	-0.079899858275
1190000000.0	0.175867140652
1192000000.0	0.210281534903
1194000000.0	-0.178291686495
1196000000.0	-0.627559443985
1198000000.0	-1.12250281731
1200000000.0	2.56092294241
1202000000.0	-1.1577051531
1204000000.0	-0.578723053048
1206000000.0	-0.162955175552
1208000000.0	-0.019220309558
1210000000.0	0.327069402128
1212000000.0	0.282839404731
1214000000.0	-0.312493730044
1216000000.0	-0.0194645137403
1218000000.0	0.0778520308045
1220000000.0	-0.295529194494
1222000000.0	-0.165493928928
1224000000.0	0.196311427026
1226000000.0	0.139461076477
1228000000.0	-0.192803796496
1230000000.0	0.13087285081
1232000000.0	0.0614562148282
1234000000.0	-0.00673232750529
1236000000.0	0.0631825288208
1238000000.0	-0.264900280336
1240000000.0	-0.076999609618
1242000000.0	0.0565574296378
1244000000.0	-0.0350294199508
1246000000.0	0.338616933007
1248000000.0	0.0176043714393
1250000000.0	0.762018943788
1252000000.0	0.215913358885
1254000000.0	-0.201884295552
1256000000.0	-0.305527647594
1258000000.0	0.117271496235
1260000000.0	-0.0134813215492
1262000000.0	-0.0245482541046
1264000000.0	-0.105832116314
1266000000.0	-0.286693599567
1268000000.0	-0.0857642808502
1270000000.0	-0.282886100884
1272000000.0	0.330029663941
1274000000.0	-0.0701283480061
1276000000.0	0.106100994918
1278000000.0	-0.410238542014
1280000000.0	-0.00497204658846
1282000000.0	0.158084156211
1284000000.0	-0.256392645035
1286000000.0	0.142030661356
1288000000.0	0.124845900697
1290000000.0	0.208142657184
1292000000.0	-0.0753202096014
1294000000.0	-0.105953092699
1296000000.0	-0.430408231967
1298000000.0	-0.619907800462
1300000000.0	3.21777144095
1302000000.0	-1.39719847162
1304000000.0	-0.387513396411
1306000000.0	-0.154982388218
1308000000.0	0.17884745536
1310000000.0	0.0866828271001
1312000000.0	-0.155302529448
1314000000.0	0.00484598615952
1316000000.0	0.0213815255027
1318000000.0	-0.0765395343017
1320000000.0	0.264831202722
1322000000.0	-0.189730534564
1324000000.0	0.0363209046732
1326000000.0	-0.115132629088
1328000000.0	-0.0954457945363
1330000000.0	0.0148946100263
1332000000.0	0.234077766912
1334000000.0	0.399914896689
1336000000.0	-0.0844046829609
1338000000.0	-0.181008188844
1340000000.0	-0.182289994211
1342000000.0	0.0986630527228
1344000000.0	0.0923008300386
1346000000.0	0.0965651561489
1348000000.0	-0.00443785642625
1350000000.0	-0.22421699017
1352000000.0	-0.460448702498
1354000000.0	0.230495248732
1356000000.0	0.0332138855123
1358000000.0	0.0439066312268
1360000000.0	-0.0588986811183
1362000000.0	0.206581916875
1364000000.0	-0.217258600467
1366000000.0	-0.211298190841
1368000000.0	0.123044506709
1370000000.0	-0.0403781291544
1372000000.0	-0.399229572448
1374000000.0	-1.07620499762
1376000000.0	0.910457442835
1378000000.0	0.385284996342
1380000000.0	0.0234004361205
1382000000.0	0.422956602181
1384000000.0	0.506441819947
1386000000.0	0.220698623319
1388000000.0	0.0662215039753
1390000000.0	-0.0752266127206
1392000000.0	0.12558096944
1394000000.0	0.141007913733
1396000000.0	0.286208490278
1398000000.0	0.341966872683
1400000000.0	-0.275541463677
1402000000.0	-0.0517619606473
1404000000.0	-0.172113220628
1406000000.0	-0.244429780726
1408000000.0	0.156043418873
1410000000.0	0.352945247338
1412000000.0	0.389261584405
1414000000.0	0.0318642583047
1416000000.0	0.3518235641
1418000000.0	-0.21639204842
1420000000.0	-0.70528996245
1422000000.0	-0.338517038243
1424000000.0	0.0709829413554
1426000000.0	0.382204297347
1428000000.0	0.380102580906
1430000000.0	0.150617095174
1432000000.0	-0.234859545532
1434000000.0	-0.04315508907
1436000000.0	-0.106221160054
1438000000.0	0.298347790718
1440000000.0	0.338557185994
1442000000.0	0.2066554328
1444000000.0	-0.110350864968
1446000000.0	-0.0719305200781
1448000000.0	-0.308428427401
1450000000.0	-0.303571592107
1452000000.0	0.417548166225
1454000000.0	0.703520635924
1456000000.0	0.512734076597
1458000000.0	0.280579380453
1460000000.0	-0.927146054
1462000000.0	-0.304196527943
1464000000.0	-0.0814961404101
1466000000.0	0.686512511168
1468000000.0	1.2101973515
1470000000.0	0.355543270262
1472000000.0	-0.830132137893
1474000000.0	-1.40741572289
1476000000.0	-0.627786728747
1478000000.0	0.337795629246
1480000000.0	1.06574612851
1482000000.0	1.34212544137
1484000000.0	0.554874029111
1486000000.0	-0.655376861774
1488000000.0	-1.91976750159
1490000000.0	-2.56907889596
1492000000.0	-1.48074429953
1494000000.0	2.26960883533
1496000000.0	9.14770935173
1498000000.0	17.2021460912
1500000000.0	-45.0189684497
1502000000.0	16.079038908
1504000000.0	9.14765221506
1506000000.0	1.85517653128
1508000000.0	-2.42356270885
1510000000.0	-2.9031662243
1512000000.0	-0.87326732633
1514000000.0	0.548341036256
1516000000.0	0.69623965485
1518000000.0	0.556891419263
1520000000.0	-0.167945580935
1522000000.0	-0.248228580636
1524000000.0	-0.52206667501
1526000000.0	0.208871147504
1528000000.0	0.190226068273
1530000000.0	0.420514622499
1532000000.0	0.364138032686
1534000000.0	0.00193293675805
1536000000.0	-0.193659078682
1538000000.0	-0.623976165971
1540000000.0	-0.427900213145
1542000000.0	0.628411812655
1544000000.0	0.483116096727
1546000000.0	0.290857412017
1548000000.0	-0.226688944748
1550000000.0	-0.137475589456
1552000000.0	-0.431388018576
1554000000.0	-0.229126657046
1556000000.0	0.153958215196
1558000000.0	0.0193887056405
1560000000.0	0.1683719095
1562000000.0	0.066696010478
1564000000.0	-0.125696373386
1566000000.0	-0.385424528255
1568000000.0	0.112824511733
1570000000.0	0.295852013238
1572000000.0	0.0447190766962
1574000000.0	0.485591537144
1576000000.0	-0.287005103645
1578000000.0	-0.232304005427
1580000000.0	-0.2852358142
1582000000.0	-0.251549003677
1584000000.0	0.17279567656
1586000000.0	0.159532864248
1588000000.0	0.356565331396
1590000000.0	0.276558319594
1592000000.0	0.12677404143
1594000000.0	-0.267431782177
1596000000.0	-0.172061291351
1598000000.0	-0.0580992025943
1600000000.0	1.30319751755
1602000000.0	-0.372858580339
1604000000.0	-0.373601419559
1606000000.0	-0.0721753923147
1608000000.0	-0.202312766263
1610000000.0	0.021788501917
1612000000.0	0.30349281465
1614000000.0	0.458810480308
1616000000.0	0.0796037659266
1618000000.0	0.015725297558
1620000000.0	-0.0100840285823
1622000000.0	-0.0293868327569
1624000000.0	0.15002028736
1626000000.0	-0.177370035639
1628000000.0	0.116154286349
1630000000.0	-0.00937596112427
1632000000.0	-0.128655250044
1634000000.0	-0.110340214141
1636000000.0	-0.0749045681349
1638000000.0	-0.323193102874
1640000000.0	-0.0346516169528
1642000000.0	-0.0676477372949
1644000000.0	-0.141965946192
1646000000.0	-0.161320106405
1648000000.0	-0.334142542501
1650000000.0	0.0371894657805
1652000000.0	0.00230602269442
1654000000.0	-0.0286944973899
1656000000.0	-0.0354153078088
1658000000.0	-0.16079435569
1660000000.0	-0.204558155651
1662000000.0	0.118008080678
1664000000.0	-0.255293312798
1666000000.0	-0.010680532146
1668000000.0	0.321740767042
1670000000.0	0.224438589678
1672000000.0	-0.158437265753
1674000000.0	-0.0706558666595
1676000000.0	-0.231482412205
1678000000.0	-0.0861851042113
1680000000.0	0.0787293257317
1682000000.0	0.258019631623
1684000000.0	-0.0423712484411
1686000000.0	-0.0522150969725
1688000000.0	-0.150718115335
1690000000.0	-0.164419740512
1692000000.0	0.192396493436
1694000000.0	-0.19523668919
1696000000.0	-0.4729617227
1698000000.0	-0.265536112872
1700000000.0	0.615878033714
1702000000.0	-0.353075765555
1704000000.0	-0.038405377759
1706000000.0	-0.0564168923236
1708000000.0	-0.141385913766
1710000000.0	0.178828691744
1712000000.0	0.0209926893598
1714000000.0	-0.299803514615
1716000000.0	0.20119018057
1718000000.0	0.163399685587
1720000000.0	-0.074255411996
1722000000.0	-0.0201768475424
1724000000.0	-0.121496650226
1726000000.0	0.162134682908
1728000000.0	0.000402858088363
1730000000.0	0.0636200295765
1732000000.0	0.013450280875
1734000000.0	-0.117570863723
1736000000.0	-0.251563675528
1738000000.0	0.159780947448
1740000000.0	0.0108137783621
1742000000.0	-0.250299731299
1744000000.0	-0.0170115194479
1746000000.0	-0.124822716305
1748000000.0	-0.00306937973937
1750000000.0	-0.115446433595
1752000000.0	-0.0591750515141
1754000000.0	-0.26163645296
1756000000.0	0.218393967919
1758000000.0	0.142947543331
1760000000.0	-0.106603359535
1762000000.0	0.0367253762206
1764000000.0	0.284093925594
1766000000.0	-0.246000767946
1768000000.0	-0.218149570503
1770000000.0	-0.39684387061
1772000000.0	0.234164549552
1774000000.0	-0.00343600473566
1776000000.0	0.0881179376223
1778000000.0	-0.0470975385204
1780000000.0	-0.0102625670883
1782000000.0	0.034019495942
1784000000.0	-0.0968377735626
1786000000.0	0.0329783165305
1788000000.0	0.147251086721
1790000000.0	0.308308807193
1792000000.0	0.268774773524
1794000000.0	-0.254782931305
1796000000.0	-0.557184112844
1798000000.0	-0.969638204025
1800000000.0	1.93668737162
1802000000.0	-0.583790989774
1804000000.0	-0.49619053963
1806000000.0	-0.0786509687102
1808000000.0	-0.0426933117601
1810000000.0	-0.174015360554
1812000000.0	0.179184490156
1814000000.0	0.197787430417
1816000000.0	0.104693413701
1818000000.0	-0.0170455514521
1820000000.0	0.0111140841559
1822000000.0	0.240564332683
1824000000.0	-0.0535390059306
1826000000.0	0.00839677318784
1828000000.0	0.0899512340748
1830000000.0	-0.0242394712133
1832000000.0	0.0439262100696
1834000000.0	-0.163388671647
1836000000.0	-0.0463183290263
1838000000.0	-0.0886071574753
1840000000.0	0.0614275805694
1842000000.0	0.205947406765
1844000000.0	0.0805564544941
1846000000.0	0.0419213441665
1848000000.0	-0.00741847622882
1850000000.0	-0.0654368332021
1852000000.0	-0.0755737205228
1854000000.0	-0.00790814594923
1856000000.0	0.262311199675
1858000000.0	0.250463031187
1860000000.0	0.377851497852
1862000000.0	0.10005355197
1864000000.0	-0.141882029153
1866000000.0	-0.0943981543128
1868000000.0	0.0852650511402
1870000000.0	-0.178538561476
1872000000.0	0.562160404079
1874000000.0	0.596511836337
1876000000.0	-0.232034304135
1878000000.0	-0.380857539113
1880000000.0	-0.603584688849
1882000000.0	-0.14351044222
1884000000.0	0.267692564112
1886000000.0	0.498598939556
1888000000.0	-0.119132539868
1890000000.0	-0.248623128679
1892000000.0	-0.467583192008
1894000000.0	-0.303574828708
1896000000.0	0.801591470164
1898000000.0	1.45787275465
1900000000.0	-3.45185935859
1902000000.0	1.29491358613
1904000000.0	0.845553572033
1906000000.0	0.457690514136
1908000000.0	0.264003780561
1910000000.0	-0.37347515639
1912000000.0	-0.498504210748
1914000000.0	-0.386903962142
1916000000.0	-0.0230304063132
1918000000.0	0.288723808634
1920000000.0	0.478958394599
1922000000.0	0.236605520573
1924000000.0	-0.00845589535764
1926000000.0	-0.64508084301
1928000000.0	-0.361938827327
1930000000.0	0.0311376889146
1932000000.0	0.177300519787
1934000000.0	0.314917535688
1936000000.0	0.261735867709
1938000000.0	-0.190009740228
1940000000.0	-0.164927646576
1942000000.0	-0.0736308128037
1944000000.0	-0.227439741265
1946000000.0	0.0182484985622
1948000000.0	0.0117789324822
1950000000.0	0.0890035773626
1952000000.0	-0.0154127339379
1954000000.0	0.235088281792
1956000000.0	-0.122039280283
1958000000.0	-0.043118427373
1960000000.0	0.0223324504338
1962000000.0	0.149396199747
1964000000.0	0.108252906006
1966000000.0	0.0772186431438
1968000000.0	0.0327037260829
1970000000.0	-0.0867918724271
1972000000.0	0.074558832365
1974000000.0	-0.162030587239
1976000000.0	0.505387021274
1978000000.0	0.0743413471273
1980000000.0	-0.15640787061
1982000000.0	0.0486635732108
1984000000.0	-0.117589107484
1986000000.0	0.0170519814725
1988000000.0	-0.0444871966209
1990000000.0	-0.0908566919886
1992000000.0	-0.0831681580714
1994000000.0	0.244423378928
1996000000.0	0.362127743586
1998000000.0	0.256460026424
2000000000.0	-0.5375
