0.0	-8.7125
2000000.0	1.08320676769
4000000.0	2.82065230542
6000000.0	0.944850944978
8000000.0	0.405820924874
10000000.0	-0.185130252978
12000000.0	-1.42404630162
14000000.0	-1.48984808607
16000000.0	0.716037514299
18000000.0	3.58993570691
20000000.0	5.86029946601
22000000.0	4.17125793083
24000000.0	1.68833261416
26000000.0	-1.43016668576
28000000.0	-3.4132505148
30000000.0	-4.70287688538
32000000.0	-3.97823591349
34000000.0	-1.04420894892
36000000.0	3.88726237441
38000000.0	5.16121500842
40000000.0	3.34859077375
42000000.0	1.96755945776
44000000.0	-0.229724377788
46000000.0	-2.26320597475
48000000.0	-2.54254894349
50000000.0	-1.33579252839
52000000.0	0.38714347045
54000000.0	1.00994704491
56000000.0	1.17079655857
58000000.0	0.207433819879
60000000.0	-1.02393059135
62000000.0	-1.1692575358
64000000.0	-1.10185920759
66000000.0	-0.337866111104
68000000.0	0.935794086702
70000000.0	1.10781402209
72000000.0	0.215977875097
74000000.0	-0.547851698633
76000000.0	-1.38024517306
78000000.0	-1.18657871933
80000000.0	-0.669278855115
82000000.0	0.0451763861453
84000000.0	0.885343072831
86000000.0	0.556812019748
88000000.0	-0.407363367172
90000000.0	-0.573054445745
92000000.0	-0.708656983587
94000000.0	-0.0429766815956
96000000.0	0.229190849195
98000000.0	0.363186069413
100000000.0	0.178059839387
102000000.0	-0.333504376049
104000000.0	-0.787948162106
106000000.0	-0.948836705486
108000000.0	-0.452900298258
110000000.0	0.312305424255
112000000.0	0.800716200226
114000000.0	1.10853266929
116000000.0	0.372554143775
118000000.0	-0.185871037022
120000000.0	-0.867364968337
122000000.0	-1.14911878012
124000000.0	-1.08563241995
126000000.0	1.02395138641
128000000.0	0.767998012556
130000000.0	0.154878967142
132000000.0	-0.0350835256395
134000000.0	-0.228325178766
136000000.0	-0.341992385789
138000000.0	0.115906861464
140000000.0	0.397371331428
142000000.0	0.285826777312
144000000.0	0.270177045
146000000.0	0.14136087987
148000000.0	-0.729468198615
150000000.0	-0.326107720555
152000000.0	-0.161918493322
154000000.0	0.00953226722996
156000000.0	0.263578241084
158000000.0	0.0927284255512
160000000.0	0.348202261291
162000000.0	-0.0125654569764
164000000.0	-0.0422470271787
166000000.0	-0.674817112298
168000000.0	-0.112199830514
170000000.0	-0.264630455089
172000000.0	-0.105309707813
174000000.0	-0.278649642699
176000000.0	-0.0896019168459
178000000.0	0.148864302678
180000000.0	0.541609082824
182000000.0	0.562924034281
184000000.0	0.240378553855
186000000.0	-0.0992394248291
188000000.0	-0.643465241779
190000000.0	-0.779687448613
192000000.0	-0.682539616759
194000000.0	-0.109077101646
196000000.0	0.500708849997
198000000.0	1.04241843282
200000000.0	1.19250174288
202000000.0	0.0809687487534
204000000.0	-0.500187611275
206000000.0	-0.63460994277
208000000.0	-0.695977096535
210000000.0	-0.140452621449
212000000.0	0.377689016774
214000000.0	0.283232339372
216000000.0	0.490724498599
218000000.0	-0.240636852265
220000000.0	-0.369768363996
222000000.0	-0.142327690609
224000000.0	0.580775671524
226000000.0	0.402676541733
228000000.0	0.0422245063617
230000000.0	-0.519565247433
232000000.0	-0.833747103508
234000000.0	-0.384735750497
236000000.0	0.28953686599
238000000.0	0.997094203966
240000000.0	1.02054744107
242000000.0	0.874968407704
244000000.0	-0.380355538044
246000000.0	-1.08371962937
248000000.0	-2.1488306855
250000000.0	-0.119945092346
252000000.0	0.179649484586
254000000.0	1.92206691596
256000000.0	2.8357151176
258000000.0	1.12674383904
260000000.0	-1.2251923129
262000000.0	-2.83089543647
264000000.0	-2.31180450808
266000000.0	-0.338758334502
268000000.0	1.64988169725
270000000.0	2.03749990229
272000000.0	1.92270913723
274000000.0	1.04583653494
276000000.0	-0.407205097309
278000000.0	-2.91952995589
280000000.0	-3.5216101209
282000000.0	-1.05546011869
284000000.0	3.88966633354
286000000.0	6.07792207424
288000000.0	1.78768403009
290000000.0	-7.33965347119
292000000.0	-10.2752027645
294000000.0	-0.061456892206
296000000.0	19.9274972091
298000000.0	35.2748770129
300000000.0	-76.3113749723
302000000.0	17.3997759317
304000000.0	10.0892605764
306000000.0	8.4867911668
308000000.0	6.80578623623
310000000.0	0.538355944303
312000000.0	-7.44285733594
314000000.0	-10.2387241835
316000000.0	-4.58887989236
318000000.0	4.19477570149
320000000.0	8.32368879755
322000000.0	6.2153338517
324000000.0	0.276160832793
326000000.0	-4.22913152663
328000000.0	-5.0907623785
330000000.0	-3.27868852595
332000000.0	-0.223850969292
334000000.0	2.66112985237
336000000.0	3.47208387125
338000000.0	2.78076987178
340000000.0	0.268394201592
342000000.0	-2.5262496786
344000000.0	-3.32321758015
346000000.0	-2.2279646274
348000000.0	0.84144930294
350000000.0	3.0863955263
352000000.0	2.66173940889
354000000.0	0.549032264048
356000000.0	-1.49626471127
358000000.0	-2.16406660197
360000000.0	-1.55539238757
362000000.0	-0.0827648735503
364000000.0	1.37267548203
366000000.0	1.70325993398
368000000.0	0.806189235886
370000000.0	-0.531622586579
372000000.0	-1.51165313809
374000000.0	-1.12574521225
376000000.0	-0.613981733005
378000000.0	0.743500663085
380000000.0	1.60218294882
382000000.0	1.17719216431
384000000.0	-0.241586914315
386000000.0	-1.3148937942
388000000.0	-1.91988748599
390000000.0	-0.990351721774
392000000.0	0.27045337167
394000000.0	1.65817938635
396000000.0	1.65601439909
398000000.0	0.499071116844
400000000.0	-0.947115669769
402000000.0	-1.69412008509
404000000.0	-1.13739858427
406000000.0	-0.148439368061
408000000.0	0.830998166684
410000000.0	1.50156605357
412000000.0	1.31427909933
414000000.0	0.0691380644814
416000000.0	-1.13316894585
418000000.0	-1.28424315217
420000000.0	-1.18888557679
422000000.0	0.26479402427
424000000.0	0.929774308908
426000000.0	1.13984615649
428000000.0	0.415178002163
430000000.0	-0.296642676814
432000000.0	-0.760387746428
434000000.0	-0.931613676166
436000000.0	-0.17640595524
438000000.0	0.380308056988
440000000.0	1.06325957143
442000000.0	0.371374069974
444000000.0	-0.129109338871
446000000.0	-0.681079915328
448000000.0	-0.795116222927
450000000.0	-0.190215208411
452000000.0	-0.0121518789292
454000000.0	0.745681811699
456000000.0	0.794479537935
458000000.0	-0.0374727645823
460000000.0	-0.580701864169
462000000.0	-0.583901790264
464000000.0	-0.590845596044
466000000.0	0.14652903708
468000000.0	0.538113848421
470000000.0	0.824475722396
472000000.0	0.425175956432
474000000.0	-0.258883760968
476000000.0	-0.482021106327
478000000.0	-0.631032379525
480000000.0	-0.126359468361
482000000.0	0.404548394534
484000000.0	0.427523104214
486000000.0	0.686510183217
488000000.0	0.0143744042933
490000000.0	-0.364264247574
492000000.0	-0.78170108983
494000000.0	-0.216991927304
496000000.0	0.0468179246186
498000000.0	0.408338504361
500000000.0	0.366245032723
502000000.0	0.148114490263
504000000.0	-0.247954489781
506000000.0	-0.543280266136
508000000.0	-0.394277890841
510000000.0	-0.236233671602
512000000.0	0.573523110749
514000000.0	0.343641148901
516000000.0	-0.0686709026616
518000000.0	0.0246270356267
520000000.0	-0.418154812182
522000000.0	-0.104594090732
524000000.0	-0.127603149467
526000000.0	0.44040172164
528000000.0	0.0957773227072
530000000.0	0.195243744096
532000000.0	-0.251852445515
534000000.0	-0.417161210276
536000000.0	-0.429695945398
538000000.0	-0.0604121970693
540000000.0	0.294046192749
542000000.0	0.494801063322
544000000.0	0.448389953833
546000000.0	0.0318991276011
548000000.0	-0.34243593995
550000000.0	-0.424986271397
552000000.0	-0.164897292858
554000000.0	0.0856695262755
556000000.0	0.531616516847
558000000.0	0.408465644768
560000000.0	0.32355358646
562000000.0	-0.132329625126
564000000.0	-0.40421145243
566000000.0	-0.189320466176
568000000.0	-0.109101315498
570000000.0	0.247335633029
572000000.0	-0.0556605349655
574000000.0	0.137834908084
576000000.0	0.120425788496
578000000.0	-0.232055791788
580000000.0	-0.278536592278
582000000.0	-0.0290959258492
584000000.0	-0.037055259173
586000000.0	0.252226530621
588000000.0	0.0677559974467
590000000.0	-0.0242515115946
592000000.0	-0.070848628383
594000000.0	-0.0921150340478
596000000.0	-0.175885563499
598000000.0	0.189137009036
600000000.0	-0.245190374691
602000000.0	0.453520658675
604000000.0	0.186910319277
606000000.0	-0.223597861327
608000000.0	-0.381269017914
610000000.0	-0.221944357046
612000000.0	0.0778122445977
614000000.0	0.196168874699
616000000.0	0.564215118918
618000000.0	0.202596733204
620000000.0	-0.0173313956418
622000000.0	-0.32992019434
624000000.0	-0.181032534342
626000000.0	-0.164473948572
628000000.0	-0.0551805884373
630000000.0	0.716047657457
632000000.0	0.51927931233
634000000.0	0.342998824083
636000000.0	-0.278603865787
638000000.0	-0.131585835793
640000000.0	-0.436919156061
642000000.0	-0.183475943916
644000000.0	0.0271525373281
646000000.0	0.221228519817
648000000.0	0.294367499865
650000000.0	-0.413019775114
652000000.0	-0.350199278957
654000000.0	-0.0976430994868
656000000.0	-0.166570552481
658000000.0	-0.129955556808
660000000.0	0.212929495501
662000000.0	0.25253301821
664000000.0	-0.0867879138237
666000000.0	-0.218131507018
668000000.0	-0.229687489333
670000000.0	-0.185409335167
672000000.0	0.264218717341
674000000.0	0.224207726834
676000000.0	0.48718478096
678000000.0	0.152687866547
680000000.0	-0.319253717967
682000000.0	-0.330879045047
684000000.0	0.0254586950174
686000000.0	0.035561083409
688000000.0	0.295508265259
690000000.0	0.0155185270003
692000000.0	0.461315458761
694000000.0	0.0736448699691
696000000.0	-0.257059909945
698000000.0	-0.215158196133
700000000.0	-0.951884112305
702000000.0	0.227491149283
704000000.0	0.745724955613
706000000.0	0.351079286503
708000000.0	0.0903575487303
710000000.0	-0.381766360671
712000000.0	-0.419885555365
714000000.0	-0.298799805691
716000000.0	0.0839206689978
718000000.0	0.467675481577
720000000.0	0.18119892439
722000000.0	0.189511228544
724000000.0	0.191082699178
726000000.0	-0.555949404565
728000000.0	-0.31840600451
730000000.0	-0.0281147933917
732000000.0	0.258530267777
734000000.0	0.0250918969382
736000000.0	0.416690247437
738000000.0	-0.0431552983589
740000000.0	-0.327539775002
742000000.0	-0.391124830072
744000000.0	-0.321803460159
746000000.0	0.348845041305
748000000.0	0.0111227727388
750000000.0	0.290791211925
752000000.0	0.210617122311
754000000.0	-0.0666098536722
756000000.0	-0.740331218154
758000000.0	-0.531623898761
760000000.0	0.20071299493
762000000.0	0.14531857219
764000000.0	0.405480751373
766000000.0	0.374014871366
768000000.0	-0.0602374935577
770000000.0	-0.486172643162
772000000.0	-0.319629787938
774000000.0	-0.510178800418
776000000.0	0.152633628575
778000000.0	0.522626881979
780000000.0	0.481006246618
782000000.0	0.266033357573
784000000.0	-0.151560580517
786000000.0	-0.429239783699
788000000.0	-0.508211952049
790000000.0	-0.343871630836
792000000.0	-0.0910569316633
794000000.0	0.676220136388
796000000.0	0.143364089348
798000000.0	-0.365078478224
800000000.0	0.389462762457
802000000.0	-0.508924609787
804000000.0	-0.437923241069
806000000.0	-0.0436877528985
808000000.0	0.128576943378
810000000.0	0.133604807479
812000000.0	0.126923224131
814000000.0	-0.214796048537
816000000.0	-0.32111851622
818000000.0	-0.431699390847
820000000.0	-0.116750308696
822000000.0	0.299216333641
824000000.0	0.105558381935
826000000.0	0.10704146464
828000000.0	0.0766961964011
830000000.0	-0.110266812486
832000000.0	-0.577614536845
834000000.0	-0.166229141201
836000000.0	0.564474845238
838000000.0	0.561664587528
840000000.0	0.387776973778
842000000.0	0.228023777401
844000000.0	-0.34267734007
846000000.0	-0.669579248426
848000000.0	-0.331381743273
850000000.0	-0.317209217249
852000000.0	0.597382789631
854000000.0	0.714498337367
856000000.0	1.0205445425
858000000.0	0.17329470833
860000000.0	-0.48212517032
862000000.0	-1.17673730494
864000000.0	-0.480492365709
866000000.0	0.30279553828
868000000.0	0.677210910621
870000000.0	0.501548288866
872000000.0	0.738459339951
874000000.0	0.391001649537
876000000.0	-0.467153401425
878000000.0	-1.0914401904
880000000.0	-1.06892115675
882000000.0	-0.0834034693683
884000000.0	1.09187455971
886000000.0	1.83928719322
888000000.0	0.0158763314242
890000000.0	-2.47750621512
892000000.0	-3.30564587699
894000000.0	-0.208251072589
896000000.0	5.93358340033
898000000.0	10.7839335045
900000000.0	-21.5570078027
902000000.0	4.67678777308
904000000.0	2.154450401
906000000.0	2.16917684527
908000000.0	2.15411826056
910000000.0	0.683382324894
912000000.0	-1.81345546557
914000000.0	-2.87990054026
916000000.0	-1.3763243152
918000000.0	0.475825367133
920000000.0	2.11697236934
922000000.0	1.79175699642
924000000.0	0.117698026574
926000000.0	-0.889930917045
928000000.0	-1.18006359382
930000000.0	-0.836210929287
932000000.0	-0.281593289645
934000000.0	0.231764602604
936000000.0	0.68157847253
938000000.0	1.02230704023
940000000.0	0.359790027665
942000000.0	-0.387391350217
944000000.0	-1.05575121605
946000000.0	-0.625351310789
948000000.0	0.0730159349593
950000000.0	0.216554666419
952000000.0	0.750436964513
954000000.0	0.317346751452
956000000.0	-0.0579657519205
958000000.0	-0.53998970694
960000000.0	-0.261053036389
962000000.0	-0.343413531556
964000000.0	0.151629833325
966000000.0	0.257116412132
968000000.0	0.126785942158
970000000.0	0.0493619912758
972000000.0	-0.35668973973
974000000.0	-0.36661855226
976000000.0	-0.257341447133
978000000.0	0.139326980192
980000000.0	0.29323588258
982000000.0	0.537553345168
984000000.0	0.179056478957
986000000.0	-0.446302400319
988000000.0	-0.479712857507
990000000.0	-0.145891488417
992000000.0	0.194028671233
994000000.0	0.370937207546
996000000.0	0.428802121331
998000000.0	0.725152615846
1000000000.0	1.5125
1002000000.0	-0.220130707197
1004000000.0	-0.37077272222
1006000000.0	-0.396919015079
1008000000.0	0.0254165106637
1010000000.0	0.349221823794
1012000000.0	0.263896234467
1014000000.0	0.193551608202
1016000000.0	-0.0457840238904
1018000000.0	-0.427839492878
1020000000.0	-0.50186582007
1022000000.0	-0.278849289375
1024000000.0	0.372751180419
1026000000.0	0.0626063178256
1028000000.0	0.359136141653
1030000000.0	0.343181212204
1032000000.0	-0.162870096639
1034000000.0	-0.219275337011
1036000000.0	-0.152454333977
1038000000.0	0.160932316656
1040000000.0	0.321943036646
1042000000.0	0.210541938516
1044000000.0	-0.00249067420987
1046000000.0	-0.0609006918287
1048000000.0	-0.318702109059
1050000000.0	-0.252156728699
1052000000.0	-0.0783982860492
1054000000.0	0.0323892269867
1056000000.0	0.277731155408
1058000000.0	0.129336696698
1060000000.0	-0.039115327095
1062000000.0	-0.446460418422
1064000000.0	-0.322169083618
1066000000.0	-0.320645475666
1068000000.0	-0.0476653414989
1070000000.0	0.423518205301
1072000000.0	0.656362369122
1074000000.0	0.233751499449
1076000000.0	-0.154112067624
1078000000.0	-0.667723572043
1080000000.0	-0.099310751387
1082000000.0	0.130937777505
1084000000.0	0.2226046714
1086000000.0	0.146322593105
1088000000.0	0.339454958894
1090000000.0	-0.0565963844722
1092000000.0	-0.0848520450968
1094000000.0	-0.314885020223
1096000000.0	0.00376473311243
1098000000.0	-0.076043086905
1100000000.0	0.383065514318
1102000000.0	0.221254830067
1104000000.0	-0.00307861149478
1106000000.0	0.132640642219
1108000000.0	-0.12384018966
1110000000.0	-0.517675007427
1112000000.0	-0.17561954601
1114000000.0	0.258588468483
1116000000.0	0.165654310004
1118000000.0	0.19507478756
1120000000.0	-0.152785906495
1122000000.0	0.0395455152431
1124000000.0	-0.442995005044
1126000000.0	0.0727519165997
1128000000.0	-0.224915556041
1130000000.0	-0.0985437090012
1132000000.0	0.197250042904
1134000000.0	0.239080327229
1136000000.0	-0.300392821209
1138000000.0	-0.24203672159
1140000000.0	-0.0447107147701
1142000000.0	0.037951789734
1144000000.0	-0.000133480378592
1146000000.0	0.255333043097
1148000000.0	0.083355548655
1150000000.0	-0.225781697231
1152000000.0	-0.456954911614
1154000000.0	-0.0636965818635
1156000000.0	-0.178903940557
1158000000.0	0.102053455904
1160000000.0	0.207570695495
1162000000.0	0.100642981903
1164000000.0	0.0789439794302
1166000000.0	-0.122267229903
1168000000.0	-0.101244174201
1170000000.0	-0.0353315471411
1172000000.0	0.021857861791
1174000000.0	-0.149747318054
1176000000.0	0.329956412022
1178000000.0	0.209548949501
1180000000.0	-0.249787544507
1182000000.0	-0.0619711260287
1184000000.0	-0.283597839554
1186000000.0	-0.307864683778
1188000000.0	0.172043451224
1190000000.0	0.0376755870177
1192000000.0	0.351074791821
1194000000.0	0.272369869339
1196000000.0	-0.214507036963
1198000000.0	0.374683573475
1200000000.0	-1.14975933023
1202000000.0	0.64322089074
1204000000.0	0.342030745759
1206000000.0	0.27395887512
1208000000.0	-0.327401563625
1210000000.0	0.0308628291742
1212000000.0	-0.430521504513
1214000000.0	-0.0677910538302
1216000000.0	0.15747645752
1218000000.0	0.188743101754
1220000000.0	0.343803441129
1222000000.0	0.236696882317
1224000000.0	-0.00118895534094
1226000000.0	-0.144851574963
1228000000.0	-0.14834691727
1230000000.0	0.362585099116
1232000000.0	0.195715083559
1234000000.0	0.485228464191
1236000000.0	0.147706755897
1238000000.0	0.0159938731108
1240000000.0	-0.162455754555
1242000000.0	-0.166099510892
1244000000.0	-0.312670261519
1246000000.0	0.0340122469444
1248000000.0	-0.241120307409
1250000000.0	0.918935970488
1252000000.0	0.19776632148
1254000000.0	0.183241298469
1256000000.0	-0.176186060323
1258000000.0	-0.178749728631
1260000000.0	-0.353325964624
1262000000.0	0.179833697584
1264000000.0	0.405239531488
1266000000.0	0.14540458497
1268000000.0	0.188985247603
1270000000.0	-0.147427695144
1272000000.0	-0.298854839098
1274000000.0	-0.229230828735
1276000000.0	0.186428737971
1278000000.0	0.153254149081
1280000000.0	-0.0981296118686
1282000000.0	-0.10138979059
1284000000.0	-0.217897628133
1286000000.0	-0.217366396993
1288000000.0	-0.103819171811
1290000000.0	-0.0392301761509
1292000000.0	0.182879249452
1294000000.0	0.243038567225
1296000000.0	0.371060342986
1298000000.0	0.324504828152
1300000000.0	-2.6757770268
1302000000.0	0.978863165489
1304000000.0	0.663026333939
1306000000.0	0.304755953726
1308000000.0	-0.215510761613
1310000000.0	-0.0715016537395
1312000000.0	-0.404452951345
1314000000.0	-0.118487625831
1316000000.0	0.180478322105
1318000000.0	0.204538110457
1320000000.0	-0.0611567749935
1322000000.0	0.0602759619781
1324000000.0	0.064273717134
1326000000.0	-0.107392994988
1328000000.0	-0.068535406071
1330000000.0	-0.228701881377
1332000000.0	-0.0130192816941
1334000000.0	-0.057985015983
1336000000.0	-0.0887448795814
1338000000.0	0.12353544836
1340000000.0	-0.0423809358518
1342000000.0	-0.108081078956
1344000000.0	-0.0603003057757
1346000000.0	-0.0940230374567
1348000000.0	0.0728745392704
1350000000.0	0.201062684
1352000000.0	0.0040488293388
1354000000.0	-0.226516164894
1356000000.0	-0.298850025669
1358000000.0	0.0490873227712
1360000000.0	-0.170821355261
1362000000.0	-0.0391452193469
1364000000.0	0.165607981903
1366000000.0	0.154741327503
1368000000.0	-0.161954337819
1370000000.0	-0.226342405807
1372000000.0	-0.209211376273
1374000000.0	-0.816772697889
1376000000.0	0.0576958801675
1378000000.0	0.396945507659
1380000000.0	0.132783313529
1382000000.0	0.10253904113
1384000000.0	0.367163792398
1386000000.0	0.076367430347
1388000000.0	-0.250685914106
1390000000.0	-0.138254585074
1392000000.0	-0.115071647945
1394000000.0	0.0523973601274
1396000000.0	0.0294600078406
1398000000.0	0.058951493048
1400000000.0	0.48942171423
1402000000.0	-0.325137629739
1404000000.0	-0.193344924761
1406000000.0	0.129066994716
1408000000.0	-0.226246812165
1410000000.0	-0.00447970537101
1412000000.0	-0.0218945086217
1414000000.0	-0.000864304195922
1416000000.0	0.0768858612856
1418000000.0	-0.214419981058
1420000000.0	0.0166754564148
1422000000.0	-0.114588590724
1424000000.0	0.042788069998
1426000000.0	0.0745827959568
1428000000.0	0.143234086644
1430000000.0	0.116494449816
1432000000.0	0.0380785492147
1434000000.0	-0.0818357468788
1436000000.0	0.200104980939
1438000000.0	0.224820680324
1440000000.0	0.18228578579
1442000000.0	0.00561227825532
1444000000.0	-0.197552273263
1446000000.0	-0.512175132632
1448000000.0	-0.447089245119
1450000000.0	-0.151741172837
1452000000.0	0.0486790202571
1454000000.0	0.507712859268
1456000000.0	0.314537119538
1458000000.0	0.314408454832
1460000000.0	-0.0289049071514
1462000000.0	-0.31107369543
1464000000.0	-0.143913920136
1466000000.0	-0.19076154963
1468000000.0	0.175811699895
1470000000.0	0.322938639647
1472000000.0	0.15076369781
1474000000.0	0.0756233848223
1476000000.0	0.209691084527
1478000000.0	-0.331162373085
1480000000.0	-0.549357390628
1482000000.0	-0.0304516644793
1484000000.0	0.584995583326
1486000000.0	1.03564881527
1488000000.0	0.43863430681
1490000000.0	-1.3742631615
1492000000.0	-1.49013829826
1494000000.0	0.0733916949291
1496000000.0	2.68227157786
1498000000.0	4.94104482622
1500000000.0	-10.3287450327
1502000000.0	2.11672096026
1504000000.0	1.28128348971
1506000000.0	0.773371818901
1508000000.0	1.0371804785
1510000000.0	0.0305239693471
1512000000.0	-1.05044158276
1514000000.0	-1.1396381154
1516000000.0	-0.622325204152
1518000000.0	0.521139535063
1520000000.0	1.16647350426
1522000000.0	0.727527618846
1524000000.0	-0.0799276144043
1526000000.0	-0.525886558559
1528000000.0	-0.449507636427
1530000000.0	-0.137339377066
1532000000.0	-0.0943562852254
1534000000.0	0.155336584811
1536000000.0	0.498887372834
1538000000.0	0.428674023762
1540000000.0	-0.0189657531944
1542000000.0	-0.09859467089
1544000000.0	-0.327479621426
1546000000.0	-0.200455079401
1548000000.0	-0.110772946547
1550000000.0	0.129148178629
1552000000.0	0.134771557181
1554000000.0	0.203047398311
1556000000.0	-0.170586563354
1558000000.0	0.0135623944997
1560000000.0	-0.0133178278291
1562000000.0	-0.257908608336
1564000000.0	0.259854456699
1566000000.0	-0.0317005076894
1568000000.0	0.0793962602627
1570000000.0	-0.0183838454147
1572000000.0	0.160842121929
1574000000.0	-0.346273175025
1576000000.0	0.131351481829
1578000000.0	0.0461143473514
1580000000.0	-0.0802357260201
1582000000.0	-0.0300498115416
1584000000.0	0.103855456585
1586000000.0	-0.317098914993
1588000000.0	-0.332274106927
1590000000.0	-0.178282944274
1592000000.0	-0.160454747828
1594000000.0	0.173531343968
1596000000.0	0.164365451432
1598000000.0	0.323400443412
1600000000.0	-0.861337762457
1602000000.0	0.0523545321
1604000000.0	0.301840064549
1606000000.0	-0.0331452281979
1608000000.0	0.244400079811
1610000000.0	-0.0200890111125
1612000000.0	0.0133726292245
1614000000.0	0.0797267280961
1616000000.0	-0.136651900286
1618000000.0	-0.225983516071
1620000000.0	-0.022700230266
1622000000.0	-0.0700203062689
1624000000.0	0.517222694828
1626000000.0	-0.567893381439
1628000000.0	-0.196700589541
1630000000.0	0.030112321682
1632000000.0	-0.0567565247999
1634000000.0	-0.115318027557
1636000000.0	-0.0757394974792
1638000000.0	0.208313619017
1640000000.0	0.159775962234
1642000000.0	-0.0617377078376
1644000000.0	0.0124832258951
1646000000.0	-0.167595298567
1648000000.0	-0.318763112678
1650000000.0	-0.0869158030801
1652000000.0	0.237285712483
1654000000.0	-0.0309831702231
1656000000.0	0.0068022841675
1658000000.0	-0.0841836526566
1660000000.0	-0.0181441854781
1662000000.0	-0.0184381950342
1664000000.0	-0.291714943866
1666000000.0	-0.117763676514
1668000000.0	0.158536692689
1670000000.0	0.146969117229
1672000000.0	0.158953656279
1674000000.0	0.0979277507172
1676000000.0	-0.12366611438
1678000000.0	-0.182710627672
1680000000.0	0.132406748422
1682000000.0	0.052028390026
1684000000.0	-0.106510207901
1686000000.0	0.129891157046
1688000000.0	-0.043343604026
1690000000.0	0.033655220166
1692000000.0	-0.0820067920185
1694000000.0	-0.165393840406
1696000000.0	-0.127195065135
1698000000.0	-0.142893855307
1700000000.0	0.459171231092
1702000000.0	-0.239484355757
1704000000.0	-0.115676990176
1706000000.0	0.0971478538397
1708000000.0	-0.0526356448473
1710000000.0	-0.383114412679
1712000000.0	0.110624881127
1714000000.0	-0.0961662502925
1716000000.0	0.199214604991
1718000000.0	-0.119706969874
1720000000.0	-0.0262827704586
1722000000.0	0.0648354638443
1724000000.0	0.134411716075
1726000000.0	0.123586287721
1728000000.0	0.0860085752393
1730000000.0	0.0760686232816
1732000000.0	-0.0376305183602
1734000000.0	0.058021353331
1736000000.0	-0.281244433549
1738000000.0	-0.00200024949668
1740000000.0	0.120114266437
1742000000.0	-0.0776802142878
1744000000.0	0.123737211666
1746000000.0	-0.122228792349
1748000000.0	0.131377334216
1750000000.0	1.13521790993
1752000000.0	0.0825576572682
1754000000.0	0.202388155262
1756000000.0	-0.0198622023853
1758000000.0	0.142568195106
1760000000.0	-0.168918720626
1762000000.0	-0.0293818607221
1764000000.0	-0.0642996048246
1766000000.0	0.0137859185852
1768000000.0	0.119766834734
1770000000.0	0.096355882862
1772000000.0	0.0313324003456
1774000000.0	-0.237497593
1776000000.0	0.131022451779
1778000000.0	-0.000813755030734
1780000000.0	-0.00131825987271
1782000000.0	-0.00775408642393
1784000000.0	-0.154230026989
1786000000.0	0.0502124355163
1788000000.0	0.0307852036926
1790000000.0	-0.279122030855
1792000000.0	0.00906267366824
1794000000.0	0.0354005917312
1796000000.0	-0.0400539150506
1798000000.0	-0.134762578968
1800000000.0	-0.542983082415
1802000000.0	0.173772908356
1804000000.0	0.0132364652359
1806000000.0	0.0743754090186
1808000000.0	-0.174798005799
1810000000.0	-0.297346172916
1812000000.0	0.100670227885
1814000000.0	0.0133699202562
1816000000.0	0.194126119439
1818000000.0	-0.0834276483466
1820000000.0	-0.28615992671
1822000000.0	0.0685480332055
1824000000.0	-0.107312197081
1826000000.0	-0.15920266095
1828000000.0	0.0143234667235
1830000000.0	0.0621882303078
1832000000.0	-0.185031640305
1834000000.0	0.236052918021
1836000000.0	0.155017978059
1838000000.0	-0.356356875626
1840000000.0	0.0285231258702
1842000000.0	-0.318729575793
1844000000.0	-0.306829584021
1846000000.0	-0.0588714320982
1848000000.0	-0.0575102789551
1850000000.0	-0.102315366481
1852000000.0	-0.107602831618
1854000000.0	0.0320735371932
1856000000.0	-0.120328727158
1858000000.0	-0.160551409492
1860000000.0	0.0767447127292
1862000000.0	0.168406633375
1864000000.0	-0.0735320591551
1866000000.0	-0.187066364499
1868000000.0	-0.0663376201453
1870000000.0	0.219224117022
1872000000.0	-0.0738731964396
1874000000.0	-0.0930504637788
1876000000.0	0.0783397217375
1878000000.0	0.414135937584
1880000000.0	0.559603409115
1882000000.0	0.12449349071
1884000000.0	-0.0186192229508
1886000000.0	-0.579483485425
1888000000.0	-0.177915385237
1890000000.0	0.0371293233367
1892000000.0	-0.0513197754907
1894000000.0	0.563867454385
1896000000.0	0.819328911357
1898000000.0	1.07062443572
1900000000.0	-4.87425267069
1902000000.0	2.11864469084
1904000000.0	1.29438863974
1906000000.0	0.255926593058
1908000000.0	-0.313730223507
1910000000.0	-0.276064460323
1912000000.0	-0.207327381249
1914000000.0	0.0966586145326
1916000000.0	0.0256962207607
1918000000.0	-0.0901967007828
1920000000.0	-0.281885944826
1922000000.0	0.0342720230467
1924000000.0	0.236869263745
1926000000.0	-0.286430754709
1928000000.0	-0.0262390157442
1930000000.0	-0.023202398619
1932000000.0	-0.114201557925
1934000000.0	-0.00300547282435
1936000000.0	-0.0641674847111
1938000000.0	0.261741373152
1940000000.0	0.138019815985
1942000000.0	-0.297228665789
1944000000.0	0.271101532387
1946000000.0	0.0940100108166
1948000000.0	0.0145494066824
1950000000.0	-0.0319195659113
1952000000.0	0.126487889801
1954000000.0	-0.27399939527
1956000000.0	-0.0245411898919
1958000000.0	-0.0706390972674
1960000000.0	-0.0443554732673
1962000000.0	0.0117354009654
1964000000.0	-0.0943266344283
1966000000.0	0.0682385014814
1968000000.0	-0.110924403292
1970000000.0	0.0277848725755
1972000000.0	0.146599649285
1974000000.0	-0.296508522322
1976000000.0	-0.215935490579
1978000000.0	0.0323558318916
1980000000.0	-0.0906286352714
1982000000.0	0.240927201927
1984000000.0	0.216267273298
1986000000.0	-0.198641840926
1988000000.0	-0.132615333206
1990000000.0	-0.0198756332083
1992000000.0	0.196643548151
1994000000.0	0.156150102784
1996000000.0	0.201348280812
1998000000.0	0.101644067525
2000000000.0	-0.8375
