0.0	-48.625
2000000.0	4.55740354772
4000000.0	16.3781259653
6000000.0	12.2711880559
8000000.0	-13.812321576
10000000.0	-27.2364752493
12000000.0	-22.5190874231
14000000.0	-1.11301441571
16000000.0	23.5272949226
18000000.0	32.1744693984
20000000.0	19.5647826953
22000000.0	-8.33359201379
24000000.0	-37.6227214023
26000000.0	-43.4258921259
28000000.0	-24.4376413132
30000000.0	9.02077334261
32000000.0	32.639033653
34000000.0	28.3653705439
36000000.0	-1.38291058069
38000000.0	-21.2017984199
40000000.0	-23.638763878
42000000.0	-15.392092986
44000000.0	6.76797305708
46000000.0	15.7927949854
48000000.0	9.5296998599
50000000.0	-2.93483612353
52000000.0	-11.03456573
54000000.0	-2.02000606673
56000000.0	14.5599590024
58000000.0	19.115803601
60000000.0	11.841854102
62000000.0	-6.99105685401
64000000.0	-20.973713304
66000000.0	-15.8908063226
68000000.0	1.52025093346
70000000.0	18.0152376542
72000000.0	18.3661485597
74000000.0	5.90583864475
76000000.0	-9.6762940635
78000000.0	-15.2756037231
80000000.0	-9.74573298331
82000000.0	3.65301704481
84000000.0	9.98851794187
86000000.0	5.09133939491
88000000.0	-2.90001894868
90000000.0	-9.41771471823
92000000.0	-4.89068278472
94000000.0	6.41305068858
96000000.0	12.8822472416
98000000.0	4.86999525829
100000000.0	-4.49398284492
102000000.0	-15.3637158248
104000000.0	-12.7188978226
106000000.0	1.85398271083
108000000.0	14.5477316529
110000000.0	17.5039965919
112000000.0	7.45552141173
114000000.0	-9.02085779949
116000000.0	-15.1313450899
118000000.0	-10.6363623629
120000000.0	1.58371247461
122000000.0	11.0705871786
124000000.0	8.53040113105
126000000.0	2.77885556126
128000000.0	-6.87015969506
130000000.0	-9.06217810817
132000000.0	-0.911605023368
134000000.0	6.99446537613
136000000.0	6.43656757577
138000000.0	-2.03039977954
140000000.0	-7.30580700205
142000000.0	-8.09885821371
144000000.0	0.745273511802
146000000.0	9.53250609668
148000000.0	12.2322880353
150000000.0	1.74472742321
152000000.0	-8.00236307284
154000000.0	-13.4783885525
156000000.0	-4.67745409727
158000000.0	6.05633911208
160000000.0	13.5682226012
162000000.0	8.68392347587
164000000.0	-1.28620952164
166000000.0	-8.9436751588
168000000.0	-8.64339616753
170000000.0	0.0940397682834
172000000.0	7.97457348232
174000000.0	8.3099280802
176000000.0	0.44524022147
178000000.0	-7.91835963954
180000000.0	-7.96019791683
182000000.0	-0.262876024674
184000000.0	8.36916978042
186000000.0	8.65489152004
188000000.0	1.06201039383
190000000.0	-8.5242942773
192000000.0	-11.6368748447
194000000.0	-4.46506543481
196000000.0	6.8402633669
198000000.0	14.0935670927
200000000.0	8.71914198705
202000000.0	-3.65954946637
204000000.0	-12.3196075505
206000000.0	-11.0792571064
208000000.0	0.00225226022559
210000000.0	10.96377416
212000000.0	10.0692409117
214000000.0	2.91988991677
216000000.0	-8.34930599649
218000000.0	-9.69890055535
220000000.0	-0.802349867824
222000000.0	9.3869293255
224000000.0	13.1302371767
226000000.0	0.769111900079
228000000.0	-12.5659999796
230000000.0	-15.3379377362
232000000.0	-5.11030933329
234000000.0	10.7720074449
236000000.0	20.1924097416
238000000.0	12.1092123737
240000000.0	-6.49959604745
242000000.0	-19.9210307214
244000000.0	-15.3375841872
246000000.0	1.38825082383
248000000.0	17.4874360654
250000000.0	14.1806744431
252000000.0	1.77566771993
254000000.0	-15.2265941497
256000000.0	-19.0027774687
258000000.0	-1.20463490075
260000000.0	20.7143309815
262000000.0	19.5194045228
264000000.0	-2.3268552128
266000000.0	-26.0451418308
268000000.0	-28.9864784312
270000000.0	-5.29617786415
272000000.0	33.5603620309
274000000.0	49.101965765
276000000.0	22.249039151
278000000.0	-29.7248641674
280000000.0	-64.187072124
282000000.0	-44.3703040672
284000000.0	18.9286197531
286000000.0	69.3258178588
288000000.0	54.6078401384
290000000.0	-18.6127567059
292000000.0	-81.7442756044
294000000.0	-45.3801985207
296000000.0	111.189253069
298000000.0	279.277315228
300000000.0	-645.399150269
302000000.0	237.177117808
304000000.0	134.996550044
306000000.0	54.6938622902
308000000.0	-11.82584312
310000000.0	-54.6039552081
312000000.0	-60.8241432816
314000000.0	-27.4573348627
316000000.0	15.702301535
318000000.0	39.6165420282
320000000.0	34.2379774986
322000000.0	5.66070376308
324000000.0	-21.669818999
326000000.0	-22.003178859
328000000.0	-9.1497356599
330000000.0	10.9965496795
332000000.0	14.5575183662
334000000.0	2.86003076284
336000000.0	-7.98427032406
338000000.0	-12.7231645182
340000000.0	-5.02220375481
342000000.0	10.7461690609
344000000.0	16.0224459849
346000000.0	7.03000805013
348000000.0	-10.8832179909
350000000.0	-20.523463546
352000000.0	-9.27264103417
354000000.0	7.28763608505
356000000.0	17.2701352137
358000000.0	12.9428760367
360000000.0	-1.08378279287
362000000.0	-11.6313197924
364000000.0	-11.5029655383
366000000.0	-1.91249339415
368000000.0	8.61059326301
370000000.0	8.27103885207
372000000.0	1.40096919143
374000000.0	-7.06630297557
376000000.0	-4.90101788549
378000000.0	1.35166734104
380000000.0	7.64295048787
382000000.0	9.16722556861
384000000.0	-0.598233211648
386000000.0	-7.99598862488
388000000.0	-10.8466970726
390000000.0	-2.94032264926
392000000.0	4.74973333856
394000000.0	10.9787271685
396000000.0	6.63880677039
398000000.0	-1.48168170597
400000000.0	-6.91560417393
402000000.0	-6.59868189876
404000000.0	-0.551522102489
406000000.0	3.71418304953
408000000.0	4.49803442034
410000000.0	0.130405567504
412000000.0	-4.87933133672
414000000.0	-3.15615060275
416000000.0	1.05991154825
418000000.0	4.87937859556
420000000.0	4.610576032
422000000.0	-0.143034201939
424000000.0	-4.45890396124
426000000.0	-5.87250645197
428000000.0	-2.14543768477
430000000.0	3.18747700184
432000000.0	6.43487980295
434000000.0	4.53870938487
436000000.0	-0.482647187266
438000000.0	-5.42518242907
440000000.0	-3.01907715936
442000000.0	-0.155333520224
444000000.0	2.62718081783
446000000.0	3.73830427563
448000000.0	0.517531563218
450000000.0	-2.63560979398
452000000.0	-2.9657095886
454000000.0	-0.730150131949
456000000.0	1.30587617831
458000000.0	2.88371930049
460000000.0	-0.318322402859
462000000.0	-2.19407930023
464000000.0	-3.79099832425
466000000.0	-0.841205637104
468000000.0	2.99579118627
470000000.0	3.7495775586
472000000.0	2.99672311387
474000000.0	-0.745504039974
476000000.0	-2.94179837851
478000000.0	-2.44265198456
480000000.0	-1.34806045028
482000000.0	2.42660459789
484000000.0	0.213546070248
486000000.0	0.925743427644
488000000.0	-1.50364667425
490000000.0	-1.44339582246
492000000.0	-0.882227773194
494000000.0	1.86820945578
496000000.0	2.90350747917
498000000.0	0.906950656064
500000000.0	-0.699251537786
502000000.0	-4.55292274791
504000000.0	-1.05125803999
506000000.0	1.52732057065
508000000.0	1.48843879859
510000000.0	2.60008933831
512000000.0	-0.802882214695
514000000.0	-1.4275647875
516000000.0	-1.52696925606
518000000.0	1.66356771175
520000000.0	1.72001878578
522000000.0	2.5578728787
524000000.0	-0.879292356959
526000000.0	-1.40264922766
528000000.0	-1.78328053741
530000000.0	0.940424506479
532000000.0	2.13858677105
534000000.0	1.91328458565
536000000.0	0.611606481292
538000000.0	-1.39014478603
540000000.0	-1.33187535321
542000000.0	-1.90720972475
544000000.0	1.91259917329
546000000.0	2.83570021475
548000000.0	2.07611292587
550000000.0	0.674843573756
552000000.0	-2.67355464541
554000000.0	-2.03641035438
556000000.0	1.10766647441
558000000.0	2.44234550437
560000000.0	1.64138504429
562000000.0	-0.463280064264
564000000.0	-1.79696621293
566000000.0	-0.74398361655
568000000.0	1.59217208013
570000000.0	2.04863174593
572000000.0	-1.24563748731
574000000.0	-1.78362332366
576000000.0	-1.41517804121
578000000.0	-1.83409415992
580000000.0	0.905896956415
582000000.0	1.22517470644
584000000.0	1.67687896539
586000000.0	-2.1182907325
588000000.0	-1.52647679386
590000000.0	1.45187582091
592000000.0	1.67128340066
594000000.0	-0.514978120833
596000000.0	-4.91519656884
598000000.0	-8.05749471551
600000000.0	27.7348139903
602000000.0	-11.2851534467
604000000.0	-7.56537226873
606000000.0	0.260218107201
608000000.0	4.0552277402
610000000.0	3.45966033367
612000000.0	1.73151681288
614000000.0	-3.42523849692
616000000.0	-0.636351686217
618000000.0	-0.188772231887
620000000.0	2.14239122968
622000000.0	1.7277517433
624000000.0	2.51456614931
626000000.0	-3.16142565087
628000000.0	-2.81043333704
630000000.0	0.35769302013
632000000.0	1.09985076238
634000000.0	2.03693159495
636000000.0	0.774050887735
638000000.0	-0.145317657332
640000000.0	-1.15227018315
642000000.0	-1.77923697421
644000000.0	0.788077658937
646000000.0	1.35029807965
648000000.0	1.40082667687
650000000.0	0.611082265915
652000000.0	-0.870717572724
654000000.0	-1.49224170816
656000000.0	-0.611885304037
658000000.0	0.212996953835
660000000.0	1.52192776403
662000000.0	0.183685543549
664000000.0	-1.07149043729
666000000.0	-3.03755500295
668000000.0	-0.380994926614
670000000.0	-0.625190926524
672000000.0	0.864353932084
674000000.0	1.57615155501
676000000.0	-0.622485305661
678000000.0	0.291764293994
680000000.0	-1.06855394656
682000000.0	0.561975550959
684000000.0	1.40983168424
686000000.0	2.03409601678
688000000.0	1.17023942119
690000000.0	-2.71469823029
692000000.0	-2.41076857181
694000000.0	0.863874930247
696000000.0	2.39183878473
698000000.0	1.72089047227
700000000.0	-3.84596922728
702000000.0	1.52362283184
704000000.0	-0.507303869585
706000000.0	-0.230852881323
708000000.0	0.127974034677
710000000.0	0.842253466203
712000000.0	0.100401902949
714000000.0	-1.16157571985
716000000.0	-1.44265109746
718000000.0	-0.706035069725
720000000.0	0.0530384434215
722000000.0	1.99049316171
724000000.0	2.70618540015
726000000.0	-0.184729980732
728000000.0	-0.616255014965
730000000.0	-1.22068651195
732000000.0	0.77632514869
734000000.0	0.928838797533
736000000.0	1.78096307371
738000000.0	0.183429267059
740000000.0	-1.1636755841
742000000.0	-1.5413993189
744000000.0	-0.272244576737
746000000.0	0.978697665089
748000000.0	2.56387530544
750000000.0	-2.05310279567
752000000.0	-0.249058739329
754000000.0	-1.71776860876
756000000.0	0.00061964700765
758000000.0	2.8375295433
760000000.0	1.75779885983
762000000.0	0.982945749075
764000000.0	-1.50145083294
766000000.0	-0.858040479745
768000000.0	-0.708760503022
770000000.0	0.333961993456
772000000.0	1.82415748662
774000000.0	1.52992061846
776000000.0	-0.0863954940689
778000000.0	-2.88045805495
780000000.0	-1.09326384528
782000000.0	0.110643181252
784000000.0	1.54068057331
786000000.0	1.59941305923
788000000.0	-1.76261119787
790000000.0	-0.946960246421
792000000.0	-0.694186502378
794000000.0	-1.34203041332
796000000.0	2.5872360736
798000000.0	3.83565594851
800000000.0	-0.883580473145
802000000.0	0.282991009365
804000000.0	-1.73813297266
806000000.0	-2.67418035808
808000000.0	0.777942944664
810000000.0	1.62707129413
812000000.0	0.803859901352
814000000.0	-0.209284667974
816000000.0	-1.65185691332
818000000.0	-0.400345758329
820000000.0	-0.528606698313
822000000.0	1.85554401441
824000000.0	2.9469840841
826000000.0	-1.36965739118
828000000.0	-2.26802448657
830000000.0	-2.69882832102
832000000.0	-0.346201259793
834000000.0	3.12628230762
836000000.0	4.02210409255
838000000.0	0.529018760675
840000000.0	-1.63706706563
842000000.0	-6.03643338649
844000000.0	-3.06414856326
846000000.0	1.26131388166
848000000.0	5.48112220233
850000000.0	4.24140396014
852000000.0	-1.2070623755
854000000.0	-3.86502406076
856000000.0	-3.19973656781
858000000.0	1.10404580287
860000000.0	5.59721118336
862000000.0	3.67711949467
864000000.0	0.213663606733
866000000.0	-8.06453557347
868000000.0	-7.71924656381
870000000.0	0.354928607097
872000000.0	10.2618934234
874000000.0	14.3322639365
876000000.0	3.3493325793
878000000.0	-8.75649507794
880000000.0	-16.9401814005
882000000.0	-11.7510151665
884000000.0	8.68341179143
886000000.0	20.3057359552
888000000.0	12.5413557973
890000000.0	-12.5340587843
892000000.0	-28.5843909482
894000000.0	-7.67869583213
896000000.0	52.4905781571
898000000.0	117.840978733
900000000.0	-272.846824893
902000000.0	97.6116365985
904000000.0	54.2777944239
906000000.0	15.9142665104
908000000.0	-9.48957124147
910000000.0	-20.4515763839
912000000.0	-15.8543518057
914000000.0	-4.69149281377
916000000.0	4.55314491464
918000000.0	10.116542849
920000000.0	7.90469649261
922000000.0	-0.273400304087
924000000.0	-6.56426226989
926000000.0	-4.56698528579
928000000.0	0.334257650457
930000000.0	3.93056123753
932000000.0	5.0659281266
934000000.0	0.566276586574
936000000.0	-3.17326719083
938000000.0	-2.8252864662
940000000.0	0.316999445147
942000000.0	4.02335143792
944000000.0	4.53974668537
946000000.0	1.43319427409
948000000.0	-2.29802319195
950000000.0	-6.98177605844
952000000.0	-3.01224711877
954000000.0	2.0640255315
956000000.0	4.72751259886
958000000.0	2.37656269249
960000000.0	-0.144850500097
962000000.0	-3.89516094238
964000000.0	-2.89588749151
966000000.0	0.753185636686
968000000.0	2.17000480281
970000000.0	2.13856759766
972000000.0	-0.25513203602
974000000.0	-3.28755797388
976000000.0	-2.61538981248
978000000.0	0.692016960589
980000000.0	2.55279702599
982000000.0	3.27587955153
984000000.0	-0.396397067866
986000000.0	-2.28024838982
988000000.0	-1.12498063051
990000000.0	-1.22101831207
992000000.0	1.16495401658
994000000.0	1.83720018552
996000000.0	0.898608033803
998000000.0	-1.81787602647
1000000000.0	2.8125
1002000000.0	-2.66921451282
1004000000.0	-0.0480748096479
1006000000.0	0.952017497896
1008000000.0	0.864172867395
1010000000.0	-1.91700278841
1012000000.0	-0.828402915058
1014000000.0	-1.02618149949
1016000000.0	0.676585136778
1018000000.0	1.80177375598
1020000000.0	2.09277821397
1022000000.0	0.15268561737
1024000000.0	-0.348658163336
1026000000.0	-2.47438261303
1028000000.0	0.650665525617
1030000000.0	2.04243638335
1032000000.0	2.70890778508
1034000000.0	0.950455828396
1036000000.0	-0.656923492593
1038000000.0	-0.696051953655
1040000000.0	-1.17807866846
1042000000.0	0.382541117596
1044000000.0	2.08164583546
1046000000.0	1.71393034275
1048000000.0	0.214602316651
1050000000.0	-1.69308675952
1052000000.0	-1.43003518949
1054000000.0	0.183412370339
1056000000.0	1.19111748299
1058000000.0	1.81387603381
1060000000.0	-0.934261488903
1062000000.0	-0.616321830066
1064000000.0	-1.03907407327
1066000000.0	1.50184541778
1068000000.0	1.31886133321
1070000000.0	1.01376250124
1072000000.0	0.279162673973
1074000000.0	0.182070847051
1076000000.0	-0.535405997891
1078000000.0	0.548878428508
1080000000.0	-0.649487189291
1082000000.0	0.964424551977
1084000000.0	0.311848655985
1086000000.0	-0.560822132757
1088000000.0	-1.40161716337
1090000000.0	-0.334396675283
1092000000.0	-0.399099006835
1094000000.0	0.496552332134
1096000000.0	1.00932718483
1098000000.0	-0.443163863496
1100000000.0	-1.25437106459
1102000000.0	-1.38977120017
1104000000.0	0.59054349765
1106000000.0	0.480852669174
1108000000.0	0.957220437874
1110000000.0	1.35200510062
1112000000.0	-0.398401850099
1114000000.0	0.181122377973
1116000000.0	-0.808930952414
1118000000.0	0.122816452249
1120000000.0	1.25044613322
1122000000.0	1.67857113129
1124000000.0	0.00317052834105
1126000000.0	-1.65419069941
1128000000.0	-1.72416740512
1130000000.0	1.62948084546
1132000000.0	1.21968389678
1134000000.0	0.538438310906
1136000000.0	0.0198609037829
1138000000.0	-1.86316043686
1140000000.0	-1.87018617418
1142000000.0	-0.718396552556
1144000000.0	0.341253658651
1146000000.0	1.40728178161
1148000000.0	-0.16969668795
1150000000.0	-0.653085975642
1152000000.0	-0.480949723106
1154000000.0	0.0898248801509
1156000000.0	0.615841384546
1158000000.0	0.437928052387
1160000000.0	-0.0248513521533
1162000000.0	-0.896247299453
1164000000.0	-2.02448563594
1166000000.0	-0.104879271351
1168000000.0	0.696836013533
1170000000.0	0.683462676149
1172000000.0	0.121086171939
1174000000.0	-1.17888087181
1176000000.0	-2.26772879909
1178000000.0	-0.791193251388
1180000000.0	0.994461198112
1182000000.0	1.34217346937
1184000000.0	-1.02052026896
1186000000.0	-1.50661061656
1188000000.0	-1.57139805336
1190000000.0	1.09340754284
1192000000.0	-0.211397848328
1194000000.0	0.552406447137
1196000000.0	-2.09922581234
1198000000.0	0.506134430802
1200000000.0	1.99372917393
1202000000.0	1.52798707536
1204000000.0	0.441191996305
1206000000.0	-1.66022086222
1208000000.0	0.510287901178
1210000000.0	0.710036956124
1212000000.0	-0.272519131699
1214000000.0	-0.0420941979986
1216000000.0	1.57638854208
1218000000.0	-0.540491736876
1220000000.0	-0.269059176597
1222000000.0	0.111430601997
1224000000.0	-2.18321838712
1226000000.0	2.83453402819
1228000000.0	1.25679857415
1230000000.0	-0.594943573617
1232000000.0	0.425245982518
1234000000.0	-0.111235069964
1236000000.0	-0.273476445135
1238000000.0	-0.575287685752
1240000000.0	-0.717758785819
1242000000.0	0.139466517031
1244000000.0	0.320862737213
1246000000.0	-0.507023741451
1248000000.0	1.02609083729
1250000000.0	-4.74490178716
1252000000.0	0.235920562339
1254000000.0	-0.671097680604
1256000000.0	0.398023269472
1258000000.0	-0.475692193239
1260000000.0	0.20036375028
1262000000.0	1.18278177945
1264000000.0	-0.73304917833
1266000000.0	-0.407339902334
1268000000.0	-1.02833520201
1270000000.0	0.872944143358
1272000000.0	1.15723448459
1274000000.0	0.0105575438856
1276000000.0	-0.804096715696
1278000000.0	-0.2715899586
1280000000.0	-0.526865126781
1282000000.0	-0.513233975743
1284000000.0	0.31449929214
1286000000.0	0.530151195577
1288000000.0	1.53677521304
1290000000.0	-1.23665376798
1292000000.0	-0.951407436454
1294000000.0	0.795529103804
1296000000.0	2.22291701752
1298000000.0	5.19031339022
1300000000.0	-17.4345750059
1302000000.0	6.88342475742
1304000000.0	2.74719690648
1306000000.0	-0.142836630017
1308000000.0	-3.0318552768
1310000000.0	-0.04744240992
1312000000.0	1.11478317414
1314000000.0	-0.520373159902
1316000000.0	-1.21862078697
1318000000.0	-0.460025327481
1320000000.0	0.412160654845
1322000000.0	1.38295694975
1324000000.0	0.52914597329
1326000000.0	-1.02152895823
1328000000.0	0.061077506098
1330000000.0	-0.799328176634
1332000000.0	-0.97037180084
1334000000.0	-0.461135195625
1336000000.0	1.69538179936
1338000000.0	-1.54164276554
1340000000.0	0.172879160165
1342000000.0	0.713011272517
1344000000.0	0.563856291953
1346000000.0	0.689859012648
1348000000.0	0.485698027854
1350000000.0	-0.698881679504
1352000000.0	-0.43467709192
1354000000.0	-0.571770235424
1356000000.0	-0.167691647595
1358000000.0	1.73813938332
1360000000.0	0.98184177211
1362000000.0	-1.0322948104
1364000000.0	0.407621365557
1366000000.0	-1.75991904011
1368000000.0	-0.158471858554
1370000000.0	-0.269462822408
1372000000.0	-1.00720723623
1374000000.0	-2.62497532264
1376000000.0	4.33841296319
1378000000.0	0.0223300840624
1380000000.0	-0.0414686184997
1382000000.0	1.14009000448
1384000000.0	1.64518911975
1386000000.0	-0.137109879242
1388000000.0	-0.734996181607
1390000000.0	0.0399033862875
1392000000.0	0.351855280641
1394000000.0	0.347065286672
1396000000.0	1.25650612816
1398000000.0	1.15176767054
1400000000.0	-2.43767345319
1402000000.0	0.344225042404
1404000000.0	-0.83862534285
1406000000.0	-0.511791723463
1408000000.0	1.65613533814
1410000000.0	-1.1720961978
1412000000.0	-0.422860662133
1414000000.0	-1.20847285492
1416000000.0	0.421935393345
1418000000.0	-0.113587259677
1420000000.0	0.740282605083
1422000000.0	1.91777291032
1424000000.0	1.11748668308
1426000000.0	0.284496891008
1428000000.0	-0.630798897124
1430000000.0	-1.09367726456
1432000000.0	0.760944980132
1434000000.0	1.89922281072
1436000000.0	1.38198897612
1438000000.0	0.940674190794
1440000000.0	-0.458368830894
1442000000.0	-0.29741389691
1444000000.0	0.801944851855
1446000000.0	1.02708915364
1448000000.0	1.14009426004
1450000000.0	0.88718047567
1452000000.0	0.452895947917
1454000000.0	-0.667508939827
1456000000.0	-0.770745907257
1458000000.0	-0.203204927534
1460000000.0	2.43987553576
1462000000.0	1.98002220698
1464000000.0	-0.284422813186
1466000000.0	-2.72244358249
1468000000.0	-2.24339205201
1470000000.0	-0.81363022291
1472000000.0	3.59929722614
1474000000.0	5.03727090292
1476000000.0	1.25289565315
1478000000.0	-3.49130184158
1480000000.0	-6.6773111418
1482000000.0	-3.30113892726
1484000000.0	4.18544682072
1486000000.0	6.83365801437
1488000000.0	4.1074816421
1490000000.0	-6.44986257542
1492000000.0	-13.1728543315
1494000000.0	-1.37984154765
1496000000.0	27.2390125226
1498000000.0	60.0881146509
1500000000.0	-146.363248462
1502000000.0	50.0512541099
1504000000.0	25.9057469988
1506000000.0	5.73507864891
1508000000.0	-4.87676654761
1510000000.0	-8.75274208797
1512000000.0	-6.06305645942
1514000000.0	-0.441397412689
1516000000.0	2.29358444895
1518000000.0	3.71064805021
1520000000.0	1.24127539213
1522000000.0	-0.977622120924
1524000000.0	-2.5226438002
1526000000.0	-0.561608476825
1528000000.0	0.895568461721
1530000000.0	2.13922174494
1532000000.0	1.3021898379
1534000000.0	-1.53582729289
1536000000.0	-2.47308209728
1538000000.0	-0.138136148885
1540000000.0	-0.232339494383
1542000000.0	0.972586450857
1544000000.0	0.906708429995
1546000000.0	-0.408413385873
1548000000.0	-0.469364551142
1550000000.0	-2.44772640865
1552000000.0	-0.878830605938
1554000000.0	1.30907774527
1556000000.0	1.94891129273
1558000000.0	1.29597251649
1560000000.0	-0.321275207141
1562000000.0	-1.40637439697
1564000000.0	-0.414456651756
1566000000.0	0.330188411839
1568000000.0	-0.233325866822
1570000000.0	0.746423818056
1572000000.0	-0.561191903953
1574000000.0	0.162097907838
1576000000.0	-1.99415374425
1578000000.0	0.609629217137
1580000000.0	1.31605970849
1582000000.0	0.855384598427
1584000000.0	-0.929735039266
1586000000.0	-0.637114326438
1588000000.0	-1.32797947682
1590000000.0	-0.161559694394
1592000000.0	0.819347502772
1594000000.0	1.27848978831
1596000000.0	0.954154424183
1598000000.0	-0.258350698166
1600000000.0	-1.75704452686
1602000000.0	0.211505190455
1604000000.0	0.730677810549
1606000000.0	1.1201395636
1608000000.0	0.734638866465
1610000000.0	0.962590567615
1612000000.0	0.0612374027308
1614000000.0	-0.488264842267
1616000000.0	0.889132445968
1618000000.0	1.15669571999
1620000000.0	0.479661299307
1622000000.0	1.04165989085
1624000000.0	1.71371305809
1626000000.0	-4.49342134219
1628000000.0	-0.673942009955
1630000000.0	0.266741361131
1632000000.0	0.938350519176
1634000000.0	0.734545047724
1636000000.0	-0.147063766456
1638000000.0	-0.428026226968
1640000000.0	-1.2230904642
1642000000.0	-0.731125424544
1644000000.0	0.197192072544
1646000000.0	0.637972839064
1648000000.0	0.035074406562
1650000000.0	-0.694742766071
1652000000.0	-1.39942987966
1654000000.0	-0.116517908012
1656000000.0	-0.167900204657
1658000000.0	1.59112408501
1660000000.0	-0.803014481086
1662000000.0	0.00613903215348
1664000000.0	-1.71339658296
1666000000.0	-0.817564534113
1668000000.0	0.593484671038
1670000000.0	-0.19227859857
1672000000.0	0.499980210118
1674000000.0	-0.90616451422
1676000000.0	0.3008777089
1678000000.0	-0.66750618468
1680000000.0	-1.24340028556
1682000000.0	0.613634127745
1684000000.0	-0.0114797466934
1686000000.0	1.36371072033
1688000000.0	0.00548603635383
1690000000.0	-0.176064024883
1692000000.0	0.406353284386
1694000000.0	0.354602789668
1696000000.0	1.51038927732
1698000000.0	0.0992410552415
1700000000.0	-1.85563290119
1702000000.0	-0.934088456705
1704000000.0	0.514969515042
1706000000.0	-0.094924789209
1708000000.0	1.38026150503
1710000000.0	0.128394447918
1712000000.0	-1.62615904029
1714000000.0	0.310622805148
1716000000.0	-0.444335204344
1718000000.0	0.562548879002
1720000000.0	0.0695795471499
1722000000.0	0.135697337019
1724000000.0	0.73998940615
1726000000.0	-2.2334649544
1728000000.0	-0.580696361576
1730000000.0	2.52380663507
1732000000.0	-0.738951192495
1734000000.0	2.32985141731
1736000000.0	0.945437227398
1738000000.0	-0.797925553968
1740000000.0	-0.516761378477
1742000000.0	-0.496347913125
1744000000.0	0.453051267355
1746000000.0	1.07313779253
1748000000.0	0.84198791543
1750000000.0	4.74233013972
1752000000.0	-0.0816083660182
1754000000.0	0.234525638629
1756000000.0	-0.367385553574
1758000000.0	0.881612374
1760000000.0	-0.0699161101501
1762000000.0	1.09666682564
1764000000.0	0.240539404352
1766000000.0	0.103043456954
1768000000.0	-0.622777305123
1770000000.0	0.212396013505
1772000000.0	0.136954723114
1774000000.0	-0.107302878691
1776000000.0	0.116123027352
1778000000.0	-0.919811584877
1780000000.0	-1.20664612402
1782000000.0	0.423756495442
1784000000.0	1.28601492072
1786000000.0	-0.393678176771
1788000000.0	-0.527387105593
1790000000.0	-1.23284599847
1792000000.0	0.275444798065
1794000000.0	-0.0706217477476
1796000000.0	-1.92567963795
1798000000.0	-0.151393487732
1800000000.0	-0.891282524156
1802000000.0	0.707188606921
1804000000.0	-0.262530957028
1806000000.0	0.989396474301
1808000000.0	0.728861217547
1810000000.0	1.44977519378
1812000000.0	0.734653451625
1814000000.0	0.540249938458
1816000000.0	-0.175950331623
1818000000.0	0.311906888878
1820000000.0	0.20650283999
1822000000.0	-0.784110731091
1824000000.0	0.0173403001555
1826000000.0	0.0230109018274
1828000000.0	-0.891583816884
1830000000.0	1.12888733218
1832000000.0	0.500400727079
1834000000.0	1.69336227767
1836000000.0	0.716327713504
1838000000.0	-0.796754798354
1840000000.0	-0.966801266705
1842000000.0	0.298432025223
1844000000.0	1.07001407801
1846000000.0	1.45211417436
1848000000.0	0.156690670604
1850000000.0	-0.615565173602
1852000000.0	-0.458070622003
1854000000.0	0.948581449835
1856000000.0	-1.10545263582
1858000000.0	0.436816724984
1860000000.0	0.582198735525
1862000000.0	0.768097733274
1864000000.0	-0.570211627515
1866000000.0	-0.0268461910384
1868000000.0	0.118195898666
1870000000.0	0.649227770804
1872000000.0	1.74218587038
1874000000.0	2.83498781521
1876000000.0	-1.86130745042
1878000000.0	-0.848023296958
1880000000.0	-0.358528709376
1882000000.0	0.787293389089
1884000000.0	1.0735459118
1886000000.0	0.973112727183
1888000000.0	-1.1152359891
1890000000.0	-3.0089928604
1892000000.0	-2.01993031775
1894000000.0	1.59605050798
1896000000.0	9.37551832426
1898000000.0	16.8199675247
1900000000.0	-47.6819937949
1902000000.0	20.4582227468
1904000000.0	9.21605225929
1906000000.0	-1.95050564243
1908000000.0	-3.90889220203
1910000000.0	-3.36108945265
1912000000.0	0.168662090121
1914000000.0	1.91409244231
1916000000.0	1.06021580306
1918000000.0	-0.358246499761
1920000000.0	-1.60631503171
1922000000.0	-0.0553731596103
1924000000.0	1.2122476769
1926000000.0	-1.10757744761
1928000000.0	-0.408817034674
1930000000.0	-0.0143112715736
1932000000.0	-0.918735355101
1934000000.0	-0.0954952396644
1936000000.0	-0.130547190632
1938000000.0	-0.372444096789
1940000000.0	1.63385710588
1942000000.0	-0.865972403113
1944000000.0	0.486218669032
1946000000.0	0.370134151764
1948000000.0	0.815970945848
1950000000.0	0.219536586251
1952000000.0	-0.0541254582692
1954000000.0	-0.177994106148
1956000000.0	0.153468345379
1958000000.0	-0.775600422581
1960000000.0	-0.247596998565
1962000000.0	-0.886883117225
1964000000.0	0.231079974483
1966000000.0	1.42698030523
1968000000.0	-0.138900080783
1970000000.0	-0.603089563457
1972000000.0	-1.74613612753
1974000000.0	-1.01897509627
1976000000.0	0.469364623584
1978000000.0	-0.263290332181
1980000000.0	-0.933098694413
1982000000.0	0.676071539723
1984000000.0	0.748158336545
1986000000.0	0.405760288787
1988000000.0	-0.2868254718
1990000000.0	-0.168797475557
1992000000.0	-0.20681294696
1994000000.0	-1.43515693132
1996000000.0	-0.224274160937
1998000000.0	0.0345898758591
2000000000.0	-0.625
