0.0	-7.46875
2000000.0	1.50247221569
4000000.0	3.44030543359
6000000.0	-0.188120666754
8000000.0	-1.19227420318
10000000.0	-2.64826531727
12000000.0	-4.04862308319
14000000.0	-5.2723033674
16000000.0	-1.75447126767
18000000.0	4.74622815542
20000000.0	8.84483110744
22000000.0	7.48726045355
24000000.0	1.94482159605
26000000.0	-3.33473357629
28000000.0	-6.17433080283
30000000.0	-6.39988038447
32000000.0	-4.27389656683
34000000.0	-0.38045740878
36000000.0	4.88554697612
38000000.0	8.11606059103
40000000.0	3.96581723381
42000000.0	0.133998386977
44000000.0	-3.35685848094
46000000.0	-3.6482014327
48000000.0	-0.651120684472
50000000.0	1.94891753875
52000000.0	3.11725202208
54000000.0	1.08923875582
56000000.0	-1.53619656591
58000000.0	-3.09350155054
60000000.0	-2.60173942542
62000000.0	-0.748869259823
64000000.0	1.36577812561
66000000.0	2.83240685569
68000000.0	3.10281370442
70000000.0	0.741427808373
72000000.0	-1.98820248937
74000000.0	-3.45760924012
76000000.0	-2.5570105956
78000000.0	-0.0148598370346
80000000.0	2.6365311473
82000000.0	3.07173807435
84000000.0	0.791330006364
86000000.0	-2.14513627088
88000000.0	-3.5037741443
90000000.0	-2.21013647791
92000000.0	0.968336275479
94000000.0	3.2650093474
96000000.0	3.71941530373
98000000.0	1.89209141348
100000000.0	-0.923590390029
102000000.0	-4.27589255716
104000000.0	-4.22303300523
106000000.0	-1.96062059085
108000000.0	1.39014249165
110000000.0	4.01138287482
112000000.0	4.28378726289
114000000.0	1.56779895905
116000000.0	-1.81800122889
118000000.0	-3.32904892494
120000000.0	-3.15751009269
122000000.0	-0.433274253554
124000000.0	0.978461054629
126000000.0	2.99917495008
128000000.0	1.40003703943
130000000.0	-0.63485053523
132000000.0	-1.8158293655
134000000.0	-1.5167972471
136000000.0	0.310137992244
138000000.0	1.92996101092
140000000.0	2.82016985176
142000000.0	1.12726495444
144000000.0	-1.16756219933
146000000.0	-3.20008191615
148000000.0	-2.77612403065
150000000.0	-0.997804233189
152000000.0	1.77465354477
154000000.0	3.41199771835
156000000.0	2.81936848014
158000000.0	0.646584697445
160000000.0	-1.90129523416
162000000.0	-3.14050057847
164000000.0	-2.24738368991
166000000.0	0.00536826258794
168000000.0	2.32034044357
170000000.0	2.61188578634
172000000.0	0.759266622664
174000000.0	-1.34978576369
176000000.0	-1.87279098815
178000000.0	-1.77721208026
180000000.0	0.131795144763
182000000.0	1.99651515059
184000000.0	2.52769010001
186000000.0	0.69942985506
188000000.0	-1.64107968073
190000000.0	-2.58502810133
192000000.0	-2.41747586118
194000000.0	-0.274845092786
196000000.0	2.39291583661
198000000.0	3.4571369302
200000000.0	1.85561466141
202000000.0	-0.59143878419
204000000.0	-2.83854586724
206000000.0	-3.61349107046
208000000.0	-1.4868049959
210000000.0	1.62230803088
212000000.0	3.74595692061
214000000.0	3.16594830128
216000000.0	0.417269347714
218000000.0	-2.55907889381
220000000.0	-3.65836015526
222000000.0	-2.34459852272
224000000.0	0.99948744867
226000000.0	2.81277890408
228000000.0	3.34600445208
230000000.0	0.866825819235
232000000.0	-1.38638467613
234000000.0	-3.20617971646
236000000.0	-2.67999047009
238000000.0	-0.741668058982
240000000.0	2.58282658649
242000000.0	4.12562514106
244000000.0	2.57617913046
246000000.0	-0.785443369233
248000000.0	-4.28572748366
250000000.0	-4.73029354588
252000000.0	-1.00617423201
254000000.0	3.71032845648
256000000.0	5.44907414963
258000000.0	2.96583180579
260000000.0	-1.74408836681
262000000.0	-5.15512547551
264000000.0	-4.69379176376
266000000.0	-1.31441717063
268000000.0	2.05660353728
270000000.0	4.70370738857
272000000.0	5.14223932961
274000000.0	2.76968938905
276000000.0	-1.8773621376
278000000.0	-7.53947229496
280000000.0	-8.28769072573
282000000.0	-1.39803966557
284000000.0	9.29209788066
286000000.0	12.9623364378
288000000.0	3.48814004057
290000000.0	-13.6765375708
292000000.0	-19.4310151163
294000000.0	-1.69693633679
296000000.0	34.84151409
298000000.0	65.0982839036
300000000.0	-138.764843765
302000000.0	35.1141898033
304000000.0	19.3741109017
306000000.0	13.2700329058
308000000.0	9.18340330649
310000000.0	-1.10360202147
312000000.0	-12.0062316186
314000000.0	-15.3425072345
316000000.0	-6.24210967614
318000000.0	7.3914237821
320000000.0	13.7253895907
322000000.0	9.16399722396
324000000.0	-0.968321543338
326000000.0	-9.04889292113
328000000.0	-8.39765780543
330000000.0	-2.58204611181
332000000.0	3.11151543331
334000000.0	5.488499626
336000000.0	4.16525185691
338000000.0	1.18532070543
340000000.0	-1.77662015555
342000000.0	-3.98739053187
344000000.0	-3.72430355428
346000000.0	-0.614862977248
348000000.0	2.62394358107
350000000.0	4.50935523991
352000000.0	2.64830686676
354000000.0	-1.22849585351
356000000.0	-4.03920266742
358000000.0	-3.71361572428
360000000.0	-0.59035553369
362000000.0	2.5643550257
364000000.0	3.73900201545
366000000.0	2.19621193332
368000000.0	-0.741488149995
370000000.0	-2.93525386025
372000000.0	-2.83950087205
374000000.0	-2.13298893094
376000000.0	1.18259621494
378000000.0	2.25330772547
380000000.0	2.72741626625
382000000.0	1.3580751655
384000000.0	-1.17757299348
386000000.0	-2.67395540842
388000000.0	-2.35246643121
390000000.0	-0.894834131512
392000000.0	1.22941847358
394000000.0	2.19731961787
396000000.0	1.44542497409
398000000.0	0.0790634615575
400000000.0	-1.87791573647
402000000.0	-1.29729945861
404000000.0	-0.558171451394
406000000.0	0.32794559485
408000000.0	0.953090855701
410000000.0	0.438360117337
412000000.0	-0.232319813777
414000000.0	-0.582732567069
416000000.0	-0.703595789782
418000000.0	-0.26398872765
420000000.0	0.246990834139
422000000.0	0.875593455222
424000000.0	1.0260627032
426000000.0	0.06036637288
428000000.0	-0.959623480067
430000000.0	-1.06533322126
432000000.0	-0.548905304799
434000000.0	0.280347588091
436000000.0	0.984987418749
438000000.0	0.770086879204
440000000.0	0.185219148325
442000000.0	-0.373637848161
444000000.0	-0.938188395026
446000000.0	-0.4387141416
448000000.0	-0.0212014078181
450000000.0	0.580325268458
452000000.0	0.290623417109
454000000.0	0.0800125096264
456000000.0	-0.316749329379
458000000.0	-0.421627628677
460000000.0	-0.259735242631
462000000.0	0.165225086324
464000000.0	0.590839576465
466000000.0	0.290297280821
468000000.0	0.134300282489
470000000.0	-0.739450240132
472000000.0	-0.900933857137
474000000.0	-0.348444363029
476000000.0	-0.0879257620036
478000000.0	0.717142988119
480000000.0	0.961915669382
482000000.0	0.687829420706
484000000.0	-0.429150733056
486000000.0	-0.912762358979
488000000.0	-0.792403498765
490000000.0	-0.276369553673
492000000.0	0.307498895363
494000000.0	0.64729305558
496000000.0	0.564763562136
498000000.0	0.0929537919259
500000000.0	-0.836691033121
502000000.0	-0.926670360917
504000000.0	-0.469349265475
506000000.0	0.367723517974
508000000.0	0.941704279716
510000000.0	0.627117933908
512000000.0	-0.0217120592593
514000000.0	-0.605203236898
516000000.0	-0.481928827537
518000000.0	-0.453339454663
520000000.0	-0.0817726395779
522000000.0	0.453990433941
524000000.0	0.696424172552
526000000.0	0.487662567986
528000000.0	-0.337072995373
530000000.0	-0.688136579428
532000000.0	-0.29267408957
534000000.0	0.274576240787
536000000.0	0.332339789697
538000000.0	0.882843209222
540000000.0	0.584650222504
542000000.0	0.0244435803675
544000000.0	-0.699762931364
546000000.0	-0.66277483008
548000000.0	-0.191863127154
550000000.0	0.606725069336
552000000.0	0.740836790801
554000000.0	0.512890477185
556000000.0	0.0222093054831
558000000.0	-0.428629240563
560000000.0	-0.855753466592
562000000.0	-0.625331245558
564000000.0	0.0872627872971
566000000.0	0.52184272893
568000000.0	0.481327507832
570000000.0	-0.0650991861764
572000000.0	-0.00210779726527
574000000.0	-0.308648897879
576000000.0	-0.311668516056
578000000.0	0.045094598275
580000000.0	0.207329467852
582000000.0	0.491317217102
584000000.0	0.149834213291
586000000.0	-0.411336991289
588000000.0	-0.49885802562
590000000.0	-0.312934554259
592000000.0	0.302694958806
594000000.0	0.31498144365
596000000.0	0.351132859479
598000000.0	-0.192151848328
600000000.0	-0.294521395173
602000000.0	-0.450233128636
604000000.0	-0.265504636816
606000000.0	-0.243758668916
608000000.0	-0.0350727319572
610000000.0	0.284050574908
612000000.0	0.234661568023
614000000.0	0.0212400316919
616000000.0	-0.272591234012
618000000.0	-0.489855020531
620000000.0	-0.308276719842
622000000.0	0.146505849269
624000000.0	-0.144619050589
626000000.0	1.28331597771
628000000.0	0.501562254143
630000000.0	-0.397594637058
632000000.0	-0.27245264654
634000000.0	0.00551399568681
636000000.0	0.388309218207
638000000.0	0.362197007636
640000000.0	0.510553428767
642000000.0	0.265441579437
644000000.0	-0.248620569919
646000000.0	-0.561694237933
648000000.0	-0.344787713491
650000000.0	-0.26918766959
652000000.0	0.684187681547
654000000.0	0.387145480928
656000000.0	0.221178001529
658000000.0	-0.28344712222
660000000.0	-0.335448134799
662000000.0	-0.244296561199
664000000.0	-0.174155333382
666000000.0	0.317113681481
668000000.0	0.419747265872
670000000.0	0.537499203209
672000000.0	-0.0414803044282
674000000.0	-0.0301112585198
676000000.0	-0.501545440033
678000000.0	-0.295621477952
680000000.0	0.0852983373533
682000000.0	0.704748165466
684000000.0	0.572372627535
686000000.0	-0.053930673588
688000000.0	-0.25974607749
690000000.0	-0.619848690923
692000000.0	-0.505137062407
694000000.0	0.304346631
696000000.0	0.528045965854
698000000.0	0.541640839168
700000000.0	-0.971211826381
702000000.0	0.356508357469
704000000.0	-0.091424937023
706000000.0	0.00539995101295
708000000.0	-0.164346697206
710000000.0	0.216850071015
712000000.0	0.263820784216
714000000.0	0.331554366434
716000000.0	0.118201305376
718000000.0	-0.0905128479125
720000000.0	-0.577717099201
722000000.0	-0.2045815732
724000000.0	0.397902487
726000000.0	0.384805617653
728000000.0	0.139536184207
730000000.0	0.0460494601383
732000000.0	-0.551940965236
734000000.0	-0.562126632069
736000000.0	-0.188645864295
738000000.0	0.304808950952
740000000.0	0.541990292049
742000000.0	0.346348164969
744000000.0	0.0804937119535
746000000.0	-0.4043108629
748000000.0	-0.317997728399
750000000.0	0.376511400443
752000000.0	0.179257636076
754000000.0	0.447234302304
756000000.0	0.506650442393
758000000.0	-0.299183585154
760000000.0	-0.389209309111
762000000.0	-0.516976695979
764000000.0	-0.00235191764229
766000000.0	0.20112075435
768000000.0	0.465455734293
770000000.0	0.483325212635
772000000.0	0.0841300863871
774000000.0	-0.575279310063
776000000.0	-0.201987635982
778000000.0	-0.527046897037
780000000.0	0.149814981871
782000000.0	0.402458879451
784000000.0	0.817782330945
786000000.0	0.262382732006
788000000.0	-0.400686121079
790000000.0	-0.662757690754
792000000.0	-0.380166451314
794000000.0	-0.047997598388
796000000.0	0.722139339977
798000000.0	0.65857183773
800000000.0	0.071194101996
802000000.0	-0.0410783922694
804000000.0	-0.717036763325
806000000.0	-0.698762413088
808000000.0	-0.176351118744
810000000.0	0.253524376407
812000000.0	1.00327629377
814000000.0	0.555748017609
816000000.0	-0.219541468155
818000000.0	-0.833858878202
820000000.0	-0.870881864401
822000000.0	-0.604524664301
824000000.0	0.279041053526
826000000.0	0.275749461262
828000000.0	0.88225032285
830000000.0	0.32820336675
832000000.0	-0.299438621943
834000000.0	-0.750534067557
836000000.0	-0.681421003902
838000000.0	-0.378672700985
840000000.0	0.692544806585
842000000.0	0.955877108612
844000000.0	0.685352760176
846000000.0	-0.474272518853
848000000.0	-1.11016217505
850000000.0	-1.35226839093
852000000.0	-0.25115596514
854000000.0	0.816789931057
856000000.0	1.37678269389
858000000.0	0.729817316034
860000000.0	-0.442101054048
862000000.0	-1.2941680608
864000000.0	-0.853430780712
866000000.0	-0.298396330014
868000000.0	0.347146961218
870000000.0	0.99578871224
872000000.0	0.932634070088
874000000.0	0.509869385269
876000000.0	-0.750890684089
878000000.0	-1.88868281517
880000000.0	-1.91713073544
882000000.0	-0.136368518331
884000000.0	2.39975456231
886000000.0	3.14131345953
888000000.0	0.394200010447
890000000.0	-4.71048816929
892000000.0	-5.69488296941
894000000.0	0.182651445638
896000000.0	12.6442223853
898000000.0	22.9302806538
900000000.0	-51.2507015247
902000000.0	13.743804727
904000000.0	7.65310943639
906000000.0	3.98649218105
908000000.0	2.26459200179
910000000.0	-0.889194062478
912000000.0	-3.78405522056
914000000.0	-4.59102953782
916000000.0	-1.83710236082
918000000.0	2.2588930404
920000000.0	4.20042416578
922000000.0	2.6324435755
924000000.0	-0.15377760401
926000000.0	-2.87076260378
928000000.0	-2.32675161004
930000000.0	-0.927836495204
932000000.0	0.731711335226
934000000.0	1.69343484235
936000000.0	1.38622094231
938000000.0	0.491859638561
940000000.0	-0.726291610677
942000000.0	-1.08937571796
944000000.0	-1.13940061747
946000000.0	-0.361021561081
948000000.0	0.799252142989
950000000.0	1.643018808
952000000.0	0.830114670393
954000000.0	-0.744783490776
956000000.0	-1.43450906784
958000000.0	-1.17582922886
960000000.0	-0.171005193797
962000000.0	0.775947744324
964000000.0	1.07729437938
966000000.0	0.802388577833
968000000.0	-0.135001111027
970000000.0	-0.778568633669
972000000.0	-0.820574649876
974000000.0	-0.4937911395
976000000.0	0.356460592068
978000000.0	0.749011532811
980000000.0	1.10008321183
982000000.0	-0.0603775638054
984000000.0	-0.452608197477
986000000.0	-0.45666856293
988000000.0	-0.493827044671
990000000.0	-0.332204214227
992000000.0	0.630548740508
994000000.0	0.818886803651
996000000.0	0.273321028032
998000000.0	-0.0560116680106
1000000000.0	-1.50625
1002000000.0	-0.253240073487
1004000000.0	0.290184346467
1006000000.0	0.226118555044
1008000000.0	0.461397103472
1010000000.0	0.378372875018
1012000000.0	-0.0110756354907
1014000000.0	-0.396364327614
1016000000.0	-0.270811912687
1018000000.0	-0.103701432507
1020000000.0	0.236700931742
1022000000.0	0.468825832294
1024000000.0	0.281032249632
1026000000.0	-0.0189922893454
1028000000.0	-0.13773734772
1030000000.0	-0.18220371064
1032000000.0	-0.379895898206
1034000000.0	0.200876984598
1036000000.0	0.245841511794
1038000000.0	0.0637899014301
1040000000.0	0.0717300715053
1042000000.0	-0.19194223532
1044000000.0	-0.482598023008
1046000000.0	-0.367203755111
1048000000.0	0.245115877085
1050000000.0	0.24965647459
1052000000.0	0.174848351249
1054000000.0	0.117228036842
1056000000.0	-0.190794455488
1058000000.0	-0.205302093681
1060000000.0	-0.152172030454
1062000000.0	0.10704311113
1064000000.0	0.0752614216059
1066000000.0	0.138377701877
1068000000.0	0.42899579446
1070000000.0	-0.324893185119
1072000000.0	-0.32314031415
1074000000.0	-0.319518156761
1076000000.0	0.0605578344547
1078000000.0	0.395948534823
1080000000.0	0.283319225359
1082000000.0	0.0744030966328
1084000000.0	-0.360854597264
1086000000.0	-0.465007322534
1088000000.0	-0.0888383204389
1090000000.0	-0.235489498326
1092000000.0	0.174026187743
1094000000.0	0.266017525527
1096000000.0	0.21143832113
1098000000.0	-0.148728089617
1100000000.0	-0.435462674194
1102000000.0	-0.36512781887
1104000000.0	0.0382329513697
1106000000.0	0.0911184013433
1108000000.0	0.395691592577
1110000000.0	0.160269101715
1112000000.0	0.143746646753
1114000000.0	-0.205960097421
1116000000.0	-0.375044724621
1118000000.0	-0.163088368233
1120000000.0	0.22672614272
1122000000.0	0.367841099116
1124000000.0	0.212935447257
1126000000.0	0.0442761363916
1128000000.0	0.155309710806
1130000000.0	-0.309933209478
1132000000.0	0.195758416898
1134000000.0	0.106697504237
1136000000.0	0.193747771978
1138000000.0	0.50929556957
1140000000.0	0.0380710341801
1142000000.0	-0.202605832158
1144000000.0	-0.233920785616
1146000000.0	-0.154818279817
1148000000.0	-0.0438908060512
1150000000.0	0.103946234842
1152000000.0	0.242195088409
1154000000.0	0.139190593195
1156000000.0	-0.0781789861438
1158000000.0	-0.299139195354
1160000000.0	-0.325111567223
1162000000.0	-0.0737915432076
1164000000.0	0.0462098052661
1166000000.0	0.265359134888
1168000000.0	-0.0735740027301
1170000000.0	-0.308738626675
1172000000.0	-0.321568088904
1174000000.0	-0.199619574733
1176000000.0	0.111745001101
1178000000.0	0.0546399558297
1180000000.0	-0.0906442437041
1182000000.0	0.283665894861
1184000000.0	0.0754642760471
1186000000.0	-0.293726728269
1188000000.0	-0.0434535998299
1190000000.0	-0.0857396245615
1192000000.0	0.121264555462
1194000000.0	0.0660821487009
1196000000.0	0.252472285309
1198000000.0	-0.221991440783
1200000000.0	-0.431459263527
1202000000.0	-0.142661108889
1204000000.0	0.215747447629
1206000000.0	0.0869275965642
1208000000.0	0.180467316187
1210000000.0	0.117273217698
1212000000.0	-0.0279155579536
1214000000.0	-0.012347480078
1216000000.0	-0.131945905753
1218000000.0	-0.244360574521
1220000000.0	-0.118989938343
1222000000.0	0.00970123879344
1224000000.0	0.0775800912176
1226000000.0	0.0215037965216
1228000000.0	0.0259847471776
1230000000.0	-0.332616744751
1232000000.0	-0.199232721178
1234000000.0	-0.092719422785
1236000000.0	0.0822145973628
1238000000.0	0.0114393455846
1240000000.0	0.163076456794
1242000000.0	-0.1491794847
1244000000.0	-0.508180516468
1246000000.0	-0.373676993635
1248000000.0	0.190624968215
1250000000.0	0.189263307943
1252000000.0	0.163067047047
1254000000.0	-0.0575888593215
1256000000.0	0.228074758348
1258000000.0	-0.0380568054442
1260000000.0	-0.0240609751993
1262000000.0	0.046509864975
1264000000.0	0.173131807684
1266000000.0	0.338393565253
1268000000.0	0.193897274896
1270000000.0	-0.0237351863386
1272000000.0	-0.231136940243
1274000000.0	0.043842880871
1276000000.0	-0.548947807883
1278000000.0	0.196077674455
1280000000.0	0.0836481266425
1282000000.0	0.232947810109
1284000000.0	0.0593316344156
1286000000.0	0.10888371997
1288000000.0	-0.235152192364
1290000000.0	-0.3272944025
1292000000.0	0.112475822723
1294000000.0	0.277151839092
1296000000.0	0.962798989636
1298000000.0	1.47744072841
1300000000.0	-4.06799963978
1302000000.0	1.85616448273
1304000000.0	0.993586499728
1306000000.0	0.0899498630293
1308000000.0	0.129860588254
1310000000.0	0.288388350113
1312000000.0	-0.11622660865
1314000000.0	0.17666269768
1316000000.0	0.136788009531
1318000000.0	-0.112594751714
1320000000.0	0.0262681745985
1322000000.0	0.0800046334839
1324000000.0	-0.0721209843398
1326000000.0	0.4699770602
1328000000.0	0.130404295803
1330000000.0	-0.0228578643877
1332000000.0	0.104990680496
1334000000.0	-0.15151974077
1336000000.0	0.125030130315
1338000000.0	0.511756321195
1340000000.0	0.0779326841359
1342000000.0	0.22254827287
1344000000.0	-0.153393479959
1346000000.0	-0.14908870179
1348000000.0	-0.0312083802585
1350000000.0	0.149793507537
1352000000.0	-0.143301681121
1354000000.0	0.0274497612411
1356000000.0	-0.000513000816903
1358000000.0	0.118316554588
1360000000.0	-0.203250870351
1362000000.0	-0.312393664545
1364000000.0	0.387015973423
1366000000.0	0.215200642535
1368000000.0	0.402979151243
1370000000.0	0.610177294938
1372000000.0	0.241186282879
1374000000.0	0.655895235876
1376000000.0	-0.782299132971
1378000000.0	-0.123671212743
1380000000.0	-0.0669713878821
1382000000.0	0.0476069603413
1384000000.0	0.252563944912
1386000000.0	-0.0590946757178
1388000000.0	-0.114535679413
1390000000.0	-0.364541042428
1392000000.0	-0.253064666615
1394000000.0	0.246185391572
1396000000.0	0.401691229439
1398000000.0	0.419375985384
1400000000.0	-0.42724226703
1402000000.0	0.0313180864102
1404000000.0	-0.337727863647
1406000000.0	-0.304086243099
1408000000.0	-0.232757177723
1410000000.0	0.0149748582065
1412000000.0	0.271206744903
1414000000.0	0.31660519376
1416000000.0	-0.193554160119
1418000000.0	-0.207101487218
1420000000.0	0.0760223112375
1422000000.0	-0.0368209743832
1424000000.0	0.218105874708
1426000000.0	0.0735446352529
1428000000.0	0.175805484212
1430000000.0	0.34768644478
1432000000.0	-0.0430203139073
1434000000.0	-0.476644975236
1436000000.0	-0.324480985462
1438000000.0	-0.0453328259223
1440000000.0	0.0245338373303
1442000000.0	0.360123518445
1444000000.0	0.398442515854
1446000000.0	0.0579804474908
1448000000.0	-0.595493668466
1450000000.0	-0.664079439701
1452000000.0	0.0697943737529
1454000000.0	0.496292380538
1456000000.0	0.599587606214
1458000000.0	0.306683446938
1460000000.0	-0.197058888626
1462000000.0	-0.281911181437
1464000000.0	-0.333944947771
1466000000.0	-0.222978748675
1468000000.0	0.0922326640149
1470000000.0	0.386664790341
1472000000.0	0.521847342303
1474000000.0	-0.116792325344
1476000000.0	-0.339121425925
1478000000.0	-0.8097113092
1480000000.0	-0.477197116233
1482000000.0	0.173539846811
1484000000.0	1.0648123088
1486000000.0	1.0278357379
1488000000.0	-0.0234983345329
1490000000.0	-2.2844493446
1492000000.0	-2.34295433901
1494000000.0	0.223983150086
1496000000.0	6.31016607341
1498000000.0	11.1687124082
1500000000.0	-25.1258089669
1502000000.0	7.09571131012
1504000000.0	4.05686494847
1506000000.0	1.97845806
1508000000.0	0.592211703435
1510000000.0	-0.698112627788
1512000000.0	-2.00513715247
1514000000.0	-2.25933101999
1516000000.0	-1.01986988443
1518000000.0	1.04771561289
1520000000.0	1.80244709425
1522000000.0	1.07096609568
1524000000.0	0.0795932611873
1526000000.0	-1.35334953893
1528000000.0	-1.21491400244
1530000000.0	-0.346196416389
1532000000.0	0.491598622425
1534000000.0	0.77067138573
1536000000.0	0.289617639548
1538000000.0	0.0798159011766
1540000000.0	-0.0898054181522
1542000000.0	-0.283040683018
1544000000.0	-0.637474559378
1546000000.0	-0.192846463721
1548000000.0	0.272901011786
1550000000.0	0.630285138361
1552000000.0	0.357932548973
1554000000.0	0.209509338159
1556000000.0	-0.473511006577
1558000000.0	-0.249210645476
1560000000.0	-0.0887604189544
1562000000.0	0.355753777987
1564000000.0	0.22921991991
1566000000.0	0.200780912479
1568000000.0	0.0613284007531
1570000000.0	-0.100355076972
1572000000.0	-0.379607367389
1574000000.0	-0.396225846324
1576000000.0	-0.0853573327501
1578000000.0	0.0675352474874
1580000000.0	0.168525478511
1582000000.0	0.165947019575
1584000000.0	-0.235902205559
1586000000.0	-0.315409535504
1588000000.0	-0.0340894233954
1590000000.0	-0.0893664557316
1592000000.0	-0.0393641838628
1594000000.0	-0.0478589306202
1596000000.0	0.127100371766
1598000000.0	0.295817282286
1600000000.0	-0.774319101996
1602000000.0	-0.138370680287
1604000000.0	0.378222951301
1606000000.0	0.262616945074
1608000000.0	0.338007829499
1610000000.0	0.112594486277
1612000000.0	0.206448434481
1614000000.0	-0.112990788303
1616000000.0	0.0715925503589
1618000000.0	0.274862254898
1620000000.0	0.202128811819
1622000000.0	0.475730612416
1624000000.0	0.728308802219
1626000000.0	-0.335624045204
1628000000.0	-0.432967375429
1630000000.0	-0.219431378779
1632000000.0	0.0204826604137
1634000000.0	0.0750945294761
1636000000.0	0.24210372054
1638000000.0	-0.04937114031
1640000000.0	-0.148729306021
1642000000.0	-0.309566785941
1644000000.0	-0.329682637377
1646000000.0	-0.201849269338
1648000000.0	0.206156996902
1650000000.0	-0.0846502258533
1652000000.0	0.100789728871
1654000000.0	-0.173909470741
1656000000.0	0.109300694876
1658000000.0	-0.012073921514
1660000000.0	-0.0503350511248
1662000000.0	-0.036096898142
1664000000.0	0.213574755883
1666000000.0	0.241031759251
1668000000.0	0.221158281914
1670000000.0	0.130110136828
1672000000.0	0.0215165848014
1674000000.0	0.0543551364608
1676000000.0	-0.191787564538
1678000000.0	0.16766218415
1680000000.0	0.321161995655
1682000000.0	0.32831432407
1684000000.0	-0.158818977286
1686000000.0	-0.419450372105
1688000000.0	-0.0846840847008
1690000000.0	-0.0963683093749
1692000000.0	-0.0663360862833
1694000000.0	0.378748398331
1696000000.0	0.0779561536027
1698000000.0	0.371801551511
1700000000.0	-0.696459933139
1702000000.0	0.326319265352
1704000000.0	0.0476670423681
1706000000.0	0.164293800664
1708000000.0	-0.0207519425534
1710000000.0	-0.122255857997
1712000000.0	0.00523256132073
1714000000.0	-0.197315882557
1716000000.0	-0.338765894918
1718000000.0	0.270681803637
1720000000.0	-0.0503407185882
1722000000.0	0.018223861818
1724000000.0	-0.0816684844125
1726000000.0	0.100667627216
1728000000.0	0.0257330690989
1730000000.0	-0.147981947004
1732000000.0	0.0506125805804
1734000000.0	0.0753022270734
1736000000.0	-0.0710171920201
1738000000.0	0.248715524052
1740000000.0	-0.241341362176
1742000000.0	-0.229772967224
1744000000.0	-0.217896143779
1746000000.0	-0.117631341963
1748000000.0	0.0963893327798
1750000000.0	0.664518837496
1752000000.0	0.077304992895
1754000000.0	0.0242696648421
1756000000.0	-0.228169855192
1758000000.0	-0.0257843063028
1760000000.0	-0.0148192862487
1762000000.0	-0.215072954144
1764000000.0	0.133595767245
1766000000.0	0.054942444901
1768000000.0	-0.0698543206605
1770000000.0	0.0431729293727
1772000000.0	-0.0610257052143
1774000000.0	-0.169039543802
1776000000.0	0.27821418677
1778000000.0	-0.0287952456298
1780000000.0	0.228318621329
1782000000.0	0.163697219537
1784000000.0	-0.0552908738962
1786000000.0	-0.434584554677
1788000000.0	-0.148803010866
1790000000.0	0.0309261788403
1792000000.0	0.399106998535
1794000000.0	0.107860440796
1796000000.0	0.108558763303
1798000000.0	-0.426974519235
1800000000.0	-0.03385099921
1802000000.0	-0.182982046273
1804000000.0	-0.0506083139346
1806000000.0	-0.0144309493306
1808000000.0	0.0544996866381
1810000000.0	0.183123727609
1812000000.0	-0.0358197025351
1814000000.0	-0.101805051195
1816000000.0	-0.0644004722597
1818000000.0	-0.282729441024
1820000000.0	-0.082873975423
1822000000.0	0.206930476079
1824000000.0	0.0685700919058
1826000000.0	-0.0918670940503
1828000000.0	0.163781921032
1830000000.0	-0.250695560978
1832000000.0	-0.0609289926333
1834000000.0	0.167493505207
1836000000.0	0.00497114142444
1838000000.0	0.332322670745
1840000000.0	-0.0639697236064
1842000000.0	0.0464969935535
1844000000.0	-0.086281399059
1846000000.0	-0.0288090571608
1848000000.0	0.0224547285622
1850000000.0	0.20282220162
1852000000.0	-0.0560736722623
1854000000.0	-0.0363731737643
1856000000.0	-0.0518373155059
1858000000.0	0.216920302202
1860000000.0	-0.132880569543
1862000000.0	-0.110212621228
1864000000.0	0.237661487641
1866000000.0	0.360122538647
1868000000.0	0.428858897197
1870000000.0	-0.190012539912
1872000000.0	-0.40415476775
1874000000.0	-0.496801198912
1876000000.0	-0.182754441019
1878000000.0	0.316306962516
1880000000.0	0.425230629609
1882000000.0	0.485454338593
1884000000.0	-0.513875736697
1886000000.0	-0.485501440646
1888000000.0	-0.713166176399
1890000000.0	-0.313765491606
1892000000.0	-0.0178648399046
1894000000.0	0.599309270681
1896000000.0	1.87599531346
1898000000.0	3.23042668336
1900000000.0	-10.3022302466
1902000000.0	3.85902225277
1904000000.0	2.3516369285
1906000000.0	0.163416225383
1908000000.0	-0.640222725049
1910000000.0	-0.646294051567
1912000000.0	0.0580267764318
1914000000.0	-0.0886070993774
1916000000.0	0.344606114357
1918000000.0	0.136243794819
1920000000.0	-0.0237720813072
1922000000.0	0.103996690486
1924000000.0	0.185259573869
1926000000.0	-0.150330335269
1928000000.0	0.121593094023
1930000000.0	-0.229293753437
1932000000.0	-0.0260192733387
1934000000.0	0.163438852471
1936000000.0	-0.14724213386
1938000000.0	-0.299696005003
1940000000.0	-0.190475353398
1942000000.0	-0.123529692954
1944000000.0	0.14080393188
1946000000.0	0.246730904665
1948000000.0	0.294103445308
1950000000.0	0.118144477856
1952000000.0	-0.29819515995
1954000000.0	0.168531930954
1956000000.0	0.0805571338291
1958000000.0	0.225328068412
1960000000.0	-0.0867707504012
1962000000.0	-0.0100619634531
1964000000.0	0.0885027275739
1966000000.0	0.167009118193
1968000000.0	-0.0837163842378
1970000000.0	-0.269477618044
1972000000.0	-0.0402436731473
1974000000.0	-0.140666226484
1976000000.0	0.160245308655
1978000000.0	-0.0782410644756
1980000000.0	0.0908806700498
1982000000.0	-0.222946664241
1984000000.0	-0.065404768338
1986000000.0	0.0674903714251
1988000000.0	-0.129696952123
1990000000.0	-0.0386911625101
1992000000.0	0.112871096834
1994000000.0	-0.0376656579236
1996000000.0	0.147432996957
1998000000.0	-0.0139879734401
2000000000.0	0.30625
