0.0	-1.853125
2000000.0	0.472118548336
4000000.0	0.827061092619
6000000.0	0.0481170246182
8000000.0	0.0111295975377
10000000.0	0.146559317006
12000000.0	-0.769907671178
14000000.0	-0.801910077339
16000000.0	0.245518083081
18000000.0	2.51090657477
20000000.0	3.44256123698
22000000.0	3.34770722964
24000000.0	2.06888185244
26000000.0	-0.106325466881
28000000.0	-2.37491662946
30000000.0	-3.91006124272
32000000.0	-4.08794694365
34000000.0	-2.2618533524
36000000.0	1.46186335407
38000000.0	3.2735182587
40000000.0	3.5216799292
42000000.0	3.1240075639
44000000.0	0.927681301342
46000000.0	-1.13047605542
48000000.0	-2.05027415801
50000000.0	-1.47177778133
52000000.0	-0.375586947399
54000000.0	0.74722205925
56000000.0	1.40136677265
58000000.0	0.653255620575
60000000.0	-0.376127085842
62000000.0	-1.34573637287
64000000.0	-1.04329062849
66000000.0	-0.0184497339107
68000000.0	1.26362524509
70000000.0	1.69211958966
72000000.0	1.13887786964
74000000.0	-0.0746493334043
76000000.0	-1.71220497734
78000000.0	-1.88293858747
80000000.0	-1.22654874143
82000000.0	0.246349063796
84000000.0	1.22883596027
86000000.0	1.77776492363
88000000.0	1.20330511572
90000000.0	-0.129308581269
92000000.0	-1.19767401583
94000000.0	-1.54013339462
96000000.0	-1.1347912892
98000000.0	-0.0321677944353
100000000.0	0.849615728586
102000000.0	1.15305442926
104000000.0	0.565852564984
106000000.0	-0.107819100182
108000000.0	-0.726722560218
110000000.0	-0.699926111576
112000000.0	-0.349598254043
114000000.0	0.151310260289
116000000.0	0.571916012073
118000000.0	0.349308888919
120000000.0	-0.135436985808
122000000.0	-0.4917359992
124000000.0	-0.311570466987
126000000.0	-0.353709049411
128000000.0	0.363940310904
130000000.0	0.742625737144
132000000.0	0.485870560925
134000000.0	0.0819545318911
136000000.0	-0.4281365072
138000000.0	-0.949825103831
140000000.0	-0.692623113846
142000000.0	-0.00457281327683
144000000.0	0.772832319727
146000000.0	1.00846412567
148000000.0	0.617877252256
150000000.0	-0.141417168367
152000000.0	-0.865119798798
154000000.0	-1.12252546589
156000000.0	-0.656523576908
158000000.0	-0.0841377307111
160000000.0	0.76536118401
162000000.0	1.18501853065
164000000.0	0.847517635847
166000000.0	0.0174504609568
168000000.0	-0.901864571166
170000000.0	-1.14511208794
172000000.0	-0.89505308964
174000000.0	0.0396208879249
176000000.0	0.82973945157
178000000.0	0.966769943532
180000000.0	0.711067539703
182000000.0	-0.0160750081475
184000000.0	-0.654131078745
186000000.0	-0.683637078829
188000000.0	-0.807064966011
190000000.0	0.0168175357461
192000000.0	0.550030639336
194000000.0	0.662330299502
196000000.0	0.150695144157
198000000.0	-0.276666048617
200000000.0	-0.28174831097
202000000.0	-0.225610039786
204000000.0	0.331764718749
206000000.0	0.350837431306
208000000.0	0.4045796863
210000000.0	-0.0487283719173
212000000.0	-0.408241821032
214000000.0	-0.836244855879
216000000.0	-0.667756407613
218000000.0	0.155539123861
220000000.0	0.893581238789
222000000.0	1.2123527118
224000000.0	0.862769012559
226000000.0	-0.240444083744
228000000.0	-1.10223521769
230000000.0	-1.68693338016
232000000.0	-1.04455228792
234000000.0	0.391532585621
236000000.0	1.50492932403
238000000.0	1.78095489006
240000000.0	0.919193859274
242000000.0	-0.357226253999
244000000.0	-1.46966362347
246000000.0	-1.72659890536
248000000.0	-1.22041272726
250000000.0	-0.204948997217
252000000.0	1.56279154438
254000000.0	2.19722097848
256000000.0	1.37159063392
258000000.0	-0.277737695622
260000000.0	-2.19006447212
262000000.0	-2.30739834578
264000000.0	-0.930795321317
266000000.0	1.04603772985
268000000.0	1.93115334374
270000000.0	1.54301163559
272000000.0	-0.0276719682872
274000000.0	-0.662818171736
276000000.0	-1.12791121862
278000000.0	-1.18313271296
280000000.0	-0.75120847437
282000000.0	0.747127233464
284000000.0	2.53376676595
286000000.0	2.47874724683
288000000.0	-1.43188304276
290000000.0	-6.32477895638
292000000.0	-6.41378130519
294000000.0	2.94680686149
296000000.0	19.7123937846
298000000.0	33.885588158
300000000.0	-86.1418604351
302000000.0	23.8901260397
304000000.0	14.5660895895
306000000.0	8.12805551619
308000000.0	3.38364899103
310000000.0	-1.72954625347
312000000.0	-6.42491081904
314000000.0	-7.20197876954
316000000.0	-3.12433429466
318000000.0	2.86630124695
320000000.0	6.09472197094
322000000.0	4.93298011208
324000000.0	0.962360194796
326000000.0	-2.89596279481
328000000.0	-3.96265606806
330000000.0	-2.5852049113
332000000.0	-0.553384343493
334000000.0	1.40096575161
336000000.0	2.59292476991
338000000.0	2.35057521604
340000000.0	0.882529816779
342000000.0	-1.05835777825
344000000.0	-2.35340288969
346000000.0	-2.05936828827
348000000.0	-0.272957194799
350000000.0	1.2864091741
352000000.0	1.89494462945
354000000.0	1.02605756198
356000000.0	-0.348391073248
358000000.0	-1.14982472027
360000000.0	-1.14963284998
362000000.0	-0.414481164999
364000000.0	0.326964118731
366000000.0	0.854910791023
368000000.0	0.661562697783
370000000.0	0.275674788238
372000000.0	-0.501245716806
374000000.0	-0.749877187374
376000000.0	-0.752997456788
378000000.0	0.0449686003851
380000000.0	0.863595268401
382000000.0	1.16008083045
384000000.0	0.281556749193
386000000.0	-0.614791009147
388000000.0	-1.000283756
390000000.0	-0.885894138084
392000000.0	-0.201812877885
394000000.0	0.663006612548
396000000.0	1.01675979324
398000000.0	0.717159290949
400000000.0	0.300865898875
402000000.0	-0.660375330143
404000000.0	-1.09694806197
406000000.0	-0.862149861975
408000000.0	-0.0902296555942
410000000.0	0.955306520647
412000000.0	1.19021373261
414000000.0	0.712460328816
416000000.0	-0.0487873484666
418000000.0	-0.729657625107
420000000.0	-1.09211950635
422000000.0	-0.507413701788
424000000.0	0.162190575018
426000000.0	0.815851132521
428000000.0	0.888670607215
430000000.0	0.494910647933
432000000.0	-0.199066924609
434000000.0	-0.732523663192
436000000.0	-0.625773941196
438000000.0	-0.353077492465
440000000.0	0.336680049129
442000000.0	0.549186450218
444000000.0	0.539095321123
446000000.0	-0.0901332818229
448000000.0	-0.480441100359
450000000.0	-0.458020950983
452000000.0	-0.18602737597
454000000.0	0.0986876819271
456000000.0	0.32258442683
458000000.0	0.271163011876
460000000.0	0.130839707065
462000000.0	-0.150346997332
464000000.0	-0.434257927182
466000000.0	-0.342835015798
468000000.0	0.143415440743
470000000.0	0.422025961449
472000000.0	0.478447736294
474000000.0	0.0728015890265
476000000.0	-0.224380886938
478000000.0	-0.548959457891
480000000.0	-0.57330757408
482000000.0	-0.166695221111
484000000.0	0.24011247439
486000000.0	0.530327269184
488000000.0	0.489509140612
490000000.0	0.165245695746
492000000.0	-0.358721805754
494000000.0	-0.513839193447
496000000.0	-0.498020394809
498000000.0	-0.132605515158
500000000.0	0.531729898472
502000000.0	0.523000770002
504000000.0	0.395185559946
506000000.0	0.122867890249
508000000.0	-0.317203295214
510000000.0	-0.589581929819
512000000.0	-0.325302666436
514000000.0	-0.0591194895074
516000000.0	0.195484823229
518000000.0	0.425807532343
520000000.0	0.206599725514
522000000.0	-0.0598033746409
524000000.0	-0.323880414325
526000000.0	-0.252055645193
528000000.0	-0.0917244851416
530000000.0	0.161989842044
532000000.0	0.270834689135
534000000.0	0.112654256016
536000000.0	0.0281393142989
538000000.0	-0.275003220374
540000000.0	-0.257734269996
542000000.0	-0.130897263417
544000000.0	0.141574500389
546000000.0	0.185307435216
548000000.0	0.107601179185
550000000.0	0.182939959421
552000000.0	-0.229890988849
554000000.0	-0.294001701749
556000000.0	-0.278155108367
558000000.0	0.145775177221
560000000.0	0.380077333842
562000000.0	0.218777315781
564000000.0	0.291188521306
566000000.0	-0.0968570066357
568000000.0	-0.282667751589
570000000.0	-0.257418295101
572000000.0	-0.189029491441
574000000.0	0.109721199129
576000000.0	0.344451875843
578000000.0	0.363998087103
580000000.0	0.197724149903
582000000.0	-0.138980297177
584000000.0	-0.222188456537
586000000.0	-0.252167530804
588000000.0	-0.154865195457
590000000.0	0.0832101722986
592000000.0	0.282359720831
594000000.0	0.324877856864
596000000.0	0.10755540774
598000000.0	-0.00638033572958
600000000.0	-0.605483771131
602000000.0	-0.0122277597897
604000000.0	0.0480065674404
606000000.0	0.229191411241
608000000.0	-0.0365786775803
610000000.0	-0.0321176693492
612000000.0	0.0434309955974
614000000.0	-0.0663289990472
616000000.0	-0.259252988696
618000000.0	-0.0650011264833
620000000.0	0.191755219298
622000000.0	-0.0557334464548
624000000.0	-0.0804142815417
626000000.0	0.036004274856
628000000.0	-0.0879697732043
630000000.0	-0.283651981765
632000000.0	0.00281423570283
634000000.0	0.114498251938
636000000.0	0.154840698369
638000000.0	0.0620501501163
640000000.0	-0.084779825703
642000000.0	-0.0677051276177
644000000.0	-0.174164569735
646000000.0	-0.0456771204514
648000000.0	0.0392294748496
650000000.0	0.279672592075
652000000.0	0.246499449718
654000000.0	0.182363606424
656000000.0	-0.0485137014537
658000000.0	-0.175671644442
660000000.0	-0.080948393887
662000000.0	-0.199981557054
664000000.0	0.0901896719847
666000000.0	0.303471852353
668000000.0	0.130912952885
670000000.0	0.102126553528
672000000.0	-0.0290035162806
674000000.0	-0.241771975726
676000000.0	-0.118579506735
678000000.0	-0.0358902907884
680000000.0	0.0972293469659
682000000.0	0.134026019709
684000000.0	-0.0484751448246
686000000.0	0.0130000722645
688000000.0	-0.134763057567
690000000.0	-0.188325415996
692000000.0	-0.0924886104336
694000000.0	0.348145455245
696000000.0	0.084408370328
698000000.0	0.0971811871725
700000000.0	-0.544205217792
702000000.0	0.288414427135
704000000.0	0.166128732957
706000000.0	-0.0506192238413
708000000.0	0.0388988183508
710000000.0	0.020985763637
712000000.0	0.0665658942317
714000000.0	0.0491556240454
716000000.0	-0.10444935187
718000000.0	-0.0912060608356
720000000.0	-0.0471608510861
722000000.0	-0.0404002599955
724000000.0	0.0373153818747
726000000.0	0.0274021228548
728000000.0	-0.0738306639039
730000000.0	-0.0995641225127
732000000.0	-0.0843223584194
734000000.0	-0.0146397213167
736000000.0	0.00592708352362
738000000.0	0.0359770602103
740000000.0	-0.0409875291986
742000000.0	0.0776030967091
744000000.0	-0.0652713316304
746000000.0	-0.021549657454
748000000.0	-0.0787270258879
750000000.0	0.281281365898
752000000.0	0.0552654986809
754000000.0	-0.158389322613
756000000.0	-0.0342769000939
758000000.0	-0.081504467285
760000000.0	-0.000693669622679
762000000.0	-0.0255561349595
764000000.0	-0.0779221322717
766000000.0	0.0469891840715
768000000.0	-0.0655697673111
770000000.0	-0.0855964519759
772000000.0	-0.144532079699
774000000.0	-0.250503038327
776000000.0	0.126037404286
778000000.0	0.011556824193
780000000.0	0.149569410381
782000000.0	-0.0650910041595
784000000.0	-0.0272604746984
786000000.0	0.12287177428
788000000.0	-0.127208069765
790000000.0	0.0826803195106
792000000.0	-0.115074159984
794000000.0	0.120529679767
796000000.0	0.0297922794925
798000000.0	0.146312802309
800000000.0	0.15090701018
802000000.0	-0.0565052786889
804000000.0	0.0449224442424
806000000.0	-0.0540323372358
808000000.0	0.111964436678
810000000.0	-0.0889796940359
812000000.0	0.065175806667
814000000.0	-0.191050482224
816000000.0	-0.0113264135254
818000000.0	0.105869445628
820000000.0	0.081344487986
822000000.0	0.177430085745
824000000.0	0.15449102223
826000000.0	0.0897457939286
828000000.0	-0.0857672585953
830000000.0	-0.345831582252
832000000.0	-0.219194454056
834000000.0	7.28294180234e-05
836000000.0	0.324188315395
838000000.0	0.304390071672
840000000.0	0.119665142638
842000000.0	-0.127216727639
844000000.0	-0.293055462913
846000000.0	-0.411422018703
848000000.0	-0.407776772479
850000000.0	0.0823016807813
852000000.0	0.324898216755
854000000.0	0.565001939724
856000000.0	0.344627116002
858000000.0	0.164844572304
860000000.0	-0.466883503256
862000000.0	-0.557906434523
864000000.0	-0.334142222713
866000000.0	0.281312192459
868000000.0	0.595794040486
870000000.0	0.264194928979
872000000.0	-0.233868330019
874000000.0	-0.139034159913
876000000.0	-0.383293315872
878000000.0	-0.0159757492735
880000000.0	0.274633323462
882000000.0	0.444196306478
884000000.0	0.492166124948
886000000.0	0.24439163333
888000000.0	-0.856213705897
890000000.0	-2.29743351512
892000000.0	-1.97412386524
894000000.0	1.42923157097
896000000.0	7.73168635935
898000000.0	13.8746690154
900000000.0	-36.480852473
902000000.0	10.8797644292
904000000.0	6.71785836497
906000000.0	2.79452112152
908000000.0	0.42511122703
910000000.0	-1.41068136225
912000000.0	-2.13149666947
914000000.0	-2.03327487636
916000000.0	-0.575434846828
918000000.0	1.02394410922
920000000.0	1.90451508366
922000000.0	1.47293143003
924000000.0	0.145457102812
926000000.0	-1.18238783544
928000000.0	-1.37119921862
930000000.0	-0.67881578686
932000000.0	0.229874624653
934000000.0	0.623719034096
936000000.0	0.592181054949
938000000.0	0.451037076685
940000000.0	-0.162434343466
942000000.0	-0.486743836553
944000000.0	-0.524876842151
946000000.0	-0.269240080715
948000000.0	-0.000842536697726
950000000.0	0.375672731777
952000000.0	0.447028163941
954000000.0	-0.0571968245976
956000000.0	-0.296045133902
958000000.0	-0.42195102365
960000000.0	-0.276452186716
962000000.0	0.140340225509
964000000.0	0.283552820278
966000000.0	0.246027817534
968000000.0	-0.0173051887751
970000000.0	-0.300072170216
972000000.0	-0.271944764396
974000000.0	-0.128824106559
976000000.0	-0.133282506578
978000000.0	0.342167157548
980000000.0	0.473727049811
982000000.0	0.256230481663
984000000.0	-0.0653619881041
986000000.0	-0.273865346774
988000000.0	-0.355013189948
990000000.0	-0.156779637987
992000000.0	0.157873620943
994000000.0	0.236883083145
996000000.0	0.260321275467
998000000.0	-0.0376198446535
1000000000.0	-0.75
1002000000.0	-0.464051913818
1004000000.0	-0.258142638727
1006000000.0	-0.194618225178
1008000000.0	0.280606976502
1010000000.0	0.345491584454
1012000000.0	0.360455414254
1014000000.0	0.156552870316
1016000000.0	-0.166252881134
1018000000.0	-0.420420765901
1020000000.0	-0.178073154184
1022000000.0	-0.0146001574251
1024000000.0	0.124670649451
1026000000.0	0.104075767976
1028000000.0	0.184136299011
1030000000.0	-0.0466830175569
1032000000.0	-0.130108015094
1034000000.0	-0.145764259955
1036000000.0	-0.08896234147
1038000000.0	0.0648178061067
1040000000.0	0.156684760561
1042000000.0	0.0691369607106
1044000000.0	-0.115294852227
1046000000.0	-0.0113823261439
1048000000.0	-0.239078771954
1050000000.0	-0.0816111733384
1052000000.0	-0.0171494642351
1054000000.0	0.0319704440507
1056000000.0	0.0909974978504
1058000000.0	0.0384088265524
1060000000.0	-0.105770131147
1062000000.0	-0.177451451464
1064000000.0	-0.108294228071
1066000000.0	-0.0083677755172
1068000000.0	0.21645577286
1070000000.0	0.284732256653
1072000000.0	0.27118131904
1074000000.0	-0.156305288202
1076000000.0	-0.124961124658
1078000000.0	-0.253757901268
1080000000.0	-0.0879352857618
1082000000.0	0.024615352793
1084000000.0	0.24045759769
1086000000.0	0.13761761021
1088000000.0	0.038488692374
1090000000.0	0.0113058470845
1092000000.0	-0.232787679813
1094000000.0	-0.234305200753
1096000000.0	-0.00299092386935
1098000000.0	-0.0230719190367
1100000000.0	0.222696021251
1102000000.0	0.0643141858576
1104000000.0	0.0709193347613
1106000000.0	-0.0316671985113
1108000000.0	-0.128673013106
1110000000.0	-0.192920976142
1112000000.0	0.0248631910617
1114000000.0	0.115800740971
1116000000.0	0.000321874546214
1118000000.0	0.0255071348597
1120000000.0	0.0558032202079
1122000000.0	-0.140724195933
1124000000.0	-0.119934563962
1126000000.0	0.241818952095
1128000000.0	0.0894687326357
1130000000.0	0.0064876803307
1132000000.0	0.176938538702
1134000000.0	0.00595739591396
1136000000.0	0.0614829117862
1138000000.0	-0.178374698223
1140000000.0	-0.0585222019488
1142000000.0	0.091799970482
1144000000.0	-0.0155094276748
1146000000.0	-0.158729326863
1148000000.0	-0.0965775594981
1150000000.0	0.138604797765
1152000000.0	-0.2055365359
1154000000.0	-0.159435616237
1156000000.0	-0.0428570371451
1158000000.0	0.155159314618
1160000000.0	0.101640470918
1162000000.0	0.00859646122975
1164000000.0	0.0229328605292
1166000000.0	-0.0541870715162
1168000000.0	-0.148891180408
1170000000.0	-0.0735075654003
1172000000.0	0.0187913890072
1174000000.0	-0.0868842240173
1176000000.0	0.174180523185
1178000000.0	0.0305466384331
1180000000.0	-0.0427640447802
1182000000.0	-0.131770170852
1184000000.0	-0.0478987370179
1186000000.0	0.0490098823347
1188000000.0	0.0328764231477
1190000000.0	0.00221399381284
1192000000.0	0.0307288674202
1194000000.0	0.0433404110627
1196000000.0	-0.129113416295
1198000000.0	-0.135124637615
1200000000.0	0.077259101125
1202000000.0	-0.0253071211429
1204000000.0	0.0685144481913
1206000000.0	0.0470710698008
1208000000.0	-0.0806188617043
1210000000.0	-0.0754963246568
1212000000.0	-0.0917591905001
1214000000.0	0.0235598576023
1216000000.0	-0.00850365836518
1218000000.0	0.108488818862
1220000000.0	0.0587014265765
1222000000.0	0.0500869448182
1224000000.0	-0.0468887868734
1226000000.0	-0.0314300908478
1228000000.0	0.037599498293
1230000000.0	-0.10534528373
1232000000.0	0.0685109857268
1234000000.0	0.119893094857
1236000000.0	0.0790360283015
1238000000.0	0.0622638185545
1240000000.0	0.0489256323667
1242000000.0	0.00102454579298
1244000000.0	-0.0554049904695
1246000000.0	0.0422402419249
1248000000.0	0.114071690651
1250000000.0	-0.150767297186
1252000000.0	0.0459466832276
1254000000.0	0.069464942399
1256000000.0	0.0053402369631
1258000000.0	-0.0212494165694
1260000000.0	-0.112141053176
1262000000.0	0.0499448423177
1264000000.0	-0.122913573808
1266000000.0	-0.0509895251105
1268000000.0	-0.020113813849
1270000000.0	-0.129377645179
1272000000.0	-0.106568927218
1274000000.0	-0.0082770558082
1276000000.0	-0.0687568750752
1278000000.0	0.0646777970327
1280000000.0	0.133191675263
1282000000.0	0.184404190947
1284000000.0	0.0868021043762
1286000000.0	-0.0180470727651
1288000000.0	-0.15082035273
1290000000.0	-0.0234681319094
1292000000.0	-0.0926421716062
1294000000.0	0.170695308167
1296000000.0	0.454176200471
1298000000.0	0.668485236654
1300000000.0	-2.23944212343
1302000000.0	0.86659013228
1304000000.0	0.365760493075
1306000000.0	0.16000635564
1308000000.0	-0.0785492284731
1310000000.0	-0.152295715226
1312000000.0	-0.104698151454
1314000000.0	-0.165241402901
1316000000.0	0.0285057317887
1318000000.0	0.0813532414569
1320000000.0	0.148462801529
1322000000.0	0.0413768754276
1324000000.0	-0.0465141445195
1326000000.0	-0.0479127578632
1328000000.0	-0.128030039741
1330000000.0	-0.160477052023
1332000000.0	0.0635949330539
1334000000.0	0.062617509549
1336000000.0	0.023124973392
1338000000.0	-0.0358758580105
1340000000.0	0.0645824298986
1342000000.0	-0.145144596512
1344000000.0	0.0059613629558
1346000000.0	-0.0816760433228
1348000000.0	0.058131545513
1350000000.0	0.105654635559
1352000000.0	0.0954932050963
1354000000.0	-0.0698914741778
1356000000.0	0.00276290031831
1358000000.0	-0.137472236385
1360000000.0	0.104277507305
1362000000.0	-0.0469227122092
1364000000.0	-0.103686495981
1366000000.0	0.27728129221
1368000000.0	-0.00483146854275
1370000000.0	-0.0573445411698
1372000000.0	-0.12221683838
1374000000.0	-0.0392123815979
1376000000.0	0.154482537778
1378000000.0	-0.041493104806
1380000000.0	0.00639530304859
1382000000.0	0.113494337431
1384000000.0	-0.0570512122524
1386000000.0	-0.0275215580889
1388000000.0	-0.0675956370431
1390000000.0	-0.0808732610679
1392000000.0	0.0132381445964
1394000000.0	0.0688461870207
1396000000.0	0.198084014202
1398000000.0	0.142248085609
1400000000.0	-0.159567961658
1402000000.0	-0.0422627020446
1404000000.0	0.03569132483
1406000000.0	0.0979159089405
1408000000.0	0.144170125732
1410000000.0	0.03271516044
1412000000.0	0.0089700867671
1414000000.0	-0.137398111039
1416000000.0	-0.12735084794
1418000000.0	0.018907703843
1420000000.0	0.0661456818005
1422000000.0	0.0804317328532
1424000000.0	0.0992344424057
1426000000.0	-0.0408915653386
1428000000.0	-0.0194569809501
1430000000.0	-0.203245208299
1432000000.0	-0.29655821281
1434000000.0	0.193092691801
1436000000.0	0.211660141302
1438000000.0	0.105246134312
1440000000.0	0.0748676301839
1442000000.0	-0.0254759054652
1444000000.0	-0.177715365607
1446000000.0	-0.239165902959
1448000000.0	-0.185983054721
1450000000.0	0.0140423398359
1452000000.0	0.00184126914512
1454000000.0	0.0530864599253
1456000000.0	0.0897898233741
1458000000.0	-0.0694741332379
1460000000.0	-0.23100026215
1462000000.0	-0.104664263686
1464000000.0	0.0787415045987
1466000000.0	0.194957381981
1468000000.0	0.259829198008
1470000000.0	0.153397201154
1472000000.0	-0.217082898499
1474000000.0	-0.251935911345
1476000000.0	-0.0198585213164
1478000000.0	0.101172940682
1480000000.0	0.293499200581
1482000000.0	0.350607243364
1484000000.0	-0.0171548313908
1486000000.0	-0.0832403963316
1488000000.0	-0.535039490247
1490000000.0	-1.15350764837
1492000000.0	-0.837646528155
1494000000.0	0.867646363845
1496000000.0	3.81996007136
1498000000.0	7.01079838694
1500000000.0	-18.2817298985
1502000000.0	5.87286612297
1504000000.0	3.54914272127
1506000000.0	1.25049001875
1508000000.0	-0.178146127799
1510000000.0	-0.79923518269
1512000000.0	-1.0433462598
1514000000.0	-0.820588948418
1516000000.0	-0.070268095375
1518000000.0	0.451861351721
1520000000.0	0.633944751681
1522000000.0	0.511839018842
1524000000.0	0.0041195040012
1526000000.0	-0.638814047856
1528000000.0	-0.430459092156
1530000000.0	-0.278709011006
1532000000.0	0.192499324155
1534000000.0	0.265123972504
1536000000.0	0.192823425591
1538000000.0	0.130417413645
1540000000.0	-0.134230180592
1542000000.0	-0.193908734835
1544000000.0	-0.240036296815
1546000000.0	-0.03734647575
1548000000.0	0.0982061607389
1550000000.0	0.0992386269311
1552000000.0	0.193239057641
1554000000.0	0.0887487939313
1556000000.0	-0.0933062341729
1558000000.0	-0.153758225985
1560000000.0	0.004776608647
1562000000.0	0.10965932947
1564000000.0	0.0795808580378
1566000000.0	0.161108396656
1568000000.0	-0.0451234717423
1570000000.0	-0.219080785652
1572000000.0	-0.0840594186517
1574000000.0	0.0417000038549
1576000000.0	-0.045708473936
1578000000.0	0.00596909782602
1580000000.0	0.0851810858166
1582000000.0	-0.0392448622528
1584000000.0	0.00928022571374
1586000000.0	0.00434439265649
1588000000.0	-0.197348552073
1590000000.0	-0.0913845796376
1592000000.0	0.0198460999594
1594000000.0	0.166972585362
1596000000.0	0.128560593759
1598000000.0	0.0132197185775
1600000000.0	-0.31028201018
1602000000.0	-0.0808602495342
1604000000.0	-0.193773913681
1606000000.0	0.0873801930488
1608000000.0	0.106276978023
1610000000.0	0.160232324855
1612000000.0	0.147997259736
1614000000.0	-0.0588543417977
1616000000.0	0.075366393742
1618000000.0	0.0387553766839
1620000000.0	0.0279423843549
1622000000.0	-0.00227165533598
1624000000.0	0.24129803382
1626000000.0	0.00105081781465
1628000000.0	-0.0759173837186
1630000000.0	-0.125040578627
1632000000.0	-0.120981339493
1634000000.0	-0.114725262072
1636000000.0	0.03842338657
1638000000.0	-0.040026866347
1640000000.0	0.0336567100144
1642000000.0	0.000294070657407
1644000000.0	-0.120788533464
1646000000.0	-0.188547716121
1648000000.0	-0.0722130699804
1650000000.0	-0.019578326497
1652000000.0	0.0706967419821
1654000000.0	-0.0435031719909
1656000000.0	-0.0463813547129
1658000000.0	-0.0647248322335
1660000000.0	0.0608991781422
1662000000.0	-0.0367171517213
1664000000.0	-0.137881549668
1666000000.0	0.0062390142604
1668000000.0	0.0137297097373
1670000000.0	0.0593762571762
1672000000.0	0.0863970812112
1674000000.0	-0.107722075123
1676000000.0	0.0216300880457
1678000000.0	-0.0825476800675
1680000000.0	-0.0138653795641
1682000000.0	0.0150701867421
1684000000.0	0.0196095955347
1686000000.0	-0.108717840244
1688000000.0	-0.169089383251
1690000000.0	0.0660264022712
1692000000.0	-0.0103524798286
1694000000.0	-0.0184145341915
1696000000.0	-0.0179454336384
1698000000.0	-0.244991026238
1700000000.0	0.377695711967
1702000000.0	0.00599490527507
1704000000.0	-0.197309797585
1706000000.0	-0.0344499349631
1708000000.0	-0.0233418815385
1710000000.0	-0.171696987247
1712000000.0	0.0548850233422
1714000000.0	-0.0201790686615
1716000000.0	-0.00558579196086
1718000000.0	-0.039792435535
1720000000.0	-0.083035970588
1722000000.0	-0.0194965037758
1724000000.0	0.0225033613432
1726000000.0	-0.0615741641079
1728000000.0	0.051814145097
1730000000.0	0.0423714120093
1732000000.0	-0.00270857497875
1734000000.0	-0.0437825692714
1736000000.0	-0.0431153285048
1738000000.0	-0.0630937202998
1740000000.0	0.0549672493024
1742000000.0	0.0461264570427
1744000000.0	0.0123305679345
1746000000.0	-0.071087062461
1748000000.0	-0.013348604752
1750000000.0	-0.513065071495
1752000000.0	-0.15450808493
1754000000.0	-0.180945911674
1756000000.0	-0.049774536401
1758000000.0	0.0233705267514
1760000000.0	-0.0245171493529
1762000000.0	-0.0278470862252
1764000000.0	0.0220569352378
1766000000.0	0.0890962607831
1768000000.0	-0.0248787108149
1770000000.0	-0.0451540222045
1772000000.0	-0.0414080719485
1774000000.0	-0.0823959255464
1776000000.0	0.112463133479
1778000000.0	-0.0535367462332
1780000000.0	0.111328747807
1782000000.0	-0.0182491883944
1784000000.0	-0.0402629855383
1786000000.0	0.0375180157023
1788000000.0	-0.00616896354878
1790000000.0	0.0820643176638
1792000000.0	0.112673043051
1794000000.0	-0.00246706182504
1796000000.0	-0.182863460281
1798000000.0	-0.194740471421
1800000000.0	0.453050043759
1802000000.0	-0.267569491523
1804000000.0	-0.0714203194026
1806000000.0	-0.0402659724115
1808000000.0	-0.0270972553387
1810000000.0	0.0513698482936
1812000000.0	0.0699105879025
1814000000.0	-0.0259373090219
1816000000.0	0.124599368905
1818000000.0	-0.0545272963275
1820000000.0	-0.0436807944674
1822000000.0	0.0243628539666
1824000000.0	-0.0480045259685
1826000000.0	-0.0510107435463
1828000000.0	0.145437540347
1830000000.0	-0.0551267719872
1832000000.0	-0.0558248613147
1834000000.0	0.109191816908
1836000000.0	0.0199942208222
1838000000.0	-0.0156183909009
1840000000.0	-0.0874865640492
1842000000.0	0.00979170799275
1844000000.0	-0.0456771811703
1846000000.0	-0.0492643960858
1848000000.0	0.00307304754136
1850000000.0	-0.0223015006033
1852000000.0	0.15343852748
1854000000.0	0.137906148509
1856000000.0	0.00833532279827
1858000000.0	-0.0212653288703
1860000000.0	0.0303424294336
1862000000.0	-0.00569179835973
1864000000.0	0.0477870707612
1866000000.0	0.153883082418
1868000000.0	0.0723153794161
1870000000.0	-0.0617340799404
1872000000.0	0.00945297315241
1874000000.0	-0.0318216456387
1876000000.0	-0.00498557680291
1878000000.0	-0.0295529474674
1880000000.0	0.112509658527
1882000000.0	-0.105524756309
1884000000.0	0.0242885280331
1886000000.0	-0.285009623419
1888000000.0	-0.185049356847
1890000000.0	-0.240570834582
1892000000.0	-0.0724046806271
1894000000.0	0.412336500735
1896000000.0	1.15786713361
1898000000.0	1.85010667152
1900000000.0	-6.29364721248
1902000000.0	2.53624753601
1904000000.0	1.30120685935
1906000000.0	0.257230167803
1908000000.0	-0.207289090337
1910000000.0	-0.328256606073
1912000000.0	-0.286566627248
1914000000.0	-0.134642684406
1916000000.0	0.00719761529873
1918000000.0	0.205650875359
1920000000.0	0.194486055249
1922000000.0	0.080273162479
1924000000.0	-0.0098052348617
1926000000.0	-0.287092735901
1928000000.0	-0.114493153889
1930000000.0	-0.106707244382
1932000000.0	0.0849638867996
1934000000.0	0.147715224222
1936000000.0	-0.0127571713809
1938000000.0	0.044192973367
1940000000.0	-0.0617794086276
1942000000.0	-0.125193800396
1944000000.0	-0.106021610501
1946000000.0	0.0256837392848
1948000000.0	-0.0216628350179
1950000000.0	0.030170362869
1952000000.0	-0.0914366044086
1954000000.0	0.0898759543435
1956000000.0	-0.0333206038157
1958000000.0	-0.0106605832446
1960000000.0	-0.018772123558
1962000000.0	0.0266579981622
1964000000.0	0.0121716084145
1966000000.0	0.0685065613989
1968000000.0	-0.000344577994456
1970000000.0	-0.179367965531
1972000000.0	-0.000574452129254
1974000000.0	-0.0400517863302
1976000000.0	0.136882956042
1978000000.0	0.0722271626703
1980000000.0	-0.0381475922464
1982000000.0	0.109858559601
1984000000.0	0.0187927759451
1986000000.0	-0.0884754593968
1988000000.0	0.0140315649232
1990000000.0	0.0246813749844
1992000000.0	0.0309129253213
1994000000.0	-0.0122199797482
1996000000.0	0.00448909492856
1998000000.0	0.134405200967
2000000000.0	-0.521875
