0.0	-2.439075
2000000.0	0.844166230258
4000000.0	1.51618654967
6000000.0	0.390107014184
8000000.0	0.273382116626
10000000.0	0.553361552858
12000000.0	0.592087370627
14000000.0	0.924942853574
16000000.0	2.22115323096
18000000.0	3.24907606273
20000000.0	3.16701472887
22000000.0	1.71403697646
24000000.0	-0.350074697607
26000000.0	-1.68806981599
28000000.0	-2.62767281836
30000000.0	-2.71636511945
32000000.0	-1.66591968416
34000000.0	0.429313441084
36000000.0	3.05003302326
38000000.0	3.6656399054
40000000.0	2.21174547157
42000000.0	0.939598620356
44000000.0	-0.517779991758
46000000.0	-1.58657707546
48000000.0	-1.99700604296
50000000.0	-1.3150090541
52000000.0	-0.102157609063
54000000.0	1.21514941714
56000000.0	1.80358190976
58000000.0	1.3301097138
60000000.0	0.0195154077372
62000000.0	-1.30210468217
64000000.0	-1.6868954902
66000000.0	-1.20035665615
68000000.0	-0.396157999727
70000000.0	0.538037428097
72000000.0	1.02911476293
74000000.0	0.93143369824
76000000.0	0.210234674544
78000000.0	-0.592721954795
80000000.0	-1.1261893766
82000000.0	-1.15015567938
84000000.0	-0.617509036796
86000000.0	0.0271904254839
88000000.0	0.34345604225
90000000.0	0.312937538538
92000000.0	0.231568438068
94000000.0	-0.0784733196117
96000000.0	-0.171898470131
98000000.0	-0.302885952606
100000000.0	-0.320833391071
102000000.0	-0.197563609644
104000000.0	-0.460644231405
106000000.0	-0.384412994294
108000000.0	-0.299352190809
110000000.0	-0.0564594202317
112000000.0	0.231330406755
114000000.0	0.426734736845
116000000.0	0.328927936086
118000000.0	-0.0240739273993
120000000.0	-0.345420021296
122000000.0	-0.570276965342
124000000.0	-0.578125773669
126000000.0	-0.168485727185
128000000.0	0.228863699574
130000000.0	0.440715140581
132000000.0	0.415622409691
134000000.0	0.166122050312
136000000.0	-0.243775749001
138000000.0	-0.486523596806
140000000.0	-0.486998951276
142000000.0	-0.117436322776
144000000.0	0.308973625907
146000000.0	0.512107600387
148000000.0	0.38548761991
150000000.0	0.0578714197156
152000000.0	-0.308659055019
154000000.0	-0.662298118802
156000000.0	-0.524344825823
158000000.0	-0.0292473757418
160000000.0	0.409281839696
162000000.0	0.589328038216
164000000.0	0.475568154374
166000000.0	0.14503373787
168000000.0	-0.342432375062
170000000.0	-0.706856947393
172000000.0	-0.561321771285
174000000.0	-0.118841382276
176000000.0	0.0560415099196
178000000.0	0.468235694845
180000000.0	0.555329054477
182000000.0	0.292009889159
184000000.0	-0.00695519862338
186000000.0	-0.388130140278
188000000.0	-0.435595000295
190000000.0	-0.286733096626
192000000.0	-0.101011433589
194000000.0	0.193436772807
196000000.0	0.234513488389
198000000.0	0.125825199114
200000000.0	0.106237067961
202000000.0	-0.117748991031
204000000.0	-0.170531180178
206000000.0	-0.0742123472843
208000000.0	-0.00863149046684
210000000.0	-0.0490239054749
212000000.0	-0.189749756758
214000000.0	-0.219761836235
216000000.0	-0.167641239902
218000000.0	0.201550638084
220000000.0	0.389973253145
222000000.0	0.338421321587
224000000.0	0.114643096327
226000000.0	-0.103929069509
228000000.0	-0.614174589604
230000000.0	-0.802553448065
232000000.0	-0.503019047141
234000000.0	0.186588458667
236000000.0	0.781847549055
238000000.0	1.05047434661
240000000.0	0.770872154124
242000000.0	-0.126877751992
244000000.0	-0.968359058957
246000000.0	-1.31761705137
248000000.0	-0.966488140488
250000000.0	-0.403610602754
252000000.0	0.952292073286
254000000.0	1.65449140462
256000000.0	1.42552613733
258000000.0	0.475556468928
260000000.0	-0.991622764676
262000000.0	-2.01961091473
264000000.0	-1.73759774441
266000000.0	-0.398501148335
268000000.0	1.14973566208
270000000.0	1.74086134308
272000000.0	1.60900629257
274000000.0	0.617444711272
276000000.0	-0.492986043615
278000000.0	-1.67515965033
280000000.0	-1.94474648334
282000000.0	-1.02934440423
284000000.0	0.883130783777
286000000.0	2.45685935355
288000000.0	1.593314136
290000000.0	-0.961446137799
292000000.0	-2.52163873048
294000000.0	-0.506858555273
296000000.0	4.72830152728
298000000.0	9.29584287897
300000000.0	-24.1884638039
302000000.0	5.79198853307
304000000.0	4.84979528844
306000000.0	4.39199530608
308000000.0	2.73584389893
310000000.0	-0.826399631993
312000000.0	-4.12949719768
314000000.0	-4.37556977506
316000000.0	-1.73798074416
318000000.0	1.83507661068
320000000.0	3.50853944093
322000000.0	2.86711015169
324000000.0	0.904929129346
326000000.0	-1.2532772541
328000000.0	-2.51011532045
330000000.0	-2.43614811625
332000000.0	-1.13875603037
334000000.0	0.742030985431
336000000.0	2.1270978963
338000000.0	2.24322668298
340000000.0	0.871863122156
342000000.0	-0.758275972696
344000000.0	-1.81682856168
346000000.0	-1.55973897897
348000000.0	-0.502993545243
350000000.0	0.654430978272
352000000.0	1.14036055761
354000000.0	1.07918042824
356000000.0	0.304782672491
358000000.0	-0.543883042193
360000000.0	-0.859031253488
362000000.0	-0.788514051524
364000000.0	-0.0362233354223
366000000.0	0.512620293094
368000000.0	0.678931419835
370000000.0	0.29045424108
372000000.0	-0.278723421839
374000000.0	-0.520342782955
376000000.0	-0.482395688104
378000000.0	-0.0722346313237
380000000.0	0.539015687197
382000000.0	0.524330079022
384000000.0	0.310322456554
386000000.0	-0.227591368152
388000000.0	-0.657978025956
390000000.0	-0.508540717379
392000000.0	-0.165259358898
394000000.0	0.403640949644
396000000.0	0.67057482712
398000000.0	0.488576082312
400000000.0	0.150788962616
402000000.0	-0.582119025338
404000000.0	-0.887375015056
406000000.0	-0.603328752837
408000000.0	-0.000605976687247
410000000.0	0.566591569221
412000000.0	0.849842555967
414000000.0	0.531777761583
416000000.0	-0.028294842134
418000000.0	-0.568919911158
420000000.0	-0.768175204666
422000000.0	-0.500327333697
424000000.0	0.0354973613832
426000000.0	0.514397299364
428000000.0	0.564972395716
430000000.0	0.37065706248
432000000.0	-0.129769932693
434000000.0	-0.423129831598
436000000.0	-0.570814451538
438000000.0	-0.298519519589
440000000.0	0.020982108031
442000000.0	0.406727634976
444000000.0	0.296380591045
446000000.0	0.0437146863506
448000000.0	-0.144562021261
450000000.0	-0.319529683279
452000000.0	-0.204737496995
454000000.0	-0.00831954727359
456000000.0	0.317748348495
458000000.0	0.342519867006
460000000.0	0.0710731044913
462000000.0	-0.185653342138
464000000.0	-0.266051901195
466000000.0	-0.221508337159
468000000.0	0.0267702807543
470000000.0	0.213922003581
472000000.0	0.327018473828
474000000.0	0.177201294373
476000000.0	-0.0984825895518
478000000.0	-0.31074593949
480000000.0	-0.285612048412
482000000.0	-0.242022191159
484000000.0	0.25668924618
486000000.0	0.358161408726
488000000.0	0.322956305554
490000000.0	0.145726471855
492000000.0	-0.297523628152
494000000.0	-0.445615739414
496000000.0	-0.419617486645
498000000.0	-0.0589253108596
500000000.0	0.240234991376
502000000.0	0.403538642554
504000000.0	0.293725589907
506000000.0	0.0297511561137
508000000.0	-0.263412257439
510000000.0	-0.335023742001
512000000.0	-0.217089379302
514000000.0	-0.0132335371381
516000000.0	0.113187420932
518000000.0	0.358721070724
520000000.0	0.236138654346
522000000.0	-0.117121329626
524000000.0	-0.168152481648
526000000.0	-0.226332451016
528000000.0	-0.126932398791
530000000.0	0.0595722774743
532000000.0	0.172378790483
534000000.0	0.0884360624128
536000000.0	-0.0523593734917
538000000.0	-0.137655708698
540000000.0	-0.146434995393
542000000.0	-0.0546028854539
544000000.0	0.12863841726
546000000.0	0.0331382047229
548000000.0	0.162657290071
550000000.0	-0.0348320625666
552000000.0	-0.171396331301
554000000.0	-0.175451069137
556000000.0	-0.0897750406635
558000000.0	0.0317839436325
560000000.0	0.115185292115
562000000.0	0.17516154196
564000000.0	0.0952847826358
566000000.0	-0.0248640035239
568000000.0	-0.186175201778
570000000.0	-0.211096864992
572000000.0	-0.136894585289
574000000.0	0.0909909982848
576000000.0	0.24416446954
578000000.0	0.222406067165
580000000.0	0.0899280733989
582000000.0	-0.113045869146
584000000.0	-0.241893482822
586000000.0	-0.250055818566
588000000.0	-0.133717681705
590000000.0	0.0449817553754
592000000.0	0.198560673148
594000000.0	0.252114362386
596000000.0	0.168468884952
598000000.0	0.163660003583
600000000.0	-0.661387949553
602000000.0	0.0490196005001
604000000.0	0.131193222545
606000000.0	0.100955671839
608000000.0	0.071072497516
610000000.0	-0.00635596348028
612000000.0	-0.06060248538
614000000.0	-0.0812316691032
616000000.0	-0.128711530501
618000000.0	-0.0775840172417
620000000.0	-0.0181465613441
622000000.0	0.0436265057593
624000000.0	-0.1237999816
626000000.0	0.0335184620379
628000000.0	-0.0757399759165
630000000.0	-0.0623074857224
632000000.0	0.0815499866836
634000000.0	0.199731099771
636000000.0	0.237733655768
638000000.0	0.0933528213278
640000000.0	-0.052610157317
642000000.0	-0.114674484697
644000000.0	-0.164857340859
646000000.0	-0.115674700336
648000000.0	0.0995703872393
650000000.0	0.186570436663
652000000.0	0.218672921613
654000000.0	-0.0209939825056
656000000.0	-0.126956170628
658000000.0	-0.128347024229
660000000.0	-0.123489231428
662000000.0	-0.0551948359788
664000000.0	0.0340329767244
666000000.0	0.151645119433
668000000.0	0.113617119521
670000000.0	-0.0268179320884
672000000.0	-0.14419477902
674000000.0	-0.158910070974
676000000.0	-0.0727184086218
678000000.0	0.0415983872833
680000000.0	0.0495106425662
682000000.0	0.0450910571179
684000000.0	0.0312133242829
686000000.0	-0.114509595464
688000000.0	-0.0357138775628
690000000.0	-0.0672616758682
692000000.0	-0.0326824544194
694000000.0	0.0206936833392
696000000.0	-0.0241572325986
698000000.0	-0.0525791238997
700000000.0	0.0580380460695
702000000.0	-0.0462662068567
704000000.0	-0.0318480460279
706000000.0	0.0498175242906
708000000.0	0.142731599656
710000000.0	0.136779400972
712000000.0	0.0478658468176
714000000.0	-0.0589137400953
716000000.0	-0.198111363151
718000000.0	-0.182700320269
720000000.0	-0.0191570266491
722000000.0	0.0390310138553
724000000.0	0.191059534844
726000000.0	0.179858426908
728000000.0	-0.0673275937805
730000000.0	-0.110814165341
732000000.0	-0.094438930102
734000000.0	-0.116139304361
736000000.0	0.0576839802922
738000000.0	0.0687867870435
740000000.0	0.181066257961
742000000.0	0.0589715877931
744000000.0	-0.0124455877562
746000000.0	-0.171446429236
748000000.0	-0.0882524362515
750000000.0	0.00314472084415
752000000.0	0.00958928685177
754000000.0	-0.0171097665242
756000000.0	-0.0564580887964
758000000.0	-0.0117399255848
760000000.0	-0.0390856735195
762000000.0	-0.0788610774099
764000000.0	0.128988304826
766000000.0	0.14750694391
768000000.0	0.0323035512904
770000000.0	0.0376660665235
772000000.0	-0.151196783738
774000000.0	-0.114080153387
776000000.0	-0.129784560307
778000000.0	0.0371935902343
780000000.0	0.138714017277
782000000.0	0.177636348302
784000000.0	0.0905034572516
786000000.0	-0.023177140995
788000000.0	-0.212268527123
790000000.0	-0.290090857967
792000000.0	-0.155599523895
794000000.0	0.0706059549625
796000000.0	0.192293838236
798000000.0	0.244189130824
800000000.0	0.297146457678
802000000.0	-0.10218821879
804000000.0	-0.248919636504
806000000.0	-0.248016837812
808000000.0	-0.150997133124
810000000.0	0.11524552625
812000000.0	0.230141711732
814000000.0	0.10652599022
816000000.0	0.0598450145951
818000000.0	0.00626951234913
820000000.0	-0.170450102818
822000000.0	-0.156595855753
824000000.0	-0.0307110831
826000000.0	0.0751308309177
828000000.0	0.148689314103
830000000.0	-0.0898089879522
832000000.0	-0.0972105384272
834000000.0	-0.112320246968
836000000.0	-0.0807794938566
838000000.0	0.0962043618795
840000000.0	0.170518550314
842000000.0	0.0746002121573
844000000.0	-0.112333607482
846000000.0	-0.20704688323
848000000.0	-0.340363176255
850000000.0	-0.153194457752
852000000.0	0.0319480900591
854000000.0	0.374377946406
856000000.0	0.500925529677
858000000.0	0.177975736976
860000000.0	-0.150673555598
862000000.0	-0.6012378064
864000000.0	-0.681808807062
866000000.0	-0.313757985042
868000000.0	0.238431327016
870000000.0	0.566795247549
872000000.0	0.640415037029
874000000.0	0.280163522682
876000000.0	-0.0646338847192
878000000.0	-0.704129122039
880000000.0	-0.961039808089
882000000.0	-0.62875989531
884000000.0	0.269522175717
886000000.0	1.07215021074
888000000.0	0.874956870936
890000000.0	0.144676993778
892000000.0	-0.647800083171
894000000.0	-0.760967943831
896000000.0	-0.256044177207
898000000.0	0.181397790304
900000000.0	0.414644794593
902000000.0	-0.549188674588
904000000.0	0.0184281702276
906000000.0	0.710202585009
908000000.0	0.817225564894
910000000.0	-0.0190309877986
912000000.0	-0.915712926873
914000000.0	-1.07141700168
916000000.0	-0.421446681147
918000000.0	0.423481595217
920000000.0	0.904424557948
922000000.0	0.780037737013
924000000.0	0.226960209396
926000000.0	-0.385511748454
928000000.0	-0.608349867376
930000000.0	-0.636030123377
932000000.0	-0.302046753503
934000000.0	0.257512788052
936000000.0	0.62037227267
938000000.0	0.564196514283
940000000.0	0.202278933389
942000000.0	-0.294244922667
944000000.0	-0.553957590859
946000000.0	-0.432389783988
948000000.0	0.0181586898437
950000000.0	0.226125805423
952000000.0	0.304383621887
954000000.0	0.289199398498
956000000.0	0.0648707789486
958000000.0	-0.17876971537
960000000.0	-0.269108451546
962000000.0	-0.247052738725
964000000.0	0.0024042857872
966000000.0	0.109043552381
968000000.0	0.120328210062
970000000.0	0.0427657771021
972000000.0	-0.131248102662
974000000.0	-0.100057814899
976000000.0	-0.10797570846
978000000.0	0.0730711598633
980000000.0	0.180839602357
982000000.0	0.0521777558365
984000000.0	-0.00787526987707
986000000.0	-0.132262805985
988000000.0	-0.187128603331
990000000.0	-0.102290270022
992000000.0	0.0128938518941
994000000.0	0.141376689016
996000000.0	0.144780387389
998000000.0	0.171991474141
1000000000.0	-0.2765805
1002000000.0	-0.182151222548
1004000000.0	-0.210071452549
1006000000.0	-0.0912593780888
1008000000.0	0.0078799528064
1010000000.0	0.131758717638
1012000000.0	0.218615864839
1014000000.0	0.0800341893651
1016000000.0	-0.0260215852556
1018000000.0	-0.194363186332
1020000000.0	-0.244418448499
1022000000.0	-0.1047494668
1024000000.0	0.0391213674154
1026000000.0	0.131538279848
1028000000.0	0.216425094823
1030000000.0	0.032403823342
1032000000.0	-0.121042351078
1034000000.0	-0.0818580459046
1036000000.0	-0.121744809784
1038000000.0	-0.0491917801352
1040000000.0	0.117980517552
1042000000.0	0.0938276936798
1044000000.0	0.0512825369416
1046000000.0	0.0113904848686
1048000000.0	-0.0312425721878
1050000000.0	-0.177096836874
1052000000.0	-0.0363421682428
1054000000.0	0.137647819017
1056000000.0	0.0637779964393
1058000000.0	0.0807047737066
1060000000.0	0.0024341189399
1062000000.0	-0.0921684529356
1064000000.0	-0.0444907731391
1066000000.0	-0.0189616660634
1068000000.0	0.0287839303817
1070000000.0	0.0366633928111
1072000000.0	0.102194348363
1074000000.0	-0.0406471389181
1076000000.0	-0.0392656541628
1078000000.0	-0.175319882471
1080000000.0	-0.0184504937305
1082000000.0	-0.0290538205972
1084000000.0	0.0554654028617
1086000000.0	0.129314262565
1088000000.0	0.0792922199413
1090000000.0	0.0251090782471
1092000000.0	-0.130110831632
1094000000.0	-0.0891443248964
1096000000.0	-0.036791118505
1098000000.0	0.0528027700406
1100000000.0	0.0616922521738
1102000000.0	0.125417738614
1104000000.0	0.0370109699092
1106000000.0	-0.0238807782229
1108000000.0	0.00276819137065
1110000000.0	-0.0866357088517
1112000000.0	-0.109426386957
1114000000.0	-0.0663871667279
1116000000.0	0.0197974263202
1118000000.0	0.0450381342038
1120000000.0	0.0366458900565
1122000000.0	-0.00556856809886
1124000000.0	-0.0710964527157
1126000000.0	0.00190943236189
1128000000.0	0.0266412763346
1130000000.0	0.0368153212439
1132000000.0	-0.0348274950247
1134000000.0	-0.0259425322337
1136000000.0	0.0316561896412
1138000000.0	-0.0874626260153
1140000000.0	-0.0580961047333
1142000000.0	0.0252003725889
1144000000.0	0.0472458297704
1146000000.0	-0.0400966895764
1148000000.0	-0.083680082582
1150000000.0	-0.0484956190124
1152000000.0	-0.119410010974
1154000000.0	0.0132255422578
1156000000.0	0.0405397968635
1158000000.0	0.0730275334143
1160000000.0	0.0231019547449
1162000000.0	0.022403053753
1164000000.0	-0.0920372132806
1166000000.0	0.0940778501629
1168000000.0	-0.0615623536494
1170000000.0	-0.0649355607379
1172000000.0	-0.00963435738194
1174000000.0	0.00464509457958
1176000000.0	0.0763124010341
1178000000.0	0.0900272599863
1180000000.0	-0.0167343609812
1182000000.0	-0.0541306005983
1184000000.0	0.00559170107772
1186000000.0	-0.0665378017392
1188000000.0	-0.00207803193575
1190000000.0	-0.047476802198
1192000000.0	0.0147973013203
1194000000.0	0.0949409154698
1196000000.0	0.0571319419763
1198000000.0	0.111216806815
1200000000.0	-0.699995212616
1202000000.0	0.19371155171
1204000000.0	0.119647921848
1206000000.0	0.0801749389111
1208000000.0	-0.111105799396
1210000000.0	-0.0725039221558
1212000000.0	-0.0210281051497
1214000000.0	-0.0432026963138
1216000000.0	-0.0229728480614
1218000000.0	0.00843955477171
1220000000.0	-0.0622289141426
1222000000.0	0.0211096417501
1224000000.0	-0.0829747017449
1226000000.0	-0.13922426032
1228000000.0	-0.100371408701
1230000000.0	0.0240233602595
1232000000.0	0.0586787349884
1234000000.0	0.0408934042005
1236000000.0	-0.000203341248847
1238000000.0	-0.063057984555
1240000000.0	-0.0846285358917
1242000000.0	0.00155565719129
1244000000.0	-0.0319101333975
1246000000.0	0.106687819119
1248000000.0	-0.0742383450182
1250000000.0	0.451943854248
1252000000.0	0.000466405580855
1254000000.0	-0.10831435529
1256000000.0	-0.0630874462679
1258000000.0	-0.0667657075913
1260000000.0	0.00908324993464
1262000000.0	-0.0261382749914
1264000000.0	0.030506275233
1266000000.0	0.0900877096214
1268000000.0	-0.109701726633
1270000000.0	-0.113575479105
1272000000.0	-0.0185166751604
1274000000.0	0.014746662007
1276000000.0	0.0438288098865
1278000000.0	0.0177310224388
1280000000.0	0.0880901614984
1282000000.0	-0.058726696916
1284000000.0	-0.14686116173
1286000000.0	-0.0260082651207
1288000000.0	-0.0775918358507
1290000000.0	0.0124531448141
1292000000.0	0.130127268913
1294000000.0	-0.0017386001358
1296000000.0	-0.0554316389977
1298000000.0	-0.0812218540612
1300000000.0	-0.0303721714486
1302000000.0	-0.0787650176853
1304000000.0	-0.139771302823
1306000000.0	0.000319280560635
1308000000.0	-0.00287365279347
1310000000.0	0.0734997377993
1312000000.0	-0.00158499079486
1314000000.0	-0.0194966183231
1316000000.0	-0.075011031798
1318000000.0	-0.0866742383737
1320000000.0	-0.0490801287801
1322000000.0	0.0437209299284
1324000000.0	0.115161604133
1326000000.0	0.0131023719979
1328000000.0	0.0183985373027
1330000000.0	-0.0237630664375
1332000000.0	-0.0304671038717
1334000000.0	-0.0147734631243
1336000000.0	-0.020023806811
1338000000.0	-0.00021066295016
1340000000.0	0.006603563958
1342000000.0	-0.0206496000521
1344000000.0	-0.0397940947774
1346000000.0	-0.0187095002389
1348000000.0	-0.0461185321297
1350000000.0	0.0943864692303
1352000000.0	0.0312664423574
1354000000.0	0.0239583124497
1356000000.0	-0.134963389936
1358000000.0	-0.0603552397065
1360000000.0	0.0248469695093
1362000000.0	-0.00217020216016
1364000000.0	0.0595213866251
1366000000.0	0.106040969065
1368000000.0	0.0593790134343
1370000000.0	-0.0639861255259
1372000000.0	-4.86371989856e-05
1374000000.0	0.133850693826
1376000000.0	-0.196878860141
1378000000.0	-0.0410563049489
1380000000.0	0.00345812605931
1382000000.0	-0.0157691945193
1384000000.0	0.0841939042294
1386000000.0	-0.0101170901446
1388000000.0	-0.102055647282
1390000000.0	-0.161333393109
1392000000.0	-0.0258534356556
1394000000.0	0.0494874045036
1396000000.0	-0.0118682531886
1398000000.0	0.00238155291898
1400000000.0	0.296600091225
1402000000.0	-0.229218419129
1404000000.0	-0.182233690333
1406000000.0	-0.0253730856298
1408000000.0	-0.0841966808109
1410000000.0	0.00524554009689
1412000000.0	0.0551554453632
1414000000.0	0.0665057002606
1416000000.0	0.0750411665256
1418000000.0	-0.0378491647149
1420000000.0	-0.00630187745698
1422000000.0	-0.0539701459707
1424000000.0	0.0449609175651
1426000000.0	0.0331618188587
1428000000.0	0.0180183453721
1430000000.0	-0.0402952690734
1432000000.0	-0.101966765812
1434000000.0	-0.0411440350662
1436000000.0	-0.041284063989
1438000000.0	-0.0102902771
1440000000.0	0.241929064207
1442000000.0	0.00704592030158
1444000000.0	-0.0846714525088
1446000000.0	-0.0888184421174
1448000000.0	-0.108869849058
1450000000.0	-0.0797048284119
1452000000.0	0.0160823278956
1454000000.0	0.0905641017377
1456000000.0	0.146626959951
1458000000.0	0.213946289248
1460000000.0	-0.117354181385
1462000000.0	-0.260298703714
1464000000.0	-0.356037306173
1466000000.0	-0.104670904214
1468000000.0	0.106533359035
1470000000.0	0.23145404508
1472000000.0	0.213719871337
1474000000.0	0.149656221593
1476000000.0	0.00852021500849
1478000000.0	-0.296971396901
1480000000.0	-0.413860835357
1482000000.0	-0.270219767104
1484000000.0	0.104174644823
1486000000.0	0.400904135524
1488000000.0	0.353656073907
1490000000.0	0.147276447617
1492000000.0	-0.141612683891
1494000000.0	-0.511103252204
1496000000.0	-0.46560906706
1498000000.0	-0.540562614407
1500000000.0	1.92848000862
1502000000.0	-0.740256841347
1504000000.0	-0.350372564663
1506000000.0	0.120346037389
1508000000.0	0.394767554948
1510000000.0	0.139442278361
1512000000.0	-0.121875390983
1514000000.0	-0.206298037074
1516000000.0	-0.130190902272
1518000000.0	0.131688090394
1520000000.0	0.181269165096
1522000000.0	0.164852253599
1524000000.0	0.0407554726374
1526000000.0	-0.0737161299608
1528000000.0	-0.232136181487
1530000000.0	-0.212103372306
1532000000.0	-0.0798564059535
1534000000.0	0.0374006061951
1536000000.0	0.153580469563
1538000000.0	0.170413977639
1540000000.0	0.0487410418345
1542000000.0	-0.0307226342476
1544000000.0	-0.172654329446
1546000000.0	-0.143759782373
1548000000.0	-0.0583636041327
1550000000.0	0.0542840675291
1552000000.0	0.0458692765531
1554000000.0	0.119644600499
1556000000.0	-0.00391020805827
1558000000.0	-0.0172206393858
1560000000.0	-0.0743878066245
1562000000.0	-0.116066852
1564000000.0	-0.0395872108794
1566000000.0	0.0684118010718
1568000000.0	0.0585076770738
1570000000.0	0.0144395536279
1572000000.0	0.0234260717156
1574000000.0	0.0182917122866
1576000000.0	-0.0696039623244
1578000000.0	0.0179366248729
1580000000.0	-0.0231234270833
1582000000.0	-0.00890859699704
1584000000.0	-0.0616006955559
1586000000.0	-0.0353997820871
1588000000.0	-0.00886472410814
1590000000.0	-0.0838459949779
1592000000.0	-0.104908287415
1594000000.0	0.0720341945272
1596000000.0	0.0925469322457
1598000000.0	0.0781034645312
1600000000.0	-0.0854252076777
1602000000.0	-0.0492141696391
1604000000.0	-0.0209159299065
1606000000.0	0.00663025320866
1608000000.0	0.00410273985558
1610000000.0	0.0104080709538
1612000000.0	0.0550309918475
1614000000.0	0.0153732657827
1616000000.0	-0.0212768610633
1618000000.0	-0.0282730481071
1620000000.0	-0.0278596569607
1622000000.0	-0.0403741060323
1624000000.0	-0.0236140679536
1626000000.0	0.0806346005839
1628000000.0	0.0107588820499
1630000000.0	0.00223195302485
1632000000.0	-0.044018293548
1634000000.0	-0.0368017766621
1636000000.0	-0.0562001221044
1638000000.0	-0.0108001964234
1640000000.0	0.0716978613239
1642000000.0	0.0939758106967
1644000000.0	0.0161235729901
1646000000.0	0.00975736853774
1648000000.0	0.00404833830622
1650000000.0	-0.0838436543403
1652000000.0	-0.040075490025
1654000000.0	-0.0529039122149
1656000000.0	0.0200313527171
1658000000.0	0.0233086279591
1660000000.0	0.0397318316052
1662000000.0	-0.0265343823706
1664000000.0	-0.0231381318953
1666000000.0	0.0189282752817
1668000000.0	-0.000709639234675
1670000000.0	-0.0294815237662
1672000000.0	0.0542462907563
1674000000.0	-0.0349196473172
1676000000.0	0.00276843653469
1678000000.0	-0.0822036386269
1680000000.0	-0.0119672045335
1682000000.0	-0.041822039739
1684000000.0	-0.0179961385577
1686000000.0	0.00886337279554
1688000000.0	0.00826267209006
1690000000.0	0.0813412968344
1692000000.0	-0.0439850995581
1694000000.0	-0.0925589418753
1696000000.0	0.0524720317019
1698000000.0	-0.000199814894925
1700000000.0	-0.169411190949
1702000000.0	0.101944675474
1704000000.0	0.0323651244571
1706000000.0	0.0442522963807
1708000000.0	-0.0501294539162
1710000000.0	0.00144420932609
1712000000.0	-0.0189956726673
1714000000.0	0.0629352415089
1716000000.0	-0.0554572374561
1718000000.0	0.0127472226616
1720000000.0	0.076988659341
1722000000.0	-0.00718634157562
1724000000.0	0.0241614884712
1726000000.0	-0.0795165224921
1728000000.0	-0.0405991677556
1730000000.0	0.00314464966645
1732000000.0	-0.045105417805
1734000000.0	-0.00453178493942
1736000000.0	-0.016133815564
1738000000.0	-0.0395542457192
1740000000.0	0.0432356579104
1742000000.0	0.00567227530312
1744000000.0	0.0510801066148
1746000000.0	-0.00719630417181
1748000000.0	0.036943543119
1750000000.0	0.279788027661
1752000000.0	0.0493478161598
1754000000.0	0.0467195627876
1756000000.0	0.0475484486964
1758000000.0	-0.00408087443788
1760000000.0	-0.00395838069984
1762000000.0	-0.0267256565411
1764000000.0	-0.0154339813406
1766000000.0	0.00918126117816
1768000000.0	0.0180415323887
1770000000.0	-0.0492013571722
1772000000.0	0.046490012756
1774000000.0	0.0216012861284
1776000000.0	0.00796204827231
1778000000.0	0.0635528891047
1780000000.0	0.0561372672399
1782000000.0	0.000324572559265
1784000000.0	-0.0393746137125
1786000000.0	0.0395624495043
1788000000.0	0.0331479968692
1790000000.0	6.92105570795e-05
1792000000.0	-0.0325211259274
1794000000.0	0.0523683698064
1796000000.0	0.028174867482
1798000000.0	0.115333760296
1800000000.0	-0.457056209633
1802000000.0	0.0835880679214
1804000000.0	0.0317412281937
1806000000.0	0.0370086389568
1808000000.0	-0.071823248115
1810000000.0	-0.0354670064088
1812000000.0	-0.0463847934687
1814000000.0	-0.00325788035952
1816000000.0	0.0298316083419
1818000000.0	-0.00726918498347
1820000000.0	0.0134186844467
1822000000.0	-0.010319858385
1824000000.0	0.0604000276059
1826000000.0	0.00231838717741
1828000000.0	0.0244457461866
1830000000.0	0.0748508451179
1832000000.0	0.0224537202386
1834000000.0	0.0736514662388
1836000000.0	0.00107763855917
1838000000.0	-0.0442706458765
1840000000.0	-0.0136606825289
1842000000.0	0.00137692135598
1844000000.0	0.0146551152928
1846000000.0	0.0527127117022
1848000000.0	0.013550318632
1850000000.0	0.0176730681348
1852000000.0	-0.0470214242025
1854000000.0	-0.103312922281
1856000000.0	-0.0601915911358
1858000000.0	0.0022929110887
1860000000.0	0.0176283487294
1862000000.0	-0.033062037799
1864000000.0	0.0212284455098
1866000000.0	-0.00366181925787
1868000000.0	-0.0188964328192
1870000000.0	-0.0680742807961
1872000000.0	-0.0407373575126
1874000000.0	-0.0489496822463
1876000000.0	-0.0540980788555
1878000000.0	0.0188137581054
1880000000.0	0.0731340031859
1882000000.0	0.0260546597556
1884000000.0	-0.0446253750728
1886000000.0	-0.0857463589486
1888000000.0	-0.083243545361
1890000000.0	0.0064183174002
1892000000.0	0.0384807612508
1894000000.0	-0.0640217977804
1896000000.0	-0.13464066995
1898000000.0	-0.304415943148
1900000000.0	0.802865464537
1902000000.0	-0.267450926724
1904000000.0	-0.218804417346
1906000000.0	-0.122260242802
1908000000.0	-0.0498801889317
1910000000.0	-0.00875599351084
1912000000.0	0.0430065811265
1914000000.0	0.0928737395255
1916000000.0	-0.0154176747575
1918000000.0	-0.0948364119917
1920000000.0	-0.0872623584134
1922000000.0	-0.0316445896593
1924000000.0	0.0638524260699
1926000000.0	0.0193279368733
1928000000.0	0.0570022236077
1930000000.0	0.0159636371838
1932000000.0	-0.010056078321
1934000000.0	0.0010288272271
1936000000.0	-0.0944479421909
1938000000.0	-0.0807373005479
1940000000.0	0.0165357304925
1942000000.0	0.043483616813
1944000000.0	0.11582578567
1946000000.0	0.00116105989055
1948000000.0	0.00124108676285
1950000000.0	-0.00465204862655
1952000000.0	-0.0162570356868
1954000000.0	0.00948179015884
1956000000.0	-0.0693598177118
1958000000.0	0.034542710866
1960000000.0	0.0451237686578
1962000000.0	0.0106918446173
1964000000.0	-0.041897734798
1966000000.0	0.0337451499732
1968000000.0	0.0393654757977
1970000000.0	0.0221805057446
1972000000.0	0.00895884062746
1974000000.0	-0.0134106088725
1976000000.0	-0.00841198270813
1978000000.0	0.0483548402705
1980000000.0	0.0609894748327
1982000000.0	0.0131011390536
1984000000.0	0.0203321091116
1986000000.0	0.0679954983872
1988000000.0	0.067965390396
1990000000.0	-0.0127440797395
1992000000.0	-0.059051263203
1994000000.0	0.0105872093261
1996000000.0	-0.159867903933
1998000000.0	-0.0505122325011
2000000000.0	0.44217
