0.0	-46.21876
2000000.0	2.52756869586
4000000.0	8.27879810042
6000000.0	2.43362758534
8000000.0	-4.07527977096
10000000.0	-9.28806853993
12000000.0	-7.79340844029
14000000.0	-2.33731817724
16000000.0	6.40975152398
18000000.0	16.4562965804
20000000.0	14.3280140642
22000000.0	5.10834385941
24000000.0	-14.1364216305
26000000.0	-23.3583607138
28000000.0	-18.7238022671
30000000.0	-2.14824452704
32000000.0	12.7699700811
34000000.0	16.5084537411
36000000.0	8.26552563602
38000000.0	-0.419884081423
40000000.0	-10.1884440735
42000000.0	-12.9262469351
44000000.0	-6.32426758525
46000000.0	0.172790271422
48000000.0	5.60893995248
50000000.0	4.31215063517
52000000.0	0.0460771962129
54000000.0	-4.06442117527
56000000.0	-3.0284066108
58000000.0	1.33352386614
60000000.0	4.18176568179
62000000.0	4.22255983585
64000000.0	0.89082072763
66000000.0	-2.79347216277
68000000.0	-3.38881819589
70000000.0	-0.547417969885
72000000.0	4.09084223131
74000000.0	5.41789176674
76000000.0	2.08009580448
78000000.0	-3.70031181286
80000000.0	-4.51854339625
82000000.0	-3.42496332786
84000000.0	1.91627344018
86000000.0	5.58360135932
88000000.0	5.28365799031
90000000.0	0.24404955844
92000000.0	-4.70786303227
94000000.0	-6.39380996754
96000000.0	-2.60405349167
98000000.0	3.50911840081
100000000.0	5.93046863391
102000000.0	2.6955160769
104000000.0	-2.04011835325
106000000.0	-6.15651497573
108000000.0	-5.12750244844
110000000.0	-0.715422132577
112000000.0	4.09799651292
114000000.0	6.40016013076
116000000.0	2.8630941444
118000000.0	-2.33788569264
120000000.0	-4.87394547145
122000000.0	-4.26578630995
124000000.0	-1.23925608099
126000000.0	4.39062136867
128000000.0	3.45229836432
130000000.0	1.52287530717
132000000.0	-0.860082370947
134000000.0	-1.99864405754
136000000.0	-0.54104416284
138000000.0	2.29969056646
140000000.0	3.06887167875
142000000.0	1.39277047477
144000000.0	-2.02488788298
146000000.0	-4.72708565955
148000000.0	-2.06935454995
150000000.0	0.423672044038
152000000.0	4.25851959035
154000000.0	2.62097662513
156000000.0	0.700172395922
158000000.0	-2.03652993026
160000000.0	-3.70790950872
162000000.0	-2.10847148262
164000000.0	0.944271168841
166000000.0	2.95602187158
168000000.0	2.25346494825
170000000.0	0.267407136077
172000000.0	-3.06106813738
174000000.0	-2.78222748314
176000000.0	0.341044882572
178000000.0	3.10975980651
180000000.0	4.08909086605
182000000.0	0.788788224165
184000000.0	-1.17722820966
186000000.0	-3.50071253077
188000000.0	-3.35379272739
190000000.0	1.08475868267
192000000.0	3.30636350796
194000000.0	3.45631921485
196000000.0	0.277538487149
198000000.0	-2.91407472294
200000000.0	-3.98318431972
202000000.0	-0.820749739144
204000000.0	2.89801977083
206000000.0	4.76835578137
208000000.0	2.3310651464
210000000.0	-1.46175478876
212000000.0	-5.14233834954
214000000.0	-4.80160012466
216000000.0	-0.745216020145
218000000.0	3.99743255805
220000000.0	5.15519329767
222000000.0	2.2835410356
224000000.0	-1.36442110562
226000000.0	-4.0386349345
228000000.0	-1.4686948059
230000000.0	1.35143921937
232000000.0	4.12215353857
234000000.0	2.87205073058
236000000.0	-1.65530177571
238000000.0	-4.7686482984
240000000.0	-3.4787995093
242000000.0	1.23951000353
244000000.0	4.57365881516
246000000.0	5.52571263168
248000000.0	1.83124798769
250000000.0	-4.43082704322
252000000.0	-6.6520378922
254000000.0	-3.76910955924
256000000.0	1.98426876306
258000000.0	6.94487768894
260000000.0	7.49422981119
262000000.0	1.52376148716
264000000.0	-6.7783180633
266000000.0	-11.319860339
268000000.0	-6.75408284936
270000000.0	3.94483287366
272000000.0	13.8980240787
274000000.0	15.7194425549
276000000.0	2.86041333551
278000000.0	-13.6425516852
280000000.0	-20.0850003041
282000000.0	-7.65832288407
284000000.0	12.8257649598
286000000.0	22.8207872428
288000000.0	7.83799819582
290000000.0	-24.0147716805
292000000.0	-36.6870109441
294000000.0	0.664116962861
296000000.0	90.6560623142
298000000.0	187.917577929
300000000.0	-484.733951755
302000000.0	173.247859354
304000000.0	100.178249809
306000000.0	30.5883590352
308000000.0	-13.8170958992
310000000.0	-30.7293218989
312000000.0	-26.4087421138
314000000.0	-11.3095415574
316000000.0	5.48296357025
318000000.0	15.9422544628
320000000.0	14.3586043798
322000000.0	4.1356863255
324000000.0	-8.55041481965
326000000.0	-10.5982941909
328000000.0	-5.109524547
330000000.0	4.6645032616
332000000.0	7.70607940504
334000000.0	4.73190914118
336000000.0	-3.39764485918
338000000.0	-7.13539018015
340000000.0	-3.45904374635
342000000.0	4.13205091774
344000000.0	6.36222108542
346000000.0	4.2498381343
348000000.0	-3.49999066401
350000000.0	-7.86319461519
352000000.0	-4.70146870448
354000000.0	1.52409951798
356000000.0	7.08993139017
358000000.0	6.1349994237
360000000.0	0.590998927717
362000000.0	-5.03162598623
364000000.0	-7.07635810506
366000000.0	-3.26484216123
368000000.0	2.24051598066
370000000.0	5.59601166996
372000000.0	4.63264643984
374000000.0	-0.0681227417959
376000000.0	-1.00964206441
378000000.0	-2.13569676105
380000000.0	-1.45508042991
382000000.0	1.43416786269
384000000.0	2.41654717212
386000000.0	0.0824210887326
388000000.0	-2.45631523924
390000000.0	-2.253206569
392000000.0	-1.14971761491
394000000.0	2.10325297479
396000000.0	3.1527730876
398000000.0	1.99780474518
400000000.0	0.121150951726
402000000.0	-3.28489423269
404000000.0	-3.1117844702
406000000.0	-0.463890184157
408000000.0	2.19870908554
410000000.0	3.42631679556
412000000.0	2.41769007725
414000000.0	-0.961224508727
416000000.0	-2.53481430262
418000000.0	-1.66931776064
420000000.0	-0.457291836264
422000000.0	2.76026673592
424000000.0	2.11368956399
426000000.0	0.0907260943497
428000000.0	-2.4079881675
430000000.0	-1.96390352152
432000000.0	0.0363051450679
434000000.0	1.02438296709
436000000.0	2.15936205289
438000000.0	1.34842177165
440000000.0	-1.77592439572
442000000.0	-2.37598465349
444000000.0	-0.807601821671
446000000.0	1.3954942384
448000000.0	2.30839156091
450000000.0	1.49928974471
452000000.0	-0.844630545043
454000000.0	-1.44034210409
456000000.0	-1.96940419353
458000000.0	-0.219636419551
460000000.0	0.930465186116
462000000.0	2.37928206905
464000000.0	1.15638792545
466000000.0	-0.567460078097
468000000.0	-1.83455053429
470000000.0	-0.127920442399
472000000.0	0.457231682378
474000000.0	1.43930190687
476000000.0	0.747720092371
478000000.0	0.00445404492887
480000000.0	-1.63011654291
482000000.0	-1.40669786749
484000000.0	-0.133591292203
486000000.0	1.61421176841
488000000.0	1.33432799138
490000000.0	-0.435144724223
492000000.0	-1.96747200063
494000000.0	-1.31634239196
496000000.0	-0.117790508633
498000000.0	-0.56141211514
500000000.0	2.9376092881
502000000.0	2.00632695869
504000000.0	0.58704584282
506000000.0	-0.692984622133
508000000.0	-1.26008974936
510000000.0	0.00339245593281
512000000.0	1.28782040205
514000000.0	1.58020182641
516000000.0	0.713810089337
518000000.0	-0.10795154838
520000000.0	-0.883787265546
522000000.0	-1.07584241884
524000000.0	-0.024976661411
526000000.0	0.218310329417
528000000.0	0.68606776679
530000000.0	-0.741149811253
532000000.0	-0.835951427418
534000000.0	-1.26218411815
536000000.0	0.819776482331
538000000.0	0.485189469718
540000000.0	0.929306110355
542000000.0	0.616066130234
544000000.0	-1.14172959712
546000000.0	-1.05555562471
548000000.0	-0.872121410625
550000000.0	1.33108906239
552000000.0	0.781714805228
554000000.0	0.780395343163
556000000.0	-0.120238953357
558000000.0	-0.516870672872
560000000.0	-1.19358772329
562000000.0	-0.0121649772032
564000000.0	0.271817211498
566000000.0	0.974840174027
568000000.0	0.818102063782
570000000.0	-0.430041503821
572000000.0	-0.156282979459
574000000.0	-0.461152300899
576000000.0	0.0396773533361
578000000.0	1.35371370898
580000000.0	0.874203274659
582000000.0	0.464032180055
584000000.0	-1.35439299903
586000000.0	-0.282715196953
588000000.0	-0.282315350706
590000000.0	0.477915702195
592000000.0	0.805677227064
594000000.0	0.109751224172
596000000.0	-0.56643249615
598000000.0	-1.08058686374
600000000.0	1.3838911394
602000000.0	-0.227146146288
604000000.0	1.5182894199
606000000.0	1.08676737992
608000000.0	-0.204719173954
610000000.0	-0.258360828742
612000000.0	0.0331242844626
614000000.0	0.853511833054
616000000.0	1.51915796139
618000000.0	0.224537225338
620000000.0	0.248602041312
622000000.0	0.107038372852
624000000.0	1.47421385027
626000000.0	-1.35838497388
628000000.0	0.697816533623
630000000.0	1.13504125743
632000000.0	-0.245251570913
634000000.0	-0.930471496556
636000000.0	0.140701940877
638000000.0	-0.920178809854
640000000.0	-0.171084427227
642000000.0	0.378925589454
644000000.0	0.28557237511
646000000.0	0.686401822004
648000000.0	-1.47676634581
650000000.0	-0.0486394932342
652000000.0	-0.658594606331
654000000.0	-0.649696193605
656000000.0	0.734104585408
658000000.0	0.175451502772
660000000.0	0.839695697147
662000000.0	-0.410529498417
664000000.0	-0.922667089875
666000000.0	0.206285209721
668000000.0	0.644206934035
670000000.0	0.640940638539
672000000.0	-0.0883288555633
674000000.0	0.38416582118
676000000.0	-0.460714326745
678000000.0	-0.614502930053
680000000.0	1.16736933788
682000000.0	-0.0235280603238
684000000.0	0.633940298634
686000000.0	-0.564570018203
688000000.0	-0.156901491829
690000000.0	-0.410236224623
692000000.0	-0.115372076054
694000000.0	-0.954379191727
696000000.0	-0.21454368402
698000000.0	0.0657638369845
700000000.0	0.0524916717992
702000000.0	0.671656828525
704000000.0	-0.875412367294
706000000.0	0.445315900147
708000000.0	1.08176152742
710000000.0	0.235182139521
712000000.0	0.335725661264
714000000.0	0.498801843708
716000000.0	0.700278422816
718000000.0	0.226597520165
720000000.0	0.454151567802
722000000.0	-0.450252678294
724000000.0	-0.320305467673
726000000.0	0.292196506996
728000000.0	2.60784915938e-05
730000000.0	-0.380447453223
732000000.0	0.42881496142
734000000.0	0.855879828538
736000000.0	-1.61680800076
738000000.0	0.102997672936
740000000.0	-0.0371814940742
742000000.0	-0.116358129393
744000000.0	-0.76043264388
746000000.0	-1.28492547051
748000000.0	0.662590395799
750000000.0	-1.12808986463
752000000.0	-0.0406922534317
754000000.0	0.991199686097
756000000.0	-0.655614560044
758000000.0	0.120248902497
760000000.0	-0.563364785568
762000000.0	-0.516364067755
764000000.0	0.8747081665
766000000.0	-0.274621270526
768000000.0	0.860662009623
770000000.0	-0.0117317848517
772000000.0	0.0493449911915
774000000.0	-1.1244532957
776000000.0	-0.0484792874032
778000000.0	0.621161491544
780000000.0	0.182843374064
782000000.0	0.831183134089
784000000.0	0.417580481494
786000000.0	0.0813712802478
788000000.0	-0.796629160554
790000000.0	-0.452282730734
792000000.0	0.712467161113
794000000.0	0.320293477621
796000000.0	0.194058710616
798000000.0	-0.719900612297
800000000.0	-1.43227644648
802000000.0	0.658741298653
804000000.0	0.876749032137
806000000.0	0.717066510576
808000000.0	0.926197064101
810000000.0	0.112274496026
812000000.0	-1.71423401626
814000000.0	-0.514979123575
816000000.0	-0.0982641629854
818000000.0	1.05216702071
820000000.0	0.700985588186
822000000.0	-0.959940495763
824000000.0	0.266449798745
826000000.0	-0.763203621289
828000000.0	-0.0433806222924
830000000.0	-0.325892511751
832000000.0	0.328505220297
834000000.0	-0.370022327595
836000000.0	-1.0363294564
838000000.0	-1.42271848565
840000000.0	-0.252237000269
842000000.0	0.668164981983
844000000.0	2.10838043036
846000000.0	0.784334412513
848000000.0	-0.938569853802
850000000.0	-1.59208629384
852000000.0	-1.38699426927
854000000.0	-0.162880272194
856000000.0	1.04213172193
858000000.0	1.35192196426
860000000.0	1.05992883694
862000000.0	-0.745808563276
864000000.0	-1.13199809777
866000000.0	-1.4647773372
868000000.0	1.03798295946
870000000.0	1.74387749877
872000000.0	0.853603152845
874000000.0	1.47293564562
876000000.0	-1.06533432316
878000000.0	-1.22234340909
880000000.0	0.156438076706
882000000.0	1.19102118713
884000000.0	3.12178390923
886000000.0	1.00657384383
888000000.0	-5.14651195094
890000000.0	-10.4783697912
892000000.0	-8.55689519818
894000000.0	6.59019617846
896000000.0	35.5659844997
898000000.0	69.995577838
900000000.0	-184.578292063
902000000.0	67.6734592634
904000000.0	36.154229705
906000000.0	5.87316276581
908000000.0	-11.6276863958
910000000.0	-11.2428072005
912000000.0	-2.57083845519
914000000.0	5.00177136749
916000000.0	4.6214607211
918000000.0	0.271089110051
920000000.0	-3.03078776313
922000000.0	-2.53541768119
924000000.0	-0.943374148996
926000000.0	3.02491158935
928000000.0	2.64765150652
930000000.0	1.98958112041
932000000.0	-1.04966491346
934000000.0	-2.31117806249
936000000.0	-1.86062112017
938000000.0	-0.471738152399
940000000.0	1.5030684286
942000000.0	2.31891769879
944000000.0	1.39130991166
946000000.0	-0.728360821185
948000000.0	-2.17865996652
950000000.0	-1.88011602879
952000000.0	-0.257133786082
954000000.0	1.00433179513
956000000.0	1.6908338804
958000000.0	0.528152482327
960000000.0	-1.3057346661
962000000.0	-1.67443672288
964000000.0	-0.147851969207
966000000.0	0.114175961496
968000000.0	1.45274236403
970000000.0	1.11892414254
972000000.0	-0.333778065042
974000000.0	-1.5841901298
976000000.0	-0.825858401377
978000000.0	0.862593939307
980000000.0	1.63872752176
982000000.0	1.18341276018
984000000.0	-0.495323336721
986000000.0	-0.807756580182
988000000.0	-1.00423048698
990000000.0	-0.265724134381
992000000.0	1.31791641059
994000000.0	1.12365100883
996000000.0	0.283799361022
998000000.0	-1.30429956605
1000000000.0	1.968745
1002000000.0	-1.03144484781
1004000000.0	0.009757384124
1006000000.0	0.585088673334
1008000000.0	0.578992163325
1010000000.0	-0.224205992421
1012000000.0	-1.33436526833
1014000000.0	-0.973489154696
1016000000.0	-0.054110659286
1018000000.0	0.697967676213
1020000000.0	0.557567769043
1022000000.0	0.489023246087
1024000000.0	-1.59494261988
1026000000.0	-0.856771786361
1028000000.0	-0.518315283492
1030000000.0	0.401253562131
1032000000.0	0.622709008959
1034000000.0	0.675917455664
1036000000.0	-1.044838578
1038000000.0	-1.66567782508
1040000000.0	-0.384438546723
1042000000.0	0.574395202491
1044000000.0	0.109226324495
1046000000.0	1.17943120586
1048000000.0	0.429924019136
1050000000.0	0.00173760075049
1052000000.0	-1.10605988424
1054000000.0	0.446541307971
1056000000.0	0.931380624554
1058000000.0	0.657774915661
1060000000.0	0.764451628362
1062000000.0	-0.220822236077
1064000000.0	-0.948680809478
1066000000.0	-0.601764517999
1068000000.0	0.327076170277
1070000000.0	0.950935057932
1072000000.0	0.910792103351
1074000000.0	0.32788281727
1076000000.0	-0.835278790467
1078000000.0	0.178193146963
1080000000.0	0.234851528779
1082000000.0	-0.190221259619
1084000000.0	0.657276930108
1086000000.0	0.575532059255
1088000000.0	-0.280185143024
1090000000.0	-1.26783121151
1092000000.0	-0.7215836275
1094000000.0	-0.451503220869
1096000000.0	-0.463057543755
1098000000.0	0.685550827195
1100000000.0	0.298748177773
1102000000.0	0.274453492054
1104000000.0	-0.258522689784
1106000000.0	0.351138165483
1108000000.0	0.0745410568981
1110000000.0	-0.181832202309
1112000000.0	-0.261893899955
1114000000.0	0.231677344644
1116000000.0	0.00791164504217
1118000000.0	-0.198115167125
1120000000.0	-0.0333075278029
1122000000.0	-0.0583773003692
1124000000.0	1.19173445091
1126000000.0	-0.433975254811
1128000000.0	-0.634292170097
1130000000.0	-0.499357289234
1132000000.0	0.347304186515
1134000000.0	0.331329319102
1136000000.0	0.860054164559
1138000000.0	0.436067727112
1140000000.0	-0.0441147520702
1142000000.0	-0.708715583348
1144000000.0	-1.40472177851
1146000000.0	0.748975071567
1148000000.0	0.160818025946
1150000000.0	0.294430996438
1152000000.0	-0.373650736448
1154000000.0	0.561881725379
1156000000.0	-0.240063386454
1158000000.0	-0.0439330628803
1160000000.0	0.911654095378
1162000000.0	-0.108595561343
1164000000.0	0.0316768441921
1166000000.0	0.433266363412
1168000000.0	-0.134326317195
1170000000.0	0.0647689986786
1172000000.0	-0.452674824507
1174000000.0	0.533346478198
1176000000.0	0.886447897212
1178000000.0	0.18110472586
1180000000.0	-0.382389084117
1182000000.0	-0.0807767925601
1184000000.0	-0.142312551864
1186000000.0	0.315288707866
1188000000.0	1.04708618353
1190000000.0	0.613858878009
1192000000.0	-0.231271615368
1194000000.0	-0.121936387016
1196000000.0	-0.64412209807
1198000000.0	-2.8147360019
1200000000.0	6.41008654827
1202000000.0	-1.92232633936
1204000000.0	-1.68083651132
1206000000.0	-0.568542535988
1208000000.0	0.508038394258
1210000000.0	0.582507349688
1212000000.0	0.237601896851
1214000000.0	-0.692911711876
1216000000.0	-0.300065158706
1218000000.0	-0.331699015492
1220000000.0	-0.858192110714
1222000000.0	0.399460867662
1224000000.0	-0.18984545675
1226000000.0	0.332382198279
1228000000.0	-0.711376042249
1230000000.0	-0.558865151342
1232000000.0	0.298229146391
1234000000.0	-0.865553778956
1236000000.0	0.0593014558754
1238000000.0	-0.0422445331032
1240000000.0	0.931818104607
1242000000.0	0.149345254874
1244000000.0	-0.0323986252271
1246000000.0	-0.414245139109
1248000000.0	-0.31667264904
1250000000.0	-1.58620839712
1252000000.0	0.438781485558
1254000000.0	-0.2206162865
1256000000.0	-0.292466449677
1258000000.0	-0.376941875111
1260000000.0	-0.335667412429
1262000000.0	-0.0496522822574
1264000000.0	0.0241945138604
1266000000.0	0.0191777510891
1268000000.0	0.756997111243
1270000000.0	0.195398483629
1272000000.0	-0.677592822382
1274000000.0	0.332773971588
1276000000.0	-0.720018807809
1278000000.0	-0.214489977871
1280000000.0	0.537567764566
1282000000.0	-0.383665384111
1284000000.0	-0.423870848102
1286000000.0	0.17588082131
1288000000.0	0.0916692184388
1290000000.0	1.2057805372
1292000000.0	-0.461970131517
1294000000.0	-0.030255118685
1296000000.0	-0.716609380383
1298000000.0	-1.944414575
1300000000.0	2.91666764832
1302000000.0	0.0343648613794
1304000000.0	-0.279103097275
1306000000.0	-0.541406318063
1308000000.0	0.0555372471212
1310000000.0	0.582879807836
1312000000.0	-0.360300170684
1314000000.0	0.808732855461
1316000000.0	0.333526474934
1318000000.0	0.168322441842
1320000000.0	-0.935341178906
1322000000.0	-0.916136742654
1324000000.0	-0.41166615715
1326000000.0	-0.17232091916
1328000000.0	0.130518790894
1330000000.0	-0.43750861774
1332000000.0	-0.405347159251
1334000000.0	0.156595061673
1336000000.0	-0.280821774251
1338000000.0	0.100270166246
1340000000.0	0.260787484933
1342000000.0	-0.559837815875
1344000000.0	-0.0638768474069
1346000000.0	-0.482777837237
1348000000.0	-0.23765500507
1350000000.0	0.339200635982
1352000000.0	-0.235186044234
1354000000.0	0.0919219955485
1356000000.0	0.181967286612
1358000000.0	-0.180778192053
1360000000.0	-0.0342110225748
1362000000.0	0.274750075794
1364000000.0	-0.1981714791
1366000000.0	0.225349710172
1368000000.0	0.126179821355
1370000000.0	-0.688342597925
1372000000.0	-0.64899030541
1374000000.0	-2.21682608907
1376000000.0	2.35369453188
1378000000.0	1.01111776331
1380000000.0	-0.212645958813
1382000000.0	-0.00679714688368
1384000000.0	-0.42859968964
1386000000.0	0.455283810703
1388000000.0	0.0614599079761
1390000000.0	0.836848235435
1392000000.0	-0.400033446098
1394000000.0	-0.236353348476
1396000000.0	0.346087853258
1398000000.0	0.683675347456
1400000000.0	-0.501983653462
1402000000.0	0.604412373548
1404000000.0	0.558162721385
1406000000.0	1.78797994007
1408000000.0	-0.330674526111
1410000000.0	-0.0998809930124
1412000000.0	0.399308101368
1414000000.0	0.305596675717
1416000000.0	0.989596540356
1418000000.0	0.254089432306
1420000000.0	-0.439713135094
1422000000.0	-0.374611243767
1424000000.0	0.425706413856
1426000000.0	-0.0372651909186
1428000000.0	0.905546886429
1430000000.0	0.577530726478
1432000000.0	-0.154923906212
1434000000.0	0.152792673211
1436000000.0	-1.59915513716
1438000000.0	-0.649670099157
1440000000.0	0.493660059765
1442000000.0	0.446336892483
1444000000.0	0.562089915617
1446000000.0	-0.533699827086
1448000000.0	-0.308012724236
1450000000.0	-0.116063742374
1452000000.0	0.00452421152902
1454000000.0	0.112255849405
1456000000.0	0.954923020848
1458000000.0	0.541371782915
1460000000.0	0.252207446376
1462000000.0	-0.56000586256
1464000000.0	0.177735116997
1466000000.0	0.443415126422
1468000000.0	0.820296377345
1470000000.0	1.61907688641
1472000000.0	-1.06076911268
1474000000.0	-1.66349757862
1476000000.0	-0.00196104107377
1478000000.0	1.09287013114
1480000000.0	1.66725799531
1482000000.0	1.65543338511
1484000000.0	0.472548344962
1486000000.0	-1.86792766499
1488000000.0	-1.68216050228
1490000000.0	-2.06894084508
1492000000.0	0.323670910063
1494000000.0	1.98607509128
1496000000.0	4.95955036286
1498000000.0	8.2955300581
1500000000.0	-26.9376592881
1502000000.0	9.19662542648
1504000000.0	4.2991782185
1506000000.0	-1.16738068172
1508000000.0	-2.58518146832
1510000000.0	-1.12598831741
1512000000.0	2.02006001225
1514000000.0	3.41219195939
1516000000.0	1.11285255846
1518000000.0	-1.26809821661
1520000000.0	-2.10639965366
1522000000.0	-1.10907307106
1524000000.0	0.883307933785
1526000000.0	1.80908440528
1528000000.0	1.91748483287
1530000000.0	0.764127622671
1532000000.0	-0.928662370821
1534000000.0	-0.866776309659
1536000000.0	-0.227130863453
1538000000.0	1.42263806137
1540000000.0	1.58875101503
1542000000.0	1.28140138316
1544000000.0	-0.695145451444
1546000000.0	-0.953937591016
1548000000.0	-0.986450003221
1550000000.0	0.162724402441
1552000000.0	0.0285237557253
1554000000.0	0.121277206221
1556000000.0	-0.0767896477886
1558000000.0	-0.250554271674
1560000000.0	-0.283676349167
1562000000.0	0.15377891306
1564000000.0	0.329209467819
1566000000.0	0.185686553697
1568000000.0	-0.445461460904
1570000000.0	-0.426435646889
1572000000.0	-0.560464625037
1574000000.0	-0.634059760351
1576000000.0	-0.349534623608
1578000000.0	0.0798321621699
1580000000.0	0.46783792783
1582000000.0	-0.454314485226
1584000000.0	0.0799116511511
1586000000.0	-0.646007744681
1588000000.0	0.639007642216
1590000000.0	-0.0609167916535
1592000000.0	-0.03804577973
1594000000.0	-0.331990640814
1596000000.0	0.557325336162
1598000000.0	0.193219684374
1600000000.0	0.244768946477
1602000000.0	0.655806611383
1604000000.0	-0.279146150301
1606000000.0	0.429057574044
1608000000.0	-0.0844060722022
1610000000.0	-0.778056966912
1612000000.0	-0.148551589591
1614000000.0	-0.21069540325
1616000000.0	0.334580725181
1618000000.0	0.33841788148
1620000000.0	-0.334865385191
1622000000.0	0.333775477418
1624000000.0	0.750897620443
1626000000.0	-1.90394182803
1628000000.0	-0.565611266785
1630000000.0	0.305940188226
1632000000.0	-0.111122591085
1634000000.0	-0.348536142845
1636000000.0	-0.300189818258
1638000000.0	0.518911691138
1640000000.0	0.5701427133
1642000000.0	-0.512671748935
1644000000.0	0.121045714725
1646000000.0	-0.30826005584
1648000000.0	0.18704728641
1650000000.0	-0.361878191074
1652000000.0	1.07150267412
1654000000.0	0.296100082999
1656000000.0	0.56100508234
1658000000.0	-0.0244886782527
1660000000.0	1.07242715035
1662000000.0	-0.29293011985
1664000000.0	-0.0641691226722
1666000000.0	-0.451805268471
1668000000.0	-0.0505826060509
1670000000.0	0.71929143433
1672000000.0	0.32235517857
1674000000.0	-0.121966590951
1676000000.0	-0.198109103184
1678000000.0	0.159350663083
1680000000.0	0.376602011175
1682000000.0	0.289410557518
1684000000.0	-0.11453235954
1686000000.0	0.256999236623
1688000000.0	0.213182140994
1690000000.0	-0.504702078341
1692000000.0	0.323220767832
1694000000.0	-0.0976364233106
1696000000.0	0.217409303927
1698000000.0	0.397406092393
1700000000.0	-0.427998345643
1702000000.0	-0.735042584236
1704000000.0	0.353059242509
1706000000.0	-0.0799161693419
1708000000.0	0.0327863103595
1710000000.0	-0.00212617862295
1712000000.0	0.194607190599
1714000000.0	0.119104473878
1716000000.0	-0.00771326390175
1718000000.0	-0.833203964564
1720000000.0	0.136426578955
1722000000.0	0.543363067376
1724000000.0	0.255502301448
1726000000.0	-0.333841956998
1728000000.0	-0.18525439291
1730000000.0	-0.297481660084
1732000000.0	-0.101666172842
1734000000.0	-0.186643990632
1736000000.0	0.781794702646
1738000000.0	-0.281008526333
1740000000.0	-0.500162120655
1742000000.0	-0.728827202558
1744000000.0	-0.0639455767862
1746000000.0	0.507127356614
1748000000.0	-0.039680664705
1750000000.0	0.83264530498
1752000000.0	0.514665732264
1754000000.0	0.280292140545
1756000000.0	-0.673974494968
1758000000.0	-0.11036257487
1760000000.0	-0.177709654309
1762000000.0	0.0605960276618
1764000000.0	0.404523984563
1766000000.0	-0.236369201783
1768000000.0	0.667648769015
1770000000.0	0.346887166243
1772000000.0	0.120899492531
1774000000.0	-0.341799719336
1776000000.0	0.277469285699
1778000000.0	0.0352001682594
1780000000.0	-0.421650201107
1782000000.0	0.360783456041
1784000000.0	0.362664771574
1786000000.0	0.243371151403
1788000000.0	0.496945215506
1790000000.0	0.304658772085
1792000000.0	-0.965066432641
1794000000.0	-0.566359151161
1796000000.0	-0.317152668983
1798000000.0	-0.260192337078
1800000000.0	2.07000683378
1802000000.0	-1.39638451341
1804000000.0	0.395451813901
1806000000.0	-0.402883202207
1808000000.0	0.220446973905
1810000000.0	0.0875697799017
1812000000.0	0.433032129534
1814000000.0	-0.0462431646856
1816000000.0	-0.550558608193
1818000000.0	-0.350149986367
1820000000.0	0.0187271327115
1822000000.0	0.678954189746
1824000000.0	0.531512002991
1826000000.0	0.455030531603
1828000000.0	-0.0582172767046
1830000000.0	0.066641214215
1832000000.0	-0.185747891541
1834000000.0	0.522351629561
1836000000.0	-0.393338253365
1838000000.0	-0.393847881627
1840000000.0	0.0647381961107
1842000000.0	-0.122579251377
1844000000.0	0.0385340709431
1846000000.0	0.20057148312
1848000000.0	0.50408970155
1850000000.0	0.692339481574
1852000000.0	-0.525850626006
1854000000.0	-0.101287171751
1856000000.0	-0.105580538321
1858000000.0	-0.202206607163
1860000000.0	0.496833240554
1862000000.0	-0.0451314358807
1864000000.0	0.053711723565
1866000000.0	-0.726457792084
1868000000.0	0.14647374611
1870000000.0	0.238216415541
1872000000.0	0.348923406495
1874000000.0	0.359499349714
1876000000.0	-0.115509208232
1878000000.0	-0.87081540042
1880000000.0	-1.02655116183
1882000000.0	-0.697877450516
1884000000.0	0.169366382623
1886000000.0	0.459744969888
1888000000.0	0.335701251728
1890000000.0	0.495932737538
1892000000.0	-0.155315282224
1894000000.0	-0.719468132516
1896000000.0	-2.3879143993
1898000000.0	-4.32572608193
1900000000.0	12.9791660328
1902000000.0	-4.92668420874
1904000000.0	-3.13929801648
1906000000.0	-0.2640012518
1908000000.0	0.93195796622
1910000000.0	0.635186564598
1912000000.0	-0.0829399822119
1914000000.0	-1.34732846526
1916000000.0	-0.110015630826
1918000000.0	0.381141595194
1920000000.0	0.503230122987
1922000000.0	-0.131205151728
1924000000.0	0.287260965348
1926000000.0	-0.627702383408
1928000000.0	-1.05850012216
1930000000.0	0.217834123146
1932000000.0	-0.597860744787
1934000000.0	0.176230669348
1936000000.0	0.319048405029
1938000000.0	-0.524953653157
1940000000.0	-0.444140894703
1942000000.0	-0.474615731997
1944000000.0	0.105414291168
1946000000.0	0.649656340582
1948000000.0	-0.113365705657
1950000000.0	-0.569576238979
1952000000.0	0.680292442691
1954000000.0	-0.0377752747772
1956000000.0	-0.119016589031
1958000000.0	-0.180042436749
1960000000.0	0.422940467305
1962000000.0	-0.138002432886
1964000000.0	1.26223696829
1966000000.0	0.207588648333
1968000000.0	-0.55548497857
1970000000.0	-0.490786200819
1972000000.0	0.268375369041
1974000000.0	0.203326281042
1976000000.0	-0.296173543951
1978000000.0	0.151850798833
1980000000.0	0.114806307513
1982000000.0	0.543410298243
1984000000.0	0.108194463384
1986000000.0	0.165873325212
1988000000.0	0.850289788434
1990000000.0	0.147431013403
1992000000.0	-0.704772968444
1994000000.0	-0.516119067153
1996000000.0	-0.356426265834
1998000000.0	-0.516909612729
2000000000.0	2.40625
