0.0	-3.0109305
2000000.0	-0.157316881887
4000000.0	-0.102362940969
6000000.0	-0.55175093943
8000000.0	-0.397789723771
10000000.0	-0.207435436605
12000000.0	0.000642463558361
14000000.0	0.753867346507
16000000.0	1.55688248317
18000000.0	2.1891154256
20000000.0	2.42339683555
22000000.0	1.7667758707
24000000.0	0.812383110146
26000000.0	-0.702033318568
28000000.0	-2.24703230745
30000000.0	-2.91875911976
32000000.0	-2.51144885684
34000000.0	-1.11568153803
36000000.0	0.942849032852
38000000.0	2.0523282497
40000000.0	2.28490632695
42000000.0	1.89838859308
44000000.0	0.71761472864
46000000.0	-0.434564645903
48000000.0	-1.12046830128
50000000.0	-1.16265634034
52000000.0	-0.443928322415
54000000.0	0.267631773439
56000000.0	0.518961118633
58000000.0	0.389567809119
60000000.0	-0.239125684112
62000000.0	-0.488467778014
64000000.0	-0.353208606701
66000000.0	0.240734578517
68000000.0	0.731070772213
70000000.0	0.842682191044
72000000.0	0.435303594825
74000000.0	-0.255809376514
76000000.0	-0.999148085219
78000000.0	-1.09126317834
80000000.0	-0.607097735466
82000000.0	0.177735839035
84000000.0	1.00581550579
86000000.0	1.24956246546
88000000.0	0.840452177461
90000000.0	-0.0392701452052
92000000.0	-0.773988051393
94000000.0	-1.18122750442
96000000.0	-0.881837590656
98000000.0	-0.24473056054
100000000.0	0.403807621026
102000000.0	0.788455327419
104000000.0	0.75960473219
106000000.0	0.302716592861
108000000.0	-0.0538299823537
110000000.0	-0.427569310389
112000000.0	-0.405917284652
114000000.0	-0.353911622712
116000000.0	-0.133956762992
118000000.0	-0.0154679539646
120000000.0	0.0776012883402
122000000.0	0.0313410328937
124000000.0	0.220948591349
126000000.0	0.092622754356
128000000.0	0.246891553398
130000000.0	0.200396799534
132000000.0	-0.0433300488501
134000000.0	-0.301595832125
136000000.0	-0.595245884286
138000000.0	-0.545846940043
140000000.0	-0.268352503359
142000000.0	0.1556147614
144000000.0	0.58655883502
146000000.0	0.721269723534
148000000.0	0.429067972419
150000000.0	-0.0894640904438
152000000.0	-0.665473291968
154000000.0	-0.807606003949
156000000.0	-0.661388719731
158000000.0	0.00346756647901
160000000.0	0.548344778604
162000000.0	0.762441525829
164000000.0	0.596552225915
166000000.0	0.0927113609739
168000000.0	-0.498203514372
170000000.0	-0.759881638506
172000000.0	-0.64044143431
174000000.0	-0.10356801324
176000000.0	0.329968385161
178000000.0	0.674646748593
180000000.0	0.617692374999
182000000.0	0.193315577997
184000000.0	-0.223248161891
186000000.0	-0.532189975652
188000000.0	-0.609372014504
190000000.0	-0.279930631058
192000000.0	0.159087380307
194000000.0	0.347621415279
196000000.0	0.352549533524
198000000.0	0.216485097639
200000000.0	-0.19181640707
202000000.0	-0.0600176959507
204000000.0	-0.0603058883288
206000000.0	0.134456771565
208000000.0	0.0224669035629
210000000.0	-0.107992330805
212000000.0	-0.182909420429
214000000.0	-0.261315312049
216000000.0	-0.0802580683136
218000000.0	0.135445988324
220000000.0	0.474425921687
222000000.0	0.617167157065
224000000.0	0.25347737058
226000000.0	-0.258737154695
228000000.0	-0.726824956558
230000000.0	-0.86943380197
232000000.0	-0.536370334593
234000000.0	0.277902726169
236000000.0	0.960335345075
238000000.0	1.22902326348
240000000.0	0.706314529751
242000000.0	-0.101237479357
244000000.0	-1.06589058956
246000000.0	-1.40383563081
248000000.0	-0.997305538867
250000000.0	0.0446179179815
252000000.0	1.05508945766
254000000.0	1.54587820193
256000000.0	1.20809611838
258000000.0	0.182528466016
260000000.0	-0.922989305624
262000000.0	-1.63726530981
264000000.0	-1.44602364667
266000000.0	-0.320965897775
268000000.0	0.881902349321
270000000.0	1.71396802513
272000000.0	1.54182104292
274000000.0	0.603045472603
276000000.0	-0.807325881587
278000000.0	-1.40272951114
280000000.0	-1.5137623783
282000000.0	-0.697505932088
284000000.0	0.480594840815
286000000.0	1.39834599201
288000000.0	1.45905756185
290000000.0	0.452489288674
292000000.0	-0.659416674129
294000000.0	-0.656046966472
296000000.0	0.829562685367
298000000.0	3.11374618616
300000000.0	-13.0184231384
302000000.0	4.59821233643
304000000.0	4.46700615225
306000000.0	3.14727150499
308000000.0	0.788770351868
310000000.0	-1.64531097251
312000000.0	-3.06784176616
314000000.0	-2.65312002732
316000000.0	-0.813982674113
318000000.0	1.26032073083
320000000.0	2.44678273418
322000000.0	2.22776849897
324000000.0	0.890727896845
326000000.0	-0.700077578578
328000000.0	-1.92657111745
330000000.0	-1.92325583382
332000000.0	-1.12137406357
334000000.0	0.504082579262
336000000.0	1.50710626968
338000000.0	1.70672102974
340000000.0	0.980495830246
342000000.0	-0.240415029773
344000000.0	-1.28668035765
346000000.0	-1.5162886612
348000000.0	-0.838863388476
350000000.0	0.0596319086155
352000000.0	0.867609897012
354000000.0	1.26698276754
356000000.0	0.643429330542
358000000.0	-0.00770208344143
360000000.0	-0.677915040283
362000000.0	-0.829872565198
364000000.0	-0.492293263127
366000000.0	-0.122305934281
368000000.0	0.387460584879
370000000.0	0.595111643736
372000000.0	0.348971230629
374000000.0	0.036814511456
376000000.0	-0.191422914071
378000000.0	-0.338595797277
380000000.0	-0.182279798767
382000000.0	-0.0299716510397
384000000.0	0.125673222606
386000000.0	0.0498229883477
388000000.0	-0.0541790216229
390000000.0	-0.175466777579
392000000.0	-0.0513852658339
394000000.0	0.108642402578
396000000.0	0.353595095034
398000000.0	0.199049140906
400000000.0	-0.111994309424
402000000.0	-0.223611499429
404000000.0	-0.355013378707
406000000.0	-0.326233603948
408000000.0	-0.050884371525
410000000.0	0.307121769455
412000000.0	0.429649442533
414000000.0	0.38612094796
416000000.0	0.0640730471395
418000000.0	-0.303354945532
420000000.0	-0.522042679056
422000000.0	-0.400135433659
424000000.0	-0.156518476272
426000000.0	0.345221072512
428000000.0	0.483603956455
430000000.0	0.321816778589
432000000.0	0.107059091341
434000000.0	-0.261988354189
436000000.0	-0.407473657138
438000000.0	-0.393403700865
440000000.0	-0.15307286787
442000000.0	0.156665027612
444000000.0	0.33641193219
446000000.0	0.317490538559
448000000.0	0.112621175525
450000000.0	-0.126809086874
452000000.0	-0.278606347054
454000000.0	-0.299565202353
456000000.0	-0.0643653664878
458000000.0	0.0741530638175
460000000.0	0.0604477181057
462000000.0	0.15782891272
464000000.0	-0.0280493676222
466000000.0	-0.0388929605779
468000000.0	-0.0675683332051
470000000.0	0.00530408390355
472000000.0	0.0584903358481
474000000.0	0.0145913823463
476000000.0	-0.0232532679089
478000000.0	-0.0199095763152
480000000.0	-0.153756989032
482000000.0	-0.0441953242447
484000000.0	-0.0514001006672
486000000.0	0.198628916993
488000000.0	0.109368215777
490000000.0	0.0184847014769
492000000.0	-0.126600210272
494000000.0	-0.188431868262
496000000.0	-0.362053132672
498000000.0	-0.0710280676486
500000000.0	0.181499121317
502000000.0	0.261769184479
504000000.0	0.194614107797
506000000.0	0.137830641653
508000000.0	-0.0869272761009
510000000.0	-0.191641751515
512000000.0	-0.275864250035
514000000.0	-0.172996796632
516000000.0	0.123986173801
518000000.0	0.235574501091
520000000.0	0.122606269205
522000000.0	0.179192196157
524000000.0	0.0394484187499
526000000.0	-0.162158113667
528000000.0	-0.233247848117
530000000.0	-0.218779663878
532000000.0	-0.0212716002636
534000000.0	0.147572129484
536000000.0	0.142961970099
538000000.0	0.124780209393
540000000.0	-0.105765372114
542000000.0	-0.0785725927641
544000000.0	-0.125576869057
546000000.0	-0.00868656211546
548000000.0	0.0200229219688
550000000.0	0.0103199240941
552000000.0	-0.00828391427552
554000000.0	-0.0045315262647
556000000.0	-0.0750097622839
558000000.0	0.0346856733497
560000000.0	0.00230531642677
562000000.0	0.070901650314
564000000.0	-0.0252998323309
566000000.0	-0.0586653479868
568000000.0	-0.0188204777257
570000000.0	-0.13332089874
572000000.0	0.0106492113258
574000000.0	0.0703821151944
576000000.0	0.0407511401696
578000000.0	0.223766347308
580000000.0	0.141084742226
582000000.0	0.0385259675835
584000000.0	-0.118646406083
586000000.0	-0.191102297976
588000000.0	-0.196677310351
590000000.0	0.0719130416422
592000000.0	0.117761142698
594000000.0	0.208293992843
596000000.0	0.209725808675
598000000.0	0.0199367012343
600000000.0	-0.49517881015
602000000.0	-0.0883246365558
604000000.0	0.0045917674554
606000000.0	0.132772804008
608000000.0	0.0907488672249
610000000.0	0.147637411514
612000000.0	0.0730727745736
614000000.0	-0.00794608165741
616000000.0	-0.0993769774954
618000000.0	-0.1260570904
620000000.0	-0.0116299780784
622000000.0	0.093420665197
624000000.0	0.167339425989
626000000.0	0.0694739688819
628000000.0	-0.0403120066675
630000000.0	-0.0796635498317
632000000.0	0.0594307259723
634000000.0	-0.105249368862
636000000.0	-0.0153257147233
638000000.0	0.0441751825834
640000000.0	0.0136073495242
642000000.0	0.0943492162999
644000000.0	-0.075004606047
646000000.0	-0.0595699726623
648000000.0	0.0357423914473
650000000.0	-0.01552797821
652000000.0	0.0685829322099
654000000.0	0.0622644728473
656000000.0	0.0856215733858
658000000.0	0.0739730032963
660000000.0	-0.0937942580601
662000000.0	-0.117238545837
664000000.0	-0.0728465735577
666000000.0	0.0380312754584
668000000.0	0.179485594486
670000000.0	0.110504043777
672000000.0	-0.0367886422742
674000000.0	-0.0856465747349
676000000.0	-0.0758891946634
678000000.0	-0.167664062264
680000000.0	-0.153780531475
682000000.0	0.0386627382522
684000000.0	0.0401949908735
686000000.0	0.0455309641526
688000000.0	0.0959684124996
690000000.0	-0.000982105634047
692000000.0	-0.0645124945827
694000000.0	-0.0890683364557
696000000.0	-0.0727211283
698000000.0	-0.0259905880107
700000000.0	-0.00777836380969
702000000.0	0.169582326878
704000000.0	0.00742656331675
706000000.0	-0.00331546744162
708000000.0	-0.0807743234246
710000000.0	-0.00797193792908
712000000.0	-0.0466579303769
714000000.0	0.0543358366645
716000000.0	0.0297812352886
718000000.0	-0.0114995959653
720000000.0	-0.00980773068666
722000000.0	-0.0665233979993
724000000.0	-0.00680477022942
726000000.0	0.0224528282327
728000000.0	0.0126428371591
730000000.0	0.179750289891
732000000.0	-0.00885854136906
734000000.0	-0.082437531738
736000000.0	-0.0734648651997
738000000.0	-0.061772742963
740000000.0	0.00652504084336
742000000.0	-0.0564598366002
744000000.0	0.0533063860523
746000000.0	0.0366980342875
748000000.0	-0.000935392658763
750000000.0	-0.00308454705124
752000000.0	-0.0996427869662
754000000.0	-0.0755476250462
756000000.0	-0.0200818278421
758000000.0	0.0669714832996
760000000.0	0.0330465037588
762000000.0	0.161691229363
764000000.0	0.089055264989
766000000.0	0.0492524255022
768000000.0	-0.0301162688531
770000000.0	-0.00356784864562
772000000.0	-0.0596360251154
774000000.0	0.0544652516287
776000000.0	0.00509105782196
778000000.0	0.0862250192973
780000000.0	0.0834995248782
782000000.0	0.109597174216
784000000.0	0.0178164075669
786000000.0	-0.0189130202897
788000000.0	-0.170688521385
790000000.0	-0.0539918951577
792000000.0	-0.0453592728204
794000000.0	0.115758704859
796000000.0	0.0738065724237
798000000.0	0.0718495635782
800000000.0	-0.122093627564
802000000.0	-0.0623513915757
804000000.0	-0.0228831706232
806000000.0	-0.0741770828439
808000000.0	-0.0769731274846
810000000.0	0.0244511955942
812000000.0	0.0436799430672
814000000.0	0.00846694917864
816000000.0	0.0152103383764
818000000.0	0.045222231379
820000000.0	0.031669723484
822000000.0	0.01550308443
824000000.0	-0.0244170154946
826000000.0	0.0128201800959
828000000.0	-0.0573137707747
830000000.0	-0.126968825065
832000000.0	-0.0919534685902
834000000.0	0.065105308585
836000000.0	0.089324860051
838000000.0	0.14149502955
840000000.0	0.190578112621
842000000.0	-0.0245373797445
844000000.0	-0.147598298862
846000000.0	-0.278863836967
848000000.0	-0.180053690348
850000000.0	-0.0201603919237
852000000.0	0.201082017989
854000000.0	0.345641576647
856000000.0	0.272039691967
858000000.0	0.0394710962932
860000000.0	-0.281892294895
862000000.0	-0.427993892683
864000000.0	-0.446680552152
866000000.0	-0.171248372777
868000000.0	0.169921576544
870000000.0	0.403166454853
872000000.0	0.494470115132
874000000.0	0.244140489114
876000000.0	-0.0707272189218
878000000.0	-0.516968657456
880000000.0	-0.581427542062
882000000.0	-0.348610439065
884000000.0	0.146904113902
886000000.0	0.631922040328
888000000.0	0.75978183292
890000000.0	0.488237090246
892000000.0	-0.118092869613
894000000.0	-0.885086224203
896000000.0	-1.20675889171
898000000.0	-1.37397553689
900000000.0	3.52846756577
902000000.0	-0.869588241496
904000000.0	-0.227961665205
906000000.0	0.241922578085
908000000.0	0.256015821437
910000000.0	-0.104160589271
912000000.0	-0.373310801508
914000000.0	-0.356575242562
916000000.0	-0.166346616699
918000000.0	0.241870540393
920000000.0	0.431848257342
922000000.0	0.503433379538
924000000.0	0.148808371471
926000000.0	-0.0216190617798
928000000.0	-0.401821503561
930000000.0	-0.474794217637
932000000.0	-0.255846883509
934000000.0	0.120728195102
936000000.0	0.4737959549
938000000.0	0.512631306544
940000000.0	0.234752301266
942000000.0	-0.104313047473
944000000.0	-0.327677652942
946000000.0	-0.462869776556
948000000.0	-0.195750105213
950000000.0	-0.0277036254391
952000000.0	0.251424130074
954000000.0	0.358809932177
956000000.0	0.211250255118
958000000.0	-0.0111385690836
960000000.0	-0.213804180242
962000000.0	-0.265969776807
964000000.0	-0.16218787232
966000000.0	0.0127060620965
968000000.0	0.154628622417
970000000.0	0.248534014789
972000000.0	0.139685397718
974000000.0	-0.00695144849103
976000000.0	-0.0853252192697
978000000.0	-0.220389267877
980000000.0	0.0106994783776
982000000.0	-0.0406088415925
984000000.0	0.0325287070605
986000000.0	0.0201777058292
988000000.0	-0.101892173923
990000000.0	-0.0224468827832
992000000.0	-0.0485401966381
994000000.0	-0.00098380610337
996000000.0	0.0535608665904
998000000.0	0.126597944842
1000000000.0	0.284367
1002000000.0	0.0679814657085
1004000000.0	-0.129340440048
1006000000.0	-0.0899648482624
1008000000.0	-0.0043690031199
1010000000.0	0.101316993008
1012000000.0	0.0485297112665
1014000000.0	0.0976405738762
1016000000.0	-0.0594819460735
1018000000.0	-0.137955241292
1020000000.0	-0.103406962851
1022000000.0	-0.0996977052775
1024000000.0	-0.0401157079552
1026000000.0	0.17003519318
1028000000.0	0.181130019042
1030000000.0	0.0558566370558
1032000000.0	-0.0765761565971
1034000000.0	-0.11843814444
1036000000.0	-0.178391913714
1038000000.0	-0.138156083921
1040000000.0	-0.0135134884835
1042000000.0	0.0696749091513
1044000000.0	0.134471849971
1046000000.0	0.0520357900241
1048000000.0	-0.00566538398888
1050000000.0	-0.100119033361
1052000000.0	-0.165860796285
1054000000.0	-0.0822943518833
1056000000.0	-0.0042189234602
1058000000.0	-0.000260506604685
1060000000.0	0.0350004376558
1062000000.0	0.100127001216
1064000000.0	0.083818087616
1066000000.0	-0.0664331161892
1068000000.0	-0.18057089134
1070000000.0	-0.0480019825516
1072000000.0	0.0479845191774
1074000000.0	-0.0136031203997
1076000000.0	0.0351754168945
1078000000.0	0.0466237067983
1080000000.0	0.0249852372564
1082000000.0	-0.0759732992293
1084000000.0	0.0125195929585
1086000000.0	0.101462247973
1088000000.0	0.0378621017854
1090000000.0	-0.0071897331884
1092000000.0	-0.0137044766149
1094000000.0	-0.0395177402649
1096000000.0	-0.0551974069604
1098000000.0	-0.0270986728255
1100000000.0	0.154829275859
1102000000.0	0.00108485150641
1104000000.0	0.156416016749
1106000000.0	0.0321240059978
1108000000.0	-0.0187437848923
1110000000.0	-0.113611111867
1112000000.0	-0.053908891092
1114000000.0	0.00769692728811
1116000000.0	-0.0191651770562
1118000000.0	0.0523021779687
1120000000.0	-0.0217148145198
1122000000.0	0.00290250480112
1124000000.0	0.0244746315127
1126000000.0	-0.146557318394
1128000000.0	-0.0109807095442
1130000000.0	-0.0011606662471
1132000000.0	0.106590388764
1134000000.0	-0.00962232147578
1136000000.0	-0.0537094063338
1138000000.0	0.0308298854317
1140000000.0	-0.0420014440231
1142000000.0	-0.0691848647911
1144000000.0	-0.0110915621772
1146000000.0	-0.00278988357339
1148000000.0	0.0917756189011
1150000000.0	-0.0519613942809
1152000000.0	0.037693447957
1154000000.0	-0.0298624295094
1156000000.0	-0.0434971851804
1158000000.0	-0.051273871342
1160000000.0	0.0733434355003
1162000000.0	0.00599221132917
1164000000.0	0.0492193393351
1166000000.0	0.0099569673151
1168000000.0	0.0486444103124
1170000000.0	-0.151687931434
1172000000.0	0.0532872762289
1174000000.0	0.0907952363024
1176000000.0	0.0292878856757
1178000000.0	0.0887058044956
1180000000.0	0.0510524904541
1182000000.0	0.11717771031
1184000000.0	-0.0106458400646
1186000000.0	-0.0413346276515
1188000000.0	-0.063127461291
1190000000.0	0.0629950099699
1192000000.0	0.0285517230713
1194000000.0	0.0732140435531
1196000000.0	0.159063932665
1198000000.0	0.199368623644
1200000000.0	-0.484098940576
1202000000.0	0.0811926351367
1204000000.0	-0.00735786244243
1206000000.0	0.00702345630817
1208000000.0	0.00837540284033
1210000000.0	-0.0270966456878
1212000000.0	0.0494728252268
1214000000.0	-0.0423376841159
1216000000.0	-0.0137000992193
1218000000.0	0.00404903894893
1220000000.0	-0.000334807247591
1222000000.0	0.0617288891311
1224000000.0	0.00884044143759
1226000000.0	0.0259769463812
1228000000.0	-0.0476084909046
1230000000.0	-0.00506023685572
1232000000.0	0.0646776173735
1234000000.0	-0.0625634990657
1236000000.0	-0.015441769525
1238000000.0	-0.0308764897266
1240000000.0	0.0411370209602
1242000000.0	0.0142788010878
1244000000.0	0.0339150144334
1246000000.0	-0.0225885203464
1248000000.0	-0.0884094113573
1250000000.0	-0.263245403561
1252000000.0	0.0513234945908
1254000000.0	-0.0648202220564
1256000000.0	0.000606851901839
1258000000.0	0.0369299871262
1260000000.0	-0.0803122130034
1262000000.0	-0.024071673464
1264000000.0	0.0248377394746
1266000000.0	-0.00784471737316
1268000000.0	-0.0192226321545
1270000000.0	-0.0492424244633
1272000000.0	-0.0220292309849
1274000000.0	0.0921927631925
1276000000.0	-0.0397990014013
1278000000.0	-0.00564074382504
1280000000.0	-0.0632755363983
1282000000.0	-0.0064007210205
1284000000.0	0.0610097799348
1286000000.0	-0.0101797671975
1288000000.0	-0.0159172617378
1290000000.0	-0.0404319868058
1292000000.0	0.024305662022
1294000000.0	-0.0477740530147
1296000000.0	-0.107657584756
1298000000.0	-0.0886777021961
1300000000.0	0.202074620098
1302000000.0	-0.119118462621
1304000000.0	-0.15046458765
1306000000.0	-0.0555007315326
1308000000.0	-0.0144332026802
1310000000.0	-0.0185434548081
1312000000.0	0.00788726161232
1314000000.0	-0.0556010956412
1316000000.0	0.0012236709951
1318000000.0	0.0753319748164
1320000000.0	-0.00733516140791
1322000000.0	-0.0279647371942
1324000000.0	0.00979381577938
1326000000.0	0.0699487165207
1328000000.0	-0.0446555388534
1330000000.0	-0.0377951526896
1332000000.0	0.031075755322
1334000000.0	0.0241669560373
1336000000.0	-0.0515075334141
1338000000.0	0.0122094836962
1340000000.0	-0.0490221298594
1342000000.0	0.0369446814991
1344000000.0	0.0321521622905
1346000000.0	0.0858861112945
1348000000.0	0.0256496199586
1350000000.0	-0.0335070659836
1352000000.0	0.00341667606099
1354000000.0	-0.0581394721525
1356000000.0	-0.00883455815316
1358000000.0	-0.0112819415508
1360000000.0	-0.0360920534144
1362000000.0	0.116346309677
1364000000.0	-0.0523271039569
1366000000.0	-0.102032450191
1368000000.0	0.011198996783
1370000000.0	0.0278774097816
1372000000.0	0.0816097634988
1374000000.0	0.0941948796355
1376000000.0	-0.161599752309
1378000000.0	0.0148634889188
1380000000.0	0.0666439257139
1382000000.0	0.0796566403532
1384000000.0	-0.0726518595057
1386000000.0	0.0526551305134
1388000000.0	-0.0475009091819
1390000000.0	-0.134208191852
1392000000.0	-0.0419682926137
1394000000.0	-0.00925383607873
1396000000.0	0.103543579672
1398000000.0	0.13869005309
1400000000.0	-0.0352823702276
1402000000.0	0.0253913387205
1404000000.0	-0.0901357559239
1406000000.0	0.0443134158256
1408000000.0	0.00533749250148
1410000000.0	-0.0934186472723
1412000000.0	0.0278702935804
1414000000.0	0.0402643834658
1416000000.0	0.0430711197807
1418000000.0	0.0680272474087
1420000000.0	0.0449317449041
1422000000.0	0.0180946079287
1424000000.0	-0.087108958845
1426000000.0	-0.0102832202651
1428000000.0	0.0370940477416
1430000000.0	-0.0321951817781
1432000000.0	-0.0688432470367
1434000000.0	-0.031367231696
1436000000.0	-0.0591510966246
1438000000.0	0.0604261046044
1440000000.0	0.0483431005151
1442000000.0	0.0382879401703
1444000000.0	-0.0366162392062
1446000000.0	-0.0718275361481
1448000000.0	-0.0735574750881
1450000000.0	0.0207852154964
1452000000.0	0.00550678967903
1454000000.0	0.108231984827
1456000000.0	0.182485983009
1458000000.0	-0.0169272239208
1460000000.0	-0.0745195435028
1462000000.0	-0.104047264218
1464000000.0	-0.194436128337
1466000000.0	-0.0339435285287
1468000000.0	0.0510730885889
1470000000.0	0.240363349089
1472000000.0	0.167217561541
1474000000.0	0.188761311723
1476000000.0	-0.0381375098461
1478000000.0	-0.227336412012
1480000000.0	-0.308965461595
1482000000.0	-0.181925741425
1484000000.0	-0.0562841654477
1486000000.0	0.280309681425
1488000000.0	0.423723894085
1490000000.0	0.266072597052
1492000000.0	-0.0355419077286
1494000000.0	-0.415160364516
1496000000.0	-0.812505928549
1498000000.0	-1.10908501357
1500000000.0	3.08726887868
1502000000.0	-0.82085273013
1504000000.0	-0.470492984252
1506000000.0	-0.171170688581
1508000000.0	0.0872544674233
1510000000.0	-0.0194104489582
1512000000.0	0.0798449992748
1514000000.0	-0.0836389781179
1516000000.0	-0.0599795917082
1518000000.0	0.085593836519
1520000000.0	0.127425216992
1522000000.0	0.0547656451263
1524000000.0	0.0803284361467
1526000000.0	-0.0221190075077
1528000000.0	-0.115198438326
1530000000.0	-0.189493683469
1532000000.0	-0.021910616826
1534000000.0	0.178502881646
1536000000.0	0.0271360428807
1538000000.0	0.148523811576
1540000000.0	0.015921194343
1542000000.0	-0.0294374383413
1544000000.0	-0.145008367252
1546000000.0	-0.180623054307
1548000000.0	-0.0407746253309
1550000000.0	0.00708626107427
1552000000.0	0.133089512395
1554000000.0	0.124562431184
1556000000.0	0.0775913780984
1558000000.0	-0.0613013802759
1560000000.0	-0.0913865338779
1562000000.0	-0.101399143026
1564000000.0	-0.076274059803
1566000000.0	-0.0398889751317
1568000000.0	0.117758915656
1570000000.0	0.106799410801
1572000000.0	0.087515760301
1574000000.0	0.0301456558172
1576000000.0	-0.129584733551
1578000000.0	-0.046281202461
1580000000.0	0.0692895054164
1582000000.0	-0.0199987801912
1584000000.0	-0.0290680436222
1586000000.0	0.0639067737154
1588000000.0	-0.00947697710643
1590000000.0	-0.029969906748
1592000000.0	-0.0197955999006
1594000000.0	0.0187501916521
1596000000.0	-0.0270458340606
1598000000.0	0.0821115948744
1600000000.0	-0.0364986224361
1602000000.0	0.0399084386898
1604000000.0	-0.0717798944676
1606000000.0	0.0313498222455
1608000000.0	-0.00970277281896
1610000000.0	-0.0185460868596
1612000000.0	0.0288199398223
1614000000.0	0.0127122545448
1616000000.0	0.0691301294003
1618000000.0	-0.0265252720828
1620000000.0	-0.012591430832
1622000000.0	0.00763614779034
1624000000.0	-0.0155884607572
1626000000.0	0.0167857536302
1628000000.0	-0.0455700758137
1630000000.0	-0.0037937714819
1632000000.0	-0.0325443704883
1634000000.0	-0.0619354373434
1636000000.0	-0.0214503458745
1638000000.0	-0.0838223882437
1640000000.0	-0.0844520469865
1642000000.0	-0.0588530749978
1644000000.0	0.0694008878038
1646000000.0	0.0233907641247
1648000000.0	-0.0937010106038
1650000000.0	-0.0128449816399
1652000000.0	0.0486419939223
1654000000.0	-0.0545327027555
1656000000.0	0.024996976135
1658000000.0	0.00908091024247
1660000000.0	0.0317740291064
1662000000.0	-0.00924539806238
1664000000.0	0.0388970593685
1666000000.0	0.0246789562259
1668000000.0	0.0600863179052
1670000000.0	-0.0303033518313
1672000000.0	0.00611108604176
1674000000.0	0.0525297007883
1676000000.0	-0.0623174916879
1678000000.0	0.0366021813524
1680000000.0	-0.0109296209315
1682000000.0	-0.0274090185318
1684000000.0	0.119637507665
1686000000.0	0.0146159927562
1688000000.0	0.0160447308549
1690000000.0	0.00615233107838
1692000000.0	-0.058904159999
1694000000.0	0.00694770429795
1696000000.0	-0.0913344030773
1698000000.0	-0.123874600264
1700000000.0	0.111802379623
1702000000.0	-0.0636907193754
1704000000.0	-0.0152886318778
1706000000.0	-0.0327284114596
1708000000.0	-0.0395797079063
1710000000.0	0.0250245704932
1712000000.0	0.0137486499613
1714000000.0	-0.0290614799714
1716000000.0	0.0281529212356
1718000000.0	0.0838724011303
1720000000.0	-0.0194039439897
1722000000.0	0.0253019798261
1724000000.0	-0.0318840472094
1726000000.0	0.0288114963774
1728000000.0	-0.0588123118869
1730000000.0	0.0169447091245
1732000000.0	0.0260328313325
1734000000.0	0.0549969875866
1736000000.0	-0.0556184200808
1738000000.0	0.00326616117104
1740000000.0	0.0218246539466
1742000000.0	-0.0089117987695
1744000000.0	-0.0178478770672
1746000000.0	0.0334505993346
1748000000.0	-0.0198614780979
1750000000.0	0.0779580326312
1752000000.0	-0.0213699975089
1754000000.0	-0.0117774387439
1756000000.0	0.00394684492058
1758000000.0	-0.0150644963707
1760000000.0	-0.0102941632401
1762000000.0	0.0175108346927
1764000000.0	-0.0618061967772
1766000000.0	-0.0287363886267
1768000000.0	-0.022506832691
1770000000.0	0.0863310494453
1772000000.0	-0.0739619232641
1774000000.0	0.00520634654471
1776000000.0	-0.0365375251618
1778000000.0	-0.0208768656864
1780000000.0	0.00913401141932
1782000000.0	0.0390588669877
1784000000.0	-0.0013639569946
1786000000.0	0.0335685931315
1788000000.0	-0.0347243314829
1790000000.0	-0.00851583223314
1792000000.0	-0.0024195354168
1794000000.0	0.0134326601352
1796000000.0	-0.0106849271538
1798000000.0	0.155169713418
1800000000.0	-0.398026912553
1802000000.0	0.119030493597
1804000000.0	0.071683415949
1806000000.0	0.0176167007027
1808000000.0	0.0140300422668
1810000000.0	0.022861184094
1812000000.0	0.00457673467465
1814000000.0	0.0366713444182
1816000000.0	-0.0471828768256
1818000000.0	0.029543079603
1820000000.0	0.00380931641547
1822000000.0	-0.0499382548686
1824000000.0	0.00428877638443
1826000000.0	-0.0166670656854
1828000000.0	0.078131102667
1830000000.0	0.0760710699017
1832000000.0	-0.0147001463002
1834000000.0	-0.0104175770903
1836000000.0	-0.0179886527195
1838000000.0	-0.0198303327884
1840000000.0	-0.116228142126
1842000000.0	-0.00969353957375
1844000000.0	-0.0277915207726
1846000000.0	-0.00273618817569
1848000000.0	0.0200185046698
1850000000.0	-0.0819260590351
1852000000.0	0.0170341236369
1854000000.0	-0.019641640337
1856000000.0	0.0275216017028
1858000000.0	-0.000868574487236
1860000000.0	0.0909613614691
1862000000.0	0.0213511576379
1864000000.0	0.0538400724176
1866000000.0	0.0067374027629
1868000000.0	-0.033705616202
1870000000.0	-0.0112071742345
1872000000.0	-0.0183894281116
1874000000.0	0.079236748644
1876000000.0	-0.0685796681725
1878000000.0	0.0381139667793
1880000000.0	-0.0378244193689
1882000000.0	-0.0397574783615
1884000000.0	-0.00942553873395
1886000000.0	0.0433440230652
1888000000.0	-0.0477547214727
1890000000.0	-0.0131251776602
1892000000.0	-0.025079885204
1894000000.0	-0.0889560481318
1896000000.0	-0.198480429654
1898000000.0	-0.274020006403
1900000000.0	1.07520203987
1902000000.0	-0.397182398672
1904000000.0	-0.251902109009
1906000000.0	-0.118483633997
1908000000.0	-0.0350387256377
1910000000.0	0.152391237153
1912000000.0	0.0388875796227
1914000000.0	0.0880620669063
1916000000.0	-0.00516186310021
1918000000.0	-0.00687285461993
1920000000.0	-0.109868529395
1922000000.0	-0.0546795600783
1924000000.0	0.0159806357567
1926000000.0	0.0489485726872
1928000000.0	0.0295083938679
1930000000.0	0.0327700282187
1932000000.0	0.00614064213362
1934000000.0	-0.00251850672814
1936000000.0	-0.00472210908347
1938000000.0	-0.0394512235753
1940000000.0	-0.0168305176684
1942000000.0	-0.0293329839145
1944000000.0	0.0424025300734
1946000000.0	0.0228189273396
1948000000.0	0.0322684515129
1950000000.0	-0.0126392617466
1952000000.0	-0.00126835066432
1954000000.0	-0.0887722901132
1956000000.0	-0.00755913966026
1958000000.0	-0.0444602150447
1960000000.0	0.0569084332185
1962000000.0	0.00936314359317
1964000000.0	-0.0548832749329
1966000000.0	-0.00761910787377
1968000000.0	-0.0524075901445
1970000000.0	-0.0242115903019
1972000000.0	-0.0300557837581
1974000000.0	-0.0164049462021
1976000000.0	-0.0164007662686
1978000000.0	0.0503806191641
1980000000.0	-0.0137662394564
1982000000.0	-0.00322410490275
1984000000.0	-0.0147268472862
1986000000.0	0.0268615529599
1988000000.0	-0.0134766429716
1990000000.0	0.000670125453056
1992000000.0	-0.0767110306558
1994000000.0	0.0917300572414
1996000000.0	0.0261015777737
1998000000.0	0.0972501625633
2000000000.0	-0.3078235
