0.0	-1.996875
2000000.0	0.23092936476
4000000.0	1.1533267626
6000000.0	0.533695127172
8000000.0	0.696801604368
10000000.0	0.485325337379
12000000.0	-0.559745426606
14000000.0	-1.355708084
16000000.0	-1.07340740659
18000000.0	-0.0473383057645
20000000.0	0.968184255631
22000000.0	1.4342153304
24000000.0	1.21450134472
26000000.0	0.458057975418
28000000.0	-0.544174269277
30000000.0	-1.57634140594
32000000.0	-1.82172534963
34000000.0	-0.755419198173
36000000.0	1.36767256767
38000000.0	1.69302584281
40000000.0	1.3977275946
42000000.0	0.849668453658
44000000.0	-0.180782421253
46000000.0	-1.0867567631
48000000.0	-1.12384774661
50000000.0	-0.487293950659
52000000.0	0.773642064793
54000000.0	1.35447672505
56000000.0	1.51597544835
58000000.0	0.490030509923
60000000.0	-0.677442662217
62000000.0	-1.61413167504
64000000.0	-1.69459711923
66000000.0	-0.518892016684
68000000.0	0.830337229106
70000000.0	1.90857522481
72000000.0	1.73561704547
74000000.0	0.804403386244
76000000.0	-0.875416850174
78000000.0	-1.48637336941
80000000.0	-1.58293299421
82000000.0	-0.748512270087
84000000.0	0.499280093994
86000000.0	1.27638772672
88000000.0	1.37860410219
90000000.0	0.707421697345
92000000.0	-0.252239208132
94000000.0	-1.06461430988
96000000.0	-0.943781985349
98000000.0	-0.355678945198
100000000.0	0.343526421885
102000000.0	0.829745798379
104000000.0	0.563617546325
106000000.0	0.0898850370287
108000000.0	-0.553301725581
110000000.0	-0.668919909528
112000000.0	-0.363198750635
114000000.0	0.103844114658
116000000.0	0.673332384734
118000000.0	0.658528438887
120000000.0	0.322857614786
122000000.0	-0.325435635509
124000000.0	-0.289847636447
126000000.0	-0.866865973193
128000000.0	-0.238810821719
130000000.0	0.531995962433
132000000.0	0.834720914993
134000000.0	0.297451883469
136000000.0	-0.336499403314
138000000.0	-0.905196008004
140000000.0	-0.75060398041
142000000.0	-0.29127118646
144000000.0	0.470773044193
146000000.0	1.00032032764
148000000.0	0.808547175375
150000000.0	0.253672110014
152000000.0	-0.751932931339
154000000.0	-1.18505095313
156000000.0	-1.05297062789
158000000.0	-0.184968259027
160000000.0	0.655082397247
162000000.0	1.35215585969
164000000.0	0.938923794078
166000000.0	0.128725990173
168000000.0	-0.645289184005
170000000.0	-1.41510228587
172000000.0	-1.02541669987
174000000.0	-0.193252840876
176000000.0	0.530381899754
178000000.0	1.0094623742
180000000.0	1.01589902712
182000000.0	0.210981420193
184000000.0	-0.448100108317
186000000.0	-0.885198916865
188000000.0	-0.680268785878
190000000.0	-0.164582357999
192000000.0	0.394484922682
194000000.0	0.738609238155
196000000.0	0.306552915919
198000000.0	-0.268764049605
200000000.0	-0.100144268633
202000000.0	-0.55998573793
204000000.0	-0.121183556306
206000000.0	0.249134620546
208000000.0	0.373102961212
210000000.0	0.237427853032
212000000.0	-0.235594797014
214000000.0	-0.593981840205
216000000.0	-0.632494270176
218000000.0	-0.0869951978244
220000000.0	0.631065573868
222000000.0	1.05988492408
224000000.0	0.884223790789
226000000.0	0.168173682773
228000000.0	-0.968683427296
230000000.0	-1.46586685374
232000000.0	-0.969757918046
234000000.0	0.0783906421015
236000000.0	1.22441008254
238000000.0	1.54040273901
240000000.0	1.18229694843
242000000.0	-0.221456278161
244000000.0	-1.21838021392
246000000.0	-1.73923169973
248000000.0	-1.22860262202
250000000.0	0.39489211414
252000000.0	1.32658960766
254000000.0	2.36835619316
256000000.0	1.69121495808
258000000.0	-0.0543005330977
260000000.0	-1.83679514038
262000000.0	-2.47616638679
264000000.0	-1.23525391037
266000000.0	0.308413117965
268000000.0	1.67994431964
270000000.0	1.72589314226
272000000.0	1.02037801216
274000000.0	0.0811445434599
276000000.0	-0.976555618336
278000000.0	-1.98976860197
280000000.0	-1.73379944348
282000000.0	0.055307520564
284000000.0	2.46354328769
286000000.0	2.67313098341
288000000.0	-0.112422032924
290000000.0	-4.39768427808
292000000.0	-4.66621396904
294000000.0	1.74329956553
296000000.0	12.350637554
298000000.0	21.034554838
300000000.0	-53.8102176582
302000000.0	14.4926899357
304000000.0	9.47723249861
306000000.0	5.83066811453
308000000.0	2.65194906339
310000000.0	-0.936760066178
312000000.0	-4.7112197788
314000000.0	-5.73413890921
316000000.0	-2.68301969006
318000000.0	2.07820783504
320000000.0	4.94910875082
322000000.0	4.0189213197
324000000.0	0.848234558531
326000000.0	-2.31462374172
328000000.0	-3.09724058235
330000000.0	-2.24309525019
332000000.0	-0.638126266067
334000000.0	0.865869455752
336000000.0	2.0627781272
338000000.0	2.06126984728
340000000.0	1.10425836993
342000000.0	-0.565688743786
344000000.0	-2.01454389971
346000000.0	-1.98160864369
348000000.0	-0.552677125155
350000000.0	0.875996232243
352000000.0	1.4429741817
354000000.0	1.07214302758
356000000.0	0.155638666699
358000000.0	-0.538707843714
360000000.0	-0.636408387175
362000000.0	-0.526342621189
364000000.0	-0.153277879832
366000000.0	0.322160796139
368000000.0	0.695964552754
370000000.0	0.417938057238
372000000.0	-0.029974949877
374000000.0	-0.537730494129
376000000.0	-0.467500163774
378000000.0	0.00405467259467
380000000.0	0.379634094178
382000000.0	0.560298237762
384000000.0	0.218630114484
386000000.0	-0.250624542825
388000000.0	-0.571712726809
390000000.0	-0.456914367656
392000000.0	-0.106993206031
394000000.0	0.200989495254
396000000.0	0.629665161262
398000000.0	0.358295779568
400000000.0	0.450412966549
402000000.0	-0.379711638782
404000000.0	-0.738300131205
406000000.0	-0.651683275962
408000000.0	-0.115925492537
410000000.0	0.424412773986
412000000.0	0.79619663203
414000000.0	0.569729047275
416000000.0	0.00893239402604
418000000.0	-0.349284157854
420000000.0	-0.573703423365
422000000.0	-0.68311483805
424000000.0	-0.0607991473458
426000000.0	0.368572453264
428000000.0	0.628238461936
430000000.0	0.523011695438
432000000.0	0.0850405375365
434000000.0	-0.321138723064
436000000.0	-0.616390540795
438000000.0	-0.593118555566
440000000.0	-0.169044343614
442000000.0	0.245437010941
444000000.0	0.501667242419
446000000.0	0.305697555465
448000000.0	0.153448922224
450000000.0	-0.274821870936
452000000.0	-0.260377297775
454000000.0	-0.081415954346
456000000.0	-0.0384231676204
458000000.0	0.297817634895
460000000.0	0.225162943395
462000000.0	0.027195405031
464000000.0	-0.219044956876
466000000.0	-0.29433433054
468000000.0	-0.168233551315
470000000.0	0.0366490401804
472000000.0	0.241210003348
474000000.0	0.260299822649
476000000.0	0.193003483938
478000000.0	-0.151277247885
480000000.0	-0.399394107364
482000000.0	-0.201925440621
484000000.0	-0.0315411008167
486000000.0	0.214970632388
488000000.0	0.256829928248
490000000.0	0.148126855885
492000000.0	-0.203235386747
494000000.0	-0.187829122278
496000000.0	-0.442933617356
498000000.0	-0.20092778859
500000000.0	-0.00823650009945
502000000.0	0.313430207366
504000000.0	0.348331564454
506000000.0	0.281973675922
508000000.0	0.098868819879
510000000.0	-0.360558335917
512000000.0	-0.527106261363
514000000.0	-0.230796025042
516000000.0	0.132635133059
518000000.0	0.148300979556
520000000.0	0.204638843936
522000000.0	0.20958687032
524000000.0	-0.186576242006
526000000.0	-0.171686744084
528000000.0	-0.295707468942
530000000.0	-0.104440095559
532000000.0	0.0911346167067
534000000.0	0.258517566469
536000000.0	0.173846458297
538000000.0	0.168292640832
540000000.0	0.0316539321119
542000000.0	-0.156802960155
544000000.0	-0.16381398446
546000000.0	-0.0384558987833
548000000.0	0.124494118292
550000000.0	0.123635273235
552000000.0	0.11017141632
554000000.0	-0.0137535096822
556000000.0	-0.151925091344
558000000.0	-0.215166061525
560000000.0	-0.0424170307023
562000000.0	0.0217760557965
564000000.0	0.161000947263
566000000.0	0.221862529946
568000000.0	0.0828142516401
570000000.0	-0.283323321342
572000000.0	-0.216782810243
574000000.0	0.0248018461679
576000000.0	0.0322315440303
578000000.0	0.123956543466
580000000.0	0.189497197365
582000000.0	0.124355640049
584000000.0	0.00950972596977
586000000.0	-0.222137103173
588000000.0	-0.273455380233
590000000.0	-0.214758277043
592000000.0	-0.0477227814946
594000000.0	0.4050966691
596000000.0	0.2615780999
598000000.0	0.366779823226
600000000.0	-0.827735524139
602000000.0	0.103145972984
604000000.0	-0.168706481536
606000000.0	-0.00490248221913
608000000.0	-0.0394751203717
610000000.0	0.159724652511
612000000.0	0.167370156972
614000000.0	-0.000629833348597
616000000.0	-0.144883751987
618000000.0	-0.307079160943
620000000.0	-0.110999788088
622000000.0	-0.0785524274513
624000000.0	-0.122615985262
626000000.0	0.54131058202
628000000.0	0.295456007525
630000000.0	0.104304235931
632000000.0	-0.0848382893491
634000000.0	-0.166841422376
636000000.0	0.105624673115
638000000.0	-0.074248125851
640000000.0	0.0626452562147
642000000.0	0.0187502944026
644000000.0	0.191795325878
646000000.0	0.0785513582019
648000000.0	-0.0358319811231
650000000.0	-0.128605408007
652000000.0	0.0675851070179
654000000.0	0.158514802413
656000000.0	0.180836793745
658000000.0	0.0907159741532
660000000.0	-0.0723264902153
662000000.0	-0.184529774497
664000000.0	0.00424935311107
666000000.0	-0.0756817599238
668000000.0	0.133833585164
670000000.0	0.146727450251
672000000.0	0.0735094407279
674000000.0	0.211827761495
676000000.0	-0.0647613375746
678000000.0	-0.185232406555
680000000.0	-0.247783359161
682000000.0	-0.104903038194
684000000.0	0.0872009476844
686000000.0	0.112870002096
688000000.0	0.128703610612
690000000.0	0.00558123776591
692000000.0	-0.0778446946684
694000000.0	-0.114177642539
696000000.0	-0.126466134577
698000000.0	0.0405191188134
700000000.0	-0.200056219045
702000000.0	0.439510482556
704000000.0	0.128670645458
706000000.0	-0.013723680371
708000000.0	-0.153770002128
710000000.0	-0.118647278661
712000000.0	-0.13290657794
714000000.0	0.0897601703936
716000000.0	0.172397964346
718000000.0	0.156291873914
720000000.0	0.0965957267737
722000000.0	-0.0161289076388
724000000.0	-0.214934914632
726000000.0	-0.0955989307128
728000000.0	-0.218661527066
730000000.0	0.172080799345
732000000.0	0.0709485633481
734000000.0	0.155154109491
736000000.0	-0.138105696441
738000000.0	-0.213974667999
740000000.0	-0.0902299532336
742000000.0	-0.0246211083241
744000000.0	-0.0114639400818
746000000.0	0.184111324322
748000000.0	0.20169835776
750000000.0	-0.262815728791
752000000.0	-0.192496999894
754000000.0	-0.24078200925
756000000.0	-0.201926424766
758000000.0	0.0143702072876
760000000.0	0.00310215379717
762000000.0	0.286785615469
764000000.0	0.0940626461312
766000000.0	0.138383049253
768000000.0	-0.183582086876
770000000.0	-0.205894996498
772000000.0	-0.412536000096
774000000.0	0.0440660755373
776000000.0	0.160694825326
778000000.0	0.122901814242
780000000.0	0.20661357801
782000000.0	0.11083731249
784000000.0	-0.102267194083
786000000.0	-0.191306170236
788000000.0	-0.137623974038
790000000.0	-0.063728512477
792000000.0	0.263947743349
794000000.0	0.103753646653
796000000.0	0.00956693605134
798000000.0	-0.243279156187
800000000.0	0.11315848885
802000000.0	-0.30570136437
804000000.0	-0.0320780858147
806000000.0	-0.0561013302331
808000000.0	0.219209423808
810000000.0	0.0362281865711
812000000.0	-0.0754840656664
814000000.0	-0.199970197381
816000000.0	-0.164504748221
818000000.0	-0.14415161116
820000000.0	0.116456221235
822000000.0	0.266522903718
824000000.0	0.259944711307
826000000.0	0.153882373698
828000000.0	-0.221712975611
830000000.0	-0.427134669069
832000000.0	-0.215670138202
834000000.0	0.101165042813
836000000.0	0.308754139062
838000000.0	0.48302975473
840000000.0	0.250890859737
842000000.0	-0.0172910025226
844000000.0	-0.262064488456
846000000.0	-0.335769353208
848000000.0	-0.306786497262
850000000.0	-0.0791738503012
852000000.0	0.195253324235
854000000.0	0.525698604695
856000000.0	0.501091135753
858000000.0	-0.0603398029735
860000000.0	-0.463070815484
862000000.0	-0.585275767689
864000000.0	-0.427563715301
866000000.0	0.133012160744
868000000.0	0.327461498896
870000000.0	0.364813449044
872000000.0	0.300509382432
874000000.0	-0.151798531118
876000000.0	-0.0954434331336
878000000.0	-0.456062289365
880000000.0	-0.395677828535
882000000.0	0.0173898193046
884000000.0	0.549891434864
886000000.0	0.726444150754
888000000.0	-0.137515225761
890000000.0	-1.26358349251
892000000.0	-1.39458106637
894000000.0	0.516748536152
896000000.0	3.62839259925
898000000.0	6.40948060861
900000000.0	-15.733321886
902000000.0	4.04380444751
904000000.0	2.70810048931
906000000.0	1.56858121332
908000000.0	0.822407704288
910000000.0	-0.240957377596
912000000.0	-1.15177354129
914000000.0	-1.63844489228
916000000.0	-0.789284381525
918000000.0	0.473310737111
920000000.0	1.28462299491
922000000.0	1.09931555586
924000000.0	0.308295807999
926000000.0	-0.507238980585
928000000.0	-0.972243753552
930000000.0	-0.643231038055
932000000.0	-0.158207952551
934000000.0	0.162632081489
936000000.0	0.495874673279
938000000.0	0.589215995476
940000000.0	0.275672355851
942000000.0	-0.163289068045
944000000.0	-0.417899291146
946000000.0	-0.584424354819
948000000.0	-0.128356435519
950000000.0	-0.00683295573326
952000000.0	0.405440269297
954000000.0	0.233570973754
956000000.0	0.176664134153
958000000.0	-0.128961273345
960000000.0	-0.102239234618
962000000.0	-0.24818484885
964000000.0	-0.0492081679196
966000000.0	0.159968997187
968000000.0	0.278466852126
970000000.0	0.0677071544245
972000000.0	-0.00124993832122
974000000.0	-0.136580629588
976000000.0	-0.283173457287
978000000.0	-0.01607878367
980000000.0	0.218247132628
982000000.0	0.178875585212
984000000.0	0.0575453654315
986000000.0	-0.0534703733003
988000000.0	-0.105428672262
990000000.0	-0.282774559839
992000000.0	-0.0239627814633
994000000.0	0.134971968259
996000000.0	0.30532259676
998000000.0	0.276066866606
1000000000.0	-0.425
1002000000.0	-0.0375625427597
1004000000.0	-0.249600094985
1006000000.0	-0.22049939957
1008000000.0	-0.0481617855293
1010000000.0	0.0891942913988
1012000000.0	0.145021327871
1014000000.0	0.0980347897949
1016000000.0	-0.0366164594114
1018000000.0	-0.012647703538
1020000000.0	-0.207789999091
1022000000.0	-0.128958710191
1024000000.0	-0.0883463890151
1026000000.0	0.259959005901
1028000000.0	0.149905119537
1030000000.0	0.232791167662
1032000000.0	-0.00429127573386
1034000000.0	-0.098532288043
1036000000.0	-0.0694909624868
1038000000.0	-0.148941256066
1040000000.0	-0.0843000643155
1042000000.0	0.0723361896033
1044000000.0	0.180533199871
1046000000.0	0.119497420198
1048000000.0	0.0267094146929
1050000000.0	-0.0854654308605
1052000000.0	-0.158790550567
1054000000.0	-0.0100875250845
1056000000.0	0.133847719945
1058000000.0	0.0689810584343
1060000000.0	0.059708727044
1062000000.0	0.108625768891
1064000000.0	-0.00692750548182
1066000000.0	-0.182329483816
1068000000.0	0.0374016018309
1070000000.0	0.0636517741121
1072000000.0	-0.0813366764567
1074000000.0	0.00162605035715
1076000000.0	0.162133848125
1078000000.0	0.0166464641
1080000000.0	-0.0348584656312
1082000000.0	-0.1154967847
1084000000.0	0.0395462449442
1086000000.0	0.117461949539
1088000000.0	0.108310732481
1090000000.0	0.0460493035938
1092000000.0	-0.0495564876388
1094000000.0	-0.00508762319328
1096000000.0	-0.106463394954
1098000000.0	0.0789609418234
1100000000.0	-0.069779376018
1102000000.0	0.145401123183
1104000000.0	0.00193703422689
1106000000.0	0.0266126202381
1108000000.0	0.0316141907925
1110000000.0	-0.0468913983901
1112000000.0	-0.232805193311
1114000000.0	0.0451914251497
1116000000.0	0.0200322662554
1118000000.0	0.161340327728
1120000000.0	0.0924684323542
1122000000.0	0.0827716692242
1124000000.0	-0.0719679733884
1126000000.0	0.0256375113747
1128000000.0	-0.143479012067
1130000000.0	-0.0746660591995
1132000000.0	0.124200382005
1134000000.0	0.0475714375129
1136000000.0	-0.0136872904814
1138000000.0	0.0212652763934
1140000000.0	0.0136297011853
1142000000.0	-0.100089832767
1144000000.0	-0.0204251195135
1146000000.0	-0.0121317002358
1148000000.0	0.0955230421119
1150000000.0	-0.0366873205895
1152000000.0	-0.0290722706978
1154000000.0	0.0904652158498
1156000000.0	0.0771868243123
1158000000.0	-0.126040917804
1160000000.0	-0.00784031219678
1162000000.0	0.0508536943302
1164000000.0	0.149881062146
1166000000.0	0.0281885239363
1168000000.0	0.0925241166552
1170000000.0	-0.0422093311612
1172000000.0	-0.0932947543121
1174000000.0	0.0280232992152
1176000000.0	-0.052711463706
1178000000.0	-0.054879673764
1180000000.0	0.151105075837
1182000000.0	0.0515347176038
1184000000.0	0.0434826956959
1186000000.0	-0.0299387566194
1188000000.0	-0.0486105500963
1190000000.0	-0.0129425429448
1192000000.0	-0.0326214391051
1194000000.0	0.25441150492
1196000000.0	-0.0123678219849
1198000000.0	0.19967035057
1200000000.0	-0.608225466549
1202000000.0	0.263510081495
1204000000.0	0.024339214334
1206000000.0	-0.0615202814182
1208000000.0	-0.0534063673897
1210000000.0	0.0153871095279
1212000000.0	0.0389608319583
1214000000.0	0.100946111523
1216000000.0	0.019827982367
1218000000.0	-0.0850483599786
1220000000.0	-0.114356224652
1222000000.0	-0.0481908066402
1224000000.0	-0.00261204176796
1226000000.0	0.0520620924888
1228000000.0	0.0196170722478
1230000000.0	0.075374534669
1232000000.0	0.00213821314228
1234000000.0	0.0359240925027
1236000000.0	0.0705010638325
1238000000.0	0.00271596997725
1240000000.0	-0.0297632359487
1242000000.0	-0.0685285844382
1244000000.0	0.0602353219863
1246000000.0	0.00100980542465
1248000000.0	0.00945556252396
1250000000.0	-0.715921644624
1252000000.0	0.0961662335959
1254000000.0	0.0156814005598
1256000000.0	-0.0910310358935
1258000000.0	0.0158176447612
1260000000.0	0.00691015411812
1262000000.0	0.0498561083169
1264000000.0	-0.0102928364727
1266000000.0	-0.0237024894837
1268000000.0	0.0175460474955
1270000000.0	-0.0224748876217
1272000000.0	0.0277165038836
1274000000.0	0.220313194983
1276000000.0	-0.0199945463743
1278000000.0	-0.00209619833695
1280000000.0	-0.0325071665337
1282000000.0	0.0250482762711
1284000000.0	0.0641123504342
1286000000.0	-0.115043211395
1288000000.0	0.0480911450958
1290000000.0	0.036955191772
1292000000.0	0.0907376757898
1294000000.0	0.241240478421
1296000000.0	0.156822444066
1298000000.0	0.300152849464
1300000000.0	-1.35154466323
1302000000.0	0.680944106783
1304000000.0	0.35004213221
1306000000.0	0.192981893281
1308000000.0	-0.28433170884
1310000000.0	-0.212530518188
1312000000.0	-0.128474836357
1314000000.0	0.0165953591235
1316000000.0	-0.0166813094493
1318000000.0	0.164644008939
1320000000.0	-0.0386419317168
1322000000.0	-0.00650872029322
1324000000.0	-0.0474836866957
1326000000.0	0.0343224788467
1328000000.0	-0.00185618521464
1330000000.0	0.0858031484195
1332000000.0	0.12651028602
1334000000.0	0.102344751831
1336000000.0	-0.0475211269101
1338000000.0	0.00560617513796
1340000000.0	-0.15655194064
1342000000.0	-0.136906525044
1344000000.0	-0.0128216337179
1346000000.0	0.115906195041
1348000000.0	0.068900496563
1350000000.0	-0.00239236940043
1352000000.0	-0.0959870475894
1354000000.0	-0.127804527584
1356000000.0	-0.102527119756
1358000000.0	0.113119873754
1360000000.0	0.00646288135124
1362000000.0	0.0201367929301
1364000000.0	0.115216846754
1366000000.0	-0.037711889798
1368000000.0	-0.111584005713
1370000000.0	-0.0780073966685
1372000000.0	0.0375585784607
1374000000.0	0.289879407038
1376000000.0	-0.337783709038
1378000000.0	-0.104105689019
1380000000.0	0.00692548111772
1382000000.0	0.0333605649384
1384000000.0	0.0491626250369
1386000000.0	-0.0429358066428
1388000000.0	0.071476538449
1390000000.0	-0.0688396012841
1392000000.0	0.067438768601
1394000000.0	-0.0917896556394
1396000000.0	-0.0508087317674
1398000000.0	-0.20105441501
1400000000.0	0.24690034419
1402000000.0	-0.126857214366
1404000000.0	-0.0739444743877
1406000000.0	0.00413678191838
1408000000.0	-0.0840010783734
1410000000.0	0.0773236805185
1412000000.0	0.0870026932445
1414000000.0	-0.0213258296505
1416000000.0	-0.140374044592
1418000000.0	-0.0467155865144
1420000000.0	-0.0131452224616
1422000000.0	0.0906345668183
1424000000.0	0.00858677250778
1426000000.0	0.16869531679
1428000000.0	-0.185383256641
1430000000.0	-0.189485710568
1432000000.0	-0.172590855784
1434000000.0	-0.118541304378
1436000000.0	0.0906347790755
1438000000.0	0.167674381712
1440000000.0	0.198972631611
1442000000.0	0.0428955020531
1444000000.0	-0.214378645934
1446000000.0	-0.135608852318
1448000000.0	-0.226251456741
1450000000.0	-0.189864550971
1452000000.0	0.097631511538
1454000000.0	0.294536681913
1456000000.0	0.211834368829
1458000000.0	0.0339147102088
1460000000.0	-0.140498430465
1462000000.0	-0.138476564307
1464000000.0	-0.0862098244771
1466000000.0	0.0605327322239
1468000000.0	0.222817582911
1470000000.0	0.112418762023
1472000000.0	-0.0538637672725
1474000000.0	0.0685349072968
1476000000.0	-0.0352836418185
1478000000.0	-0.146582898277
1480000000.0	-0.281236940027
1482000000.0	0.120919681698
1484000000.0	0.260640197368
1486000000.0	0.108012899506
1488000000.0	0.00644471857024
1490000000.0	-0.630872579147
1492000000.0	-0.610842509258
1494000000.0	0.457802573107
1496000000.0	1.8874357489
1498000000.0	3.29737619573
1500000000.0	-8.7542634999
1502000000.0	2.30055691245
1504000000.0	1.50226172027
1506000000.0	0.806371885492
1508000000.0	0.421964006494
1510000000.0	-0.188997047911
1512000000.0	-0.693831475717
1514000000.0	-0.77828279749
1516000000.0	-0.438353784149
1518000000.0	0.243065060963
1520000000.0	0.577249768873
1522000000.0	0.371637454921
1524000000.0	0.190775707021
1526000000.0	-0.368103469065
1528000000.0	-0.430828795448
1530000000.0	-0.310172475827
1532000000.0	-0.13552270009
1534000000.0	0.0527424096344
1536000000.0	0.246339594295
1538000000.0	0.195816683151
1540000000.0	0.214588189011
1542000000.0	-0.0398015828603
1544000000.0	-0.186871499575
1546000000.0	-0.204705802586
1548000000.0	-0.10367270148
1550000000.0	0.0092036718228
1552000000.0	0.209242029088
1554000000.0	0.167865927931
1556000000.0	0.1347184833
1558000000.0	-0.0856375071085
1560000000.0	0.0592222580805
1562000000.0	-0.0773389762489
1564000000.0	-0.0444472214035
1566000000.0	0.0893231666425
1568000000.0	0.0746855751369
1570000000.0	0.101566525568
1572000000.0	0.00492740957755
1574000000.0	-0.0691876046914
1576000000.0	-0.0240685631119
1578000000.0	-0.0130610876125
1580000000.0	-0.0515688624032
1582000000.0	0.0270259134843
1584000000.0	-0.0161757677871
1586000000.0	-0.0383571216273
1588000000.0	0.0287903827081
1590000000.0	-0.148629484079
1592000000.0	-0.041281887095
1594000000.0	0.0613426071935
1596000000.0	0.130834134924
1598000000.0	-0.0581080571983
1600000000.0	-0.23972098885
1602000000.0	0.0433101842942
1604000000.0	-0.0734237951256
1606000000.0	-0.058607239845
1608000000.0	0.0643507532678
1610000000.0	-0.0835575980887
1612000000.0	0.181586386015
1614000000.0	0.0547368714734
1616000000.0	0.0577662055463
1618000000.0	-0.0421969461069
1620000000.0	-0.126375952495
1622000000.0	0.0236340895842
1624000000.0	0.186464033185
1626000000.0	-0.31653066082
1628000000.0	-0.0824684883189
1630000000.0	0.0730355913374
1632000000.0	0.0781965065927
1634000000.0	-0.0332304246326
1636000000.0	-0.140176175698
1638000000.0	-0.0862055311954
1640000000.0	-0.0732405520998
1642000000.0	0.0118111311022
1644000000.0	0.0270719810869
1646000000.0	0.127028963237
1648000000.0	0.0761393038379
1650000000.0	-0.0175482180529
1652000000.0	-0.0686421403982
1654000000.0	0.0580949091499
1656000000.0	-0.1329650388
1658000000.0	-0.0131540687401
1660000000.0	-0.0318124154598
1662000000.0	-0.0121269857894
1664000000.0	-0.0837361363748
1666000000.0	0.0152724090233
1668000000.0	-0.0408223773785
1670000000.0	-0.0264147034785
1672000000.0	-0.0581121819674
1674000000.0	0.167678344104
1676000000.0	-0.0203463804656
1678000000.0	0.0851143807527
1680000000.0	-0.0207866764881
1682000000.0	-0.0273134712889
1684000000.0	0.0125615038072
1686000000.0	-0.0190537897772
1688000000.0	0.0386556813458
1690000000.0	0.00192361115041
1692000000.0	-0.0358145867871
1694000000.0	0.0592290231676
1696000000.0	-0.00965062990431
1698000000.0	0.0974086824454
1700000000.0	-0.249717698802
1702000000.0	0.132258062338
1704000000.0	-0.00211132482693
1706000000.0	0.0879123410773
1708000000.0	-0.0463355761244
1710000000.0	0.0280385338677
1712000000.0	-0.208174134976
1714000000.0	-0.0357802696975
1716000000.0	0.0352217715172
1718000000.0	0.0544816718327
1720000000.0	0.0201325413887
1722000000.0	0.108842853219
1724000000.0	-0.0446454258468
1726000000.0	0.152378400192
1728000000.0	-0.183131412904
1730000000.0	0.0205469643831
1732000000.0	0.0105832629983
1734000000.0	0.123357732752
1736000000.0	-0.0806398311315
1738000000.0	0.00136517711582
1740000000.0	0.118057556875
1742000000.0	-0.0367154833764
1744000000.0	-0.0880605077314
1746000000.0	-0.0442791714866
1748000000.0	-0.00936228751865
1750000000.0	-0.878654740725
1752000000.0	-0.0328668891332
1754000000.0	0.00224562122891
1756000000.0	0.0317844141705
1758000000.0	0.050490994591
1760000000.0	-0.00512645378452
1762000000.0	-0.0129772729626
1764000000.0	0.0566322048825
1766000000.0	-0.00206441731443
1768000000.0	0.0364575106522
1770000000.0	-0.106402011667
1772000000.0	-0.107508854469
1774000000.0	-0.032568154104
1776000000.0	-0.0277398637159
1778000000.0	-0.089804345306
1780000000.0	-0.0157486966894
1782000000.0	0.122576521478
1784000000.0	0.0311225227042
1786000000.0	0.0325296343235
1788000000.0	-0.0588084893645
1790000000.0	0.0200318108715
1792000000.0	0.0138802029078
1794000000.0	-0.0168475859648
1796000000.0	-0.0244835710816
1798000000.0	0.112941172069
1800000000.0	-0.222145551417
1802000000.0	0.0696574699645
1804000000.0	0.0270434625549
1806000000.0	-0.0771616554386
1808000000.0	-0.0083230482813
1810000000.0	-0.0193464391873
1812000000.0	-0.00452024896406
1814000000.0	0.0947612785928
1816000000.0	-0.0829292365147
1818000000.0	-0.00689020332903
1820000000.0	-0.0175702128947
1822000000.0	-0.0342036760106
1824000000.0	-0.0561537677607
1826000000.0	0.0688886388472
1828000000.0	-0.0500530323423
1830000000.0	-0.0211812579531
1832000000.0	0.0224769519083
1834000000.0	0.035659398125
1836000000.0	0.0993272416896
1838000000.0	-0.043675126858
1840000000.0	0.00569676881761
1842000000.0	0.0482369080308
1844000000.0	0.121181903124
1846000000.0	0.0560870442514
1848000000.0	0.0916339051294
1850000000.0	-0.0315102594834
1852000000.0	-0.00641006945078
1854000000.0	-0.068482577299
1856000000.0	-0.0272012826038
1858000000.0	-0.0683477079197
1860000000.0	0.00671420639648
1862000000.0	0.0281393956242
1864000000.0	0.0674673537126
1866000000.0	-0.0500937546476
1868000000.0	0.112276283145
1870000000.0	-0.131677987201
1872000000.0	-0.234146687938
1874000000.0	-0.230598364551
1876000000.0	0.189443168738
1878000000.0	0.0541192046148
1880000000.0	0.235957931692
1882000000.0	0.0593702884699
1884000000.0	0.0267293968252
1886000000.0	-0.103852232322
1888000000.0	-0.250011673226
1890000000.0	-0.109238813792
1892000000.0	0.101852374586
1894000000.0	0.41262427074
1896000000.0	0.52312870103
1898000000.0	0.7739334137
1900000000.0	-3.22888892061
1902000000.0	1.24614864102
1904000000.0	0.650615917938
1906000000.0	0.191125659204
1908000000.0	-0.128895388227
1910000000.0	-0.167875079446
1912000000.0	-0.117427917334
1914000000.0	0.11924872778
1916000000.0	0.155212968318
1918000000.0	0.093555250676
1920000000.0	-0.114323005945
1922000000.0	-0.0901616488533
1924000000.0	-0.13648590472
1926000000.0	-0.0597967186077
1928000000.0	0.0698535379632
1930000000.0	0.0111886902773
1932000000.0	0.0224803803963
1934000000.0	0.0889267577708
1936000000.0	-0.0110932603107
1938000000.0	-0.043827090342
1940000000.0	-0.0446600956529
1942000000.0	-0.0823870138314
1944000000.0	0.0596755326914
1946000000.0	0.00600624550388
1948000000.0	0.0461244796049
1950000000.0	0.0401888976798
1952000000.0	0.0122341704227
1954000000.0	-0.102661194063
1956000000.0	0.0079389145567
1958000000.0	0.0609486955376
1960000000.0	0.020339178118
1962000000.0	0.0567528602238
1964000000.0	0.0246314832625
1966000000.0	-0.0151336043987
1968000000.0	-0.0180659429284
1970000000.0	-0.113866660325
1972000000.0	0.0686346245158
1974000000.0	0.0176951426051
1976000000.0	-0.0267560637367
1978000000.0	0.0403026305224
1980000000.0	-0.0384834666104
1982000000.0	-0.0446400691583
1984000000.0	0.0181859580214
1986000000.0	-0.0793820500437
1988000000.0	0.174901045801
1990000000.0	0.0453528168925
1992000000.0	0.00750631653726
1994000000.0	0.0722322617939
1996000000.0	-0.0411600031526
1998000000.0	-0.253574471846
2000000000.0	0.596875
