0.0	-51.203175
2000000.0	5.44932226929
4000000.0	7.95434202294
6000000.0	2.19451175186
8000000.0	-5.47057703635
10000000.0	-11.2716458098
12000000.0	-10.9762500313
14000000.0	-5.6156345698
16000000.0	6.17127286452
18000000.0	16.940623359
20000000.0	19.3831694079
22000000.0	8.07242217796
24000000.0	-10.810005477
26000000.0	-23.1488428515
28000000.0	-18.7872309735
30000000.0	-1.3554477334
32000000.0	16.2183340042
34000000.0	20.3139663427
36000000.0	8.30170815615
38000000.0	-1.78092429305
40000000.0	-12.9693681056
42000000.0	-14.3318015835
44000000.0	-3.99981936828
46000000.0	5.14073577832
48000000.0	8.59666190731
50000000.0	3.12578762199
52000000.0	-2.07565524978
54000000.0	-4.4028428242
56000000.0	-1.06003948882
58000000.0	2.96190374226
60000000.0	5.46862937364
62000000.0	2.97457921493
64000000.0	-3.10816158222
66000000.0	-5.93792927284
68000000.0	-5.06880417717
70000000.0	1.47578476253
72000000.0	7.64387564293
74000000.0	8.11539837197
76000000.0	2.23910880814
78000000.0	-5.01466189213
80000000.0	-9.13063239203
82000000.0	-6.29135292632
84000000.0	1.56952065976
86000000.0	7.0156381665
88000000.0	7.30306740361
90000000.0	2.37225968159
92000000.0	-5.41767205106
94000000.0	-5.6606218529
96000000.0	-2.81698934035
98000000.0	4.33267157347
100000000.0	4.92407162034
102000000.0	2.73103029401
104000000.0	-2.05229361847
106000000.0	-4.68420784493
108000000.0	-3.07293409186
110000000.0	1.29541297837
112000000.0	5.49922465907
114000000.0	5.8214528661
116000000.0	1.17076011668
118000000.0	-4.849046186
120000000.0	-5.7189463981
122000000.0	-3.77220950724
124000000.0	2.27436148815
126000000.0	4.49900650416
128000000.0	4.51563077875
130000000.0	0.606779334337
132000000.0	-3.5309745405
134000000.0	-4.32095806753
136000000.0	-1.05664369267
138000000.0	1.50481403116
140000000.0	2.97475598519
142000000.0	1.54308302753
144000000.0	-1.35704087766
146000000.0	-3.50599426861
148000000.0	-2.78028455065
150000000.0	1.19016608384
152000000.0	3.13489298479
154000000.0	2.25125669158
156000000.0	-0.369635914478
158000000.0	-2.82806134838
160000000.0	-3.9731513851
162000000.0	-0.849728483729
164000000.0	2.65464960321
166000000.0	3.66295282813
168000000.0	1.97906771479
170000000.0	-0.244658745452
172000000.0	-4.59174224561
174000000.0	-3.43494981375
176000000.0	-1.92550123655
178000000.0	2.24894399034
180000000.0	4.55092507119
182000000.0	3.58123933671
184000000.0	-1.61548335941
186000000.0	-3.48600767528
188000000.0	-3.33550011227
190000000.0	-0.347565006582
192000000.0	2.06442393751
194000000.0	2.58287906713
196000000.0	1.41019290641
198000000.0	-2.49040488064
200000000.0	-3.20166360574
202000000.0	0.0456834517732
204000000.0	2.63332607865
206000000.0	4.82146334159
208000000.0	2.4292102346
210000000.0	-2.62110191509
212000000.0	-6.12510727165
214000000.0	-5.01398232084
216000000.0	0.256748457892
218000000.0	4.35298129679
220000000.0	5.83058107962
222000000.0	3.44814941714
224000000.0	-1.19471101317
226000000.0	-5.39764934971
228000000.0	-4.67078482118
230000000.0	-0.244609250303
232000000.0	3.29579592724
234000000.0	4.48730801912
236000000.0	1.60599725503
238000000.0	-1.41375498742
240000000.0	-3.64299010508
242000000.0	-2.14279906116
244000000.0	1.71827318516
246000000.0	3.86602557663
248000000.0	3.38207535728
250000000.0	-2.68027068825
252000000.0	-5.63058794436
254000000.0	-6.03037869571
256000000.0	-0.0134727195092
258000000.0	6.70440808041
260000000.0	11.3948444888
262000000.0	5.58133814745
264000000.0	-8.60836872584
266000000.0	-17.6441364873
268000000.0	-13.7085118115
270000000.0	4.08261156016
272000000.0	22.1919930923
274000000.0	25.0430071607
276000000.0	3.95784062677
278000000.0	-21.4349173621
280000000.0	-32.6317990891
282000000.0	-15.3658226163
284000000.0	17.9623718416
286000000.0	34.7911550467
288000000.0	17.2496462728
290000000.0	-25.0629096842
292000000.0	-47.3416207037
294000000.0	-8.47508412979
296000000.0	95.6071538884
298000000.0	208.314548625
300000000.0	-515.926648973
302000000.0	179.873839263
304000000.0	106.627037505
306000000.0	38.5326591395
308000000.0	-9.73917995979
310000000.0	-34.6550199066
312000000.0	-36.0990009789
314000000.0	-18.3255966586
316000000.0	5.85929096057
318000000.0	22.3638474098
320000000.0	23.2406930149
322000000.0	8.55614467788
324000000.0	-10.9927541989
326000000.0	-17.6385478134
328000000.0	-10.2508242452
330000000.0	4.86801384338
332000000.0	12.9173501416
334000000.0	9.00994757251
336000000.0	-3.1227680094
338000000.0	-10.7178164172
340000000.0	-7.98434596165
342000000.0	3.1324736671
344000000.0	11.481945187
346000000.0	8.58017918926
348000000.0	-3.49927576935
350000000.0	-10.9480359602
352000000.0	-10.0464649446
354000000.0	0.986904610369
356000000.0	10.5424582209
358000000.0	11.6172124419
360000000.0	2.47080177933
362000000.0	-6.67782507302
364000000.0	-10.8041356254
366000000.0	-6.117020004
368000000.0	3.16933927716
370000000.0	8.63289785916
372000000.0	5.87795793136
374000000.0	1.23130828031
376000000.0	-5.66782306833
378000000.0	-5.52006859405
380000000.0	-0.956357629771
382000000.0	2.85429873767
384000000.0	4.55072533902
386000000.0	0.797290368211
388000000.0	-3.83741039834
390000000.0	-4.01473877534
392000000.0	-1.13691738387
394000000.0	2.80902616105
396000000.0	5.70652574925
398000000.0	3.75071128289
400000000.0	-2.69168312526
402000000.0	-5.44022172644
404000000.0	-4.4317716131
406000000.0	-1.23590136459
408000000.0	3.63668008977
410000000.0	5.62816824958
412000000.0	2.84355454568
414000000.0	-1.68055146982
416000000.0	-4.09683160409
418000000.0	-3.05449167705
420000000.0	0.313970835458
422000000.0	3.98236421457
424000000.0	2.30124502484
426000000.0	-0.619898482948
428000000.0	-2.61039340027
430000000.0	-2.4366803785
432000000.0	-0.802676410783
434000000.0	2.99978043344
436000000.0	3.37823539746
438000000.0	0.858337179098
440000000.0	-2.60542178439
442000000.0	-3.7859558879
444000000.0	-1.91735231817
446000000.0	2.59789737919
448000000.0	4.35435221472
450000000.0	2.57411039907
452000000.0	-0.882830338145
454000000.0	-3.55187636864
456000000.0	-2.54916826864
458000000.0	-0.0585797537254
460000000.0	2.12757641218
462000000.0	3.70419306299
464000000.0	1.03451491716
466000000.0	-1.248523931
468000000.0	-2.53027491373
470000000.0	-1.23420851596
472000000.0	0.616394362739
474000000.0	1.39188151873
476000000.0	1.40979902392
478000000.0	-1.0119472152
480000000.0	-2.46733166518
482000000.0	-1.76871088998
484000000.0	-0.10561228763
486000000.0	2.65033029178
488000000.0	2.79441406017
490000000.0	0.314802155668
492000000.0	-2.28593997437
494000000.0	-2.72913081405
496000000.0	-1.3890874972
498000000.0	1.73931713581
500000000.0	1.28518515832
502000000.0	1.9608468004
504000000.0	-0.218593837479
506000000.0	-2.35314438222
508000000.0	-3.07865391525
510000000.0	0.332795171349
512000000.0	1.30102952348
514000000.0	2.42522958329
516000000.0	0.461804664055
518000000.0	-1.23367732023
520000000.0	-1.20843732904
522000000.0	-0.332626134398
524000000.0	1.26510094128
526000000.0	2.09279856569
528000000.0	1.2269899695
530000000.0	-0.442191080633
532000000.0	-1.11610309299
534000000.0	-1.56287365659
536000000.0	0.347498645472
538000000.0	1.62227952202
540000000.0	2.03785702145
542000000.0	0.607176494669
544000000.0	-2.53611115611
546000000.0	-2.23431054222
548000000.0	-0.507681068654
550000000.0	0.976451844469
552000000.0	2.31477734369
554000000.0	1.43780975069
556000000.0	-0.650986872259
558000000.0	-1.52711440056
560000000.0	-0.647024423433
562000000.0	0.3334739593
564000000.0	0.217586660419
566000000.0	0.97810801511
568000000.0	0.681280855467
570000000.0	-1.55846689536
572000000.0	-1.06087579452
574000000.0	-0.363805468037
576000000.0	0.449429793135
578000000.0	1.34057203273
580000000.0	0.479854151458
582000000.0	-0.301408824414
584000000.0	-2.14140873038
586000000.0	-0.622872431628
588000000.0	1.45197272845
590000000.0	1.81787852794
592000000.0	0.821067570941
594000000.0	0.486772925526
596000000.0	-1.9654088691
598000000.0	-1.58652152117
600000000.0	1.47080054786
602000000.0	0.859245333513
604000000.0	0.175712519097
606000000.0	0.542325674899
608000000.0	-0.181112795074
610000000.0	-0.774593238184
612000000.0	-0.742193917433
614000000.0	0.371475192467
616000000.0	0.800879552941
618000000.0	1.04695506273
620000000.0	-0.185839792555
622000000.0	-0.858874834877
624000000.0	-0.357037266934
626000000.0	-1.46662900283
628000000.0	0.696580931935
630000000.0	0.248595830921
632000000.0	-1.08930039458
634000000.0	-0.763054936436
636000000.0	-1.20702397438
638000000.0	-0.793778469213
640000000.0	1.07759182003
642000000.0	1.06265561512
644000000.0	0.73342766005
646000000.0	-0.427383485049
648000000.0	-0.758475106756
650000000.0	-1.77337338744
652000000.0	0.821864483067
654000000.0	1.23615208266
656000000.0	1.47951981192
658000000.0	0.826740891248
660000000.0	-1.38884028128
662000000.0	0.100175104657
664000000.0	-0.51693913218
666000000.0	0.588276953789
668000000.0	1.14013956343
670000000.0	0.501606332035
672000000.0	-0.649088381371
674000000.0	-2.02339006764
676000000.0	-0.0234369413009
678000000.0	0.156351574639
680000000.0	0.713432537391
682000000.0	0.886568470718
684000000.0	0.0185543928847
686000000.0	-0.32433146163
688000000.0	-0.70535189345
690000000.0	0.567924521517
692000000.0	0.589996557051
694000000.0	1.2959361781
696000000.0	0.176518341074
698000000.0	-0.681496613335
700000000.0	-0.390664196419
702000000.0	0.515684454762
704000000.0	-0.379326983964
706000000.0	0.833053853315
708000000.0	-0.0994552241033
710000000.0	-0.70800080484
712000000.0	-0.782931791608
714000000.0	0.0204847566011
716000000.0	0.352900613894
718000000.0	0.917862878509
720000000.0	0.484279108437
722000000.0	0.134432751245
724000000.0	-0.941199455367
726000000.0	-1.33192012726
728000000.0	-0.400814192282
730000000.0	1.13686446659
732000000.0	1.2470613946
734000000.0	0.114418108537
736000000.0	-0.628482129589
738000000.0	-0.991139475887
740000000.0	-1.6664933749
742000000.0	1.08524811944
744000000.0	1.31548963544
746000000.0	0.926197584545
748000000.0	-0.263495300501
750000000.0	-1.45087205775
752000000.0	-0.0890722464766
754000000.0	0.0515045237498
756000000.0	0.559224042574
758000000.0	0.192646466105
760000000.0	0.42169123026
762000000.0	-1.09294196202
764000000.0	-0.755623721618
766000000.0	0.298421604558
768000000.0	0.350208914922
770000000.0	0.872499583171
772000000.0	0.745563107985
774000000.0	-1.02322636865
776000000.0	-1.45869026436
778000000.0	-0.210996279328
780000000.0	0.978481382787
782000000.0	1.23652529109
784000000.0	0.289042434169
786000000.0	0.174967653198
788000000.0	-1.1478343889
790000000.0	-2.04121539707
792000000.0	-0.621251365576
794000000.0	0.931734749298
796000000.0	1.22618671183
798000000.0	-0.493398250573
800000000.0	-0.856149248011
802000000.0	-0.424926147221
804000000.0	-0.224291305694
806000000.0	1.15621053626
808000000.0	1.45506168158
810000000.0	0.467528626975
812000000.0	-2.05469855015
814000000.0	-2.02089171738
816000000.0	-1.12555734384
818000000.0	1.18587183374
820000000.0	2.32302338988
822000000.0	1.94399079031
824000000.0	0.563947101244
826000000.0	-2.13502785303
828000000.0	-1.42066794937
830000000.0	-0.734527815718
832000000.0	0.904836277702
834000000.0	1.62056874508
836000000.0	0.55096480173
838000000.0	-0.960731770228
840000000.0	-1.9285904159
842000000.0	-0.232315644443
844000000.0	1.50942905616
846000000.0	1.39005755513
848000000.0	0.260203919225
850000000.0	0.121434792263
852000000.0	-1.93026220886
854000000.0	-2.12194814914
856000000.0	0.47882586741
858000000.0	2.28456219117
860000000.0	3.26107905816
862000000.0	0.650283091671
864000000.0	-1.91216775104
866000000.0	-3.50668300264
868000000.0	-3.54503736375
870000000.0	0.520237933284
872000000.0	5.67477194772
874000000.0	5.66967169752
876000000.0	1.03826095551
878000000.0	-3.85637942969
880000000.0	-7.0064669857
882000000.0	-2.20373387527
884000000.0	5.37899791396
886000000.0	8.87305636882
888000000.0	0.837500153665
890000000.0	-12.3747527716
892000000.0	-17.1468078485
894000000.0	1.04126057606
896000000.0	44.6115294158
898000000.0	93.4107682369
900000000.0	-233.052061165
902000000.0	85.1874823188
904000000.0	45.9806127799
906000000.0	9.10178952229
908000000.0	-11.2647254807
910000000.0	-14.3587128574
912000000.0	-6.49323689146
914000000.0	0.615775071845
916000000.0	4.13536649071
918000000.0	2.99267360736
920000000.0	1.18124062613
922000000.0	-1.37540515535
924000000.0	-1.98480767705
926000000.0	-0.110681768116
928000000.0	0.647154996694
930000000.0	1.63201022953
932000000.0	0.923452280765
934000000.0	-1.13574873477
936000000.0	-1.36280687717
938000000.0	-1.51528434529
940000000.0	1.00589854707
942000000.0	1.97547291716
944000000.0	1.8774703556
946000000.0	0.996523173302
948000000.0	-2.16058697161
950000000.0	-2.13087163545
952000000.0	-1.11808250584
954000000.0	1.71486349214
956000000.0	3.25708005577
958000000.0	1.69458023873
960000000.0	-0.661663695773
962000000.0	-1.82750534302
964000000.0	-1.37044083749
966000000.0	0.471465315726
968000000.0	2.31373645636
970000000.0	0.762315273336
972000000.0	-0.0206231447198
974000000.0	-1.03227350371
976000000.0	-1.32907480482
978000000.0	0.0316536754926
980000000.0	1.51334045593
982000000.0	0.14746671317
984000000.0	0.339355048872
986000000.0	-1.11748386019
988000000.0	-2.25230715985
990000000.0	-0.291683692455
992000000.0	0.881339241611
994000000.0	1.06019433659
996000000.0	1.09721677753
998000000.0	-0.21821825934
1000000000.0	-4.57807
1002000000.0	-1.21282487432
1004000000.0	-0.233999660981
1006000000.0	0.482477428619
1008000000.0	1.4466753084
1010000000.0	0.577470638192
1012000000.0	-0.938795293328
1014000000.0	0.421531302335
1016000000.0	-0.0976735282444
1018000000.0	0.738001999703
1020000000.0	0.704844286496
1022000000.0	-0.589053590002
1024000000.0	-0.428504352951
1026000000.0	-0.255756511488
1028000000.0	-0.185338338059
1030000000.0	0.512505522295
1032000000.0	0.734851982443
1034000000.0	0.687356697395
1036000000.0	0.87527509487
1038000000.0	-1.06414260191
1040000000.0	-0.62376431712
1042000000.0	0.0793033047218
1044000000.0	-0.562233736983
1046000000.0	1.04662580784
1048000000.0	0.842313492914
1050000000.0	-0.227798191901
1052000000.0	-0.356454939301
1054000000.0	-0.193038176078
1056000000.0	0.538002771487
1058000000.0	0.462086464468
1060000000.0	-0.573042213155
1062000000.0	1.1539722657
1064000000.0	-0.922266335864
1066000000.0	0.0905714072757
1068000000.0	-0.76878552168
1070000000.0	0.536586632962
1072000000.0	0.862628243411
1074000000.0	-0.511650482491
1076000000.0	0.245547992945
1078000000.0	-0.691291167646
1080000000.0	-0.683036643375
1082000000.0	0.434635769019
1084000000.0	0.0413238243081
1086000000.0	0.39607075557
1088000000.0	0.523212243054
1090000000.0	-1.16912237384
1092000000.0	-0.0791739644226
1094000000.0	0.173003166729
1096000000.0	0.858616288174
1098000000.0	0.212304866197
1100000000.0	-0.706456975363
1102000000.0	0.26417579032
1104000000.0	0.0906364232496
1106000000.0	-0.526517568304
1108000000.0	0.261294230706
1110000000.0	0.15478723071
1112000000.0	0.220365246898
1114000000.0	0.201464827098
1116000000.0	-0.118663628426
1118000000.0	0.120442673425
1120000000.0	0.925701624439
1122000000.0	-0.0346447281917
1124000000.0	0.299484250361
1126000000.0	0.0895268211444
1128000000.0	-0.119489733156
1130000000.0	-0.978385862985
1132000000.0	0.42253639405
1134000000.0	-0.0986593276979
1136000000.0	0.132980440889
1138000000.0	-0.0637715733116
1140000000.0	0.303258305476
1142000000.0	-0.426062390866
1144000000.0	0.188100120814
1146000000.0	-0.213075679477
1148000000.0	-0.127613851207
1150000000.0	0.291105946372
1152000000.0	0.583286506406
1154000000.0	-0.137773244713
1156000000.0	-0.477894015803
1158000000.0	-0.0564816315838
1160000000.0	-0.250065122192
1162000000.0	0.639013389412
1164000000.0	-0.142376322478
1166000000.0	-0.397340569595
1168000000.0	0.336124065432
1170000000.0	-0.335396912468
1172000000.0	-0.425618726956
1174000000.0	-0.0353081353378
1176000000.0	-0.20190124325
1178000000.0	-0.0114534543182
1180000000.0	0.293057263347
1182000000.0	0.591400492646
1184000000.0	0.237639173833
1186000000.0	-1.20896093769
1188000000.0	0.28429099629
1190000000.0	-0.20907722469
1192000000.0	0.105281110301
1194000000.0	0.58515812401
1196000000.0	-0.633132324074
1198000000.0	-1.08463988055
1200000000.0	3.82435312526
1202000000.0	-1.35226586806
1204000000.0	-0.300130004549
1206000000.0	-0.367843400785
1208000000.0	-0.549837529587
1210000000.0	1.26897827086
1212000000.0	0.250873316157
1214000000.0	0.31473348909
1216000000.0	-0.169688377915
1218000000.0	-1.39750825381
1220000000.0	-0.0312467844522
1222000000.0	-0.705134732101
1224000000.0	0.736849359116
1226000000.0	0.627961969241
1228000000.0	1.62661102433
1230000000.0	-0.547573681138
1232000000.0	-0.00785646410368
1234000000.0	0.0967651671242
1236000000.0	-0.0710960104722
1238000000.0	0.521519998838
1240000000.0	-0.048227501002
1242000000.0	-0.10428397766
1244000000.0	-0.328502815471
1246000000.0	0.000979660514311
1248000000.0	-0.751939174406
1250000000.0	3.31811291717
1252000000.0	0.781900977047
1254000000.0	-0.617502565712
1256000000.0	-0.499240554857
1258000000.0	-1.02000436385
1260000000.0	-0.238441490723
1262000000.0	0.0728783908652
1264000000.0	0.271547760014
1266000000.0	0.427957456587
1268000000.0	0.124758641839
1270000000.0	-0.528639075841
1272000000.0	-0.0678167020594
1274000000.0	-0.812557428675
1276000000.0	0.595066574345
1278000000.0	0.266791410851
1280000000.0	-0.120155437495
1282000000.0	-0.0121343925326
1284000000.0	0.240488180606
1286000000.0	0.500123062166
1288000000.0	-0.0942109569505
1290000000.0	0.268380333556
1292000000.0	0.517572412829
1294000000.0	-1.19959851265
1296000000.0	-0.0819319188003
1298000000.0	0.0896811257568
1300000000.0	0.581264320327
1302000000.0	0.202195604542
1304000000.0	0.475841254994
1306000000.0	-0.31381590805
1308000000.0	-0.433954987426
1310000000.0	0.226350146807
1312000000.0	0.0548647298027
1314000000.0	0.411070748793
1316000000.0	1.0059548437
1318000000.0	0.284263920609
1320000000.0	0.951107814307
1322000000.0	0.406285588327
1324000000.0	-0.281747589569
1326000000.0	-0.260702546188
1328000000.0	0.765722143588
1330000000.0	-0.144267381305
1332000000.0	-0.0401954714889
1334000000.0	0.202693012202
1336000000.0	-0.194172695233
1338000000.0	0.422695715872
1340000000.0	0.871926559253
1342000000.0	-0.240278985616
1344000000.0	-0.646305407966
1346000000.0	-0.298678885526
1348000000.0	0.279741390418
1350000000.0	-0.12251232719
1352000000.0	-0.107885138163
1354000000.0	0.0579784358645
1356000000.0	-0.0495253285772
1358000000.0	-0.227452494763
1360000000.0	-0.791712447835
1362000000.0	0.222087153434
1364000000.0	0.745433399899
1366000000.0	0.669765305131
1368000000.0	0.898754849136
1370000000.0	0.673748592167
1372000000.0	0.736775811783
1374000000.0	1.27357288359
1376000000.0	-2.52146610575
1378000000.0	-0.582766026042
1380000000.0	0.0941373175854
1382000000.0	-0.407622262142
1384000000.0	-0.0237088165917
1386000000.0	-0.350392651385
1388000000.0	-0.66226969193
1390000000.0	-0.197366460971
1392000000.0	0.0895309176897
1394000000.0	-0.21086176335
1396000000.0	-0.155258359011
1398000000.0	-0.977434914511
1400000000.0	0.960534512054
1402000000.0	0.0536713967683
1404000000.0	-0.053981857598
1406000000.0	-0.0643177808984
1408000000.0	0.476108736969
1410000000.0	-0.432494843823
1412000000.0	-0.183667099521
1414000000.0	-1.23094225144
1416000000.0	0.099492710703
1418000000.0	1.08353523618
1420000000.0	0.154663717471
1422000000.0	-0.453548340117
1424000000.0	0.447109879637
1426000000.0	-1.36121565691
1428000000.0	0.959152308349
1430000000.0	0.101831189253
1432000000.0	1.39805466728
1434000000.0	-0.554639461576
1436000000.0	-0.749678365236
1438000000.0	-0.885930148253
1440000000.0	-0.118699939188
1442000000.0	0.874510851831
1444000000.0	1.38534502125
1446000000.0	0.8787466198
1448000000.0	0.296705733771
1450000000.0	-1.04954057582
1452000000.0	-0.583170996907
1454000000.0	-0.318825165783
1456000000.0	0.0207667427643
1458000000.0	0.865693902126
1460000000.0	1.35192908933
1462000000.0	0.207581119999
1464000000.0	-0.216466876402
1466000000.0	-0.840285707454
1468000000.0	-0.545793801617
1470000000.0	0.707993600327
1472000000.0	1.66088755196
1474000000.0	0.289704937467
1476000000.0	-0.600217268272
1478000000.0	-2.19536009427
1480000000.0	-0.925452193361
1482000000.0	0.786975364266
1484000000.0	2.58915423222
1486000000.0	1.30146537528
1488000000.0	-1.58854676778
1490000000.0	-6.65098715453
1492000000.0	-6.59544656463
1494000000.0	1.93422947641
1496000000.0	18.027181617
1498000000.0	38.2531196512
1500000000.0	-97.7541351583
1502000000.0	34.0797552868
1504000000.0	18.3107918907
1506000000.0	2.44778384308
1508000000.0	-5.30710193851
1510000000.0	-5.8121171036
1512000000.0	-0.588624742502
1514000000.0	1.56328693648
1516000000.0	2.57599617879
1518000000.0	0.460214314
1520000000.0	-1.73766655924
1522000000.0	-0.451096474842
1524000000.0	0.0886181972484
1526000000.0	0.786951692842
1528000000.0	0.706160833372
1530000000.0	0.463271838008
1532000000.0	0.0939278917285
1534000000.0	-1.15348394383
1536000000.0	-0.446096912453
1538000000.0	-0.489395362672
1540000000.0	1.3564275847
1542000000.0	0.387110406419
1544000000.0	1.08350397133
1546000000.0	0.316946004965
1548000000.0	-0.772414081592
1550000000.0	-0.55025607408
1552000000.0	-0.149098462805
1554000000.0	0.367598720504
1556000000.0	0.634281342845
1558000000.0	1.40331164601
1560000000.0	0.258012228977
1562000000.0	0.152193317011
1564000000.0	0.234822558192
1566000000.0	0.0955626114801
1568000000.0	0.37071972784
1570000000.0	-0.0387743819168
1572000000.0	-0.63759157598
1574000000.0	0.297419008678
1576000000.0	0.219394424628
1578000000.0	0.0287892956799
1580000000.0	1.38754684576
1582000000.0	0.980098778998
1584000000.0	-0.125890533936
1586000000.0	-0.737261574044
1588000000.0	-0.562471933152
1590000000.0	-0.752128462455
1592000000.0	0.922385129625
1594000000.0	0.235729262283
1596000000.0	0.0679633848894
1598000000.0	-0.354751922118
1600000000.0	-0.104975751989
1602000000.0	-0.627745293242
1604000000.0	-0.20760691279
1606000000.0	0.381986556829
1608000000.0	0.536686072926
1610000000.0	0.210002739639
1612000000.0	-0.392306042898
1614000000.0	0.213262204529
1616000000.0	0.412513544153
1618000000.0	-0.287552020309
1620000000.0	-0.0319245937607
1622000000.0	0.440550799015
1624000000.0	1.5286520798
1626000000.0	-1.44538922656
1628000000.0	-0.915241019251
1630000000.0	-0.561565388272
1632000000.0	0.322893969663
1634000000.0	0.864889875809
1636000000.0	-0.479788220613
1638000000.0	-0.714565232232
1640000000.0	-0.155446194378
1642000000.0	0.485834774521
1644000000.0	-0.545102903193
1646000000.0	0.168798464227
1648000000.0	-0.172656411898
1650000000.0	0.504767254323
1652000000.0	1.1575504068
1654000000.0	0.317743676549
1656000000.0	-0.909384958537
1658000000.0	0.271556014022
1660000000.0	0.374978729437
1662000000.0	0.313549630216
1664000000.0	0.254959915493
1666000000.0	-0.135865867768
1668000000.0	0.000872610776418
1670000000.0	0.196467312306
1672000000.0	0.00676331577068
1674000000.0	0.00976740319246
1676000000.0	0.0687020987202
1678000000.0	0.136259749901
1680000000.0	-0.17688826451
1682000000.0	-0.310681010455
1684000000.0	0.433636515517
1686000000.0	0.149309821124
1688000000.0	0.270419348452
1690000000.0	-0.0129964221954
1692000000.0	0.410556604765
1694000000.0	0.103427769207
1696000000.0	0.0270923632377
1698000000.0	0.209590862151
1700000000.0	2.01975234286
1702000000.0	-0.436777500033
1704000000.0	-0.448978871905
1706000000.0	0.182157128432
1708000000.0	-0.395386776621
1710000000.0	0.258343113749
1712000000.0	0.42062718118
1714000000.0	0.368898394316
1716000000.0	0.11332603042
1718000000.0	-0.335961065288
1720000000.0	-0.369500098027
1722000000.0	0.322170531301
1724000000.0	-0.0261820841135
1726000000.0	0.11044693798
1728000000.0	0.203686143215
1730000000.0	0.806574113015
1732000000.0	1.00721595562
1734000000.0	0.741503056044
1736000000.0	0.421490765471
1738000000.0	0.056496098897
1740000000.0	-0.416329259535
1742000000.0	0.282889032431
1744000000.0	-0.362488942851
1746000000.0	-0.331881975662
1748000000.0	-0.791594657567
1750000000.0	-1.37455017118
1752000000.0	-0.529044125224
1754000000.0	-0.65736118791
1756000000.0	-0.183410156862
1758000000.0	-0.431013070104
1760000000.0	-0.125655793055
1762000000.0	-0.172722079151
1764000000.0	0.0455881417886
1766000000.0	0.541602027253
1768000000.0	0.21460542124
1770000000.0	-0.218437234428
1772000000.0	0.591930868442
1774000000.0	-0.838568749773
1776000000.0	0.670499703423
1778000000.0	-0.928109578588
1780000000.0	0.0509656126176
1782000000.0	-0.0646593652736
1784000000.0	0.609327783986
1786000000.0	-0.0228720512292
1788000000.0	0.633362521976
1790000000.0	-0.0121461534837
1792000000.0	-0.777506266201
1794000000.0	-0.248544798076
1796000000.0	-0.723705264528
1798000000.0	-1.66773415391
1800000000.0	1.75477354582
1802000000.0	-0.604240434392
1804000000.0	0.262124740128
1806000000.0	0.0579079690808
1808000000.0	0.11717586013
1810000000.0	0.93350171336
1812000000.0	0.0501119064234
1814000000.0	-0.270407499743
1816000000.0	-0.383716808994
1818000000.0	-0.0909195579248
1820000000.0	-0.554667938439
1822000000.0	0.636287773063
1824000000.0	0.869179838891
1826000000.0	-0.256112430704
1828000000.0	-0.0530463535458
1830000000.0	-0.407622858319
1832000000.0	0.328135476707
1834000000.0	0.123969074886
1836000000.0	-0.0577150023881
1838000000.0	0.332583310824
1840000000.0	-0.594421113499
1842000000.0	-0.263092615401
1844000000.0	-0.118051441059
1846000000.0	0.402285153454
1848000000.0	0.0104440353809
1850000000.0	-0.17393641899
1852000000.0	0.432630015614
1854000000.0	-0.0654162779552
1856000000.0	-0.341638333536
1858000000.0	-0.141816066926
1860000000.0	-0.170858802689
1862000000.0	0.142037556376
1864000000.0	0.187125075113
1866000000.0	-0.871409202895
1868000000.0	-0.650340444753
1870000000.0	0.369867996933
1872000000.0	0.51149172997
1874000000.0	-0.872716329203
1876000000.0	0.944250084171
1878000000.0	0.223317175925
1880000000.0	-0.189107910124
1882000000.0	-0.396283752271
1884000000.0	0.746830356524
1886000000.0	0.078652396549
1888000000.0	0.538429455384
1890000000.0	-0.950171048008
1892000000.0	-0.773513048911
1894000000.0	0.161203286072
1896000000.0	2.83783457409
1898000000.0	5.86518008317
1900000000.0	-14.1066069739
1902000000.0	5.81927312354
1904000000.0	3.02132679239
1906000000.0	0.496177985325
1908000000.0	-0.755374805837
1910000000.0	-1.20516088944
1912000000.0	-0.464264881653
1914000000.0	-0.0430175589569
1916000000.0	0.539797813475
1918000000.0	-0.29195717359
1920000000.0	0.386758956407
1922000000.0	-0.0324976271476
1924000000.0	0.524084850642
1926000000.0	-0.45301491515
1928000000.0	0.481166360708
1930000000.0	0.136701508447
1932000000.0	0.313298384938
1934000000.0	-0.450547014379
1936000000.0	-0.120962759777
1938000000.0	-0.438844524428
1940000000.0	0.213929517527
1942000000.0	0.447895117019
1944000000.0	0.322600429785
1946000000.0	-0.350178592067
1948000000.0	-0.575314455854
1950000000.0	0.0673806287393
1952000000.0	0.417710120137
1954000000.0	-0.351062329474
1956000000.0	-0.0331637993788
1958000000.0	-0.129305523539
1960000000.0	-0.141137431785
1962000000.0	-0.146102720374
1964000000.0	0.0200582866628
1966000000.0	0.502931874603
1968000000.0	0.014931485606
1970000000.0	0.129641808394
1972000000.0	-0.0604700428014
1974000000.0	-0.552063783299
1976000000.0	0.178016100077
1978000000.0	0.01976384341
1980000000.0	0.427786633178
1982000000.0	0.21520081496
1984000000.0	-0.389040516127
1986000000.0	0.032297911945
1988000000.0	0.155837581096
1990000000.0	0.0173699658229
1992000000.0	0.258142896484
1994000000.0	0.288698210849
1996000000.0	-0.0233910823466
1998000000.0	0.45911823937
2000000000.0	-2.578265
