0.0	-2.334375
2000000.0	0.841785636468
4000000.0	1.0780749839
6000000.0	0.506267383437
8000000.0	0.423727715159
10000000.0	0.118515389276
12000000.0	-0.503485655293
14000000.0	-1.55043780681
16000000.0	-1.03494174902
18000000.0	0.0424324638864
20000000.0	1.14046967157
22000000.0	1.64247674459
24000000.0	1.20576007799
26000000.0	0.184588447362
28000000.0	-0.898230870112
30000000.0	-1.75097627087
32000000.0	-1.72985578778
34000000.0	-0.533376110049
36000000.0	1.54606672752
38000000.0	2.19543433971
40000000.0	1.41239212492
42000000.0	0.78077967846
44000000.0	-0.553605474798
46000000.0	-1.36848922471
48000000.0	-1.10429471686
50000000.0	-0.142095189556
52000000.0	0.79062430572
54000000.0	1.61313676679
56000000.0	1.10202220557
58000000.0	0.124559681237
60000000.0	-0.907454228645
62000000.0	-1.68440622993
64000000.0	-1.34503419787
66000000.0	-0.14892196369
68000000.0	0.918407655787
70000000.0	1.84352488959
72000000.0	1.44040545767
74000000.0	0.371808619218
76000000.0	-0.788131090036
78000000.0	-1.49216014197
80000000.0	-1.46128471435
82000000.0	-0.350816456185
84000000.0	0.555312875457
86000000.0	1.22913958093
88000000.0	1.04196365829
90000000.0	0.354817108102
92000000.0	-0.473649363738
94000000.0	-0.649801736011
96000000.0	-0.717080727172
98000000.0	-0.271168479148
100000000.0	0.338420801414
102000000.0	0.51034119722
104000000.0	0.275115315015
106000000.0	-0.251922055362
108000000.0	-0.24380807467
110000000.0	-0.0340955004669
112000000.0	0.216872806251
114000000.0	0.36781450581
116000000.0	0.33229178686
118000000.0	0.0754166511816
120000000.0	-0.136663449329
122000000.0	-0.381178925425
124000000.0	-0.191211119419
126000000.0	-0.351578319689
128000000.0	0.287863515464
130000000.0	0.710575488165
132000000.0	0.451993999142
134000000.0	0.0288642881725
136000000.0	-0.617048653467
138000000.0	-0.864045402074
140000000.0	-0.514194129997
142000000.0	0.142247608731
144000000.0	0.501262731929
146000000.0	0.876530557032
148000000.0	0.461310274801
150000000.0	-0.20374713768
152000000.0	-0.592098389256
154000000.0	-0.866785441156
156000000.0	-0.585522865748
158000000.0	0.171867118487
160000000.0	0.507459392276
162000000.0	0.881486850999
164000000.0	0.755467230756
166000000.0	0.0299952671583
168000000.0	-0.521064316931
170000000.0	-0.950231689348
172000000.0	-0.837729852739
174000000.0	-0.137739625251
176000000.0	0.478380110249
178000000.0	0.898293767652
180000000.0	0.791978704728
182000000.0	0.312021537358
184000000.0	-0.224045577893
186000000.0	-0.567109136209
188000000.0	-0.474843395007
190000000.0	-0.345984442606
192000000.0	0.0661210633588
194000000.0	0.319145908518
196000000.0	0.363139053689
198000000.0	0.0679952208435
200000000.0	0.0521803636433
202000000.0	-0.106450978556
204000000.0	-0.0585901266122
206000000.0	0.187496352399
208000000.0	0.0204391890571
210000000.0	-0.0513569162616
212000000.0	-0.19588864054
214000000.0	-0.290932973965
216000000.0	-0.148758390447
218000000.0	0.0523850866273
220000000.0	0.402823347307
222000000.0	0.772365875985
224000000.0	0.508153238165
226000000.0	-0.048004021481
228000000.0	-0.816949084415
230000000.0	-1.11064359495
232000000.0	-0.666889235869
234000000.0	0.0647864214913
236000000.0	0.953127931307
238000000.0	1.15363283624
240000000.0	0.820673867923
242000000.0	0.0540354079941
244000000.0	-0.923877790263
246000000.0	-1.40837351362
248000000.0	-1.40940649316
250000000.0	0.0571125044374
252000000.0	1.01835551264
254000000.0	1.93952365528
256000000.0	1.73260794846
258000000.0	0.0736581221155
260000000.0	-1.55912903434
262000000.0	-2.21632502991
264000000.0	-1.39545710276
266000000.0	0.0399946806796
268000000.0	1.10976968138
270000000.0	1.73470379789
272000000.0	1.59392728483
274000000.0	0.816554542935
276000000.0	-0.688661117189
278000000.0	-2.18600742995
280000000.0	-2.43176054501
282000000.0	-0.642863388678
284000000.0	2.23917156004
286000000.0	3.2472625178
288000000.0	0.706062018955
290000000.0	-3.39423394327
292000000.0	-4.27407828335
294000000.0	0.715657194257
296000000.0	9.32455515734
298000000.0	16.2839346637
300000000.0	-41.3090854671
302000000.0	10.4038813942
304000000.0	7.2394509233
306000000.0	5.34329595603
308000000.0	3.1355085134
310000000.0	-0.437303974017
312000000.0	-4.46266309902
314000000.0	-5.67545772122
316000000.0	-2.96728254781
318000000.0	1.93578663082
320000000.0	4.78095573821
322000000.0	4.23767986698
324000000.0	0.977904577729
326000000.0	-2.30730623239
328000000.0	-3.43829293051
330000000.0	-2.5494193617
332000000.0	-0.705052341956
334000000.0	1.29957107113
336000000.0	2.37319508755
338000000.0	2.33184435182
340000000.0	1.15868269718
342000000.0	-0.916443730429
344000000.0	-2.35181873051
346000000.0	-2.14363321873
348000000.0	-0.631232286048
350000000.0	1.24359499066
352000000.0	2.07204520562
354000000.0	1.33628724881
356000000.0	-0.0697323133705
358000000.0	-1.03350011156
360000000.0	-1.13023033136
362000000.0	-0.703408810001
364000000.0	0.263095527466
366000000.0	0.5574239966
368000000.0	0.592781267468
370000000.0	0.377728503612
372000000.0	-0.350700888992
374000000.0	-0.847529169049
376000000.0	-0.522927426884
378000000.0	0.03024824223
380000000.0	0.66718127967
382000000.0	1.00506308925
384000000.0	0.332542251932
386000000.0	-0.389498197456
388000000.0	-0.879854122994
390000000.0	-0.778966486672
392000000.0	-0.121116921702
394000000.0	0.499533465749
396000000.0	0.945427753859
398000000.0	0.673646204995
400000000.0	0.211752582508
402000000.0	-0.762448220146
404000000.0	-1.06867797268
406000000.0	-0.819126991754
408000000.0	0.0432543824444
410000000.0	0.733046869285
412000000.0	1.02137294992
414000000.0	0.754805208283
416000000.0	-0.0504476118183
418000000.0	-0.761940803379
420000000.0	-0.966088694303
422000000.0	-0.592514664662
424000000.0	0.106199953624
426000000.0	0.826170311737
428000000.0	0.917764116165
430000000.0	0.502722379264
432000000.0	-0.148592990643
434000000.0	-0.749183369898
436000000.0	-0.784422921458
438000000.0	-0.226062183672
440000000.0	0.16280882179
442000000.0	0.593875017739
444000000.0	0.567064532818
446000000.0	0.215860923619
448000000.0	-0.357354740134
450000000.0	-0.552294406552
452000000.0	-0.316672114782
454000000.0	0.0918819299957
456000000.0	0.358385126793
458000000.0	0.433888722009
460000000.0	0.105722965195
462000000.0	-0.235454345766
464000000.0	-0.444682530499
466000000.0	-0.245159993292
468000000.0	-0.00553071096602
470000000.0	0.373969849703
472000000.0	0.43286380323
474000000.0	0.312766423917
476000000.0	-0.159605032569
478000000.0	-0.518937116569
480000000.0	-0.483580772963
482000000.0	-0.21715538548
484000000.0	0.350045122602
486000000.0	0.520298902828
488000000.0	0.522443621695
490000000.0	0.11080034586
492000000.0	-0.268126208425
494000000.0	-0.63434014137
496000000.0	-0.608220781434
498000000.0	-0.0395201308405
500000000.0	0.614148514623
502000000.0	0.375052112051
504000000.0	0.389639792465
506000000.0	0.0514471091763
508000000.0	-0.364126020961
510000000.0	-0.383671496463
512000000.0	-0.397046339507
514000000.0	0.00472735672365
516000000.0	0.353708202646
518000000.0	0.27312475302
520000000.0	0.225210700615
522000000.0	-0.111171804284
524000000.0	-0.248200144109
526000000.0	-0.249719890806
528000000.0	-0.193766382249
530000000.0	0.100726521021
532000000.0	0.209231893184
534000000.0	0.113831162034
536000000.0	0.187752538606
538000000.0	-0.20641734332
540000000.0	-0.238669082834
542000000.0	0.0284493417852
544000000.0	0.261238489202
546000000.0	0.339394441628
548000000.0	0.0368113926439
550000000.0	-0.0544311449429
552000000.0	-0.227528829995
554000000.0	-0.29847648455
556000000.0	-0.165776118484
558000000.0	-0.000913601772282
560000000.0	0.316267601819
562000000.0	0.232067304022
564000000.0	0.0131908168634
566000000.0	-0.0193008412673
568000000.0	-0.352589718173
570000000.0	-0.405437630558
572000000.0	-0.141060203694
574000000.0	0.203665321471
576000000.0	0.310106967969
578000000.0	0.280208086656
580000000.0	0.143224182102
582000000.0	-0.0409002485576
584000000.0	-0.292050542629
586000000.0	-0.460326803986
588000000.0	-0.0711852533102
590000000.0	-0.0428547619954
592000000.0	0.269580264063
594000000.0	0.352042974848
596000000.0	0.10366647011
598000000.0	0.0527541176263
600000000.0	-0.982375650284
602000000.0	0.12376288187
604000000.0	0.27931446149
606000000.0	0.196782489365
608000000.0	0.0420977661799
610000000.0	-0.110097170116
612000000.0	0.00021484079885
614000000.0	-0.122608487447
616000000.0	0.0534558377447
618000000.0	0.167561623628
620000000.0	0.0772562549924
622000000.0	0.101912207462
624000000.0	-0.0390104998636
626000000.0	-0.226241058513
628000000.0	-0.348741969495
630000000.0	-0.202857049623
632000000.0	0.0662872677124
634000000.0	0.403845154626
636000000.0	0.297600119494
638000000.0	0.0352338642022
640000000.0	-0.0521131500484
642000000.0	-0.121951082772
644000000.0	-0.0790548687781
646000000.0	0.0812794717387
648000000.0	0.107461590768
650000000.0	0.283465340887
652000000.0	0.148252540744
654000000.0	-0.0168912625683
656000000.0	-0.15931783782
658000000.0	-0.283157903586
660000000.0	-0.101482713187
662000000.0	0.0374660266303
664000000.0	0.26280276529
666000000.0	0.229189566425
668000000.0	0.144121355504
670000000.0	-0.11718838696
672000000.0	-0.204224380606
674000000.0	0.0507781971189
676000000.0	-0.318229936243
678000000.0	0.0134078144964
680000000.0	0.0785558133167
682000000.0	0.000336214508439
684000000.0	0.00625259509526
686000000.0	-0.0542567658666
688000000.0	-0.111367982879
690000000.0	0.099311234289
692000000.0	0.0252782131776
694000000.0	0.15601966868
696000000.0	0.0276875432538
698000000.0	-0.14318628446
700000000.0	-0.117078858391
702000000.0	-0.112459919945
704000000.0	0.0136200861988
706000000.0	0.187341362244
708000000.0	0.27506773095
710000000.0	0.0968449816719
712000000.0	-0.178649987162
714000000.0	0.0261602635372
716000000.0	-0.24193238894
718000000.0	-0.145345553121
720000000.0	0.087190643804
722000000.0	0.121410029549
724000000.0	0.140512708732
726000000.0	0.0864949862246
728000000.0	0.0455350249302
730000000.0	-0.0836852520163
732000000.0	-0.118573975376
734000000.0	-0.0675511748898
736000000.0	-0.0323412840837
738000000.0	0.0267002901929
740000000.0	0.103091407452
742000000.0	0.0892387275843
744000000.0	-0.0357570505914
746000000.0	-0.0475345714333
748000000.0	-0.0891101077354
750000000.0	-0.0537579288776
752000000.0	0.195436705843
754000000.0	0.0427389327312
756000000.0	-0.119142444668
758000000.0	-0.0166169975773
760000000.0	-0.295841526432
762000000.0	-0.102283743583
764000000.0	0.248715722712
766000000.0	-0.0253438616178
768000000.0	0.146165135283
770000000.0	-0.117106927785
772000000.0	-0.0837893351952
774000000.0	-0.22344930877
776000000.0	-0.164385900227
778000000.0	0.154705859971
780000000.0	0.126694215248
782000000.0	0.11768794322
784000000.0	0.168127383632
786000000.0	-0.0581187416967
788000000.0	-0.302041639976
790000000.0	-0.272037995948
792000000.0	-0.141262853951
794000000.0	-0.118640997732
796000000.0	0.150888543108
798000000.0	-0.0384747690635
800000000.0	0.430527990691
802000000.0	-0.112321133388
804000000.0	-0.366207661665
806000000.0	-0.302007658853
808000000.0	-0.0984498825224
810000000.0	0.156818742288
812000000.0	0.209505918359
814000000.0	0.290529126965
816000000.0	0.0451552450207
818000000.0	-0.155079515135
820000000.0	-0.171166358886
822000000.0	-0.0835637021452
824000000.0	-0.0561367204609
826000000.0	0.127907863034
828000000.0	0.0503729089531
830000000.0	0.0111668278648
832000000.0	-0.220929381116
834000000.0	-0.146518157263
836000000.0	-0.0855626854259
838000000.0	0.0763222145412
840000000.0	0.304493812353
842000000.0	0.237657793279
844000000.0	-0.14093834418
846000000.0	-0.345056188799
848000000.0	-0.374529524372
850000000.0	-0.446015699062
852000000.0	-0.0137303498559
854000000.0	0.471055993504
856000000.0	0.650817591348
858000000.0	0.277612491091
860000000.0	-0.340200096048
862000000.0	-0.563457968016
864000000.0	-0.697970800732
866000000.0	-0.255824089683
868000000.0	0.12799396891
870000000.0	0.487092767014
872000000.0	0.587366595534
874000000.0	0.375711937891
876000000.0	0.0189307022303
878000000.0	-0.760737223286
880000000.0	-1.01364451152
882000000.0	-0.572694096617
884000000.0	0.67851986798
886000000.0	1.22708937728
888000000.0	0.740484976187
890000000.0	-0.541804897303
892000000.0	-1.40273041162
894000000.0	-0.322177492864
896000000.0	1.30255739975
898000000.0	2.50651608777
900000000.0	-5.11371900453
902000000.0	0.883346270441
904000000.0	0.88968087365
906000000.0	0.996887851926
908000000.0	1.03384193989
910000000.0	0.134876203369
912000000.0	-1.09922241819
914000000.0	-1.44876052351
916000000.0	-0.805794948212
918000000.0	0.488427438973
920000000.0	1.24861492329
922000000.0	1.093372954
924000000.0	0.181210878412
926000000.0	-0.634987227627
928000000.0	-0.84270047646
930000000.0	-0.673031482281
932000000.0	-0.20000323075
934000000.0	0.369007310594
936000000.0	0.690793219958
938000000.0	0.386813691784
940000000.0	0.152039491695
942000000.0	-0.303228736223
944000000.0	-0.557946347596
946000000.0	-0.519458045591
948000000.0	-0.020316677611
950000000.0	0.578419207394
952000000.0	0.473189595238
954000000.0	0.242877670394
956000000.0	0.0413813320637
958000000.0	-0.37303548925
960000000.0	-0.318763310938
962000000.0	-0.113924534327
964000000.0	0.0575066710363
966000000.0	0.205444372387
968000000.0	0.100394778711
970000000.0	-0.0387483649838
972000000.0	-0.288763386205
974000000.0	-0.246705291511
976000000.0	-0.0291060566414
978000000.0	0.115412738475
980000000.0	0.231473569367
982000000.0	0.225376040143
984000000.0	0.0578182432487
986000000.0	-0.350858827682
988000000.0	-0.177285653416
990000000.0	-0.179899074305
992000000.0	0.198503723139
994000000.0	0.301826574082
996000000.0	0.16690292878
998000000.0	0.243029596057
1000000000.0	0.6
1002000000.0	-0.242772903941
1004000000.0	-0.289182725714
1006000000.0	-0.0617614400209
1008000000.0	-0.0102060652686
1010000000.0	0.190391667654
1012000000.0	0.183481865975
1014000000.0	0.0654500536868
1016000000.0	-0.100798729625
1018000000.0	-0.134609214894
1020000000.0	-0.22904085761
1022000000.0	-0.181406695883
1024000000.0	0.149728533456
1026000000.0	0.232114984491
1028000000.0	0.155726913493
1030000000.0	-0.0557993323389
1032000000.0	-0.0734599215714
1034000000.0	-0.13407014106
1036000000.0	-0.214240530176
1038000000.0	0.000693609834835
1040000000.0	0.084984285547
1042000000.0	-0.0244172436951
1044000000.0	0.0303587807143
1046000000.0	0.0293508714128
1048000000.0	-0.160932227712
1050000000.0	-0.127545905715
1052000000.0	-0.0539902628541
1054000000.0	0.0734046712695
1056000000.0	0.161497396123
1058000000.0	0.0860637568786
1060000000.0	-0.163444529117
1062000000.0	-0.0838204627631
1064000000.0	0.0508203940011
1066000000.0	0.108192327356
1068000000.0	0.00165562376598
1070000000.0	0.111431967343
1072000000.0	0.103762759209
1074000000.0	0.0238058915944
1076000000.0	-0.0868672858004
1078000000.0	-0.185956250012
1080000000.0	-0.0307786730773
1082000000.0	0.140218986643
1084000000.0	0.0453149823681
1086000000.0	0.285735788268
1088000000.0	0.0600408406805
1090000000.0	0.0188452292079
1092000000.0	-0.0551550659677
1094000000.0	-0.163049194723
1096000000.0	-0.0361442402151
1098000000.0	-0.0397468049131
1100000000.0	0.294867360416
1102000000.0	-0.0121833496337
1104000000.0	-0.0553761903955
1106000000.0	-0.0688536582428
1108000000.0	-0.146805946271
1110000000.0	-0.00696220306792
1112000000.0	0.00176225054229
1114000000.0	0.03717513117
1116000000.0	0.119666533965
1118000000.0	0.196132240443
1120000000.0	0.0274278457863
1122000000.0	-0.0832965647473
1124000000.0	0.0166127142445
1126000000.0	0.0185669493483
1128000000.0	0.164244446609
1130000000.0	0.0852848375746
1132000000.0	-0.0652337139141
1134000000.0	-0.107894144421
1136000000.0	-0.111618155598
1138000000.0	-0.107894812331
1140000000.0	-0.093359925784
1142000000.0	0.099673066553
1144000000.0	0.0698979194579
1146000000.0	0.184563718997
1148000000.0	-0.0528213683378
1150000000.0	-0.265262974862
1152000000.0	-0.19240382945
1154000000.0	-0.0719389419407
1156000000.0	-0.00254420783983
1158000000.0	0.100075047721
1160000000.0	0.187425113317
1162000000.0	-0.0703147014116
1164000000.0	-0.152167548791
1166000000.0	-0.0474591260902
1168000000.0	-0.253095265768
1170000000.0	-0.13981956243
1172000000.0	0.0552169428387
1174000000.0	0.0516942780119
1176000000.0	0.0970950315455
1178000000.0	0.0122010346631
1180000000.0	-0.0124098542371
1182000000.0	-0.087999591846
1184000000.0	-0.0121799840151
1186000000.0	-0.0375059579713
1188000000.0	-0.0765275989921
1190000000.0	-0.133226775416
1192000000.0	0.0265430376994
1194000000.0	0.0665874545368
1196000000.0	0.0943592456825
1198000000.0	0.301822651351
1200000000.0	-0.780502582508
1202000000.0	0.257121473853
1204000000.0	0.204358395034
1206000000.0	0.126963379259
1208000000.0	0.0394148856841
1210000000.0	-0.270010356448
1212000000.0	-0.0874524943068
1214000000.0	0.0438112478609
1216000000.0	0.0567753180203
1218000000.0	0.0329225858692
1220000000.0	0.0988286986903
1222000000.0	-0.0674073268927
1224000000.0	-0.014008683761
1226000000.0	-0.0266209401478
1228000000.0	-0.177154091946
1230000000.0	0.0545433535223
1232000000.0	0.0127757804599
1234000000.0	0.143552314671
1236000000.0	0.053311342939
1238000000.0	-0.0940928430008
1240000000.0	-0.10572698174
1242000000.0	0.0873792430776
1244000000.0	0.0142697622467
1246000000.0	-0.0375919750887
1248000000.0	0.0657456033511
1250000000.0	0.182787059757
1252000000.0	-0.251136212134
1254000000.0	-0.136258232247
1256000000.0	-0.0716748351936
1258000000.0	-0.0581028517667
1260000000.0	0.0749235193661
1262000000.0	0.132720209853
1264000000.0	0.248761518883
1266000000.0	0.104366239944
1268000000.0	-0.0596771014564
1270000000.0	-0.16692454535
1272000000.0	-0.0402581209811
1274000000.0	0.0321421678306
1276000000.0	0.101136241552
1278000000.0	0.169236091833
1280000000.0	-0.0421702915956
1282000000.0	0.0312045245789
1284000000.0	-0.142756318051
1286000000.0	-0.0907819395208
1288000000.0	-0.13457878633
1290000000.0	0.0749154316014
1292000000.0	-0.0831623908709
1294000000.0	0.167039896641
1296000000.0	0.0877975682261
1298000000.0	-0.102657158253
1300000000.0	-0.474783955442
1302000000.0	0.190222191673
1304000000.0	0.193893288298
1306000000.0	0.105345889219
1308000000.0	0.0823976985876
1310000000.0	-0.0993257869828
1312000000.0	-0.0750244672902
1314000000.0	0.112329476331
1316000000.0	-0.0861276986503
1318000000.0	-0.022078157633
1320000000.0	6.02974551663e-05
1322000000.0	-0.0135072755191
1324000000.0	-0.0400454038784
1326000000.0	-0.0451607840686
1328000000.0	-0.0387224257872
1330000000.0	-0.0907320098093
1332000000.0	-0.0688329548505
1334000000.0	0.0118641620817
1336000000.0	0.0214600914434
1338000000.0	0.0156969290077
1340000000.0	-0.000600667464512
1342000000.0	-0.0761093579957
1344000000.0	-0.0273122560102
1346000000.0	0.0373006437143
1348000000.0	0.0439770702892
1350000000.0	0.0795761667439
1352000000.0	0.0705885645977
1354000000.0	0.0157909261987
1356000000.0	-0.0748102069743
1358000000.0	0.173387156786
1360000000.0	-0.0433228867766
1362000000.0	0.0222368250534
1364000000.0	0.111648687322
1366000000.0	0.0978443732734
1368000000.0	0.0687416656464
1370000000.0	-0.0492238483732
1372000000.0	0.0374245126084
1374000000.0	0.187488426231
1376000000.0	-0.192845366961
1378000000.0	0.064132543049
1380000000.0	0.0255096750413
1382000000.0	0.192432593424
1384000000.0	0.00241034689508
1386000000.0	0.00647786822556
1388000000.0	-0.053339623168
1390000000.0	-0.0313734038965
1392000000.0	-0.165614171861
1394000000.0	-0.0685139083588
1396000000.0	-0.0267683563131
1398000000.0	-0.16061153907
1400000000.0	0.132923509311
1402000000.0	-0.105018759973
1404000000.0	-0.223141558447
1406000000.0	-0.1769875569
1408000000.0	-0.0112515203794
1410000000.0	0.202860346668
1412000000.0	0.0263390149035
1414000000.0	0.0618622215618
1416000000.0	-0.0310947593157
1418000000.0	-0.083535682834
1420000000.0	-0.0699469166271
1422000000.0	0.022865364209
1424000000.0	0.0731135283755
1426000000.0	0.0368794511821
1428000000.0	-0.011189216041
1430000000.0	-0.130566155026
1432000000.0	-0.0962251886709
1434000000.0	-0.153401297283
1436000000.0	0.0225175530725
1438000000.0	0.0932608531538
1440000000.0	0.171487318316
1442000000.0	0.268760982281
1444000000.0	-0.0325517021137
1446000000.0	-0.130073414993
1448000000.0	-0.319619293641
1450000000.0	-0.128056006201
1452000000.0	0.00607109628821
1454000000.0	0.173696676523
1456000000.0	0.144745117059
1458000000.0	0.0154290572156
1460000000.0	-0.129805404154
1462000000.0	-0.231230810083
1464000000.0	-0.274522326736
1466000000.0	-0.152655116303
1468000000.0	-0.0336841590578
1470000000.0	0.30293230561
1472000000.0	0.375803726989
1474000000.0	0.268290608799
1476000000.0	-0.282784080182
1478000000.0	-0.327420668722
1480000000.0	-0.397087872413
1482000000.0	-0.09494976425
1484000000.0	0.16556645666
1486000000.0	0.503348053
1488000000.0	0.234093605344
1490000000.0	-0.288685827659
1492000000.0	-0.511170224996
1494000000.0	-0.191854241077
1496000000.0	0.470728062088
1498000000.0	1.09830958052
1500000000.0	-2.13914851462
1502000000.0	0.115519088614
1504000000.0	0.238171946495
1506000000.0	0.43298113276
1508000000.0	0.420675751864
1510000000.0	0.134534409659
1512000000.0	-0.42531432756
1514000000.0	-0.60618573299
1516000000.0	-0.331837438791
1518000000.0	0.259919676212
1520000000.0	0.509810609783
1522000000.0	0.461586325548
1524000000.0	0.193284204717
1526000000.0	-0.241671593513
1528000000.0	-0.264165421272
1530000000.0	-0.189009417567
1532000000.0	-0.0638978305263
1534000000.0	0.0638229814947
1536000000.0	0.231845748174
1538000000.0	0.271198739457
1540000000.0	0.0362871031348
1542000000.0	-0.041867735692
1544000000.0	-0.199225771787
1546000000.0	-0.128195150377
1548000000.0	-0.0584761548084
1550000000.0	0.122601241468
1552000000.0	0.228278937559
1554000000.0	0.225940746845
1556000000.0	-0.0690348665727
1558000000.0	-0.0594874258599
1560000000.0	-0.181749966534
1562000000.0	-0.044688954011
1564000000.0	0.00715129024539
1566000000.0	-0.0257604903223
1568000000.0	-0.0179496195695
1570000000.0	-0.00258129944814
1572000000.0	-0.00613517855238
1574000000.0	-0.0530652977994
1576000000.0	-0.0107246708769
1578000000.0	-0.0514392065421
1580000000.0	0.157036323231
1582000000.0	0.0595561413485
1584000000.0	0.23824970791
1586000000.0	-0.0861686126068
1588000000.0	-0.15191423182
1590000000.0	-0.0381232852959
1592000000.0	0.0959141141963
1594000000.0	0.0631762157304
1596000000.0	-0.011864555846
1598000000.0	0.0813196279273
1600000000.0	-0.177402990691
1602000000.0	-0.0735453494906
1604000000.0	-0.0454579398816
1606000000.0	-0.104748334537
1608000000.0	-0.147506558119
1610000000.0	0.121790747326
1612000000.0	0.122033138314
1614000000.0	-0.0134046758446
1616000000.0	-0.0797273656444
1618000000.0	-0.0684444360108
1620000000.0	-0.131811243449
1622000000.0	-0.0684665102158
1624000000.0	-0.239089812219
1626000000.0	0.258088098204
1628000000.0	0.00318376208925
1630000000.0	0.122350859505
1632000000.0	0.0342512635604
1634000000.0	0.0416319123672
1636000000.0	-0.0373010927577
1638000000.0	-0.0973825073098
1640000000.0	0.0523454809694
1642000000.0	0.142603464141
1644000000.0	0.106123942548
1646000000.0	0.0408853653761
1648000000.0	-0.142904754739
1650000000.0	-0.103978700557
1652000000.0	0.035710561867
1654000000.0	0.143082454363
1656000000.0	0.120788277947
1658000000.0	0.0122259294791
1660000000.0	0.0302690600316
1662000000.0	-0.0128421611291
1664000000.0	-0.0749123291382
1666000000.0	0.0393177137372
1668000000.0	0.000650041335872
1670000000.0	0.0430845257988
1672000000.0	-0.0359848963821
1674000000.0	-0.079152136573
1676000000.0	0.126585350157
1678000000.0	-0.0231034373315
1680000000.0	-0.0529778717105
1682000000.0	-0.0219052348466
1684000000.0	0.0299161548105
1686000000.0	0.119680795359
1688000000.0	-0.118399941612
1690000000.0	0.0735065992523
1692000000.0	-0.166213745084
1694000000.0	-0.00917903489708
1696000000.0	-0.154762472239
1698000000.0	-0.153175156854
1700000000.0	0.261891715201
1702000000.0	-0.0096395151853
1704000000.0	-0.0422026208846
1706000000.0	0.0433395668032
1708000000.0	0.00441021041987
1710000000.0	-0.0206020082819
1712000000.0	-0.0194752129308
1714000000.0	0.0718528425807
1716000000.0	0.0195195882979
1718000000.0	0.0234377110074
1720000000.0	-0.00214410125117
1722000000.0	-0.0722174000596
1724000000.0	0.0432783892351
1726000000.0	-0.0850278647671
1728000000.0	-0.00280015007631
1730000000.0	0.0792946973911
1732000000.0	-0.028064931895
1734000000.0	-0.0308301271786
1736000000.0	-0.0705126719051
1738000000.0	-0.023370400089
1740000000.0	-0.0525536862789
1742000000.0	-0.0188906394682
1744000000.0	0.104959188872
1746000000.0	0.0788070103039
1748000000.0	-0.0652482407791
1750000000.0	0.513858364683
1752000000.0	0.00622611868054
1754000000.0	-0.0621467269341
1756000000.0	0.0367212864866
1758000000.0	0.0719269790147
1760000000.0	0.0504190038413
1762000000.0	-0.147311500173
1764000000.0	-0.0465400823816
1766000000.0	-0.0689093470674
1768000000.0	-0.0203155394783
1770000000.0	0.0180726894514
1772000000.0	0.0164175189238
1774000000.0	0.0792876544248
1776000000.0	-0.0344687875569
1778000000.0	-0.113451164611
1780000000.0	-0.0982993199757
1782000000.0	0.110034039604
1784000000.0	-0.0833965593033
1786000000.0	0.00567823555091
1788000000.0	0.0371863169856
1790000000.0	-0.0179383972444
1792000000.0	-0.0454468153627
1794000000.0	0.0598995234547
1796000000.0	-0.100894803991
1798000000.0	0.00373146907153
1800000000.0	-0.349603222671
1802000000.0	0.0873462332052
1804000000.0	0.04658947374
1806000000.0	0.0749502735199
1808000000.0	0.0332083871606
1810000000.0	0.102238130044
1812000000.0	0.00438427877548
1814000000.0	-0.0250229488832
1816000000.0	0.0271994275604
1818000000.0	0.108100499387
1820000000.0	-0.0902462809669
1822000000.0	0.00171192371788
1824000000.0	-0.00172302930181
1826000000.0	0.0124421670051
1828000000.0	-0.00467296537072
1830000000.0	0.0576164678683
1832000000.0	0.0491214044186
1834000000.0	-0.0832228010383
1836000000.0	-0.0733598523327
1838000000.0	-0.0266350412988
1840000000.0	-0.0523845245188
1842000000.0	0.0962639381683
1844000000.0	-0.0706544491911
1846000000.0	0.183779714386
1848000000.0	0.109342204701
1850000000.0	0.0720816093714
1852000000.0	-0.00568765341502
1854000000.0	-0.174758206881
1856000000.0	-0.148046542638
1858000000.0	0.0187626643928
1860000000.0	0.0418813410232
1862000000.0	0.0867093283139
1864000000.0	-0.0374267503203
1866000000.0	-0.0709480037579
1868000000.0	-0.0922747039385
1870000000.0	0.048702484544
1872000000.0	-0.0160867892986
1874000000.0	0.0925294435829
1876000000.0	-0.206082141195
1878000000.0	0.162525135585
1880000000.0	0.195249195917
1882000000.0	0.028709707366
1884000000.0	-0.163180774306
1886000000.0	-0.181709529496
1888000000.0	-0.0917208653875
1890000000.0	0.110494821945
1892000000.0	0.172922985554
1894000000.0	0.11196025923
1896000000.0	0.0401378692619
1898000000.0	-0.102425400049
1900000000.0	-0.54301259152
1902000000.0	0.396861411094
1904000000.0	0.253999747638
1906000000.0	0.0871352100082
1908000000.0	-0.107589349862
1910000000.0	-0.155873959737
1912000000.0	-0.0540944334153
1914000000.0	0.169776888101
1916000000.0	0.0157262364283
1918000000.0	0.0861690562786
1920000000.0	-0.133309272882
1922000000.0	-0.167525421754
1924000000.0	-0.063721338081
1926000000.0	0.173984526234
1928000000.0	0.04067193444
1930000000.0	0.0922254128751
1932000000.0	0.019992336083
1934000000.0	-0.0555104069548
1936000000.0	-0.0753818353274
1938000000.0	-0.00868835728722
1940000000.0	-0.00625850258204
1942000000.0	0.0724459601106
1944000000.0	0.0593495880933
1946000000.0	0.0359060324877
1948000000.0	-0.0642634245984
1950000000.0	0.0686886086041
1952000000.0	-0.030631401229
1954000000.0	-0.0262449365681
1956000000.0	-0.162879870566
1958000000.0	-0.0415922841093
1960000000.0	-0.0145478367892
1962000000.0	0.0444920143662
1964000000.0	0.049541852419
1966000000.0	-0.112415256279
1968000000.0	0.0821344923634
1970000000.0	0.0546554146344
1972000000.0	-0.0453102883794
1974000000.0	0.017487500088
1976000000.0	-0.0633602841016
1978000000.0	0.121550723552
1980000000.0	-0.0954619805459
1982000000.0	0.0603221300852
1984000000.0	0.00013868979994
1986000000.0	-0.0334423237694
1988000000.0	-0.0413710914908
1990000000.0	-0.0261034528744
1992000000.0	-0.0632795061603
1994000000.0	-0.0471078783068
1996000000.0	0.0489915637235
1998000000.0	0.0824876792678
2000000000.0	-0.065625
