0.0	-2.612512
2000000.0	-0.126640472705
4000000.0	0.0833137685741
6000000.0	-0.589918154816
8000000.0	-0.38923150557
10000000.0	-0.0980969495294
12000000.0	0.156438631683
14000000.0	0.799160040189
16000000.0	1.52383507718
18000000.0	2.24035946239
20000000.0	2.39837223194
22000000.0	1.69704297454
24000000.0	0.645157161684
26000000.0	-0.803193412569
28000000.0	-2.09110658218
30000000.0	-2.86322971642
32000000.0	-2.37218536139
34000000.0	-0.979510454389
36000000.0	0.980395033415
38000000.0	1.82082169046
40000000.0	1.99004451369
42000000.0	1.73081662266
44000000.0	0.69416615723
46000000.0	-0.259356929372
48000000.0	-0.822791606916
50000000.0	-0.814041867697
52000000.0	-0.250024934107
54000000.0	0.221034523529
56000000.0	0.112253740197
58000000.0	-0.164377697646
60000000.0	-0.443935337388
62000000.0	-0.295581128781
64000000.0	0.0441289555986
66000000.0	0.745554891523
68000000.0	1.06743909059
70000000.0	0.796531848711
72000000.0	-0.011640262968
74000000.0	-0.973108720351
76000000.0	-1.49344537828
78000000.0	-1.11785163345
80000000.0	-0.232626346404
82000000.0	0.775410288276
84000000.0	1.32478545566
86000000.0	1.38309501461
88000000.0	0.493837877578
90000000.0	-0.523147951256
92000000.0	-1.16392596153
94000000.0	-1.18556946502
96000000.0	-0.698419892398
98000000.0	0.156472836531
100000000.0	0.839193403175
102000000.0	0.955740310412
104000000.0	0.675806414646
106000000.0	0.136116099312
108000000.0	-0.311883948067
110000000.0	-0.46233355012
112000000.0	-0.507464405322
114000000.0	-0.352287665951
116000000.0	-0.0893238254276
118000000.0	0.0094786284702
120000000.0	0.128902242352
122000000.0	0.166140626107
124000000.0	0.1615507574
126000000.0	0.301811597506
128000000.0	0.124407134979
130000000.0	-0.077602937884
132000000.0	-0.237291305053
134000000.0	-0.368544893196
136000000.0	-0.285821469233
138000000.0	-0.0906204660943
140000000.0	0.249500077582
142000000.0	0.50733561101
144000000.0	0.513938550329
146000000.0	0.107983169605
148000000.0	-0.330568256664
150000000.0	-0.595402202355
152000000.0	-0.59391609319
154000000.0	-0.188838229044
156000000.0	0.293154302581
158000000.0	0.635459300498
160000000.0	0.527122761978
162000000.0	0.170854752765
164000000.0	-0.366213434472
166000000.0	-0.741509997785
168000000.0	-0.558034022768
170000000.0	-0.185718743045
172000000.0	0.269553631343
174000000.0	0.637661881231
176000000.0	0.644406995429
178000000.0	0.210543910039
180000000.0	-0.315738901678
182000000.0	-0.593215847383
184000000.0	-0.499735906732
186000000.0	-0.203379263963
188000000.0	0.184949990521
190000000.0	0.404534352735
192000000.0	0.400248420849
194000000.0	0.138239505803
196000000.0	-0.14217852043
198000000.0	-0.283808713855
200000000.0	-0.121538242169
202000000.0	-0.0529496683379
204000000.0	0.00528662503498
206000000.0	0.0192474132363
208000000.0	0.085331902232
210000000.0	-0.0764097362673
212000000.0	-0.00926243308427
214000000.0	0.118360537156
216000000.0	0.149009403611
218000000.0	0.100746489212
220000000.0	-0.0916697585391
222000000.0	-0.279289695985
224000000.0	-0.391042002691
226000000.0	-0.200923301054
228000000.0	0.0745641702216
230000000.0	0.485985684985
232000000.0	0.523969356391
234000000.0	0.281591825531
236000000.0	-0.296949388196
238000000.0	-0.775435814007
240000000.0	-0.889873911448
242000000.0	-0.409799365976
244000000.0	0.318324540345
246000000.0	1.02549184234
248000000.0	1.09574166769
250000000.0	0.538858729798
252000000.0	-0.277445982725
254000000.0	-1.23431442573
256000000.0	-1.53974722226
258000000.0	-0.748234062956
260000000.0	0.469872803988
262000000.0	1.47647017684
264000000.0	1.79101520491
266000000.0	0.975093467983
268000000.0	-0.541544915687
270000000.0	-1.79285912146
272000000.0	-2.10883186258
274000000.0	-1.30403322086
276000000.0	0.388254198618
278000000.0	1.92715009059
280000000.0	2.43055760013
282000000.0	1.55327513897
284000000.0	-0.302013603196
286000000.0	-2.35719804857
288000000.0	-3.14722509508
290000000.0	-2.05042327784
292000000.0	0.393048792296
294000000.0	3.10947401622
296000000.0	4.70217522701
298000000.0	5.20202973463
300000000.0	-14.5944080187
302000000.0	3.63881543001
304000000.0	1.35813606775
306000000.0	-0.237922889287
308000000.0	-0.527528983431
310000000.0	0.237773288023
312000000.0	1.13518544585
314000000.0	1.27696581291
316000000.0	0.327886855533
318000000.0	-0.816596889723
320000000.0	-1.45155076788
322000000.0	-1.18911001679
324000000.0	-0.481993716599
326000000.0	0.83369538926
328000000.0	1.59384151931
330000000.0	1.42852120668
332000000.0	0.467626910468
334000000.0	-0.730574815683
336000000.0	-1.6316309928
338000000.0	-1.49321442232
340000000.0	-0.510019280171
342000000.0	0.58702031297
344000000.0	1.3790299251
346000000.0	1.36994129643
348000000.0	0.642988401359
350000000.0	-0.419068043156
352000000.0	-1.19983304205
354000000.0	-1.24258193441
356000000.0	-0.496200729964
358000000.0	0.372124315242
360000000.0	1.01038867042
362000000.0	0.93982145338
364000000.0	0.43873270473
366000000.0	-0.248473031635
368000000.0	-0.678056981758
370000000.0	-0.745444753497
372000000.0	-0.43820978284
374000000.0	-0.0264841671572
376000000.0	0.553674902768
378000000.0	0.541994102
380000000.0	0.276067645003
382000000.0	-0.0984890880169
384000000.0	-0.311742381639
386000000.0	-0.321245456938
388000000.0	-0.16137365075
390000000.0	0.00897094604659
392000000.0	0.171969956285
394000000.0	0.0403623817872
396000000.0	0.0296161060828
398000000.0	-0.0512546634864
400000000.0	0.0244036509674
402000000.0	-0.0186514750997
404000000.0	0.0255116222058
406000000.0	0.0130675547868
408000000.0	-0.0470134333446
410000000.0	-0.232082405941
412000000.0	-0.156842389003
414000000.0	-0.052778618715
416000000.0	0.123948418982
418000000.0	0.411468143327
420000000.0	0.240452079755
422000000.0	0.0450853637906
424000000.0	-0.223123873997
426000000.0	-0.384556152072
428000000.0	-0.348334957179
430000000.0	-0.07710893672
432000000.0	0.162934557539
434000000.0	0.448952572834
436000000.0	0.427037371393
438000000.0	0.152637425338
440000000.0	-0.163510892506
442000000.0	-0.400286392406
444000000.0	-0.283954990412
446000000.0	-0.11120544532
448000000.0	0.119564556877
450000000.0	0.339381641317
452000000.0	0.339353816224
454000000.0	0.211415252628
456000000.0	-0.116163033519
458000000.0	-0.259632142667
460000000.0	-0.309058090117
462000000.0	-0.267264390551
464000000.0	-0.0161347024148
466000000.0	0.245931623869
468000000.0	0.310766243149
470000000.0	0.168576125214
472000000.0	3.72825221802e-05
474000000.0	-0.210452862681
476000000.0	-0.153605001764
478000000.0	-0.162171154929
480000000.0	-0.0210318706556
482000000.0	-0.0469457166079
484000000.0	0.127786582965
486000000.0	0.107474101871
488000000.0	0.0918715282249
490000000.0	0.0297061387822
492000000.0	0.0291519333027
494000000.0	-0.0332744939203
496000000.0	-0.0181027542576
498000000.0	-0.137989851811
500000000.0	-0.196240634939
502000000.0	-0.00720645003514
504000000.0	0.0600665404105
506000000.0	0.0791847853187
508000000.0	0.202366709625
510000000.0	0.0452498942757
512000000.0	0.0811861681614
514000000.0	-0.122495476851
516000000.0	-0.210855298233
518000000.0	-0.106679664492
520000000.0	0.0291353730419
522000000.0	0.0961846266201
524000000.0	0.270449068322
526000000.0	0.130080796766
528000000.0	0.0589810095509
530000000.0	-0.0873456774353
532000000.0	-0.233239506241
534000000.0	-0.166235623391
536000000.0	-0.018441850342
538000000.0	0.0545256314214
540000000.0	0.0932543957535
542000000.0	0.124224620465
544000000.0	0.169031470219
546000000.0	-0.00666818073165
548000000.0	-0.112568244524
550000000.0	-0.147364149844
552000000.0	-0.11392932833
554000000.0	-0.0378278646822
556000000.0	0.00796499049408
558000000.0	0.134792902605
560000000.0	0.107278308374
562000000.0	0.0744679467129
564000000.0	-0.0161651064471
566000000.0	-0.017744994419
568000000.0	-0.138194830863
570000000.0	-0.129129729883
572000000.0	-0.137485305075
574000000.0	0.0667622311616
576000000.0	0.067903202602
578000000.0	0.0870674281095
580000000.0	0.0803478634959
582000000.0	0.0118608032407
584000000.0	-0.111876099919
586000000.0	-0.11511831495
588000000.0	-0.00407291907263
590000000.0	-0.0627381351773
592000000.0	0.0825409900212
594000000.0	0.140631535865
596000000.0	0.230243772662
598000000.0	0.128861519684
600000000.0	-0.376870113321
602000000.0	0.0256200171251
604000000.0	0.0134966749346
606000000.0	-0.0213577109898
608000000.0	0.0245690527309
610000000.0	0.0159962639764
612000000.0	0.0787301384757
614000000.0	0.097751251072
616000000.0	0.0398243662574
618000000.0	-0.0801282405137
620000000.0	0.0212837277377
622000000.0	-0.0969616633707
624000000.0	-0.170657086712
626000000.0	0.136774974142
628000000.0	0.173800969898
630000000.0	0.0686402042097
632000000.0	0.0658341763186
634000000.0	0.0274724218328
636000000.0	-0.0113971397708
638000000.0	-0.0194070890329
640000000.0	0.0400827304037
642000000.0	-0.0849261965335
644000000.0	-0.0654953919792
646000000.0	0.0125506702542
648000000.0	0.065060086839
650000000.0	0.0422118675204
652000000.0	0.0567962132159
654000000.0	0.00654280950536
656000000.0	0.0399448273007
658000000.0	-0.0351246778274
660000000.0	-0.102506915205
662000000.0	-0.100710625747
664000000.0	-0.0455864120348
666000000.0	0.0215509955431
668000000.0	0.0953552578658
670000000.0	0.126280927637
672000000.0	0.0426081258991
674000000.0	-0.0834053866435
676000000.0	-0.0862710757335
678000000.0	-0.103970030181
680000000.0	-0.0713998813494
682000000.0	-0.0334215825385
684000000.0	0.0993864646682
686000000.0	0.116438720178
688000000.0	0.0589842782193
690000000.0	-0.0118188275038
692000000.0	-0.0545320379287
694000000.0	-0.0886145555603
696000000.0	-0.0304868351374
698000000.0	-0.0204325722808
700000000.0	0.120406266444
702000000.0	0.0426609259265
704000000.0	0.08952833583
706000000.0	-0.0577103772918
708000000.0	-0.0259309115614
710000000.0	-0.0429843444954
712000000.0	-0.0364338009735
714000000.0	0.034225586142
716000000.0	0.0343640922838
718000000.0	0.00862135082926
720000000.0	0.0230801815621
722000000.0	-0.0184936447624
724000000.0	-0.0599347639406
726000000.0	0.0578160597594
728000000.0	0.0653776785566
730000000.0	0.0652240729603
732000000.0	-0.0124940004492
734000000.0	-0.0394403496268
736000000.0	-0.033926506933
738000000.0	-0.06680841942
740000000.0	-0.017561315272
742000000.0	-0.00603054058753
744000000.0	0.0724210334098
746000000.0	0.0826091751867
748000000.0	-0.0420790065937
750000000.0	0.0525591516662
752000000.0	-0.0556507975069
754000000.0	-0.0431036785947
756000000.0	0.0378377420958
758000000.0	0.112404158083
760000000.0	0.00392447022565
762000000.0	-0.0614185032036
764000000.0	-0.0711263536067
766000000.0	-0.0543302229669
768000000.0	-0.0798709170879
770000000.0	-0.0206303294622
772000000.0	0.0526711563428
774000000.0	0.0264374196099
776000000.0	0.0230631208139
778000000.0	0.055943559841
780000000.0	-0.0087387435051
782000000.0	-0.118700694495
784000000.0	-0.122364477081
786000000.0	-0.0558234109489
788000000.0	0.175344091404
790000000.0	0.137096316388
792000000.0	0.0850513603939
794000000.0	-0.01861902292
796000000.0	-0.101787288353
798000000.0	-0.199925616728
800000000.0	-0.0814133831216
802000000.0	-0.00870028087501
804000000.0	0.100391202825
806000000.0	0.144033963715
808000000.0	0.100524577783
810000000.0	0.0596946115336
812000000.0	-0.0500744138514
814000000.0	-0.100372621909
816000000.0	-0.0497767090468
818000000.0	-0.019998734594
820000000.0	0.0807781021334
822000000.0	0.154143602323
824000000.0	0.0453930953631
826000000.0	-0.148912349243
828000000.0	-0.155142132294
830000000.0	-0.0136359563653
832000000.0	0.0113045338005
834000000.0	-0.018915772613
836000000.0	0.114297385029
838000000.0	0.143022069262
840000000.0	-0.0924120163642
842000000.0	-0.118726834096
844000000.0	-0.113803416208
846000000.0	0.0163044116291
848000000.0	0.124140361681
850000000.0	0.134570192708
852000000.0	0.0894833843306
854000000.0	-0.0627095849099
856000000.0	-0.193487217982
858000000.0	-0.190279802221
860000000.0	-0.00820890845689
862000000.0	0.190160212132
864000000.0	0.269848139875
866000000.0	0.253572129993
868000000.0	0.00416061747005
870000000.0	-0.348749074371
872000000.0	-0.5267184024
874000000.0	-0.408536485298
876000000.0	-0.0859387558634
878000000.0	0.520695171453
880000000.0	0.785575690795
882000000.0	0.714541066946
884000000.0	0.00172724862125
886000000.0	-1.00277406284
888000000.0	-1.49437636777
890000000.0	-1.20126965873
892000000.0	0.102259573098
894000000.0	2.1273801618
896000000.0	4.46489607968
898000000.0	6.53484272359
900000000.0	-20.6536339756
902000000.0	5.90216971079
904000000.0	4.01881797374
906000000.0	1.8186755863
908000000.0	0.115340357213
910000000.0	-0.848707522772
912000000.0	-1.02601519872
914000000.0	-0.566168733382
916000000.0	-0.061244811603
918000000.0	0.270371830281
920000000.0	0.434566571153
922000000.0	0.257786405734
924000000.0	0.0733657271808
926000000.0	-0.135598778357
928000000.0	-0.120999298891
930000000.0	0.0440584197787
932000000.0	-0.0131181966204
934000000.0	-0.0544943960078
936000000.0	-0.04619863861
938000000.0	-0.0796628763823
940000000.0	-0.0420908463553
942000000.0	0.074269887176
944000000.0	0.143335526054
946000000.0	0.1753085783
948000000.0	0.0661223874447
950000000.0	-0.0886946594576
952000000.0	-0.183171663065
954000000.0	-0.190270137625
956000000.0	-0.18919342309
958000000.0	0.0399586519574
960000000.0	0.251289087243
962000000.0	0.133632270571
964000000.0	0.220987813969
966000000.0	-0.0602000244971
968000000.0	-0.275848270142
970000000.0	-0.309346661444
972000000.0	-0.184520057811
974000000.0	0.0224109967907
976000000.0	0.144293451436
978000000.0	0.128771127623
980000000.0	0.107209624121
982000000.0	-0.0311572680294
984000000.0	-0.0778784561436
986000000.0	-0.214800616919
988000000.0	-0.19953963609
990000000.0	-0.0012573142947
992000000.0	0.0490044655764
994000000.0	0.143764173009
996000000.0	0.227737262448
998000000.0	0.101716236994
1000000000.0	-0.404684
1002000000.0	-0.0588543310322
1004000000.0	-0.0624715395882
1006000000.0	0.00669728066886
1008000000.0	-0.0737738853726
1010000000.0	0.0191183954684
1012000000.0	0.0288793083834
1014000000.0	0.0669199602111
1016000000.0	0.0591221926878
1018000000.0	-0.0434792991311
1020000000.0	-0.0196255301325
1022000000.0	0.00954235752458
1024000000.0	-0.100023313758
1026000000.0	-0.0475048965537
1028000000.0	-0.0183125780898
1030000000.0	-0.0516435819837
1032000000.0	0.056029207991
1034000000.0	0.0142882385439
1036000000.0	0.0674685889235
1038000000.0	-0.0492435487919
1040000000.0	-0.0968680297151
1042000000.0	-0.0932159897739
1044000000.0	-0.115309217235
1046000000.0	-0.00640375154331
1048000000.0	-0.00490973448244
1050000000.0	0.0594228760655
1052000000.0	0.0448373438257
1054000000.0	-0.00221158248073
1056000000.0	-0.0924367956701
1058000000.0	-0.0986533000193
1060000000.0	-0.0982765561396
1062000000.0	-0.0983306484927
1064000000.0	-0.0072686025931
1066000000.0	0.0254272234639
1068000000.0	0.090881385151
1070000000.0	0.0153087621496
1072000000.0	0.0311091871633
1074000000.0	-0.0853108231356
1076000000.0	-0.0078502079642
1078000000.0	-0.038709812615
1080000000.0	-0.0951823993034
1082000000.0	0.0397942319684
1084000000.0	0.0287328719235
1086000000.0	0.0242489661608
1088000000.0	0.0555434918889
1090000000.0	-0.0248315409673
1092000000.0	0.0104070635457
1094000000.0	-0.00491675017308
1096000000.0	-0.130299015475
1098000000.0	0.00516036859281
1100000000.0	0.113125516015
1102000000.0	-0.09097729346
1104000000.0	-0.000161898973538
1106000000.0	-0.0179511141267
1108000000.0	0.0331354090636
1110000000.0	0.0447858681752
1112000000.0	-0.0106393099681
1114000000.0	-0.0579994619198
1116000000.0	-0.0554434644081
1118000000.0	-0.00411031904523
1120000000.0	0.0629880259444
1122000000.0	0.0448729366422
1124000000.0	0.197301539579
1126000000.0	0.0422535601533
1128000000.0	0.000991986044004
1130000000.0	-0.072362785734
1132000000.0	-0.0683615930532
1134000000.0	-0.108011376452
1136000000.0	-0.00295364492195
1138000000.0	0.0309498543024
1140000000.0	0.0851932668138
1142000000.0	0.126893968408
1144000000.0	0.0667833504529
1146000000.0	-0.00935645575364
1148000000.0	-0.109859526269
1150000000.0	0.0600932302715
1152000000.0	0.00980530799642
1154000000.0	-0.0343322263782
1156000000.0	0.0955632200699
1158000000.0	0.0154835207541
1160000000.0	0.0447259369651
1162000000.0	-0.0171418267912
1164000000.0	-0.00463546565566
1166000000.0	-0.0454463596494
1168000000.0	0.00510609722261
1170000000.0	0.0134353263547
1172000000.0	0.0661758294743
1174000000.0	0.041903725569
1176000000.0	0.0193289791797
1178000000.0	0.014022314322
1180000000.0	0.0898097308526
1182000000.0	-0.0143712052935
1184000000.0	0.00836964606096
1186000000.0	-0.00590387088839
1188000000.0	-0.041957811257
1190000000.0	-0.0482722626941
1192000000.0	-0.0039978895988
1194000000.0	0.0210978626311
1196000000.0	0.0700954517772
1198000000.0	0.162808326993
1200000000.0	-0.193946150967
1202000000.0	0.0777883391732
1204000000.0	-0.00311219149594
1206000000.0	-0.000915873410802
1208000000.0	-0.0714303861485
1210000000.0	-0.0639599464336
1212000000.0	0.00626561417769
1214000000.0	0.00337094172087
1216000000.0	0.018935565473
1218000000.0	0.0940853347156
1220000000.0	0.00734923798925
1222000000.0	-0.0549881604144
1224000000.0	-0.028810545235
1226000000.0	-0.0638992353671
1228000000.0	-0.0101116780968
1230000000.0	0.0338581307619
1232000000.0	0.0535571157963
1234000000.0	0.0393101565721
1236000000.0	-0.0266209090515
1238000000.0	0.0253081679881
1240000000.0	0.00403495831404
1242000000.0	0.019274254743
1244000000.0	0.0962033974011
1246000000.0	-0.00956760886316
1248000000.0	0.0328939520639
1250000000.0	-0.0548162964499
1252000000.0	0.0530620727191
1254000000.0	0.0169290410255
1256000000.0	0.0235076080277
1258000000.0	-0.0112832382515
1260000000.0	0.0141487911353
1262000000.0	0.0232021696864
1264000000.0	0.0187678100397
1266000000.0	0.0125530288105
1268000000.0	-0.0385079275821
1270000000.0	0.0621320978042
1272000000.0	0.0176799074534
1274000000.0	0.0779353966274
1276000000.0	-0.0311975362259
1278000000.0	-0.048458907196
1280000000.0	0.0174236691304
1282000000.0	-0.0939229869329
1284000000.0	0.0810308940771
1286000000.0	-0.0140384812845
1288000000.0	-0.0130318531747
1290000000.0	0.0462871557488
1292000000.0	0.0823711227819
1294000000.0	-0.0532452173273
1296000000.0	0.00443825196884
1298000000.0	-0.00488140777341
1300000000.0	0.0215239531043
1302000000.0	-0.00397636366585
1304000000.0	0.0177788330854
1306000000.0	-0.0236674795049
1308000000.0	-0.00807234260459
1310000000.0	0.106045930826
1312000000.0	0.0077381839052
1314000000.0	0.00297833754068
1316000000.0	0.00683681538769
1318000000.0	0.0338552748408
1320000000.0	-0.0504851362091
1322000000.0	-0.00750811434696
1324000000.0	0.047488098423
1326000000.0	0.0445007335636
1328000000.0	0.03448617486
1330000000.0	-0.0135129728158
1332000000.0	0.0701257736533
1334000000.0	-0.0584532120338
1336000000.0	-0.03526635195
1338000000.0	0.0242660416251
1340000000.0	-0.0990271317178
1342000000.0	0.0741345986028
1344000000.0	0.0509720194208
1346000000.0	0.10697118893
1348000000.0	0.0103334341033
1350000000.0	-0.0142577263001
1352000000.0	0.0382101917982
1354000000.0	0.0194832210659
1356000000.0	-0.066245245715
1358000000.0	0.0132580968997
1360000000.0	-0.00145021929661
1362000000.0	0.0422815614994
1364000000.0	0.178834348464
1366000000.0	0.0244395670319
1368000000.0	-0.018233519667
1370000000.0	-0.0266398173249
1372000000.0	-0.0367194703253
1374000000.0	0.176694516035
1376000000.0	-0.14439916357
1378000000.0	-0.0110516384512
1380000000.0	-0.0670052347914
1382000000.0	-0.0375290023575
1384000000.0	-0.0780665933911
1386000000.0	-0.0826996753065
1388000000.0	-0.00251363096309
1390000000.0	0.00527881181305
1392000000.0	0.00782199404224
1394000000.0	0.0224062644998
1396000000.0	0.0266824449373
1398000000.0	-0.0861065881084
1400000000.0	-0.0049309808032
1402000000.0	-0.0642828622781
1404000000.0	-0.0035811039845
1406000000.0	-0.0771289528836
1408000000.0	-0.0126849716794
1410000000.0	0.0298430931935
1412000000.0	-0.0281121902675
1414000000.0	-0.013816782025
1416000000.0	0.0315828080345
1418000000.0	-0.0220305249981
1420000000.0	-0.0284634876437
1422000000.0	0.0776206317641
1424000000.0	-0.0199249046305
1426000000.0	0.0171049337895
1428000000.0	-0.106655882604
1430000000.0	-0.0253891817274
1432000000.0	-0.0337484071502
1434000000.0	0.0437946798252
1436000000.0	0.0598626223274
1438000000.0	0.0879848504533
1440000000.0	0.0481467578464
1442000000.0	0.0628333708583
1444000000.0	-0.177305342529
1446000000.0	-0.0430418042034
1448000000.0	-0.00659650214651
1450000000.0	0.0329774847462
1452000000.0	-0.0459969118372
1454000000.0	0.0967141036759
1456000000.0	0.110572311867
1458000000.0	0.0236638874692
1460000000.0	-0.0706756735547
1462000000.0	-0.0869599144465
1464000000.0	-0.0631510845984
1466000000.0	0.00213431121839
1468000000.0	0.0343612732921
1470000000.0	0.036123491921
1472000000.0	0.00557282965783
1474000000.0	0.0138407780643
1476000000.0	-0.0375427409918
1478000000.0	-0.0333691149474
1480000000.0	0.164814510431
1482000000.0	0.115709842943
1484000000.0	0.0329507697183
1486000000.0	-0.171729425083
1488000000.0	-0.374088815119
1490000000.0	-0.28036523751
1492000000.0	-0.0551963904645
1494000000.0	0.509914912112
1496000000.0	1.39570395736
1498000000.0	2.30655391184
1500000000.0	-7.37559336506
1502000000.0	2.04067960467
1504000000.0	1.53529951177
1506000000.0	0.751601931079
1508000000.0	0.0824860099187
1510000000.0	-0.463917773701
1512000000.0	-0.615446162583
1514000000.0	-0.516518400877
1516000000.0	-0.0630394252954
1518000000.0	0.20958193712
1520000000.0	0.307929585827
1522000000.0	0.24323127205
1524000000.0	0.0869841573583
1526000000.0	-0.075108948806
1528000000.0	-0.221836332072
1530000000.0	-0.125734337871
1532000000.0	-0.0861301717509
1534000000.0	0.100467241252
1536000000.0	0.102187646706
1538000000.0	0.0720093045842
1540000000.0	0.0827970933722
1542000000.0	-0.11011381639
1544000000.0	-0.0577598767565
1546000000.0	0.00359755632579
1548000000.0	0.00114103053813
1550000000.0	-0.0618590917806
1552000000.0	0.0543786411263
1554000000.0	-0.00999379059615
1556000000.0	-0.0288686491222
1558000000.0	0.010598163271
1560000000.0	0.000855533144248
1562000000.0	-0.000333307491249
1564000000.0	0.0418598884692
1566000000.0	-0.0246711995966
1568000000.0	-0.00440958893974
1570000000.0	-0.0461201800846
1572000000.0	-0.00421846621848
1574000000.0	-0.0177735231563
1576000000.0	0.111691095859
1578000000.0	0.0538154619889
1580000000.0	0.0646171999023
1582000000.0	-0.0679831220646
1584000000.0	-0.0619360819604
1586000000.0	-0.0539248551439
1588000000.0	0.0254778886534
1590000000.0	0.0107242630173
1592000000.0	0.0343363955549
1594000000.0	0.0959399062692
1596000000.0	0.0899153161819
1598000000.0	-0.0519332449234
1600000000.0	-0.100615616878
1602000000.0	-0.124103083595
1604000000.0	-0.0764037023008
1606000000.0	-0.0728086006419
1608000000.0	0.0554735061041
1610000000.0	0.0961690257593
1612000000.0	0.111813524102
1614000000.0	-0.00377095959193
1616000000.0	0.00606952328365
1618000000.0	0.00375462119284
1620000000.0	0.0435407351094
1622000000.0	-0.0445864630066
1624000000.0	0.059142226619
1626000000.0	-0.0702958746604
1628000000.0	-0.0496101636284
1630000000.0	-0.025730798098
1632000000.0	-0.0633376625437
1634000000.0	-0.0469572650758
1636000000.0	-0.0791049167699
1638000000.0	0.0131433885126
1640000000.0	-0.028813224695
1642000000.0	-0.0653607387495
1644000000.0	0.00605815126266
1646000000.0	-0.00495302824202
1648000000.0	-0.025902994488
1650000000.0	0.0134358134758
1652000000.0	0.0418824822709
1654000000.0	0.0546644074954
1656000000.0	-0.0132375352397
1658000000.0	0.00355120679644
1660000000.0	0.0376106327171
1662000000.0	-0.0403732855719
1664000000.0	-0.0493342196678
1666000000.0	0.0166724122448
1668000000.0	0.0253400310266
1670000000.0	0.0287561179362
1672000000.0	-0.0410253375835
1674000000.0	0.041946607529
1676000000.0	-0.0100789631786
1678000000.0	-0.0859170893863
1680000000.0	-0.0402486631669
1682000000.0	0.0133663464306
1684000000.0	0.100668716594
1686000000.0	-0.0328907292054
1688000000.0	0.0131225237152
1690000000.0	0.0593712582133
1692000000.0	-0.145450089981
1694000000.0	-0.0110903939758
1696000000.0	-0.00145780000155
1698000000.0	-0.0570171262668
1700000000.0	0.118349453161
1702000000.0	0.00244171884226
1704000000.0	-0.0278597822629
1706000000.0	-0.0827760986963
1708000000.0	-0.0328065403396
1710000000.0	0.0682464955471
1712000000.0	-0.0156260593218
1714000000.0	-0.00481119270147
1716000000.0	0.00720123317417
1718000000.0	0.0127180801191
1720000000.0	0.025972598703
1722000000.0	-0.076477711065
1724000000.0	-0.0131475361152
1726000000.0	0.0801418131742
1728000000.0	-0.0141174246834
1730000000.0	0.0305594254794
1732000000.0	-0.0334244456265
1734000000.0	-0.0616135182834
1736000000.0	-0.00718057210582
1738000000.0	-0.0147600204426
1740000000.0	0.0509769555511
1742000000.0	-0.0113925002588
1744000000.0	0.0141579086942
1746000000.0	-0.00734880895467
1748000000.0	-0.0108801017964
1750000000.0	0.157146414985
1752000000.0	0.005342769201
1754000000.0	0.0176748969919
1756000000.0	0.0573449376315
1758000000.0	-0.0338044662723
1760000000.0	0.0104929034134
1762000000.0	-0.0840122514993
1764000000.0	-0.00753327851471
1766000000.0	0.0403073043896
1768000000.0	-0.114701488156
1770000000.0	-0.0593776810486
1772000000.0	-0.0358990953023
1774000000.0	-0.0106604483487
1776000000.0	0.00876991137361
1778000000.0	-0.0524246884629
1780000000.0	-0.00849654714264
1782000000.0	-0.0325047299325
1784000000.0	-0.0197133059252
1786000000.0	-0.00455929573647
1788000000.0	0.0443023068766
1790000000.0	-0.00457828924756
1792000000.0	-0.0649477981661
1794000000.0	0.0707075203108
1796000000.0	-0.00116314119338
1798000000.0	-0.0508641523339
1800000000.0	0.00178083629359
1802000000.0	0.0424367512301
1804000000.0	-0.0212815350005
1806000000.0	-0.0122201911182
1808000000.0	-0.0574990418783
1810000000.0	0.0235302837655
1812000000.0	-0.0806221270203
1814000000.0	-0.0367643147649
1816000000.0	0.0423876174395
1818000000.0	0.00312848776728
1820000000.0	-0.0222570898202
1822000000.0	-0.0247357678764
1824000000.0	-0.0356727705639
1826000000.0	-0.0338733247419
1828000000.0	0.00788358148477
1830000000.0	-0.0016599321913
1832000000.0	0.0135213915386
1834000000.0	-0.0177630435788
1836000000.0	-0.0547024661251
1838000000.0	0.00115679618732
1840000000.0	-0.0135803465266
1842000000.0	-0.00546050534463
1844000000.0	0.0604020696134
1846000000.0	0.0474447643314
1848000000.0	-0.0522193984318
1850000000.0	0.0249012199001
1852000000.0	0.00673687315621
1854000000.0	-0.0810043877984
1856000000.0	-0.00045097733849
1858000000.0	0.0104665119722
1860000000.0	0.0329816931337
1862000000.0	-0.0545221401822
1864000000.0	0.0086977622671
1866000000.0	-0.0682680059527
1868000000.0	-0.10194293189
1870000000.0	-0.0509549796366
1872000000.0	-0.093501852897
1874000000.0	-0.0520723131492
1876000000.0	0.0328572534286
1878000000.0	0.0273165900467
1880000000.0	-0.0170667474189
1882000000.0	0.0739010154425
1884000000.0	0.0340897168999
1886000000.0	-0.153141706673
1888000000.0	-0.0984773450717
1890000000.0	-0.0489209340627
1892000000.0	0.0270218886536
1894000000.0	0.131709465736
1896000000.0	0.170337882872
1898000000.0	0.163741392701
1900000000.0	-0.705222597658
1902000000.0	0.219032360214
1904000000.0	0.153619708316
1906000000.0	0.0171136043763
1908000000.0	0.00116151542174
1910000000.0	0.0596523109176
1912000000.0	-0.00802684141935
1914000000.0	-0.0294459026154
1916000000.0	0.0277863977054
1918000000.0	-0.0566388585673
1920000000.0	-0.027922047424
1922000000.0	-0.0340955297981
1924000000.0	-0.000393877902256
1926000000.0	0.0286218055234
1928000000.0	0.0108759200537
1930000000.0	0.0275144012636
1932000000.0	0.0311896585637
1934000000.0	0.00497888339563
1936000000.0	-0.00948964638289
1938000000.0	-0.0794179690498
1940000000.0	-0.00565376309113
1942000000.0	-0.010005982654
1944000000.0	-0.043821150497
1946000000.0	-0.0178476492148
1948000000.0	0.0840312711562
1950000000.0	0.0524454145856
1952000000.0	-0.0765702340571
1954000000.0	-0.0492999906944
1956000000.0	-0.00093198240652
1958000000.0	-0.00154418721371
1960000000.0	0.000939819272405
1962000000.0	0.0305808985512
1964000000.0	0.0107042178876
1966000000.0	0.0384086359765
1968000000.0	0.0182156705837
1970000000.0	-0.039620676529
1972000000.0	-0.0366003516801
1974000000.0	0.0675469434133
1976000000.0	0.0236117155569
1978000000.0	0.0556725743452
1980000000.0	0.0553452226381
1982000000.0	-0.000983165446281
1984000000.0	-0.0100959304637
1986000000.0	-0.00713296800282
1988000000.0	-0.0190982623481
1990000000.0	-0.0476667264827
1992000000.0	0.0111899010802
1994000000.0	-0.0269786394558
1996000000.0	0.00666617769702
1998000000.0	-0.0356025689062
2000000000.0	0.12814
