0.0	-45.797045
2000000.0	5.26958698182
4000000.0	9.60253478431
6000000.0	4.06468682231
8000000.0	-7.02179857788
10000000.0	-13.1635593211
12000000.0	-13.4670603485
14000000.0	-8.84466376279
16000000.0	6.16009216842
18000000.0	21.1548695078
20000000.0	20.8904821805
22000000.0	8.87344011502
24000000.0	-12.3027170465
26000000.0	-26.3716099936
28000000.0	-21.6884999362
30000000.0	-2.03748553184
32000000.0	18.1063651527
34000000.0	22.4526534361
36000000.0	8.99481912089
38000000.0	-1.89068309588
40000000.0	-14.8898687307
42000000.0	-14.9226027972
44000000.0	-5.45036157425
46000000.0	5.91560390108
48000000.0	8.70444411384
50000000.0	4.24094498718
52000000.0	-3.67069518204
54000000.0	-7.17138759593
56000000.0	-1.85623198061
58000000.0	4.10592512542
60000000.0	7.85610783196
62000000.0	5.08688265513
64000000.0	-3.25284260582
66000000.0	-8.9885160948
68000000.0	-6.97184164164
70000000.0	-1.07594317843
72000000.0	7.86968078516
74000000.0	9.99523654825
76000000.0	6.52876601942
78000000.0	-4.31905260247
80000000.0	-10.1854127963
82000000.0	-7.72752762382
84000000.0	-1.69849491782
86000000.0	6.08449658902
88000000.0	9.7180246013
90000000.0	3.99587298164
92000000.0	-3.13136620678
94000000.0	-6.74925720567
96000000.0	-3.57517067927
98000000.0	2.60351429253
100000000.0	4.20534598959
102000000.0	3.27754564161
104000000.0	-1.84198156839
106000000.0	-5.76991979646
108000000.0	-4.30990414083
110000000.0	2.32770454257
112000000.0	6.58612130085
114000000.0	7.36709166598
116000000.0	0.86531747706
118000000.0	-6.17295024181
120000000.0	-8.72608433065
122000000.0	-6.35944298285
124000000.0	1.98784826458
126000000.0	8.96465872292
128000000.0	7.3369928497
130000000.0	2.58819850386
132000000.0	-4.54272588356
134000000.0	-6.55912614775
136000000.0	-4.10432560565
138000000.0	1.60920481904
140000000.0	4.89916561903
142000000.0	4.94499121853
144000000.0	0.254388854214
146000000.0	-3.90687132533
148000000.0	-3.85476837008
150000000.0	-0.350308451631
152000000.0	2.73397040277
154000000.0	3.29701703701
156000000.0	1.53790066253
158000000.0	-2.99472568122
160000000.0	-5.3713309892
162000000.0	-2.0166788492
164000000.0	3.31350608753
166000000.0	5.59002230059
168000000.0	3.99316543683
170000000.0	-1.75834541024
172000000.0	-5.29374007751
174000000.0	-6.54360846155
176000000.0	-1.83597357149
178000000.0	3.56288589045
180000000.0	6.73925360817
182000000.0	4.40716273009
184000000.0	-0.523398903699
186000000.0	-4.76595165629
188000000.0	-5.95405572032
190000000.0	-3.2532228554
192000000.0	2.17725627853
194000000.0	4.72723275909
196000000.0	3.07266803265
198000000.0	-1.63489810729
200000000.0	-2.10051970606
202000000.0	-1.24513281942
204000000.0	2.64673245723
206000000.0	4.01914669737
208000000.0	2.99404803954
210000000.0	-2.45214341806
212000000.0	-6.48855583014
214000000.0	-5.44169949479
216000000.0	0.356639597494
218000000.0	5.78807040903
220000000.0	8.36102587695
222000000.0	4.69814619194
224000000.0	-2.91908659946
226000000.0	-7.97862820094
228000000.0	-7.2778757963
230000000.0	-2.12400058284
232000000.0	5.5455110707
234000000.0	7.02264592555
236000000.0	4.81691094436
238000000.0	-1.24503324914
240000000.0	-5.62477305795
242000000.0	-5.85995887419
244000000.0	0.00837057530601
246000000.0	5.14422363278
248000000.0	5.77134857855
250000000.0	0.395624746821
252000000.0	-4.85261420341
254000000.0	-7.85542927582
256000000.0	-3.45564344657
258000000.0	7.29372668718
260000000.0	13.0685780143
262000000.0	7.71991928102
264000000.0	-8.4035138749
266000000.0	-20.1456189638
268000000.0	-16.3054317694
270000000.0	5.11603590362
272000000.0	25.6638394532
274000000.0	29.7146472101
276000000.0	5.27137635426
278000000.0	-25.00956102
280000000.0	-39.0342892353
282000000.0	-20.5863832364
284000000.0	18.2054870247
286000000.0	42.2781627232
288000000.0	28.2284677868
290000000.0	-14.8933577912
292000000.0	-45.7321201034
294000000.0	-21.4129946081
296000000.0	54.390411286
298000000.0	131.738050293
300000000.0	-290.558672637
302000000.0	89.7133761391
304000000.0	60.3788481247
306000000.0	37.4378908312
308000000.0	9.02671608435
310000000.0	-19.2655313584
312000000.0	-36.9740147564
314000000.0	-31.6781090876
316000000.0	-4.76389211421
318000000.0	25.433491733
320000000.0	34.1749393918
322000000.0	17.6411609327
324000000.0	-10.449571799
326000000.0	-25.702444379
328000000.0	-19.3621665624
330000000.0	1.40621057255
332000000.0	17.1586983671
334000000.0	16.2980567452
336000000.0	2.08782390685
338000000.0	-12.5329461856
340000000.0	-13.302169844
342000000.0	-0.43171189488
344000000.0	11.2034937307
346000000.0	11.5436790974
348000000.0	0.473462337035
350000000.0	-10.3370618023
352000000.0	-11.3034569804
354000000.0	-1.97414277101
356000000.0	8.14115735567
358000000.0	11.7014084689
360000000.0	6.06751158011
362000000.0	-5.04075409715
364000000.0	-10.7891649414
366000000.0	-8.43356351053
368000000.0	-0.232590717722
370000000.0	7.58595319258
372000000.0	8.5166510301
374000000.0	2.27552982263
376000000.0	-1.87776569053
378000000.0	-6.40821494603
380000000.0	-3.82236546669
382000000.0	1.20356001558
384000000.0	5.10859791547
386000000.0	3.74220295635
388000000.0	-0.434752650917
390000000.0	-3.66927956883
392000000.0	-2.86782412441
394000000.0	0.457050937893
396000000.0	3.7972988915
398000000.0	4.39859496125
400000000.0	2.23507899213
402000000.0	-4.40440597222
404000000.0	-5.79134530742
406000000.0	-3.03739362479
408000000.0	1.97420337987
410000000.0	6.00312565489
412000000.0	5.67073748004
414000000.0	0.628943072179
416000000.0	-3.74734852194
418000000.0	-4.35918166234
420000000.0	-2.67593009853
422000000.0	2.57521305188
424000000.0	5.51924643709
426000000.0	1.62457819571
428000000.0	-2.53149362276
430000000.0	-3.32027314613
432000000.0	-2.85757516283
434000000.0	1.73409789721
436000000.0	3.13847556614
438000000.0	2.6603617779
440000000.0	-0.984449688625
442000000.0	-3.70362951514
444000000.0	-2.79093483959
446000000.0	-0.559811659621
448000000.0	3.13982388252
450000000.0	3.87533038078
452000000.0	1.08957190803
454000000.0	-2.60448312401
456000000.0	-3.69907228075
458000000.0	-2.33188437489
460000000.0	0.220917636676
462000000.0	3.33898604121
464000000.0	3.78369023489
466000000.0	0.3464914983
468000000.0	-3.18688257027
470000000.0	-2.85005810495
472000000.0	-0.682063959412
474000000.0	2.02354922506
476000000.0	2.71449662812
478000000.0	0.663413010459
480000000.0	-0.830461061749
482000000.0	-2.7533809546
484000000.0	-1.10845651407
486000000.0	0.587974485239
488000000.0	3.25582173921
490000000.0	2.3940024421
492000000.0	-1.38638995545
494000000.0	-2.79996252953
496000000.0	-2.23805827264
498000000.0	-0.256718779931
500000000.0	3.67672247518
502000000.0	3.1087706013
504000000.0	1.44658851909
506000000.0	-1.02134289682
508000000.0	-1.53645644356
510000000.0	-2.00547126986
512000000.0	0.957142407701
514000000.0	2.05285564358
516000000.0	1.71496508034
518000000.0	-0.872955752561
520000000.0	-2.04100664803
522000000.0	-1.81104224856
524000000.0	0.184876132842
526000000.0	1.61629915635
528000000.0	1.23301188004
530000000.0	0.267219051638
532000000.0	0.00165619631573
534000000.0	-2.00285980431
536000000.0	-1.57418456295
538000000.0	1.5637347959
540000000.0	1.25854846337
542000000.0	1.46652831368
544000000.0	0.0463124145019
546000000.0	-1.15617979352
548000000.0	-1.6789120685
550000000.0	-0.297465442762
552000000.0	1.63878818869
554000000.0	0.920121870062
556000000.0	1.77232527392
558000000.0	-1.2851757249
560000000.0	-0.984880301269
562000000.0	-1.74113466431
564000000.0	0.187675197656
566000000.0	1.230844962
568000000.0	1.24465639266
570000000.0	0.484549317082
572000000.0	-1.58951468981
574000000.0	-1.33890310962
576000000.0	-0.621519024627
578000000.0	1.81651139542
580000000.0	1.57867443027
582000000.0	0.305313438055
584000000.0	-1.40443371037
586000000.0	-1.81900001817
588000000.0	-0.53365558736
590000000.0	1.19321234477
592000000.0	2.2840227182
594000000.0	1.12952353374
596000000.0	-1.72391823495
598000000.0	-1.97906010576
600000000.0	-0.0674135804475
602000000.0	-0.122339361234
604000000.0	-0.338005978767
606000000.0	0.569315905976
608000000.0	1.00726017963
610000000.0	-0.876171959862
612000000.0	-0.789206237017
614000000.0	-0.293203873295
616000000.0	0.682724193083
618000000.0	1.8697468481
620000000.0	0.188924997468
622000000.0	-0.916436121356
624000000.0	-1.36857704684
626000000.0	-0.144591358617
628000000.0	0.0962312605088
630000000.0	0.457081678643
632000000.0	0.618742038898
634000000.0	-0.346990741604
636000000.0	-0.209769061644
638000000.0	-0.91820924542
640000000.0	-0.860538853456
642000000.0	0.65345250766
644000000.0	0.507351710403
646000000.0	0.743038532141
648000000.0	0.0521985224865
650000000.0	-0.971743626831
652000000.0	-1.28531847108
654000000.0	-0.145134487871
656000000.0	0.98246037603
658000000.0	0.734933474935
660000000.0	-0.351282503428
662000000.0	0.05088240381
664000000.0	-0.904705690131
666000000.0	0.125812510291
668000000.0	1.21514790845
670000000.0	0.778556778963
672000000.0	0.597358520222
674000000.0	-0.478042684611
676000000.0	-1.10466940798
678000000.0	-1.53572882161
680000000.0	-0.0245209079922
682000000.0	1.41167379076
684000000.0	0.405707472238
686000000.0	0.144345314541
688000000.0	-0.112423670028
690000000.0	-1.03726404544
692000000.0	0.170426488925
694000000.0	1.10148766737
696000000.0	1.01004849255
698000000.0	0.858813172347
700000000.0	-1.40925002776
702000000.0	-1.1994504802
704000000.0	-0.79654750182
706000000.0	0.758977651854
708000000.0	1.59602478188
710000000.0	0.681531110602
712000000.0	-0.70340653191
714000000.0	-0.910359738593
716000000.0	-1.08368747492
718000000.0	0.427481086497
720000000.0	1.84008713894
722000000.0	0.0239321567675
724000000.0	-0.113827738271
726000000.0	-0.791837842969
728000000.0	-0.00101961505584
730000000.0	-0.031868103362
732000000.0	0.454521511333
734000000.0	1.04485511722
736000000.0	0.219256098094
738000000.0	-0.56530041083
740000000.0	-1.06941728913
742000000.0	-0.490325093289
744000000.0	-0.0508609486101
746000000.0	0.33333477184
748000000.0	1.28707497122
750000000.0	-0.304973505077
752000000.0	-1.13772167687
754000000.0	-0.654551395732
756000000.0	-0.198823895038
758000000.0	1.23601239932
760000000.0	0.363704991131
762000000.0	-0.170927631895
764000000.0	0.279235462583
766000000.0	-0.759050123112
768000000.0	-0.299508513175
770000000.0	1.21453173131
772000000.0	0.109556610848
774000000.0	0.014383005061
776000000.0	-0.713323511647
778000000.0	-1.04881877214
780000000.0	-1.286359113
782000000.0	0.848738523536
784000000.0	1.80034746143
786000000.0	0.554626317263
788000000.0	-0.0567039469534
790000000.0	-2.28447050151
792000000.0	-1.71184575131
794000000.0	0.962815761515
796000000.0	1.55710952762
798000000.0	0.446740723907
800000000.0	1.38567456854
802000000.0	-1.02370178909
804000000.0	-0.902864940194
806000000.0	0.0485107191183
808000000.0	1.17213801013
810000000.0	0.348328682296
812000000.0	0.36430485511
814000000.0	-1.0773668938
816000000.0	-1.87434860551
818000000.0	0.287457882586
820000000.0	2.00008251245
822000000.0	1.32969244757
824000000.0	0.945327819734
826000000.0	-1.12362915546
828000000.0	-1.70557144845
830000000.0	-2.24517826432
832000000.0	0.186898624527
834000000.0	1.3661210432
836000000.0	2.11321283983
838000000.0	1.35214657684
840000000.0	-0.734562155242
842000000.0	-2.59397274373
844000000.0	-2.32717244812
846000000.0	0.84166932827
848000000.0	2.98964027674
850000000.0	1.99227730185
852000000.0	-0.544091748244
854000000.0	-2.53708797019
856000000.0	-2.26044526391
858000000.0	0.0996308703022
860000000.0	3.41317141004
862000000.0	2.93481825674
864000000.0	-0.562232505114
866000000.0	-4.52212844494
868000000.0	-5.1375269801
870000000.0	-0.285184063018
872000000.0	5.61892814977
874000000.0	7.86422542438
876000000.0	3.38828912413
878000000.0	-6.17319953746
880000000.0	-10.6337885174
882000000.0	-6.65721800012
884000000.0	3.69414103352
886000000.0	12.3735012036
888000000.0	9.47116206258
890000000.0	-4.31589146422
892000000.0	-13.2369968311
894000000.0	-6.48745421281
896000000.0	13.0695799402
898000000.0	32.6306969976
900000000.0	-68.6529533528
902000000.0	20.3816274038
904000000.0	13.5669458251
906000000.0	9.29094420085
908000000.0	2.97504442025
910000000.0	-4.56268302892
912000000.0	-9.7458163292
914000000.0	-8.00315216463
916000000.0	-1.22000326117
918000000.0	6.15503735162
920000000.0	7.86056097023
922000000.0	4.02356070936
924000000.0	-3.0844313103
926000000.0	-6.74906877873
928000000.0	-3.55515603192
930000000.0	0.732636906928
932000000.0	5.5502383109
934000000.0	3.73669086164
936000000.0	-0.911863532401
938000000.0	-3.54560057303
940000000.0	-2.88939430902
942000000.0	0.262961029324
944000000.0	3.60640499741
946000000.0	3.23689093946
948000000.0	-0.559483405812
950000000.0	-2.88084617292
952000000.0	-2.77472868783
954000000.0	0.591407660084
956000000.0	3.1905708329
958000000.0	2.69104876823
960000000.0	0.0691387323235
962000000.0	-1.68962517457
964000000.0	-2.50027901053
966000000.0	-1.17647851031
968000000.0	0.519883368081
970000000.0	2.40324268216
972000000.0	2.1892307839
974000000.0	-0.412656132484
976000000.0	-1.02478471161
978000000.0	-1.26836661174
980000000.0	-0.120949931248
982000000.0	0.447637903293
984000000.0	0.370769138336
986000000.0	-0.424392479316
988000000.0	-0.987463428944
990000000.0	-0.446967908089
992000000.0	-0.0365132640323
994000000.0	0.984885671948
996000000.0	1.07926925286
998000000.0	0.767301887674
1000000000.0	-3.468775
1002000000.0	-2.14604178695
1004000000.0	-1.45217754262
1006000000.0	0.205189779348
1008000000.0	1.33487738002
1010000000.0	0.878696865542
1012000000.0	0.914434661503
1014000000.0	-0.146613194918
1016000000.0	-1.05744705982
1018000000.0	-0.117848567074
1020000000.0	0.132823828901
1022000000.0	1.34946766417
1024000000.0	0.53271137832
1026000000.0	0.102428147756
1028000000.0	-1.18257100105
1030000000.0	-0.966694140776
1032000000.0	-0.228782948548
1034000000.0	1.26623393538
1036000000.0	1.2017169006
1038000000.0	0.542136437698
1040000000.0	-1.20335058997
1042000000.0	-0.8150094242
1044000000.0	-0.716421504831
1046000000.0	1.19812142052
1048000000.0	0.636315414155
1050000000.0	0.426533219548
1052000000.0	-0.293742527836
1054000000.0	-0.231180784292
1056000000.0	-0.966461657054
1058000000.0	0.635996434644
1060000000.0	0.370955038861
1062000000.0	0.481749700223
1064000000.0	0.312715414265
1066000000.0	-0.151802682557
1068000000.0	-1.37868725679
1070000000.0	-0.347054828024
1072000000.0	0.578203687408
1074000000.0	0.61171784656
1076000000.0	-0.274352316998
1078000000.0	-0.548724163587
1080000000.0	-0.280110710255
1082000000.0	-0.675888818885
1084000000.0	-0.0313033576375
1086000000.0	1.13344142161
1088000000.0	0.315130450277
1090000000.0	0.540295875164
1092000000.0	0.239632103434
1094000000.0	-0.454991763572
1096000000.0	-1.01335250103
1098000000.0	0.152909693182
1100000000.0	1.38876905996
1102000000.0	-0.21580338162
1104000000.0	0.172235338365
1106000000.0	-0.719849237061
1108000000.0	0.0316159416691
1110000000.0	0.00396996817573
1112000000.0	0.43082031649
1114000000.0	0.243637267979
1116000000.0	0.0907411751446
1118000000.0	-0.522110859081
1120000000.0	-0.723750131935
1122000000.0	-0.108271541849
1124000000.0	0.920707478563
1126000000.0	0.149490050398
1128000000.0	0.311181726565
1130000000.0	-0.26004667881
1132000000.0	-0.741599812154
1134000000.0	0.0382077569696
1136000000.0	0.331825921221
1138000000.0	0.781286625799
1140000000.0	0.802030082925
1142000000.0	-0.642181228811
1144000000.0	-0.583328871396
1146000000.0	-1.30060420745
1148000000.0	-0.399821311556
1150000000.0	1.16167193279
1152000000.0	0.0616313904398
1154000000.0	-0.706486990554
1156000000.0	-0.938360586717
1158000000.0	0.679176273915
1160000000.0	-0.245088133319
1162000000.0	-0.454648980294
1164000000.0	0.281163170545
1166000000.0	0.729461370717
1168000000.0	-0.734028967282
1170000000.0	-0.595795463318
1172000000.0	-0.399122571945
1174000000.0	-0.472894617098
1176000000.0	-0.362064466208
1178000000.0	0.424727331358
1180000000.0	0.226402442127
1182000000.0	0.452578934319
1184000000.0	-0.246575956914
1186000000.0	-0.957456815832
1188000000.0	0.106324170499
1190000000.0	0.527388005444
1192000000.0	0.0781441507079
1194000000.0	0.199475543609
1196000000.0	0.549229456187
1198000000.0	2.13051067928
1200000000.0	-5.99289649213
1202000000.0	2.7383419328
1204000000.0	1.08224082601
1206000000.0	0.611997365786
1208000000.0	-1.00961536121
1210000000.0	-0.923826566834
1212000000.0	0.342291599362
1214000000.0	0.294442264349
1216000000.0	0.418440825512
1218000000.0	0.842910439231
1220000000.0	-0.421547947114
1222000000.0	0.00432854915932
1224000000.0	-0.316478614779
1226000000.0	0.745293392916
1228000000.0	0.317007002473
1230000000.0	0.799442620581
1232000000.0	-0.262601743169
1234000000.0	-0.87731255892
1236000000.0	-0.522595816433
1238000000.0	0.192148396604
1240000000.0	0.612656064689
1242000000.0	0.0677618661755
1244000000.0	-0.460289459104
1246000000.0	-0.913999432297
1248000000.0	-0.297268618259
1250000000.0	-0.80473438091
1252000000.0	0.537218987644
1254000000.0	0.225723947018
1256000000.0	0.379297183775
1258000000.0	0.214686704857
1260000000.0	-0.180611579127
1262000000.0	0.128363685844
1264000000.0	-0.166517943064
1266000000.0	0.519549654049
1268000000.0	0.10391744708
1270000000.0	-0.311592574967
1272000000.0	0.11532883376
1274000000.0	0.20237898236
1276000000.0	-0.718157328785
1278000000.0	-0.251503350764
1280000000.0	0.712952546896
1282000000.0	0.443368302448
1284000000.0	-0.30245837241
1286000000.0	-0.824863187888
1288000000.0	-0.523753900811
1290000000.0	-0.461692792823
1292000000.0	0.436260623312
1294000000.0	1.08624092707
1296000000.0	1.04129433509
1298000000.0	1.21485211854
1300000000.0	-5.38943071965
1302000000.0	2.10772899444
1304000000.0	2.10364994927
1306000000.0	1.13721759386
1308000000.0	0.287450781069
1310000000.0	-0.424687031065
1312000000.0	-1.67677322937
1314000000.0	1.02832173018
1316000000.0	-0.176694409118
1318000000.0	0.29977415384
1320000000.0	0.151981754075
1322000000.0	-0.460704674987
1324000000.0	-0.820138592729
1326000000.0	-0.550232032197
1328000000.0	0.861125848513
1330000000.0	0.315762274796
1332000000.0	0.819645313615
1334000000.0	0.405377794142
1336000000.0	-0.384305946556
1338000000.0	-0.745671001464
1340000000.0	-0.745740696331
1342000000.0	0.633189923667
1344000000.0	-0.0953689466484
1346000000.0	0.244149735533
1348000000.0	0.156530333826
1350000000.0	-0.960301916716
1352000000.0	-0.627111106565
1354000000.0	0.440788636279
1356000000.0	0.672232400683
1358000000.0	1.04848789554
1360000000.0	0.427239289521
1362000000.0	-1.26462160791
1364000000.0	0.0112254513179
1366000000.0	0.595804590438
1368000000.0	-0.312550087048
1370000000.0	0.269862628146
1372000000.0	-0.191186973436
1374000000.0	0.512312453977
1376000000.0	0.457826262514
1378000000.0	-0.285736191833
1380000000.0	0.290400224455
1382000000.0	0.269884078872
1384000000.0	0.556058094844
1386000000.0	-0.739605579799
1388000000.0	-0.517000554277
1390000000.0	-0.942251363606
1392000000.0	0.313655206212
1394000000.0	0.712806504225
1396000000.0	0.630374180216
1398000000.0	-0.641859565412
1400000000.0	0.334147051433
1402000000.0	-1.19975123435
1404000000.0	-0.345929345155
1406000000.0	0.0762251063894
1408000000.0	0.914217642778
1410000000.0	0.725728558378
1412000000.0	-0.113320520801
1414000000.0	0.103130921351
1416000000.0	-0.289523448496
1418000000.0	-0.0299127272221
1420000000.0	0.677485838952
1422000000.0	0.527674342145
1424000000.0	0.721504372905
1426000000.0	-0.149020917959
1428000000.0	-1.30130981097
1430000000.0	-1.27911119744
1432000000.0	0.512899922099
1434000000.0	0.522939401755
1436000000.0	0.544274577475
1438000000.0	0.660751518971
1440000000.0	-1.23982233767
1442000000.0	-0.590767537357
1444000000.0	-0.551827798402
1446000000.0	0.255389371323
1448000000.0	1.52532577281
1450000000.0	2.01035206718
1452000000.0	0.408195325568
1454000000.0	-0.843700869909
1456000000.0	-0.80962828803
1458000000.0	-0.0954178085827
1460000000.0	2.21016000632
1462000000.0	1.99520200783
1464000000.0	0.372475468901
1466000000.0	-2.26834346633
1468000000.0	-1.86139974687
1470000000.0	-0.766974918807
1472000000.0	2.34785768705
1474000000.0	2.92454147553
1476000000.0	0.287080011329
1478000000.0	-1.11532224944
1480000000.0	-4.78615398385
1482000000.0	-2.27999186209
1484000000.0	1.33874678869
1486000000.0	3.7797746147
1488000000.0	3.04914584223
1490000000.0	-0.204291865691
1492000000.0	-4.07303132401
1494000000.0	-2.75763410218
1496000000.0	4.3533872039
1498000000.0	10.4124240555
1500000000.0	-15.6139424752
1502000000.0	4.45992092105
1504000000.0	2.38416820601
1506000000.0	3.88856378167
1508000000.0	2.63201543883
1510000000.0	-0.525052754054
1512000000.0	-3.08686165586
1514000000.0	-4.5234452513
1516000000.0	-0.638553704549
1518000000.0	2.31460812031
1520000000.0	3.15658630955
1522000000.0	0.841744776583
1524000000.0	-0.989469437421
1526000000.0	-1.35814480213
1528000000.0	-1.32486227368
1530000000.0	-0.132796610801
1532000000.0	2.01388156062
1534000000.0	1.26553092333
1536000000.0	0.548471240076
1538000000.0	-1.08429039614
1540000000.0	-0.94705829876
1542000000.0	-0.492566585073
1544000000.0	0.804825663354
1546000000.0	1.17208211241
1548000000.0	0.0792528452479
1550000000.0	-1.49589410799
1552000000.0	-0.461653026963
1554000000.0	0.364363175754
1556000000.0	0.356216774312
1558000000.0	0.888248650483
1560000000.0	0.432081207573
1562000000.0	-0.143688321729
1564000000.0	-0.817646768629
1566000000.0	-0.606463071622
1568000000.0	0.21579519245
1570000000.0	0.714390951716
1572000000.0	0.381626454619
1574000000.0	-0.206702250687
1576000000.0	0.182692584951
1578000000.0	-1.18200236776
1580000000.0	0.582746617348
1582000000.0	-0.427581893523
1584000000.0	0.165784523687
1586000000.0	0.573874401727
1588000000.0	-0.103983741233
1590000000.0	-0.768329621095
1592000000.0	0.543626951463
1594000000.0	0.311342667669
1596000000.0	0.649901049559
1598000000.0	0.933009261111
1600000000.0	-0.518477068545
1602000000.0	1.05249715459
1604000000.0	0.128828930651
1606000000.0	-0.00818130861621
1608000000.0	0.507061913558
1610000000.0	-0.0754226067645
1612000000.0	0.684833313838
1614000000.0	-0.0529691423586
1616000000.0	-0.743245402993
1618000000.0	0.11222301996
1620000000.0	-0.289264200426
1622000000.0	0.602583037003
1624000000.0	-0.673011906321
1626000000.0	1.20980809929
1628000000.0	0.417673091589
1630000000.0	-0.307058675385
1632000000.0	-0.28852053143
1634000000.0	0.22369830879
1636000000.0	0.0268024466127
1638000000.0	0.544630250363
1640000000.0	-0.123120545433
1642000000.0	-0.0421366897216
1644000000.0	0.299526480707
1646000000.0	0.295750254787
1648000000.0	0.440150431961
1650000000.0	-0.58549649328
1652000000.0	0.212929403458
1654000000.0	0.488251982661
1656000000.0	-0.000598499682445
1658000000.0	-0.147301158438
1660000000.0	0.276478970631
1662000000.0	0.438669347461
1664000000.0	0.365171467041
1666000000.0	0.118961204326
1668000000.0	-0.511889788644
1670000000.0	-0.298726987317
1672000000.0	0.12436887447
1674000000.0	0.490857072111
1676000000.0	0.553595887303
1678000000.0	-0.357845767726
1680000000.0	0.476608668992
1682000000.0	0.172625794456
1684000000.0	-0.325046501339
1686000000.0	0.0639053605183
1688000000.0	0.441466908609
1690000000.0	-0.0841887579555
1692000000.0	-0.109321210847
1694000000.0	0.216260706621
1696000000.0	-0.0281368203563
1698000000.0	-0.310049695607
1700000000.0	2.6365478545
1702000000.0	-0.637047484465
1704000000.0	-0.370359756628
1706000000.0	0.495770790674
1708000000.0	-0.460351835464
1710000000.0	-0.0391084459105
1712000000.0	0.110889859144
1714000000.0	-0.123036731583
1716000000.0	-0.351908953425
1718000000.0	-0.622237536876
1720000000.0	-0.036737284845
1722000000.0	-0.221379120083
1724000000.0	0.334668711984
1726000000.0	-0.312317985349
1728000000.0	-0.518518640538
1730000000.0	-0.1561104218
1732000000.0	0.844872110093
1734000000.0	-0.978156499337
1736000000.0	1.04646659476
1738000000.0	-0.383139514287
1740000000.0	-0.10945749091
1742000000.0	0.811677231832
1744000000.0	-0.250422260436
1746000000.0	-0.307515750206
1748000000.0	-0.325443628932
1750000000.0	-2.03567686083
1752000000.0	-1.45827273903
1754000000.0	-0.0663530461449
1756000000.0	-0.07752912737
1758000000.0	-0.0363498791931
1760000000.0	0.0657634742408
1762000000.0	0.419046295833
1764000000.0	-0.11594599497
1766000000.0	0.122233105064
1768000000.0	-0.626323446599
1770000000.0	0.542672087846
1772000000.0	-0.0686010524038
1774000000.0	0.342035200951
1776000000.0	-0.188596926497
1778000000.0	0.132363285211
1780000000.0	-0.410574756778
1782000000.0	-0.343776934191
1784000000.0	0.155762217382
1786000000.0	0.24205503032
1788000000.0	0.331077128651
1790000000.0	-0.439193617212
1792000000.0	0.404932413212
1794000000.0	0.0483981163492
1796000000.0	-0.150339867084
1798000000.0	0.71880684447
1800000000.0	-1.65051376493
1802000000.0	1.06557938642
1804000000.0	-0.724166171199
1806000000.0	-0.171511220583
1808000000.0	-0.364283611263
1810000000.0	-0.623744135499
1812000000.0	-0.454657338693
1814000000.0	0.259019662527
1816000000.0	0.427436032044
1818000000.0	-0.0687186869232
1820000000.0	-0.326348571974
1822000000.0	-0.296731938298
1824000000.0	0.0581948623998
1826000000.0	0.26192295013
1828000000.0	0.0165150654494
1830000000.0	0.572784091534
1832000000.0	-0.238192281625
1834000000.0	0.106271967885
1836000000.0	-0.46176694675
1838000000.0	0.540045197559
1840000000.0	0.0756588558827
1842000000.0	0.541805111212
1844000000.0	0.196541529321
1846000000.0	-0.0642240364948
1848000000.0	0.587755258272
1850000000.0	-0.236857183579
1852000000.0	-0.814987377498
1854000000.0	0.306757056807
1856000000.0	-0.089625069504
1858000000.0	0.489792537726
1860000000.0	-0.436093016939
1862000000.0	-0.0606379813557
1864000000.0	-0.573064832799
1866000000.0	-0.134202781272
1868000000.0	0.218072523504
1870000000.0	0.0354670717507
1872000000.0	-0.898324431489
1874000000.0	-0.135437168848
1876000000.0	0.223561341577
1878000000.0	0.608845403712
1880000000.0	0.0393974379573
1882000000.0	0.852119113301
1884000000.0	0.304424232118
1886000000.0	-0.268022191389
1888000000.0	-0.211265050658
1890000000.0	-0.385406905379
1892000000.0	0.231869798308
1894000000.0	0.577082104995
1896000000.0	1.37814680401
1898000000.0	2.3301371095
1900000000.0	-9.03313616709
1902000000.0	3.5058703739
1904000000.0	2.61899694178
1906000000.0	0.312898016599
1908000000.0	-1.35429006509
1910000000.0	0.068594162788
1912000000.0	-0.0312341907652
1914000000.0	0.804098287678
1916000000.0	0.501581743009
1918000000.0	-0.193569688741
1920000000.0	-0.840565771294
1922000000.0	-0.345549705867
1924000000.0	-0.799448351178
1926000000.0	2.02799541639
1928000000.0	1.24002602603
1930000000.0	0.407364015823
1932000000.0	0.137474837203
1934000000.0	-0.675174140932
1936000000.0	0.0964524834207
1938000000.0	-0.124482867558
1940000000.0	0.10515360567
1942000000.0	0.566633362358
1944000000.0	-0.211484522282
1946000000.0	0.0262664608582
1948000000.0	-0.443343716064
1950000000.0	-0.653874691351
1952000000.0	0.41107781541
1954000000.0	0.457393126261
1956000000.0	0.868085103554
1958000000.0	0.408610699804
1960000000.0	-0.340951651557
1962000000.0	0.252487758251
1964000000.0	0.44654695842
1966000000.0	-0.0584895284445
1968000000.0	0.610658787591
1970000000.0	0.0393139976111
1972000000.0	0.473645497639
1974000000.0	-0.499441970682
1976000000.0	0.444414914356
1978000000.0	-0.376313126648
1980000000.0	-0.046254123934
1982000000.0	-0.484683416019
1984000000.0	-0.488086189177
1986000000.0	-0.204242966193
1988000000.0	-0.135820843125
1990000000.0	-0.271217416123
1992000000.0	-0.197169806191
1994000000.0	0.199217714229
1996000000.0	-0.0143551289718
1998000000.0	-0.714704133105
2000000000.0	-2.640565
