0.0	-2.9218735
2000000.0	0.107640074891
4000000.0	0.25932324901
6000000.0	-0.126888785421
8000000.0	0.0213832418398
10000000.0	0.159795989985
12000000.0	0.0776173075156
14000000.0	0.000271496749143
16000000.0	0.0507309496198
18000000.0	0.208064831109
20000000.0	0.435635541007
22000000.0	0.335768087656
24000000.0	0.2150657475
26000000.0	-0.242835312186
28000000.0	-0.663923974796
30000000.0	-0.74697003113
32000000.0	-0.519216311224
34000000.0	0.347639648964
36000000.0	1.04977732176
38000000.0	0.926601861289
40000000.0	0.330289640917
42000000.0	-0.141960103135
44000000.0	-0.644501425939
46000000.0	-0.718836836723
48000000.0	-0.44550102039
50000000.0	0.095136426296
52000000.0	0.731988433861
54000000.0	0.927943966049
56000000.0	0.64566828355
58000000.0	-0.0956331315779
60000000.0	-0.681423906161
62000000.0	-0.891489616925
64000000.0	-0.706624117438
66000000.0	-0.0665510581232
68000000.0	0.700720543866
70000000.0	0.98269485062
72000000.0	0.727729079456
74000000.0	0.205598071819
76000000.0	-0.568803289532
78000000.0	-0.858812251713
80000000.0	-0.789131699394
82000000.0	-0.157355442671
84000000.0	0.41924361486
86000000.0	0.777642573348
88000000.0	0.720387704868
90000000.0	0.23962466457
92000000.0	-0.289316917446
94000000.0	-0.565382038447
96000000.0	-0.439694890683
98000000.0	-0.168870935532
100000000.0	0.278278398949
102000000.0	0.363895868383
104000000.0	0.436766567391
106000000.0	0.0932291024631
108000000.0	-0.100681893351
110000000.0	-0.292242225413
112000000.0	-0.190348214577
114000000.0	-0.0656118170545
116000000.0	0.0801771085131
118000000.0	0.113348354898
120000000.0	0.114156006951
122000000.0	-0.0159642230579
124000000.0	-0.0376436851419
126000000.0	-0.00835816605575
128000000.0	0.0755712103427
130000000.0	0.108583613029
132000000.0	0.13099897636
134000000.0	-0.139754217862
136000000.0	-0.258968706357
138000000.0	-0.359485107015
140000000.0	-0.155701248852
142000000.0	0.14611168005
144000000.0	0.429487708143
146000000.0	0.414000211147
148000000.0	0.293719237814
150000000.0	-0.167844477756
152000000.0	-0.379973256595
154000000.0	-0.438992983767
156000000.0	-0.160922807201
158000000.0	0.0823978281596
160000000.0	0.428014722051
162000000.0	0.512781485239
164000000.0	0.270897519919
166000000.0	-0.119441819646
168000000.0	-0.413591033592
170000000.0	-0.446879931356
172000000.0	-0.171000372365
174000000.0	0.201276570527
176000000.0	0.26239410969
178000000.0	0.361862244372
180000000.0	0.065667754053
182000000.0	-0.178458979713
184000000.0	-0.430694451441
186000000.0	-0.190965532769
188000000.0	-0.0376558977976
190000000.0	0.209848535013
192000000.0	0.256499425902
194000000.0	0.11590999563
196000000.0	-0.126591982871
198000000.0	-0.235746557851
200000000.0	-0.289587844137
202000000.0	-0.0139640508887
204000000.0	0.251591263397
206000000.0	0.33447059837
208000000.0	0.318302598817
210000000.0	-0.0648487350712
212000000.0	-0.36516972332
214000000.0	-0.455054675242
216000000.0	-0.277453073183
218000000.0	0.176188163887
220000000.0	0.524644845576
222000000.0	0.567417755329
224000000.0	0.313602707865
226000000.0	-0.23845971608
228000000.0	-0.574078641887
230000000.0	-0.69418500167
232000000.0	-0.335872476196
234000000.0	0.174140785294
236000000.0	0.589528914766
238000000.0	0.712586630114
240000000.0	0.348204680189
242000000.0	-0.158065314868
244000000.0	-0.533108052897
246000000.0	-0.535062989361
248000000.0	-0.277935551946
250000000.0	-0.192622092587
252000000.0	0.494015902427
254000000.0	0.517120652684
256000000.0	0.204837955409
258000000.0	-0.112771003362
260000000.0	-0.256288233164
262000000.0	-0.191423836469
264000000.0	0.0251620557772
266000000.0	0.264228919828
268000000.0	0.0796586077112
270000000.0	-0.21636777521
272000000.0	-0.551766458133
274000000.0	-0.512246668244
276000000.0	0.095830343319
278000000.0	0.957423848032
280000000.0	1.49083288183
282000000.0	1.18932479046
284000000.0	-0.345115057263
286000000.0	-2.2659568259
288000000.0	-3.65271776109
290000000.0	-3.04840647894
292000000.0	0.534339172094
294000000.0	6.59404394898
296000000.0	13.6982844894
298000000.0	19.90704476
300000000.0	-70.0125226008
302000000.0	20.4359831436
304000000.0	15.4231946647
306000000.0	8.13815986829
308000000.0	0.883870472384
310000000.0	-3.8856783079
312000000.0	-5.34608862932
314000000.0	-3.83792834029
316000000.0	-0.862762395571
318000000.0	1.73571561051
320000000.0	3.02568796638
322000000.0	2.44273381218
324000000.0	0.863956772048
326000000.0	-0.844976704924
328000000.0	-1.7966223123
330000000.0	-1.71815939645
332000000.0	-0.781533616998
334000000.0	0.369510335496
336000000.0	1.06585640909
338000000.0	1.06255650386
340000000.0	0.492991742469
342000000.0	0.0152546340539
344000000.0	-0.42013276216
346000000.0	-0.538115861564
348000000.0	-0.364461469834
350000000.0	-0.205226719629
352000000.0	0.0543666361767
354000000.0	0.159153683652
356000000.0	0.164086962968
358000000.0	0.183213631483
360000000.0	0.116244622835
362000000.0	0.182904869233
364000000.0	0.0183269672816
366000000.0	-0.160709373399
368000000.0	-0.363581823466
370000000.0	-0.422237453727
372000000.0	-0.163523299431
374000000.0	0.0815266881775
376000000.0	0.373903916261
378000000.0	0.588843913182
380000000.0	0.461493594517
382000000.0	0.0841761432524
384000000.0	-0.383047123618
386000000.0	-0.639673034624
388000000.0	-0.558991440432
390000000.0	-0.164809484464
392000000.0	0.32895410612
394000000.0	0.655577675003
396000000.0	0.740935380363
398000000.0	0.318032652524
400000000.0	-0.307472800998
402000000.0	-0.585103335467
404000000.0	-0.676791169117
406000000.0	-0.458757107485
408000000.0	0.082015767293
410000000.0	0.457517405106
412000000.0	0.579852929422
414000000.0	0.400346036887
416000000.0	0.0626081603761
418000000.0	-0.382792485803
420000000.0	-0.465870290459
422000000.0	-0.466350952546
424000000.0	-0.146278393591
426000000.0	0.196709192446
428000000.0	0.350807572202
430000000.0	0.369408213542
432000000.0	0.151192276841
434000000.0	-0.100909904641
436000000.0	-0.214638588438
438000000.0	-0.317664318949
440000000.0	-0.179222467015
442000000.0	-0.053788949357
444000000.0	0.172510046518
446000000.0	0.171169769054
448000000.0	0.125806842835
450000000.0	0.123046577283
452000000.0	0.0087724326724
454000000.0	-0.0950204922053
456000000.0	-0.169742913831
458000000.0	-0.0852886731287
460000000.0	-0.173133338044
462000000.0	-0.0463241215163
464000000.0	0.0131815934202
466000000.0	0.138681969609
468000000.0	0.342640597024
470000000.0	0.207017563567
472000000.0	0.00688069151662
474000000.0	-0.118961361489
476000000.0	-0.271455106198
478000000.0	-0.275831977146
480000000.0	-0.235887668934
482000000.0	0.0678104128566
484000000.0	0.287290018574
486000000.0	0.372416053623
488000000.0	0.197469816176
490000000.0	-0.022772840392
492000000.0	-0.274653230614
494000000.0	-0.362982678587
496000000.0	-0.32004456332
498000000.0	-0.0586222722215
500000000.0	0.0346676970578
502000000.0	0.365916252765
504000000.0	0.372841579296
506000000.0	0.183770527267
508000000.0	-0.131967889393
510000000.0	-0.21364027195
512000000.0	-0.22610246248
514000000.0	-0.250424171919
516000000.0	-0.0434809180074
518000000.0	0.224100165322
520000000.0	0.346608802122
522000000.0	0.221077297905
524000000.0	0.104527010428
526000000.0	-0.133858625846
528000000.0	-0.237020432959
530000000.0	-0.206633574505
532000000.0	-0.0738634434566
534000000.0	0.00355246039714
536000000.0	0.136689022042
538000000.0	0.209468640258
540000000.0	0.0861179262058
542000000.0	0.0548294269621
544000000.0	-0.0266895100821
546000000.0	-0.112246267164
548000000.0	-0.157751978481
550000000.0	-0.109413733514
552000000.0	-0.0523506764664
554000000.0	0.00526091055712
556000000.0	0.164278923583
558000000.0	0.110675366459
560000000.0	0.176639329254
562000000.0	0.123697607625
564000000.0	-0.0994652573268
566000000.0	-0.157835483398
568000000.0	-0.229964540034
570000000.0	-0.234889150047
572000000.0	0.0512771417428
574000000.0	0.0867224582495
576000000.0	0.211238244309
578000000.0	0.210157895571
580000000.0	0.00822347281107
582000000.0	-0.0739283112588
584000000.0	-0.191508383814
586000000.0	-0.207614572453
588000000.0	-0.149388920082
590000000.0	0.0506101155702
592000000.0	0.156603808858
594000000.0	0.258606557634
596000000.0	0.0925868438225
598000000.0	-0.166928939782
600000000.0	0.156405314463
602000000.0	-0.306075144273
604000000.0	-0.212803937755
606000000.0	-0.122719803059
608000000.0	0.0148105444269
610000000.0	0.115999384553
612000000.0	0.162476413197
614000000.0	0.0488811074523
616000000.0	0.0292558164535
618000000.0	-0.131290991262
620000000.0	-0.198554105503
622000000.0	-0.134949574796
624000000.0	-0.166786802915
626000000.0	0.153828025942
628000000.0	0.118291857776
630000000.0	0.109074636916
632000000.0	0.123276153591
634000000.0	-0.015834491251
636000000.0	-0.0562142460941
638000000.0	-0.153851292778
640000000.0	-0.139830597953
642000000.0	-0.0462947028417
644000000.0	-0.0088397756002
646000000.0	0.0758987780429
648000000.0	0.092361245834
650000000.0	0.0905138461419
652000000.0	9.00131257173e-05
654000000.0	-0.0103853382872
656000000.0	-0.119456269788
658000000.0	-0.159728353893
660000000.0	-0.0815468196696
662000000.0	0.0175013031756
664000000.0	0.0997148206968
666000000.0	0.098572394871
668000000.0	0.125466055946
670000000.0	0.0882477404416
672000000.0	-0.046046039618
674000000.0	-0.145090897657
676000000.0	-0.098924530498
678000000.0	-0.0798351323263
680000000.0	0.027483273078
682000000.0	0.0400992261057
684000000.0	0.112243893163
686000000.0	0.176714476558
688000000.0	-0.0438569808127
690000000.0	-0.0411559574042
692000000.0	-0.0737661253394
694000000.0	-0.144808177357
696000000.0	-0.149665520922
698000000.0	-0.110381977339
700000000.0	0.254440301458
702000000.0	0.109283301364
704000000.0	0.0216168284155
706000000.0	0.0645635821346
708000000.0	0.00497696574995
710000000.0	-0.0754741864505
712000000.0	-0.0335143119263
714000000.0	-0.108659354834
716000000.0	0.0219718117776
718000000.0	0.0448035616509
720000000.0	0.116934420689
722000000.0	0.086361867433
724000000.0	-0.0129944427731
726000000.0	0.00565486752355
728000000.0	-0.118661645597
730000000.0	-0.218515149816
732000000.0	-0.0638123000198
734000000.0	-0.0471979570521
736000000.0	0.022884993856
738000000.0	0.134601497701
740000000.0	0.192086597955
742000000.0	0.0713136453472
744000000.0	-0.0271520950331
746000000.0	-0.161893603528
748000000.0	-0.132356678779
750000000.0	-0.171258174367
752000000.0	0.0161498862261
754000000.0	0.163994948475
756000000.0	0.221851657903
758000000.0	0.0943248731986
760000000.0	0.0291027517513
762000000.0	-0.131977436359
764000000.0	-0.133209798536
766000000.0	-0.173989047458
768000000.0	-0.0188619219643
770000000.0	-0.00163971562478
772000000.0	0.121213221515
774000000.0	0.125650128442
776000000.0	0.122697757824
778000000.0	-0.0559134408929
780000000.0	-0.159832714088
782000000.0	-0.154356285472
784000000.0	-0.0243400543387
786000000.0	-0.0710762340835
788000000.0	0.00750049775826
790000000.0	0.0210693387139
792000000.0	0.0796420937599
794000000.0	0.0163499922592
796000000.0	-0.00526179271567
798000000.0	-0.0781724360679
800000000.0	0.0672083056523
802000000.0	-0.0753642407807
804000000.0	-0.132708116574
806000000.0	0.0252829872712
808000000.0	0.0690909711468
810000000.0	0.0486099644178
812000000.0	0.131993177141
814000000.0	0.0738260691097
816000000.0	0.0699894141616
818000000.0	-0.0662591544782
820000000.0	-0.171666651165
822000000.0	-0.135531708366
824000000.0	-0.205322526842
826000000.0	0.0180414994102
828000000.0	0.170437294021
830000000.0	0.374988327027
832000000.0	0.14255201556
834000000.0	0.0371114898559
836000000.0	-0.202547464223
838000000.0	-0.304015887426
840000000.0	-0.219732465032
842000000.0	-0.117436728995
844000000.0	0.185066116516
846000000.0	0.290999463877
848000000.0	0.29876602516
850000000.0	0.101442493104
852000000.0	-0.180895540174
854000000.0	-0.429826053107
856000000.0	-0.339260157916
858000000.0	-0.051897712341
860000000.0	0.262629667255
862000000.0	0.38425995128
864000000.0	0.50481604116
866000000.0	0.253488039405
868000000.0	-0.0624141303525
870000000.0	-0.421808285448
872000000.0	-0.470869593237
874000000.0	-0.311026683529
876000000.0	0.0326012428369
878000000.0	0.462698232438
880000000.0	0.514332273711
882000000.0	0.338666684155
884000000.0	-0.056807577892
886000000.0	-0.493718560829
888000000.0	-0.714254982014
890000000.0	-0.482113858817
892000000.0	-0.07222399768
894000000.0	0.601701171796
896000000.0	1.18053884753
898000000.0	1.2129710242
900000000.0	-2.78690811616
902000000.0	0.465299337462
904000000.0	0.149727431059
906000000.0	-0.0436555279184
908000000.0	-0.0529375505973
910000000.0	0.155821562538
912000000.0	0.332221011366
914000000.0	0.329272819662
916000000.0	0.109086782899
918000000.0	-0.146356732683
920000000.0	-0.304389954989
922000000.0	-0.260146004958
924000000.0	-0.0869692775929
926000000.0	0.0742643965507
928000000.0	0.329853398458
930000000.0	0.346912010376
932000000.0	0.113450748098
934000000.0	-0.127215084283
936000000.0	-0.321322921176
938000000.0	-0.323860774768
940000000.0	-0.208302224288
942000000.0	0.0654776295229
944000000.0	0.276551163973
946000000.0	0.33371206435
948000000.0	0.103140193917
950000000.0	-0.0689509083374
952000000.0	-0.200973294748
954000000.0	-0.299756037652
956000000.0	-0.20610200412
958000000.0	0.0289995515115
960000000.0	0.276174441646
962000000.0	0.254265375901
964000000.0	0.19016279809
966000000.0	-0.00517754620522
968000000.0	-0.124501394697
970000000.0	-0.265775563696
972000000.0	-0.104755776581
974000000.0	0.0162426968263
976000000.0	0.142789929097
978000000.0	0.146269682249
980000000.0	0.0405889579124
982000000.0	-0.010026714452
984000000.0	-0.147600355503
986000000.0	-0.060752239203
988000000.0	-0.108646782426
990000000.0	-0.0337208535027
992000000.0	0.0153949004412
994000000.0	0.00417340439281
996000000.0	0.0949799317561
998000000.0	-0.0315062481433
1000000000.0	0.35
1002000000.0	-0.180309073228
1004000000.0	-0.161561139378
1006000000.0	-0.0324257491728
1008000000.0	0.0497167226157
1010000000.0	0.0153550772126
1012000000.0	0.0596220056877
1014000000.0	-0.00614012004416
1016000000.0	0.0795366529127
1018000000.0	0.0625981863649
1020000000.0	-0.00429001870476
1022000000.0	-0.0613576258473
1024000000.0	-0.0396295980542
1026000000.0	0.0126611691813
1028000000.0	-0.0654381694375
1030000000.0	-0.00551043879234
1032000000.0	0.0263860157686
1034000000.0	0.0726781127154
1036000000.0	0.0527125077253
1038000000.0	0.0554848637493
1040000000.0	-0.0588553610195
1042000000.0	-0.101829329078
1044000000.0	-0.108258781392
1046000000.0	-0.0602846881143
1048000000.0	0.0491384451584
1050000000.0	0.156177326276
1052000000.0	0.0925030034632
1054000000.0	0.103245639908
1056000000.0	-0.0581503758318
1058000000.0	-0.101261521352
1060000000.0	-0.10312984426
1062000000.0	-0.0792789896678
1064000000.0	-0.0117155214656
1066000000.0	0.0258286316066
1068000000.0	0.148659870827
1070000000.0	0.109902623544
1072000000.0	0.0315837971417
1074000000.0	0.00284885899155
1076000000.0	-0.0803377199052
1078000000.0	-0.0717139620348
1080000000.0	-0.0219818539881
1082000000.0	0.0605359361818
1084000000.0	0.0248857251457
1086000000.0	0.0662778423396
1088000000.0	-0.00273762844572
1090000000.0	0.0708215184135
1092000000.0	0.0299987223037
1094000000.0	-0.077053716675
1096000000.0	-0.0499774237749
1098000000.0	-0.0363357056633
1100000000.0	0.023319974269
1102000000.0	0.0128055929965
1104000000.0	0.0276807367653
1106000000.0	-0.0127697467238
1108000000.0	0.031881942149
1110000000.0	-0.0185355763972
1112000000.0	-0.0734579261204
1114000000.0	0.0632204336968
1116000000.0	-0.0100150313001
1118000000.0	0.0353814762
1120000000.0	-0.0482394869947
1122000000.0	0.01536075449
1124000000.0	0.0823277449373
1126000000.0	-0.0319576902799
1128000000.0	0.026308866153
1130000000.0	-0.101443466479
1132000000.0	-0.121933920428
1134000000.0	-0.096949715638
1136000000.0	-0.0968346207633
1138000000.0	0.000336774822469
1140000000.0	0.0649989853086
1142000000.0	0.0344397797991
1144000000.0	0.0782743840619
1146000000.0	-0.0566897258825
1148000000.0	-0.0804566913214
1150000000.0	-0.0591286942116
1152000000.0	-0.0957873445372
1154000000.0	-0.0122492585406
1156000000.0	-0.0415076828494
1158000000.0	0.0812010232893
1160000000.0	0.010114861224
1162000000.0	-0.0227872663089
1164000000.0	0.0195105235292
1166000000.0	-0.00544152481582
1168000000.0	-0.0371179708311
1170000000.0	0.00185365612377
1172000000.0	-0.0380754617201
1174000000.0	-0.00111827079757
1176000000.0	0.00765204324175
1178000000.0	0.0795245836192
1180000000.0	0.0301027177669
1182000000.0	-0.0424382230192
1184000000.0	-0.0213242976925
1186000000.0	-0.0785940215744
1188000000.0	-0.082944508983
1190000000.0	-0.027620707329
1192000000.0	0.00627797121447
1194000000.0	0.0425321261619
1196000000.0	0.0344363103157
1198000000.0	0.0755734322108
1200000000.0	0.115283800998
1202000000.0	-0.114125374429
1204000000.0	-0.0442461729243
1206000000.0	0.00186598988519
1208000000.0	-0.0414767036419
1210000000.0	-0.0500636043831
1212000000.0	0.00339206054573
1214000000.0	0.0301224767113
1216000000.0	0.0603539572697
1218000000.0	0.036512505434
1220000000.0	0.0108142114451
1222000000.0	-0.0141247732853
1224000000.0	-0.0979432324716
1226000000.0	-0.0447941239625
1228000000.0	-0.0599171974848
1230000000.0	-0.0475670697261
1232000000.0	0.0662130388765
1234000000.0	0.002400172357
1236000000.0	0.0474507273989
1238000000.0	-0.0182226404581
1240000000.0	-0.0224194104705
1242000000.0	-0.0984236848733
1244000000.0	-0.0416878008114
1246000000.0	-0.0328757708236
1248000000.0	0.0291873794351
1250000000.0	-0.242390657177
1252000000.0	0.0150463927052
1254000000.0	0.0952970151305
1256000000.0	-0.0216909214429
1258000000.0	0.00428229867796
1260000000.0	0.0124505232811
1262000000.0	0.000125109353343
1264000000.0	-0.0141433279482
1266000000.0	-0.00865812401617
1268000000.0	0.0527823089138
1270000000.0	0.0627683683583
1272000000.0	0.083789205905
1274000000.0	0.0803362792496
1276000000.0	-0.0556682267537
1278000000.0	-0.0843755243824
1280000000.0	-0.0889696212219
1282000000.0	0.0525777681084
1284000000.0	0.0575133284187
1286000000.0	-0.00534574770028
1288000000.0	0.0845985908737
1290000000.0	0.0676831195167
1292000000.0	0.0315117187607
1294000000.0	-0.0398524936206
1296000000.0	-0.062134963419
1298000000.0	0.0107220170651
1300000000.0	-0.181242890436
1302000000.0	0.122506470463
1304000000.0	0.198589031417
1306000000.0	0.156652642859
1308000000.0	0.056380954347
1310000000.0	-0.0113771042965
1312000000.0	-0.149546287596
1314000000.0	0.0104485139119
1316000000.0	-0.0296310256652
1318000000.0	0.0229638857621
1320000000.0	-0.00862457128347
1322000000.0	0.079826845572
1324000000.0	0.0366171838027
1326000000.0	0.0596930707938
1328000000.0	-0.166911507607
1330000000.0	-0.0549250924725
1332000000.0	-0.00462588126022
1334000000.0	-0.0733175543946
1336000000.0	-0.0310907480832
1338000000.0	0.0444874663692
1340000000.0	0.0168385267049
1342000000.0	-0.0617139859405
1344000000.0	-0.0628314466344
1346000000.0	-0.0395332104606
1348000000.0	0.0227009660597
1350000000.0	-0.0386644351327
1352000000.0	-0.071469589764
1354000000.0	0.00911828890179
1356000000.0	0.00353568832908
1358000000.0	0.0442025648138
1360000000.0	-0.0681239641429
1362000000.0	3.86104860093e-05
1364000000.0	0.0354721217666
1366000000.0	-0.000439955322033
1368000000.0	-0.0333263073342
1370000000.0	-6.32895785505e-05
1372000000.0	-0.0259822737308
1374000000.0	-0.066497844331
1376000000.0	-0.0142147839391
1378000000.0	0.00414619438394
1380000000.0	0.0830814557003
1382000000.0	0.0749735191222
1384000000.0	0.0813249725826
1386000000.0	-0.0290367150725
1388000000.0	-0.0527224968477
1390000000.0	-0.0323938136296
1392000000.0	-0.0723334577673
1394000000.0	-0.00251167370537
1396000000.0	0.12917524335
1398000000.0	0.125538116199
1400000000.0	0.0544492274594
1402000000.0	-0.0773486348545
1404000000.0	-0.0974628038463
1406000000.0	-0.114183909655
1408000000.0	-0.0449368194974
1410000000.0	0.023526948349
1412000000.0	0.07096304005
1414000000.0	0.113781487153
1416000000.0	-0.0157070089378
1418000000.0	0.00750505667217
1420000000.0	-0.0368907687988
1422000000.0	-0.0448310440018
1424000000.0	-0.105063415757
1426000000.0	-0.0861633949923
1428000000.0	0.0852336514029
1430000000.0	0.02159007811
1432000000.0	0.0707784252203
1434000000.0	0.0295983963824
1436000000.0	-0.0848759985778
1438000000.0	-0.0716101270765
1440000000.0	-0.0379543440329
1442000000.0	0.10787739381
1444000000.0	0.0156322025667
1446000000.0	0.0474783911894
1448000000.0	0.022836469007
1450000000.0	0.0583444058196
1452000000.0	0.0785701488461
1454000000.0	-0.00924373574048
1456000000.0	0.00134281067304
1458000000.0	0.0917407632922
1460000000.0	-0.023086308688
1462000000.0	-0.126017052335
1464000000.0	-0.111878478975
1466000000.0	-0.0419677175678
1468000000.0	-0.0561644455534
1470000000.0	0.151012820556
1472000000.0	0.173130533671
1474000000.0	0.0609544975266
1476000000.0	-0.0741628792213
1478000000.0	-0.2314326063
1480000000.0	-0.231512807747
1482000000.0	-0.16698237522
1484000000.0	0.146747183317
1486000000.0	0.282551493318
1488000000.0	0.514458375504
1490000000.0	0.403242796535
1492000000.0	-0.110251292575
1494000000.0	-0.726665231659
1496000000.0	-1.56579724071
1498000000.0	-2.11452129435
1500000000.0	7.12783330294
1502000000.0	-1.7845813344
1504000000.0	-1.34749945316
1506000000.0	-0.729082591903
1508000000.0	-0.04814863429
1510000000.0	0.197795296961
1512000000.0	0.365940862473
1514000000.0	0.297214125346
1516000000.0	0.0171764748703
1518000000.0	-0.0206993767798
1520000000.0	-0.140045977764
1522000000.0	-0.135025327407
1524000000.0	-0.0375174668382
1526000000.0	0.161607903251
1528000000.0	0.0923397749229
1530000000.0	0.0783851350852
1532000000.0	0.0306492042028
1534000000.0	0.022827863265
1536000000.0	-0.0685096411
1538000000.0	-0.0174147919317
1540000000.0	0.0294947811804
1542000000.0	0.0388142188479
1544000000.0	0.00961766791743
1546000000.0	0.041267934871
1548000000.0	0.00281483892786
1550000000.0	-0.005872547586
1552000000.0	-0.0714109418148
1554000000.0	0.0977855509585
1556000000.0	0.0492877338031
1558000000.0	-0.0102821680049
1560000000.0	-0.0384415109111
1562000000.0	-0.0583004350618
1564000000.0	-0.0483022001978
1566000000.0	0.0524231237633
1568000000.0	0.0604575609331
1570000000.0	0.0516369806648
1572000000.0	0.00925284263102
1574000000.0	0.0556545701872
1576000000.0	-0.0316518666406
1578000000.0	-0.0746346027099
1580000000.0	-0.0139162176257
1582000000.0	-0.00151426755553
1584000000.0	-0.00576142491109
1586000000.0	-0.011831821317
1588000000.0	0.0664358949178
1590000000.0	-0.0319941806859
1592000000.0	-0.0247271833631
1594000000.0	-0.0233598193341
1596000000.0	-0.0247803632949
1598000000.0	0.0412394523781
1600000000.0	-0.0515828056523
1602000000.0	0.0353637874244
1604000000.0	-0.0568141603603
1606000000.0	0.01979842777
1608000000.0	-0.0192424354355
1610000000.0	-0.00131350757552
1612000000.0	0.00626078570292
1614000000.0	-0.033609640294
1616000000.0	-0.0372636784363
1618000000.0	0.069616620285
1620000000.0	0.103925995627
1622000000.0	-0.0131810150028
1624000000.0	-0.118085264881
1626000000.0	0.123237109716
1628000000.0	0.0123338974916
1630000000.0	-0.0786757077992
1632000000.0	-0.0308654390933
1634000000.0	0.026758187393
1636000000.0	-0.0466810633723
1638000000.0	0.111820104674
1640000000.0	-0.0379129957915
1642000000.0	-0.0555023135256
1644000000.0	0.0543192827771
1646000000.0	-0.0129582919751
1648000000.0	0.0498628368292
1650000000.0	-0.124519222096
1652000000.0	0.0713803068988
1654000000.0	-0.0622992792028
1656000000.0	-0.0341726822656
1658000000.0	-0.01254205813
1660000000.0	0.0461887217339
1662000000.0	-0.0307078536207
1664000000.0	0.0791632095988
1666000000.0	-0.058594406702
1668000000.0	-0.0721517432844
1670000000.0	-0.0117155463794
1672000000.0	0.000157876910462
1674000000.0	-0.0401734176489
1676000000.0	0.0484103324527
1678000000.0	0.0505839850985
1680000000.0	0.0353842292681
1682000000.0	0.0553534972837
1684000000.0	0.0448841330599
1686000000.0	-0.0834775525135
1688000000.0	-0.00672187290895
1690000000.0	-0.00120467592738
1692000000.0	0.0109311206716
1694000000.0	-0.0451652762656
1696000000.0	0.0213341287205
1698000000.0	0.0426784154048
1700000000.0	-0.0438219238413
1702000000.0	0.0161374587268
1704000000.0	0.026317335029
1706000000.0	-0.0192954495291
1708000000.0	-0.0751212433511
1710000000.0	0.0312144564334
1712000000.0	-0.00146605083501
1714000000.0	0.0206109397254
1716000000.0	-0.0185589611325
1718000000.0	0.0215062211549
1720000000.0	0.00499626072236
1722000000.0	-0.04135429304
1724000000.0	0.0694470456373
1726000000.0	-0.030065925808
1728000000.0	0.00593936052198
1730000000.0	-0.00403660424779
1732000000.0	-0.0192254633605
1734000000.0	0.0141543592141
1736000000.0	0.00457264015007
1738000000.0	-0.0248850281289
1740000000.0	0.02237277723
1742000000.0	0.03644582294
1744000000.0	-0.00987111522231
1746000000.0	0.0642369382491
1748000000.0	0.024825130226
1750000000.0	0.256268924131
1752000000.0	-0.000928205377457
1754000000.0	-0.030192412469
1756000000.0	-0.0127300741687
1758000000.0	0.121816582619
1760000000.0	-0.00332846816939
1762000000.0	-0.0999379245017
1764000000.0	-0.0454851665952
1766000000.0	0.0332421319806
1768000000.0	-0.00945766552972
1770000000.0	-0.0333264576951
1772000000.0	0.0370551756654
1774000000.0	-0.00219689884514
1776000000.0	0.029216173027
1778000000.0	0.0502393706943
1780000000.0	0.0250292724684
1782000000.0	-0.085253090109
1784000000.0	-0.00992213842177
1786000000.0	0.0155630179753
1788000000.0	0.0128893820891
1790000000.0	-0.0118880298672
1792000000.0	0.0227337798989
1794000000.0	-0.000308530801411
1796000000.0	0.0182401308884
1798000000.0	0.0765959719414
1800000000.0	-0.341579197785
1802000000.0	0.0910340917049
1804000000.0	0.0899615409626
1806000000.0	0.0339356494114
1808000000.0	0.0436911593646
1810000000.0	0.0559007691498
1812000000.0	-0.0472277869437
1814000000.0	0.0675417066199
1816000000.0	0.036199821468
1818000000.0	0.0713467217815
1820000000.0	0.00152014205852
1822000000.0	-0.00668575436416
1824000000.0	0.0428674058908
1826000000.0	-0.0159487034534
1828000000.0	0.00304997093876
1830000000.0	-0.0254173536417
1832000000.0	-0.0834218801207
1834000000.0	-0.00639811864324
1836000000.0	0.0266529846616
1838000000.0	-0.00771960812413
1840000000.0	0.0209133192092
1842000000.0	0.011486697342
1844000000.0	0.0196786350906
1846000000.0	0.0344842863347
1848000000.0	0.00613219627371
1850000000.0	-0.00368507283302
1852000000.0	-0.0247357602833
1854000000.0	0.0455014232005
1856000000.0	-0.00660376878237
1858000000.0	0.0180747868233
1860000000.0	-0.00346834436618
1862000000.0	0.0667553593937
1864000000.0	0.064557405744
1866000000.0	0.0131399111335
1868000000.0	-0.128447262686
1870000000.0	0.0338590567212
1872000000.0	-0.0105135398779
1874000000.0	0.00571204857027
1876000000.0	-0.0901794023993
1878000000.0	0.0130049161307
1880000000.0	0.0914235494913
1882000000.0	0.0274160311112
1884000000.0	-0.0828157384446
1886000000.0	-0.0941654223341
1888000000.0	-0.107223717267
1890000000.0	-0.0745237465734
1892000000.0	-0.0257563850641
1894000000.0	0.178626465456
1896000000.0	0.244207921951
1898000000.0	0.258906498529
1900000000.0	-0.77216914348
1902000000.0	0.232724618232
1904000000.0	0.125253391401
1906000000.0	0.0334382915435
1908000000.0	-0.0522126820172
1910000000.0	-0.0804648188852
1912000000.0	0.0156920619528
1914000000.0	0.00287523002276
1916000000.0	-0.0299109260007
1918000000.0	-0.00401520816671
1920000000.0	-0.0506681927696
1922000000.0	-0.0441988309614
1924000000.0	-0.00391087546682
1926000000.0	0.022711157632
1928000000.0	0.0369315104121
1930000000.0	0.0458647420098
1932000000.0	0.00604033621234
1934000000.0	0.00678925447807
1936000000.0	0.00241640942348
1938000000.0	-0.0508477473906
1940000000.0	-0.00307731942897
1942000000.0	0.00283492668793
1944000000.0	0.0275390849869
1946000000.0	0.0426685910782
1948000000.0	0.0432597077484
1950000000.0	0.0711467361736
1952000000.0	-0.0398891051585
1954000000.0	-0.0274473765195
1956000000.0	-0.0465727216713
1958000000.0	0.0369326038091
1960000000.0	0.0186103863007
1962000000.0	0.0452802333871
1964000000.0	0.00320128098304
1966000000.0	-0.0173368929711
1968000000.0	0.00155663510199
1970000000.0	-0.0219438159283
1972000000.0	-0.0223335572888
1974000000.0	0.00876026302316
1976000000.0	-0.0332762099615
1978000000.0	-0.00596457879251
1980000000.0	0.0201551429987
1982000000.0	0.0426025710264
1984000000.0	0.0531462759818
1986000000.0	0.0134507951516
1988000000.0	-0.043346696183
1990000000.0	0.08294147754
1992000000.0	-0.00918862445807
1994000000.0	-0.0169934028383
1996000000.0	-0.0790214794138
1998000000.0	-0.0316967507692
2000000000.0	0.0718755
