0.0	-47.78132
2000000.0	4.1028480843
4000000.0	9.89898285157
6000000.0	5.26912937603
8000000.0	-7.23868881356
10000000.0	-12.173305088
12000000.0	-13.8972414578
14000000.0	-7.14882680412
16000000.0	6.63901722338
18000000.0	19.2939312253
20000000.0	22.6262331317
22000000.0	11.8126127434
24000000.0	-10.1226316993
26000000.0	-25.7632031874
28000000.0	-24.5013921771
30000000.0	-5.75909564499
32000000.0	15.6481613698
34000000.0	20.9322973996
36000000.0	13.8511630851
38000000.0	4.09004379923
40000000.0	-12.5450870046
42000000.0	-18.4256657284
44000000.0	-9.97563648587
46000000.0	2.22746123867
48000000.0	9.01648854892
50000000.0	9.13839570962
52000000.0	0.741003278834
54000000.0	-6.42629038363
56000000.0	-7.78087451897
58000000.0	-3.06680049979
60000000.0	4.71911552289
62000000.0	7.94157176845
64000000.0	5.42142023126
66000000.0	-1.38772384229
68000000.0	-7.13741445124
70000000.0	-5.55820865058
72000000.0	0.825360237692
74000000.0	5.05201843895
76000000.0	5.53761573175
78000000.0	0.958092399309
80000000.0	-4.3991315302
82000000.0	-5.52041059686
84000000.0	-1.33930245284
86000000.0	6.05302769457
88000000.0	6.51509720967
90000000.0	2.75432358685
92000000.0	-4.31001995585
94000000.0	-8.45458835732
96000000.0	-5.26322749442
98000000.0	0.572490317731
100000000.0	6.23180377838
102000000.0	8.637759365
104000000.0	3.6084589613
106000000.0	-3.14014662596
108000000.0	-7.46403728036
110000000.0	-6.61409986919
112000000.0	-1.37831888879
114000000.0	5.12269565369
116000000.0	6.26111659758
118000000.0	3.12515983101
120000000.0	-0.807482428096
122000000.0	-4.49454582776
124000000.0	-3.4075437168
126000000.0	1.34952146067
128000000.0	1.88413746406
130000000.0	2.64402191051
132000000.0	-0.444142485007
134000000.0	-2.74265145147
136000000.0	-1.32948242429
138000000.0	2.00595376316
140000000.0	3.94212668925
142000000.0	3.85581662588
144000000.0	-1.04564349713
146000000.0	-4.14703301885
148000000.0	-3.7634163472
150000000.0	-1.71487636295
152000000.0	2.26471543811
154000000.0	4.02889502654
156000000.0	2.80031253772
158000000.0	-0.214090264123
160000000.0	-4.43971654042
162000000.0	-4.04940347948
164000000.0	-0.775565390731
166000000.0	1.92675581681
168000000.0	4.45863727542
170000000.0	2.39438796298
172000000.0	-0.900163004137
174000000.0	-1.6050457346
176000000.0	-2.41223351512
178000000.0	-0.539136978983
180000000.0	2.0291915729
182000000.0	1.36775471275
184000000.0	-0.347710639022
186000000.0	-1.56938406912
188000000.0	-1.31497023456
190000000.0	1.60605610557
192000000.0	3.02245134432
194000000.0	2.83403568386
196000000.0	-0.264084879657
198000000.0	-4.28291220366
200000000.0	-6.09235993334
202000000.0	-1.74991661666
204000000.0	3.18104043115
206000000.0	6.21207831988
208000000.0	4.27081087563
210000000.0	-1.52536859934
212000000.0	-6.67923339976
214000000.0	-5.44236922021
216000000.0	-1.27361003802
218000000.0	4.37731419963
220000000.0	5.08451662909
222000000.0	2.31741964941
224000000.0	-2.7275843853
226000000.0	-5.49373177407
228000000.0	-1.9298752024
230000000.0	1.82261487773
232000000.0	6.03222594419
234000000.0	2.73392392359
236000000.0	-1.57198781778
238000000.0	-5.72812107139
240000000.0	-2.84607818264
242000000.0	1.73124047618
244000000.0	6.50128282845
246000000.0	5.39740135011
248000000.0	-0.189142549408
250000000.0	-6.78917666988
252000000.0	-8.53812037017
254000000.0	-4.69035000326
256000000.0	3.96932993827
258000000.0	11.1012583145
260000000.0	11.6418582083
262000000.0	3.6419574433
264000000.0	-11.7030995109
266000000.0	-19.9306184257
268000000.0	-13.0638508147
270000000.0	6.45216049089
272000000.0	24.2218070493
274000000.0	24.7549171894
276000000.0	3.79133492502
278000000.0	-23.3894776049
280000000.0	-33.3314067501
282000000.0	-12.6342836974
284000000.0	23.698515623
286000000.0	39.3803935584
288000000.0	13.4185671885
290000000.0	-38.9561298136
292000000.0	-64.0287691033
294000000.0	-6.68019945028
296000000.0	128.061845189
298000000.0	269.969433474
300000000.0	-644.773960096
302000000.0	220.001738166
304000000.0	121.4563318
306000000.0	41.174419189
308000000.0	-10.6140628474
310000000.0	-36.0016494959
312000000.0	-39.3435659012
314000000.0	-23.7344887879
316000000.0	3.36549475848
318000000.0	25.8350363319
320000000.0	29.1930436955
322000000.0	13.4934245324
324000000.0	-11.8010246486
326000000.0	-24.0288471662
328000000.0	-16.6642568407
330000000.0	3.53084388939
332000000.0	16.2599971088
334000000.0	14.129574154
336000000.0	0.804086364122
338000000.0	-12.2742707295
340000000.0	-12.5272047184
342000000.0	-0.605323071709
344000000.0	9.92074127316
346000000.0	9.44404684121
348000000.0	1.41254927944
350000000.0	-7.20629132441
352000000.0	-9.70439658116
354000000.0	-3.24203477442
356000000.0	6.13238675165
358000000.0	9.30926605821
360000000.0	5.31810844822
362000000.0	-2.78385992241
364000000.0	-8.17260516748
366000000.0	-6.74817296394
368000000.0	-0.442351932799
370000000.0	5.87194230688
372000000.0	7.65403608617
374000000.0	4.2946521591
376000000.0	-0.381135975933
378000000.0	-6.58567114821
380000000.0	-6.05622346995
382000000.0	-2.16149053677
384000000.0	2.81394715155
386000000.0	4.86278310869
388000000.0	3.43138668174
390000000.0	-0.932465499533
392000000.0	-3.50649992038
394000000.0	-2.73919305085
396000000.0	-0.142403555208
398000000.0	2.50169510107
400000000.0	2.91813192621
402000000.0	-0.272890155312
404000000.0	-2.21062783664
406000000.0	-2.99500476285
408000000.0	-0.717002309186
410000000.0	3.25127533284
412000000.0	3.883657758
414000000.0	1.48121868905
416000000.0	-1.63291228341
418000000.0	-4.94133579027
420000000.0	-3.50194922657
422000000.0	-0.21791274116
424000000.0	3.41430851269
426000000.0	3.91963942932
428000000.0	2.41156056409
430000000.0	-2.13947305911
432000000.0	-2.47837921951
434000000.0	-1.95324054761
436000000.0	0.232930399525
438000000.0	1.99797664371
440000000.0	2.08525577979
442000000.0	0.855315236519
444000000.0	-1.5945085841
446000000.0	-2.81196165133
448000000.0	-0.551706676777
450000000.0	1.07407302116
452000000.0	1.76824982865
454000000.0	1.13692728777
456000000.0	0.181117365881
458000000.0	-1.03442662384
460000000.0	-1.19724585333
462000000.0	-0.275245519638
464000000.0	0.980957585226
466000000.0	1.72906839955
468000000.0	0.456823937619
470000000.0	-0.749160036047
472000000.0	-1.49649149869
474000000.0	-0.381454703599
476000000.0	-0.238174280023
478000000.0	1.96518126429
480000000.0	1.47492282263
482000000.0	-0.334468025119
484000000.0	-1.34665370344
486000000.0	-2.45293561031
488000000.0	-0.625767939498
490000000.0	0.080801518363
492000000.0	1.87620168273
494000000.0	1.4366693161
496000000.0	0.9830387087
498000000.0	-0.79717808668
500000000.0	-2.3251519793
502000000.0	-0.316810849436
504000000.0	1.3102589642
506000000.0	0.511818343502
508000000.0	1.05735395427
510000000.0	-0.553922949543
512000000.0	-0.801620803447
514000000.0	0.519678811499
516000000.0	-0.388252460999
518000000.0	0.592630945983
520000000.0	-0.056694589471
522000000.0	-0.56101260283
524000000.0	-0.962464372469
526000000.0	-0.591119784635
528000000.0	-0.672608241006
530000000.0	-0.0645565954115
532000000.0	0.723013726212
534000000.0	1.5914335519
536000000.0	-0.653079024258
538000000.0	-0.819470766121
540000000.0	-1.43158176134
542000000.0	-0.0459187115344
544000000.0	0.375537453546
546000000.0	1.21527579175
548000000.0	0.0940110783694
550000000.0	0.0550621093072
552000000.0	-0.255811915898
554000000.0	-0.373549382803
556000000.0	-0.316691192458
558000000.0	-0.0699252354484
560000000.0	0.0075632927562
562000000.0	0.60851292577
564000000.0	-0.399885689888
566000000.0	-0.136454557439
568000000.0	-0.407937487614
570000000.0	0.37745273122
572000000.0	0.513654321777
574000000.0	-0.591610212766
576000000.0	-0.0641003496431
578000000.0	-0.638633693546
580000000.0	-0.652183068747
582000000.0	0.323010041138
584000000.0	1.00363700336
586000000.0	-0.933811440017
588000000.0	-0.218032228049
590000000.0	0.886444517512
592000000.0	0.647591504703
594000000.0	-0.0341285174293
596000000.0	-0.8975103711
598000000.0	-2.33042892189
600000000.0	5.03106303359
602000000.0	-1.39798918032
604000000.0	-0.891520881625
606000000.0	-0.164418564547
608000000.0	0.826224223415
610000000.0	0.121307917675
612000000.0	0.694678686815
614000000.0	-0.252202831198
616000000.0	0.568759655226
618000000.0	0.32633113938
620000000.0	-0.100008413405
622000000.0	0.513654398374
624000000.0	1.52065004143
626000000.0	-1.05090104213
628000000.0	-0.828361293428
630000000.0	-0.711080953247
632000000.0	0.11256642891
634000000.0	-0.0974470370604
636000000.0	0.106571244632
638000000.0	-0.697586405801
640000000.0	0.0725729612673
642000000.0	-0.32813719246
644000000.0	-0.0560202450849
646000000.0	0.535133599108
648000000.0	0.202722130773
650000000.0	0.574398909128
652000000.0	-0.616268603955
654000000.0	0.0249679992466
656000000.0	-0.614639328221
658000000.0	0.777768336614
660000000.0	1.05696033803
662000000.0	-1.01448738876
664000000.0	-0.903252891205
666000000.0	-0.679704755821
668000000.0	-0.151168249546
670000000.0	0.242495654987
672000000.0	0.730422567582
674000000.0	1.67373358508
676000000.0	-1.03169575808
678000000.0	0.0743934946844
680000000.0	-0.0831905605881
682000000.0	1.07145009478
684000000.0	0.948451556751
686000000.0	0.351897397464
688000000.0	0.106582439956
690000000.0	-0.94014245344
692000000.0	-0.310538626571
694000000.0	-0.516132983223
696000000.0	0.504071780213
698000000.0	0.0778052125262
700000000.0	1.62776045879
702000000.0	0.0589480051505
704000000.0	0.0170009710514
706000000.0	-0.732641625972
708000000.0	-0.902625237896
710000000.0	-0.0621871592396
712000000.0	0.410848260367
714000000.0	0.285675477554
716000000.0	0.187505625896
718000000.0	0.355404258702
720000000.0	-0.950613547928
722000000.0	-0.221526439598
724000000.0	0.445983941588
726000000.0	0.0632446019804
728000000.0	-0.0100414763611
730000000.0	-0.637459152044
732000000.0	-1.18824625322
734000000.0	0.0804024325408
736000000.0	0.702764969231
738000000.0	0.93099177333
740000000.0	0.403886411733
742000000.0	-0.811713584791
744000000.0	-1.44692412433
746000000.0	-0.547591666048
748000000.0	0.271124303952
750000000.0	-0.664479569785
752000000.0	2.10945154145
754000000.0	0.199187589709
756000000.0	0.458559634708
758000000.0	-0.896263388323
760000000.0	-0.500083710657
762000000.0	0.00613776222334
764000000.0	-0.14609224843
766000000.0	1.30635828255
768000000.0	0.73519196256
770000000.0	-0.995003601825
772000000.0	-0.856042417761
774000000.0	-0.0521357127593
776000000.0	0.725622335052
778000000.0	0.736887613224
780000000.0	0.618251501173
782000000.0	-0.585842312034
784000000.0	-0.178306739771
786000000.0	-0.31575966118
788000000.0	0.100297824424
790000000.0	1.13287948591
792000000.0	0.867016599741
794000000.0	0.394829888037
796000000.0	-0.257328389533
798000000.0	-0.89316672312
800000000.0	-1.05057081131
802000000.0	1.13977165268
804000000.0	1.66722247485
806000000.0	1.82292577617
808000000.0	-0.408691326963
810000000.0	0.0425212554592
812000000.0	-1.95751034345
814000000.0	-0.384954694818
816000000.0	0.737970623739
818000000.0	1.88683050906
820000000.0	0.735274453411
822000000.0	-0.106925159073
824000000.0	-0.921848880862
826000000.0	-1.21339281439
828000000.0	0.59983891232
830000000.0	1.63144204039
832000000.0	1.80737636645
834000000.0	-0.8537185937
836000000.0	-2.11141732301
838000000.0	-2.34171963589
840000000.0	-0.161320872688
842000000.0	1.8796899349
844000000.0	2.08423962901
846000000.0	1.91074096269
848000000.0	-1.43658837855
850000000.0	-3.00955863905
852000000.0	-2.02176197806
854000000.0	-0.244190261102
856000000.0	2.26670857157
858000000.0	3.42492748307
860000000.0	1.66129407406
862000000.0	-0.857196082619
864000000.0	-2.65535588005
866000000.0	-3.71696337764
868000000.0	-1.21895230652
870000000.0	2.6008199274
872000000.0	3.5846141984
874000000.0	3.27027200743
876000000.0	-1.81351405815
878000000.0	-4.81487041378
880000000.0	-3.88897800516
882000000.0	1.97706919368
884000000.0	6.89528952255
886000000.0	7.48200211844
888000000.0	-1.67577565334
890000000.0	-16.7867377555
892000000.0	-19.6152175526
894000000.0	4.28474585402
896000000.0	57.0207878796
898000000.0	116.489827225
900000000.0	-291.69105027
902000000.0	106.67144334
904000000.0	56.6915206424
906000000.0	9.90362446168
908000000.0	-14.5059678082
910000000.0	-16.6233076841
912000000.0	-8.11056808706
914000000.0	0.973410501608
916000000.0	5.7220652369
918000000.0	4.73464254525
920000000.0	1.83134101562
922000000.0	-1.28486191245
924000000.0	-2.81230756369
926000000.0	-2.66539387954
928000000.0	-0.108191843955
930000000.0	2.17527212808
932000000.0	2.56472106646
934000000.0	-0.00147170945628
936000000.0	-2.01416321137
938000000.0	-2.66400171775
940000000.0	-0.129862051647
942000000.0	2.60564102081
944000000.0	4.37013467063
946000000.0	0.827672646133
948000000.0	-1.89318889986
950000000.0	-2.815486342
952000000.0	-2.45215899291
954000000.0	0.206027529247
956000000.0	2.80920224619
958000000.0	3.01614118051
960000000.0	-0.443022843861
962000000.0	-1.82742247986
964000000.0	-2.43322875345
966000000.0	-1.08042569162
968000000.0	0.69800323291
970000000.0	2.54790966702
972000000.0	1.71179711354
974000000.0	-0.306361538627
976000000.0	-2.00121489704
978000000.0	-1.86213602964
980000000.0	-0.257034678808
982000000.0	0.464977237528
984000000.0	1.05951033196
986000000.0	-0.020884257281
988000000.0	-0.318870068481
990000000.0	-1.52895447401
992000000.0	-0.890255462124
994000000.0	1.05164951172
996000000.0	1.48744794659
998000000.0	0.434029569464
1000000000.0	4.60947
1002000000.0	-1.4357647163
1004000000.0	-1.90446837904
1006000000.0	-0.94096665048
1008000000.0	1.21835367142
1010000000.0	1.89995770151
1012000000.0	1.31375959254
1014000000.0	-0.0772131341964
1016000000.0	-1.24988608465
1018000000.0	-1.35610393191
1020000000.0	-1.04875058034
1022000000.0	0.683126406845
1024000000.0	0.696150293272
1026000000.0	0.282806437684
1028000000.0	-0.931989682182
1030000000.0	-0.623627688167
1032000000.0	-0.524030134779
1034000000.0	-0.0693861784703
1036000000.0	0.430289225673
1038000000.0	0.744970931374
1040000000.0	-0.0433509334963
1042000000.0	-0.704317517388
1044000000.0	-0.813187568052
1046000000.0	0.156654024842
1048000000.0	0.92204183049
1050000000.0	0.973509779342
1052000000.0	0.418328139948
1054000000.0	-0.0968847725136
1056000000.0	-1.46369583833
1058000000.0	0.0326513755995
1060000000.0	-0.145409876192
1062000000.0	1.38774225944
1064000000.0	0.967291746577
1066000000.0	-0.621158312237
1068000000.0	-0.507814880814
1070000000.0	-1.07362251136
1072000000.0	-0.326482931489
1074000000.0	0.0213228061612
1076000000.0	0.390954408186
1078000000.0	1.39355401109
1080000000.0	-0.345558415693
1082000000.0	-0.608397330938
1084000000.0	-1.12987255603
1086000000.0	-0.387911281195
1088000000.0	0.644362811049
1090000000.0	1.34524253173
1092000000.0	0.789090066708
1094000000.0	-0.734278455749
1096000000.0	-1.0791201538
1098000000.0	-1.20038413375
1100000000.0	0.642418758437
1102000000.0	0.822761264037
1104000000.0	1.14126781593
1106000000.0	0.429442403633
1108000000.0	-0.894031462293
1110000000.0	-0.142531695796
1112000000.0	0.239195483105
1114000000.0	0.673320570693
1116000000.0	-0.196011897551
1118000000.0	0.367531812735
1120000000.0	-0.301320887311
1122000000.0	-0.280840925923
1124000000.0	-0.189116485003
1126000000.0	0.478814332616
1128000000.0	0.450130968387
1130000000.0	0.366104077466
1132000000.0	0.808008344556
1134000000.0	0.266110011253
1136000000.0	-0.180390027165
1138000000.0	-0.133054008145
1140000000.0	0.808401775861
1142000000.0	0.149212461744
1144000000.0	0.763784579195
1146000000.0	-0.596801679399
1148000000.0	0.241099238878
1150000000.0	-0.325347617052
1152000000.0	-0.9337585109
1154000000.0	0.356772576001
1156000000.0	0.797238832103
1158000000.0	-0.160623582387
1160000000.0	0.189936716966
1162000000.0	-0.236675062282
1164000000.0	-0.1312237744
1166000000.0	-0.549027230285
1168000000.0	0.516718902523
1170000000.0	1.06329345298
1172000000.0	0.378664928952
1174000000.0	-0.969679774554
1176000000.0	-0.423405167904
1178000000.0	0.555149395692
1180000000.0	-0.199589363242
1182000000.0	0.714374901654
1184000000.0	-0.447859772469
1186000000.0	-0.127952814617
1188000000.0	-0.604395301192
1190000000.0	0.741850847571
1192000000.0	0.815728413023
1194000000.0	-0.16498731993
1196000000.0	-1.4852653608
1198000000.0	-3.42878704002
1200000000.0	8.01929057379
1202000000.0	-3.02612778861
1204000000.0	-3.03543830104
1206000000.0	-0.898094188634
1208000000.0	1.2651491212
1210000000.0	-0.175655255277
1212000000.0	0.373735254233
1214000000.0	0.434956663131
1216000000.0	-0.0790749803561
1218000000.0	-0.340311414118
1220000000.0	0.016130049524
1222000000.0	-0.180027805525
1224000000.0	0.838854307555
1226000000.0	0.642336402547
1228000000.0	-0.0591955774281
1230000000.0	-0.60573681561
1232000000.0	0.117930783972
1234000000.0	0.102823505206
1236000000.0	1.08012812708
1238000000.0	0.194926252213
1240000000.0	0.336617717433
1242000000.0	-0.59637931784
1244000000.0	-0.0279264661412
1246000000.0	0.0782069438557
1248000000.0	1.08777589768
1250000000.0	1.98939061683
1252000000.0	0.704162085149
1254000000.0	0.539664918213
1256000000.0	-1.15259493047
1258000000.0	-0.30849207596
1260000000.0	0.242184556827
1262000000.0	-0.168713324628
1264000000.0	0.0439184187996
1266000000.0	0.273233003114
1268000000.0	0.0246893095298
1270000000.0	-0.0340609981238
1272000000.0	0.40857075066
1274000000.0	-0.0986938443945
1276000000.0	0.76019887173
1278000000.0	-0.463014856413
1280000000.0	-0.339455373368
1282000000.0	0.00190723843742
1284000000.0	0.147821672073
1286000000.0	0.0746166416123
1288000000.0	-0.239422665276
1290000000.0	0.255089696668
1292000000.0	0.0958434348101
1294000000.0	-0.591791113997
1296000000.0	-1.47266403614
1298000000.0	-1.20379627225
1300000000.0	4.70163620989
1302000000.0	-0.910078301838
1304000000.0	-0.628629186672
1306000000.0	0.426051665224
1308000000.0	0.216389889108
1310000000.0	0.996880079615
1312000000.0	-0.425423737169
1314000000.0	0.27973311466
1316000000.0	0.560373953021
1318000000.0	0.0764387728553
1320000000.0	0.619552318794
1322000000.0	0.387285365008
1324000000.0	-0.621994657774
1326000000.0	-0.817530073994
1328000000.0	-0.447719962752
1330000000.0	-0.90227265491
1332000000.0	-0.433752127149
1334000000.0	0.944629788409
1336000000.0	0.0749646227175
1338000000.0	-0.682680088522
1340000000.0	0.0563778382339
1342000000.0	-0.234766467905
1344000000.0	0.380834681425
1346000000.0	-0.309415896345
1348000000.0	0.187721515578
1350000000.0	-0.217557108298
1352000000.0	0.691810135895
1354000000.0	0.62472507739
1356000000.0	0.834870958789
1358000000.0	0.294677546787
1360000000.0	0.860872179391
1362000000.0	0.929611640212
1364000000.0	-0.0301814060243
1366000000.0	1.46815816629
1368000000.0	0.307823700272
1370000000.0	0.355772130899
1372000000.0	0.77533391247
1374000000.0	2.13569489362
1376000000.0	-0.934158832725
1378000000.0	-0.586193151479
1380000000.0	-0.722660833819
1382000000.0	-0.464902674113
1384000000.0	-0.749541010194
1386000000.0	-0.111242986172
1388000000.0	-0.4865692463
1390000000.0	0.438708718777
1392000000.0	0.191580502506
1394000000.0	-0.407099986604
1396000000.0	-0.886209730838
1398000000.0	0.598950678725
1400000000.0	-1.65723282572
1402000000.0	1.08124221338
1404000000.0	0.766488338362
1406000000.0	-0.161858415487
1408000000.0	-0.546353861047
1410000000.0	-0.666218499081
1412000000.0	-0.42525047398
1414000000.0	0.53250868368
1416000000.0	0.755393934886
1418000000.0	-0.524898717605
1420000000.0	-0.278323163443
1422000000.0	-0.828120554874
1424000000.0	-0.533381547396
1426000000.0	0.492949211399
1428000000.0	0.580137148737
1430000000.0	0.807509889684
1432000000.0	-0.452187035744
1434000000.0	0.796443473545
1436000000.0	-1.06213701681
1438000000.0	-0.646536515287
1440000000.0	-0.433249256793
1442000000.0	0.445438179806
1444000000.0	1.11092410335
1446000000.0	0.211696387253
1448000000.0	-1.06875313828
1450000000.0	-1.2027172637
1452000000.0	-0.779577846795
1454000000.0	1.09162274282
1456000000.0	1.46066965369
1458000000.0	1.54230594198
1460000000.0	-0.760212998738
1462000000.0	-0.638711579729
1464000000.0	-1.07867341057
1466000000.0	0.171080939915
1468000000.0	1.13786817804
1470000000.0	0.0437022302439
1472000000.0	-0.61996554899
1474000000.0	-1.0609809666
1476000000.0	-0.619903403837
1478000000.0	-0.492182292351
1480000000.0	1.14144366014
1482000000.0	1.30143509045
1484000000.0	0.263699992078
1486000000.0	0.432933916087
1488000000.0	-2.17931545733
1490000000.0	-6.45961520663
1492000000.0	-4.46972267537
1494000000.0	3.18877252356
1496000000.0	19.4335787825
1498000000.0	38.6421235084
1500000000.0	-100.237238021
1502000000.0	39.0372042124
1504000000.0	20.7397657076
1506000000.0	1.72869166315
1508000000.0	-7.10436309895
1510000000.0	-6.10264763408
1512000000.0	-2.00380418929
1514000000.0	3.28254419103
1516000000.0	3.15879965113
1518000000.0	0.752276507315
1520000000.0	-1.98969609695
1522000000.0	-1.85201007958
1524000000.0	0.0640862973244
1526000000.0	0.0848082811348
1528000000.0	1.52937280275
1530000000.0	1.14378764508
1532000000.0	0.241099815388
1534000000.0	-0.92758430465
1536000000.0	-0.545759202785
1538000000.0	-1.25319307666
1540000000.0	-0.0147123487946
1542000000.0	0.937042592456
1544000000.0	1.56043379679
1546000000.0	0.797013259925
1548000000.0	-0.956550156328
1550000000.0	-1.2190318038
1552000000.0	-0.603672067259
1554000000.0	0.0208558251902
1556000000.0	1.60517564594
1558000000.0	0.661586870165
1560000000.0	0.416321863565
1562000000.0	-0.528646997742
1564000000.0	-0.884267038296
1566000000.0	-0.626362799946
1568000000.0	0.111806126638
1570000000.0	0.475510153341
1572000000.0	0.37302898485
1574000000.0	-0.707208107825
1576000000.0	0.133110896794
1578000000.0	0.49285338352
1580000000.0	0.403019606045
1582000000.0	1.00744676306
1584000000.0	0.6905683336
1586000000.0	-0.276720137598
1588000000.0	-0.618085212861
1590000000.0	-0.298244489374
1592000000.0	0.474017962259
1594000000.0	0.389451722925
1596000000.0	0.52495824265
1598000000.0	0.422797617288
1600000000.0	2.12874331131
1602000000.0	-1.14025608689
1604000000.0	-1.22392604587
1606000000.0	0.0912169693997
1608000000.0	0.0613259012987
1610000000.0	1.63565229996
1612000000.0	-0.00544833360751
1614000000.0	0.15625884631
1616000000.0	-0.321844169242
1618000000.0	-0.346538539984
1620000000.0	-0.0632315415803
1622000000.0	-0.291487376189
1624000000.0	-0.488641290892
1626000000.0	1.1202452581
1628000000.0	-0.0593293077048
1630000000.0	0.12402160323
1632000000.0	-0.134290020936
1634000000.0	-0.101180397526
1636000000.0	0.0151632418991
1638000000.0	0.161576545536
1640000000.0	-0.536473771012
1642000000.0	0.474259034999
1644000000.0	0.0262880160618
1646000000.0	-0.0684847305051
1648000000.0	0.0582739089687
1650000000.0	-0.0227267894481
1652000000.0	-0.314043229131
1654000000.0	-1.04461247237
1656000000.0	-0.229719677805
1658000000.0	0.0989943028262
1660000000.0	-0.299153420121
1662000000.0	-0.291605619234
1664000000.0	0.27608927508
1666000000.0	-0.0576759070002
1668000000.0	-0.342532573334
1670000000.0	-0.308629744753
1672000000.0	-0.133240085332
1674000000.0	0.770941824508
1676000000.0	-0.10689264139
1678000000.0	-0.167011733925
1680000000.0	0.118337860686
1682000000.0	0.210414484984
1684000000.0	0.302883295645
1686000000.0	0.242840696374
1688000000.0	-0.721024047978
1690000000.0	0.454552871223
1692000000.0	0.164558826053
1694000000.0	-0.47237952204
1696000000.0	-0.576463082429
1698000000.0	-0.775437712717
1700000000.0	1.70271508136
1702000000.0	-0.437470944331
1704000000.0	-0.496693583924
1706000000.0	-0.498712690014
1708000000.0	0.27922455394
1710000000.0	-0.334876938361
1712000000.0	0.444132385522
1714000000.0	0.226038249922
1716000000.0	0.195103362874
1718000000.0	-0.0422900720578
1720000000.0	-0.459190918696
1722000000.0	0.291362560177
1724000000.0	-0.0806847041218
1726000000.0	0.339672168001
1728000000.0	0.421813047231
1730000000.0	0.0425603368834
1732000000.0	0.281366554844
1734000000.0	-0.338495065122
1736000000.0	-0.426500046981
1738000000.0	0.444032015268
1740000000.0	-0.305462382892
1742000000.0	-0.147396359584
1744000000.0	0.117263926271
1746000000.0	-0.25544895359
1748000000.0	0.0979216564111
1750000000.0	0.0265256228369
1752000000.0	0.450940762176
1754000000.0	0.371296821508
1756000000.0	0.262087802568
1758000000.0	-0.483794045891
1760000000.0	-0.8372921624
1762000000.0	-0.476300661665
1764000000.0	-0.180717157562
1766000000.0	0.0138954668932
1768000000.0	-0.542749395876
1770000000.0	0.0474615198869
1772000000.0	0.202143097373
1774000000.0	-0.385586615983
1776000000.0	-0.0601093101596
1778000000.0	0.134052688639
1780000000.0	0.207970332374
1782000000.0	-0.254261995381
1784000000.0	-0.574918891891
1786000000.0	0.361329790026
1788000000.0	-0.510518757978
1790000000.0	0.448599384435
1792000000.0	-0.185959907934
1794000000.0	-0.206256022073
1796000000.0	-0.636173323282
1798000000.0	-1.81183625915
1800000000.0	3.42168472546
1802000000.0	-2.30828014878
1804000000.0	-0.892571654631
1806000000.0	-0.353994608758
1808000000.0	0.188021154592
1810000000.0	0.491024589343
1812000000.0	-0.381077975434
1814000000.0	0.41722196568
1816000000.0	-0.555941479232
1818000000.0	-0.460388322685
1820000000.0	0.689358226315
1822000000.0	0.310825877821
1824000000.0	-0.253429562982
1826000000.0	0.104397253388
1828000000.0	-0.500390256141
1830000000.0	-1.30505650925
1832000000.0	-0.60128766129
1834000000.0	-0.127851843173
1836000000.0	0.0595340581336
1838000000.0	-1.09973845577
1840000000.0	-0.26721253647
1842000000.0	-0.479938281911
1844000000.0	-0.116295808208
1846000000.0	-0.335084542915
1848000000.0	-0.260122567514
1850000000.0	-0.397148256574
1852000000.0	-0.607928890299
1854000000.0	0.476063142541
1856000000.0	0.22691294682
1858000000.0	-0.248312652255
1860000000.0	-0.29343515434
1862000000.0	-0.266828032504
1864000000.0	-0.152926834584
1866000000.0	0.0331966409056
1868000000.0	0.260975840805
1870000000.0	0.110710541426
1872000000.0	-0.463216834607
1874000000.0	-0.0778635080989
1876000000.0	0.489442075946
1878000000.0	-0.403239893301
1880000000.0	-0.241500209884
1882000000.0	0.625066179719
1884000000.0	0.66510580315
1886000000.0	1.60657139791
1888000000.0	0.530682585401
1890000000.0	-0.56256099994
1892000000.0	-1.2346812943
1894000000.0	0.119823061754
1896000000.0	0.723369722722
1898000000.0	2.7631774591
1900000000.0	-6.66143392087
1902000000.0	2.68764124437
1904000000.0	1.54673686503
1906000000.0	1.32320081378
1908000000.0	0.241803656273
1910000000.0	-0.163565269496
1912000000.0	-0.0933389345433
1914000000.0	-0.608945040117
1916000000.0	-0.525454975612
1918000000.0	0.630909836414
1920000000.0	1.01438008477
1922000000.0	0.224146823126
1924000000.0	-0.9527848739
1926000000.0	-0.379408488005
1928000000.0	-0.414991011784
1930000000.0	-0.182712064062
1932000000.0	0.407638628608
1934000000.0	0.358681071198
1936000000.0	0.0207797669275
1938000000.0	0.172442842968
1940000000.0	0.419724305183
1942000000.0	-0.160813523374
1944000000.0	0.732464811541
1946000000.0	1.06945750821
1948000000.0	0.503219075506
1950000000.0	-0.434458021292
1952000000.0	0.747620122975
1954000000.0	0.00790596003194
1956000000.0	0.331324355254
1958000000.0	-0.0522457483874
1960000000.0	0.566786711002
1962000000.0	-0.304034520421
1964000000.0	0.13478625512
1966000000.0	0.237912334205
1968000000.0	-0.0584234981428
1970000000.0	-0.435517053132
1972000000.0	0.353459531081
1974000000.0	0.658904777161
1976000000.0	-0.316939104218
1978000000.0	-0.21212112745
1980000000.0	-0.501890317208
1982000000.0	-0.643220683231
1984000000.0	-0.368402457048
1986000000.0	-0.21181045066
1988000000.0	0.609742974803
1990000000.0	-0.140005047589
1992000000.0	0.313504710314
1994000000.0	0.717672564964
1996000000.0	0.272298815174
1998000000.0	0.819762103495
2000000000.0	-0.93752
