0.0	-3.3359485
2000000.0	-8.33912811085e-05
4000000.0	-0.0553918134462
6000000.0	-0.498665928385
8000000.0	-0.367045076433
10000000.0	-0.224402756067
12000000.0	0.1673620575
14000000.0	0.604966835525
16000000.0	1.48912330757
18000000.0	2.26169485133
20000000.0	2.37827107438
22000000.0	1.6572984064
24000000.0	0.725752259266
26000000.0	-0.800111550661
28000000.0	-2.01427781643
30000000.0	-2.6909838884
32000000.0	-2.43771297469
34000000.0	-0.93987498994
36000000.0	0.803681686978
38000000.0	1.90787533818
40000000.0	2.022228492
42000000.0	1.67940816826
44000000.0	0.695982367766
46000000.0	-0.272966568301
48000000.0	-0.80069298562
50000000.0	-0.753044194299
52000000.0	-0.363670560565
54000000.0	0.124009515795
56000000.0	0.212799143878
58000000.0	-0.043812956859
60000000.0	-0.428603291926
62000000.0	-0.506670700327
64000000.0	0.00343520124876
66000000.0	0.615859284109
68000000.0	1.06168197879
70000000.0	0.838126687238
72000000.0	0.111102696044
74000000.0	-0.871538887757
76000000.0	-1.35089472554
78000000.0	-1.18560319605
80000000.0	-0.273724499216
82000000.0	0.616225575283
84000000.0	1.42899375579
86000000.0	1.28377515847
88000000.0	0.64760280428
90000000.0	-0.494113373892
92000000.0	-1.23022478409
94000000.0	-1.271998381
96000000.0	-0.697738864043
98000000.0	0.112902153239
100000000.0	0.755140806239
102000000.0	0.961259333391
104000000.0	0.673694148086
106000000.0	0.174896883995
108000000.0	-0.44296304235
110000000.0	-0.685562692703
112000000.0	-0.380213553998
114000000.0	-0.147125449257
116000000.0	0.0358315883904
118000000.0	0.0834488975096
120000000.0	0.145958251692
122000000.0	0.0979565405661
124000000.0	0.327041103779
126000000.0	0.0550904123918
128000000.0	0.178539645665
130000000.0	0.0201110543326
132000000.0	-0.196767572209
134000000.0	-0.487993712813
136000000.0	-0.451791600522
138000000.0	-0.184893463583
140000000.0	0.134147002285
142000000.0	0.429215203728
144000000.0	0.449967250229
146000000.0	0.231867761411
148000000.0	-0.153170925873
150000000.0	-0.483007080988
152000000.0	-0.612483232564
154000000.0	-0.341861801085
156000000.0	0.177387847754
158000000.0	0.475133543912
160000000.0	0.691651625422
162000000.0	0.299937700744
164000000.0	-0.179637860739
166000000.0	-0.601033559564
168000000.0	-0.628144598002
170000000.0	-0.305453797022
172000000.0	0.215798430939
174000000.0	0.500841505719
176000000.0	0.599932966617
178000000.0	0.152281345749
180000000.0	-0.245675295483
182000000.0	-0.640249934911
184000000.0	-0.61267255246
186000000.0	-0.213140839181
188000000.0	0.299072063729
190000000.0	0.554888365599
192000000.0	0.501356172232
194000000.0	0.170688839325
196000000.0	-0.337454293016
198000000.0	-0.562018853946
200000000.0	-0.271383755962
202000000.0	-0.0361453279545
204000000.0	0.246862049658
206000000.0	0.540226365249
208000000.0	0.228292645902
210000000.0	-0.163914369501
212000000.0	-0.343332277115
214000000.0	-0.388521908739
216000000.0	-0.181679793632
218000000.0	0.222214554212
220000000.0	0.244312322197
222000000.0	0.237827373032
224000000.0	-0.0754713909752
226000000.0	-0.195357331024
228000000.0	-0.26171618103
230000000.0	-0.0997284095596
232000000.0	0.157282667042
234000000.0	0.243992401889
236000000.0	0.119532894219
238000000.0	-0.246612284458
240000000.0	-0.463252229245
242000000.0	-0.445781255079
244000000.0	-0.0300973324774
246000000.0	0.432070797324
248000000.0	0.671260875395
250000000.0	0.613461185414
252000000.0	-0.0619120607689
254000000.0	-0.814391698055
256000000.0	-1.18996504856
258000000.0	-0.80291575368
260000000.0	0.221730888066
262000000.0	1.24282216377
264000000.0	1.73463481377
266000000.0	1.08625551046
268000000.0	-0.304430091897
270000000.0	-1.76366687941
272000000.0	-2.43402961037
274000000.0	-1.68607209701
276000000.0	0.232642665097
278000000.0	2.37533789195
280000000.0	3.45204686555
282000000.0	2.48351645949
284000000.0	-0.44460051133
286000000.0	-3.77971791891
288000000.0	-5.42314485264
290000000.0	-4.16289083109
292000000.0	0.394182925404
294000000.0	7.1994622333
296000000.0	14.2950756683
298000000.0	19.6899244104
300000000.0	-63.5636907475
302000000.0	18.4303330707
304000000.0	12.0022236155
306000000.0	4.9547078345
308000000.0	-0.158693171641
310000000.0	-2.41494380811
312000000.0	-2.52926769325
314000000.0	-1.41207704855
316000000.0	-0.095389519629
318000000.0	0.652185937032
320000000.0	0.697011027558
322000000.0	0.232931390094
324000000.0	-0.112870047481
326000000.0	-0.122989798242
328000000.0	0.198259948875
330000000.0	0.417569850468
332000000.0	0.237226925489
334000000.0	-0.252510457207
336000000.0	-0.704335279962
338000000.0	-0.824750549911
340000000.0	-0.377215460305
342000000.0	0.391774380932
344000000.0	0.978074272434
346000000.0	0.98801815512
348000000.0	0.486000041542
350000000.0	-0.315029623768
352000000.0	-1.03997783854
354000000.0	-1.17949987494
356000000.0	-0.578448440213
358000000.0	0.343137691037
360000000.0	0.978746113377
362000000.0	1.0465437514
364000000.0	0.500320974619
366000000.0	-0.221148435795
368000000.0	-0.923926610432
370000000.0	-1.03791539065
372000000.0	-0.578823075489
374000000.0	0.21191069817
376000000.0	0.687904421255
378000000.0	0.90189831266
380000000.0	0.604376315983
382000000.0	-0.0144157723417
384000000.0	-0.581812885978
386000000.0	-0.64344055522
388000000.0	-0.511084222869
390000000.0	-0.0685161764738
392000000.0	0.332037537587
394000000.0	0.587885275941
396000000.0	0.4006215251
398000000.0	0.112429636278
400000000.0	-0.218925329688
402000000.0	-0.295904574698
404000000.0	-0.265052246545
406000000.0	-0.107074233029
408000000.0	0.0134538673715
410000000.0	0.154438985486
412000000.0	0.162493776233
414000000.0	-0.000298828986485
416000000.0	0.0640558729984
418000000.0	-0.0342042993354
420000000.0	0.0161851309321
422000000.0	0.0238688520069
424000000.0	-0.107325698979
426000000.0	-0.126103618549
428000000.0	-0.18966874002
430000000.0	-0.0989456952844
432000000.0	0.127849725248
434000000.0	0.296961270986
436000000.0	0.244464026448
438000000.0	0.177620574141
440000000.0	-0.206020726497
442000000.0	-0.350886269917
444000000.0	-0.316346132298
446000000.0	-0.164358068484
448000000.0	0.07838707267
450000000.0	0.431679156276
452000000.0	0.417550079745
454000000.0	0.248802320919
456000000.0	-0.0238668077026
458000000.0	-0.383093220617
460000000.0	-0.399307679377
462000000.0	-0.307148059267
464000000.0	-0.0208130074199
466000000.0	0.238881479186
468000000.0	0.340345258401
470000000.0	0.354134480387
472000000.0	0.0517640206565
474000000.0	-0.161990412108
476000000.0	-0.356409086383
478000000.0	-0.239568118563
480000000.0	-0.097674788699
482000000.0	0.121498744822
484000000.0	0.203906834149
486000000.0	0.148426749462
488000000.0	0.104488861544
490000000.0	0.0076000488474
492000000.0	-0.145983692587
494000000.0	-0.151894231312
496000000.0	-0.0958332546086
498000000.0	0.00255180766167
500000000.0	0.204099488288
502000000.0	0.0287260529008
504000000.0	0.0836615051934
506000000.0	0.12870106049
508000000.0	0.101573705825
510000000.0	0.0460038194731
512000000.0	-0.0772372456023
514000000.0	-0.133169129178
516000000.0	-0.0850468315164
518000000.0	-0.0603701071469
520000000.0	0.014643690265
522000000.0	0.0561110116776
524000000.0	0.11608631725
526000000.0	0.258588439011
528000000.0	-0.0119849510519
530000000.0	-0.134987815175
532000000.0	-0.168537007912
534000000.0	-0.149518374935
536000000.0	-0.0706307931743
538000000.0	-0.0431142784667
540000000.0	0.176468372634
542000000.0	0.249735744616
544000000.0	0.203296787473
546000000.0	0.041100811251
548000000.0	-0.176694195996
550000000.0	-0.192035153335
552000000.0	-0.253586084799
554000000.0	-0.0234156496155
556000000.0	0.0116158877347
558000000.0	0.186814733043
560000000.0	0.174548212218
562000000.0	0.164291553252
564000000.0	-0.141171351057
566000000.0	-0.174992781848
568000000.0	-0.174836573651
570000000.0	-0.10611921128
572000000.0	0.0501733833929
574000000.0	0.0874967028596
576000000.0	0.127701659656
578000000.0	0.110100525283
580000000.0	-0.0450216763828
582000000.0	-0.0899365703776
584000000.0	-0.0629397328042
586000000.0	-0.150505040086
588000000.0	-0.116691996549
590000000.0	0.0119900871456
592000000.0	0.0366839710787
594000000.0	0.0247094411949
596000000.0	0.075054140895
598000000.0	0.0249071330433
600000000.0	-0.0448967438768
602000000.0	-0.132904931238
604000000.0	-0.132183063244
606000000.0	-0.120275262417
608000000.0	-0.0326040106837
610000000.0	0.0356700190765
612000000.0	0.0316657079112
614000000.0	0.0292099793753
616000000.0	-0.031995681754
618000000.0	0.0137535942547
620000000.0	-0.0751592794155
622000000.0	-0.0862502973258
624000000.0	-0.195953434343
626000000.0	-0.0473897886262
628000000.0	-0.0685547094553
630000000.0	0.114018539892
632000000.0	0.138549641131
634000000.0	0.158943009636
636000000.0	0.0446719776062
638000000.0	-0.064597195393
640000000.0	-0.133381297099
642000000.0	-0.050656986236
644000000.0	-0.0224302262318
646000000.0	-0.000549053326277
648000000.0	0.0542257425443
650000000.0	0.132019886302
652000000.0	0.193191437017
654000000.0	0.00571969684561
656000000.0	-0.0537746554161
658000000.0	-0.0571106782194
660000000.0	-0.152121757599
662000000.0	-0.0641290269123
664000000.0	-0.0449645840058
666000000.0	0.103329752767
668000000.0	0.142462429636
670000000.0	0.152966157144
672000000.0	0.117128799048
674000000.0	-0.0757440278801
676000000.0	0.0267128663819
678000000.0	-0.0352094515482
680000000.0	-0.0979300670059
682000000.0	-0.0260297602559
684000000.0	0.0688033458596
686000000.0	0.14872699861
688000000.0	0.028826993984
690000000.0	0.146436836872
692000000.0	-0.0380501523477
694000000.0	-0.150737073192
696000000.0	-0.165599977967
698000000.0	-0.141426191209
700000000.0	0.080926422795
702000000.0	0.0624508462481
704000000.0	0.0252962621535
706000000.0	0.0119933825384
708000000.0	-0.063244922689
710000000.0	-0.0404295199153
712000000.0	0.0331003833563
714000000.0	-0.118010483916
716000000.0	-0.0315809992962
718000000.0	-0.00550464752683
720000000.0	0.107591992707
722000000.0	-0.0171334955577
724000000.0	-0.0163728879271
726000000.0	0.0691946626117
728000000.0	-0.0526731909258
730000000.0	-0.11289000742
732000000.0	-0.0309622572528
734000000.0	-0.0555311232603
736000000.0	-0.0523957670108
738000000.0	-0.0464417553827
740000000.0	0.0804422164004
742000000.0	-0.0101506757514
744000000.0	0.0304263342889
746000000.0	0.0322643020135
748000000.0	0.00729013920475
750000000.0	-0.0701510874565
752000000.0	-0.0754787257028
754000000.0	-0.120041208541
756000000.0	-0.0687337718972
758000000.0	-0.0504831025213
760000000.0	0.139324706052
762000000.0	0.0287876811731
764000000.0	0.125774877045
766000000.0	0.0882710051969
768000000.0	-0.068545460133
770000000.0	-0.146537599527
772000000.0	-0.153372114907
774000000.0	0.00474079765825
776000000.0	-0.0234964846062
778000000.0	0.123206551543
780000000.0	0.26325067891
782000000.0	0.0806788063948
784000000.0	-0.0473201679724
786000000.0	-0.211261055659
788000000.0	-0.134314987161
790000000.0	-0.223474595116
792000000.0	0.0342835288409
794000000.0	0.158884187788
796000000.0	0.198187575759
798000000.0	0.0940503815684
800000000.0	-0.0207418453355
802000000.0	-0.00651289675436
804000000.0	-0.101571887008
806000000.0	-0.0338465634211
808000000.0	-0.0303483316015
810000000.0	0.0825007759875
812000000.0	-0.0589707375485
814000000.0	0.0219275587683
816000000.0	0.0243665247786
818000000.0	-0.0172171183696
820000000.0	0.105738059607
822000000.0	0.0294372339781
824000000.0	0.0438927213084
826000000.0	-0.0700586883523
828000000.0	-0.0938376654681
830000000.0	-0.11966041502
832000000.0	-0.152616018304
834000000.0	0.00636293520068
836000000.0	0.11793774022
838000000.0	0.141343383646
840000000.0	0.135600586703
842000000.0	0.0337161784246
844000000.0	-0.250113396804
846000000.0	-0.260021539074
848000000.0	-0.160550598488
850000000.0	-0.00681479366286
852000000.0	0.25314956557
854000000.0	0.398342027425
856000000.0	0.278574222804
858000000.0	0.00914078243374
860000000.0	-0.280108649424
862000000.0	-0.394760472747
864000000.0	-0.399439597792
866000000.0	-0.171935024933
868000000.0	0.261469841894
870000000.0	0.497380759465
872000000.0	0.469339133161
874000000.0	0.221155506207
876000000.0	-0.338187910362
878000000.0	-0.575083813864
880000000.0	-0.401965201058
882000000.0	-0.297786368702
884000000.0	0.17966357813
886000000.0	0.491052424814
888000000.0	0.558335233986
890000000.0	0.191377508816
892000000.0	-0.170806559431
894000000.0	-0.445811261882
896000000.0	-0.24633302719
898000000.0	0.295565283633
900000000.0	-1.38476233533
902000000.0	0.632130733916
904000000.0	0.852477468469
906000000.0	0.759660298571
908000000.0	0.230107073627
910000000.0	-0.413162610786
912000000.0	-0.725222980585
914000000.0	-0.632039659013
916000000.0	-0.143415602958
918000000.0	0.363256995499
920000000.0	0.601563524745
922000000.0	0.564848901059
924000000.0	0.114109844272
926000000.0	-0.111587437933
928000000.0	-0.455250704223
930000000.0	-0.565556726835
932000000.0	-0.221215437023
934000000.0	0.199755601537
936000000.0	0.439042237538
938000000.0	0.481792960203
940000000.0	0.218564688192
942000000.0	-0.104126602482
944000000.0	-0.337164418718
946000000.0	-0.434957821259
948000000.0	-0.260516052053
950000000.0	-0.00705283670024
952000000.0	0.247816548056
954000000.0	0.263650064528
956000000.0	0.208258704171
958000000.0	0.0282636331863
960000000.0	-0.194577231916
962000000.0	-0.1458381426
964000000.0	-0.195667768003
966000000.0	-0.0685623364927
968000000.0	0.0834353267733
970000000.0	0.112331766874
972000000.0	0.115025071416
974000000.0	0.163475654377
976000000.0	-0.111213136226
978000000.0	-0.112423279403
980000000.0	-0.0447665089235
982000000.0	-0.0142655670779
984000000.0	0.0330915428986
986000000.0	-0.0126851981151
988000000.0	-0.0296449045804
990000000.0	-0.00782037947602
992000000.0	0.0190725878257
994000000.0	0.0354581967645
996000000.0	0.113079459229
998000000.0	-0.0208544496143
1000000000.0	0.1828235
1002000000.0	-0.0681908414233
1004000000.0	-0.23355324586
1006000000.0	-0.0759498013146
1008000000.0	0.0441306393512
1010000000.0	0.108312351183
1012000000.0	0.205636703687
1014000000.0	0.129582524361
1016000000.0	-0.00962101898793
1018000000.0	-0.126000818367
1020000000.0	-0.168265223567
1022000000.0	0.00194689180563
1024000000.0	-0.0674918773784
1026000000.0	0.124288573939
1028000000.0	0.151106889299
1030000000.0	0.0846054231609
1032000000.0	0.0385615685377
1034000000.0	-0.065487437219
1036000000.0	-0.169418956065
1038000000.0	-0.119017806117
1040000000.0	-0.0677397496995
1042000000.0	0.0442078475382
1044000000.0	0.0792958517339
1046000000.0	0.130020734405
1048000000.0	0.0499444587963
1050000000.0	-0.0328600523071
1052000000.0	0.0228839173968
1054000000.0	-0.0523161871818
1056000000.0	0.0268966490808
1058000000.0	-0.0550549194443
1060000000.0	0.121775538662
1062000000.0	0.077427722113
1064000000.0	-0.0700297379648
1066000000.0	0.0485418078986
1068000000.0	-0.00104111825398
1070000000.0	-0.0980509163461
1072000000.0	0.0472853095125
1074000000.0	0.0145765532682
1076000000.0	-0.0621677436091
1078000000.0	-0.0135712224989
1080000000.0	-0.0056137573681
1082000000.0	-0.0066754783456
1084000000.0	0.0145792288981
1086000000.0	-0.0300045823977
1088000000.0	0.0774832221249
1090000000.0	0.0214271207119
1092000000.0	-0.0270571705162
1094000000.0	-0.0719333803169
1096000000.0	-0.00214228297634
1098000000.0	-0.0848652454763
1100000000.0	-0.0800233433616
1102000000.0	0.108237956526
1104000000.0	0.0505038305687
1106000000.0	-0.0085651791446
1108000000.0	-0.0395334686884
1110000000.0	-0.0317612063329
1112000000.0	-0.169171965174
1114000000.0	-0.0011903712505
1116000000.0	0.0307130227427
1118000000.0	0.121153636295
1120000000.0	0.097089445708
1122000000.0	0.147527285554
1124000000.0	0.0211461306167
1126000000.0	-0.0619628658175
1128000000.0	-0.153881729502
1130000000.0	0.0107656922614
1132000000.0	-0.122046186794
1134000000.0	0.0541865745066
1136000000.0	-0.00809530794964
1138000000.0	0.080945970902
1140000000.0	-0.0133655427892
1142000000.0	-0.0250692746607
1144000000.0	-0.0655867396236
1146000000.0	0.0519050070526
1148000000.0	0.0118051567467
1150000000.0	-0.0437456607345
1152000000.0	-0.0379525315079
1154000000.0	-0.00472362195153
1156000000.0	0.0695885394132
1158000000.0	0.0985129852768
1160000000.0	0.0481532686528
1162000000.0	0.000325718115198
1164000000.0	0.0314611420354
1166000000.0	-0.0296850476976
1168000000.0	-0.0331357880947
1170000000.0	-0.0730987853267
1172000000.0	0.0186125586192
1174000000.0	0.0426961038924
1176000000.0	-0.0147281048349
1178000000.0	0.0957186661987
1180000000.0	0.0348688326957
1182000000.0	-0.0624670162801
1184000000.0	-0.041092867468
1186000000.0	-0.0972336276203
1188000000.0	-0.0430701173885
1190000000.0	0.118595702874
1192000000.0	0.0464695705905
1194000000.0	0.0316722419516
1196000000.0	-0.115805271221
1198000000.0	-0.172988013966
1200000000.0	0.479859329688
1202000000.0	-0.176319835754
1204000000.0	-0.131718654482
1206000000.0	-0.0810289571326
1208000000.0	-0.00452115295243
1210000000.0	0.106700420055
1212000000.0	-0.00947490910854
1214000000.0	0.0536744422427
1216000000.0	0.0574994762667
1218000000.0	-0.0568796844276
1220000000.0	-0.0498409443566
1222000000.0	-0.069812275821
1224000000.0	-0.0869532929199
1226000000.0	0.0274558548065
1228000000.0	-0.0153047936376
1230000000.0	0.0997235133964
1232000000.0	-0.0173873089403
1234000000.0	-0.00642219221664
1236000000.0	-0.0109968803112
1238000000.0	-0.075771008208
1240000000.0	-0.124492622362
1242000000.0	-0.0719513208787
1244000000.0	0.0341743840578
1246000000.0	0.100685826302
1248000000.0	0.0346174074404
1250000000.0	0.218817808625
1252000000.0	-0.0353557614693
1254000000.0	-0.0231657212987
1256000000.0	-0.0415144628257
1258000000.0	-0.105036472785
1260000000.0	-0.0133222302115
1262000000.0	0.034450605656
1264000000.0	0.0347769682576
1266000000.0	0.0296802102199
1268000000.0	0.0252483934044
1270000000.0	-0.029518485382
1272000000.0	-0.0509708739912
1274000000.0	-0.0340409249894
1276000000.0	0.0216480301232
1278000000.0	-0.012891800887
1280000000.0	-0.0178627760001
1282000000.0	0.00440229831195
1284000000.0	0.0511136716814
1286000000.0	-0.0141339223034
1288000000.0	-0.0126840164588
1290000000.0	-0.00890023222349
1292000000.0	0.00612447307864
1294000000.0	0.0242361016603
1296000000.0	-0.0712921632356
1298000000.0	-0.0756170107095
1300000000.0	-0.0932109644351
1302000000.0	0.0371108785025
1304000000.0	0.0748214633899
1306000000.0	-0.0877074996949
1308000000.0	0.0716368933317
1310000000.0	0.012170673516
1312000000.0	-0.0757822955259
1314000000.0	-0.0348999806902
1316000000.0	-0.0585371668895
1318000000.0	0.076863974719
1320000000.0	-0.032904336313
1322000000.0	-0.0376672503286
1324000000.0	0.0693069090784
1326000000.0	0.0190921756184
1328000000.0	-0.00493067507668
1330000000.0	0.0176883448037
1332000000.0	-0.0606280113344
1334000000.0	-0.0370545877724
1336000000.0	-0.00160855936119
1338000000.0	0.110852042103
1340000000.0	0.0588379061867
1342000000.0	0.100548657239
1344000000.0	0.0070781567306
1346000000.0	-0.00230592155932
1348000000.0	0.0555673577805
1350000000.0	-0.126104024899
1352000000.0	0.000293448521981
1354000000.0	0.0574427576107
1356000000.0	0.101445807205
1358000000.0	0.0249229543443
1360000000.0	-0.0285257317108
1362000000.0	0.0197078797405
1364000000.0	0.0203786456344
1366000000.0	0.0390384593489
1368000000.0	0.0340051951566
1370000000.0	0.0565384111243
1372000000.0	0.141218844993
1374000000.0	0.198379446928
1376000000.0	-0.2042755504
1378000000.0	0.00230743446455
1380000000.0	-0.059517147112
1382000000.0	-0.00508338618547
1384000000.0	-0.0359340065476
1386000000.0	0.00125719214034
1388000000.0	-0.0654308806207
1390000000.0	0.0319332414562
1392000000.0	0.100056563744
1394000000.0	0.0680181387256
1396000000.0	0.0597384104806
1398000000.0	0.0981433657619
1400000000.0	-0.0722905184845
1402000000.0	-0.000616402764972
1404000000.0	-0.0622161554207
1406000000.0	-0.0540266254061
1408000000.0	-0.0565054954679
1410000000.0	0.018887100219
1412000000.0	0.12920406645
1414000000.0	0.0111676234269
1416000000.0	0.0216158309341
1418000000.0	0.0197453398884
1420000000.0	-0.0868101421332
1422000000.0	-0.105662660691
1424000000.0	-0.182135761189
1426000000.0	0.00669997734233
1428000000.0	0.0351822582265
1430000000.0	0.092393918377
1432000000.0	0.11213224143
1434000000.0	0.0412793133316
1436000000.0	-0.0563785648927
1438000000.0	-0.231921925694
1440000000.0	-0.117151944505
1442000000.0	-0.0189445680357
1444000000.0	0.0899241688892
1446000000.0	0.141130900791
1448000000.0	0.0399682056085
1450000000.0	-0.0014441892202
1452000000.0	-0.0794331681406
1454000000.0	-0.0325345643162
1456000000.0	-0.0368321929783
1458000000.0	-0.0649102618213
1460000000.0	0.0392288814203
1462000000.0	0.046089760871
1464000000.0	0.0807824322997
1466000000.0	0.0335561704313
1468000000.0	0.0211217622411
1470000000.0	-0.0377676043744
1472000000.0	0.0424751692453
1474000000.0	0.0110826274585
1476000000.0	-0.0197179730597
1478000000.0	-0.0695922496382
1480000000.0	-0.0852841636077
1482000000.0	-0.12903949804
1484000000.0	0.00717470154431
1486000000.0	0.20065429487
1488000000.0	0.311748697527
1490000000.0	0.283440757953
1492000000.0	0.104343683107
1494000000.0	-0.510925635265
1496000000.0	-1.33400320187
1498000000.0	-2.14979275016
1500000000.0	6.59900351171
1502000000.0	-1.97988425908
1504000000.0	-1.44555758213
1506000000.0	-0.802847504204
1508000000.0	-0.173065928366
1510000000.0	0.477128708593
1512000000.0	0.517798731253
1514000000.0	0.423089438257
1516000000.0	0.0226617377894
1518000000.0	-0.164865432876
1520000000.0	-0.23892347494
1522000000.0	-0.27693699568
1524000000.0	0.00817512111815
1526000000.0	0.0759706088911
1528000000.0	0.20127999987
1530000000.0	0.116586299915
1532000000.0	0.0338436805268
1534000000.0	-0.0600438615854
1536000000.0	-0.194969342248
1538000000.0	0.0382149902317
1540000000.0	-0.016301653144
1542000000.0	0.07461135074
1544000000.0	0.0633539036818
1546000000.0	0.0599082410412
1548000000.0	0.0672418724922
1550000000.0	-0.0434023965392
1552000000.0	-0.123281193306
1554000000.0	-0.122551585798
1556000000.0	0.0698694754926
1558000000.0	0.0543255086579
1560000000.0	0.00961590194019
1562000000.0	-0.0106858832357
1564000000.0	-0.0287550815219
1566000000.0	0.0495953631055
1568000000.0	-0.0206045923816
1570000000.0	-0.0468700300901
1572000000.0	0.0305841107031
1574000000.0	0.00803410846356
1576000000.0	-0.0578957099827
1578000000.0	0.00847924994479
1580000000.0	0.0479930601637
1582000000.0	0.0177876836805
1584000000.0	0.00724940326277
1586000000.0	0.0782807242942
1588000000.0	0.00503736083775
1590000000.0	0.0574924668541
1592000000.0	0.0209933005372
1594000000.0	-0.0890915574917
1596000000.0	-0.0567382989649
1598000000.0	-0.0845389966708
1600000000.0	0.0910548453355
1602000000.0	0.0254914326846
1604000000.0	0.0247564944544
1606000000.0	-0.0546697790839
1608000000.0	-0.0394397070137
1610000000.0	0.00759425513838
1612000000.0	-0.118944033643
1614000000.0	-0.0173849827041
1616000000.0	0.0319015921593
1618000000.0	0.0444399199157
1620000000.0	0.0259315542238
1622000000.0	0.0214498320014
1624000000.0	-0.0159181654417
1626000000.0	-0.0846612424975
1628000000.0	-0.076815984275
1630000000.0	0.0207069057073
1632000000.0	0.0204784852071
1634000000.0	0.0271734171831
1636000000.0	-0.0110675970617
1638000000.0	-0.078462166542
1640000000.0	0.0202956923081
1642000000.0	0.0127872801702
1644000000.0	-0.0770634648031
1646000000.0	-0.00967136306966
1648000000.0	0.0710944613882
1650000000.0	0.00870800194991
1652000000.0	-0.0647338516023
1654000000.0	0.058653778835
1656000000.0	-0.017072456499
1658000000.0	-0.00863949723834
1660000000.0	0.0542529332511
1662000000.0	0.0303451174139
1664000000.0	-0.0577409182028
1666000000.0	-0.0279529242935
1668000000.0	-0.00711639417003
1670000000.0	-0.0482307186472
1672000000.0	0.0362247460471
1674000000.0	0.094569558875
1676000000.0	-0.0871470081352
1678000000.0	0.0684066829978
1680000000.0	0.0150196058152
1682000000.0	-0.00326115664941
1684000000.0	-0.0664656300587
1686000000.0	0.0131291229255
1688000000.0	0.0684292666903
1690000000.0	0.0785367986837
1692000000.0	-0.0295806754198
1694000000.0	0.0936883993968
1696000000.0	0.0051171441022
1698000000.0	-0.0165427477959
1700000000.0	0.103111348699
1702000000.0	-0.00985375191526
1704000000.0	-0.0146038458693
1706000000.0	0.0368568274629
1708000000.0	0.0101688666043
1710000000.0	-0.0137224037984
1712000000.0	-0.0602641940987
1714000000.0	0.0403764147426
1716000000.0	-0.0123205880477
1718000000.0	0.000557472527796
1720000000.0	0.0356318604467
1722000000.0	0.0625103462499
1724000000.0	-0.0156465744284
1726000000.0	-0.00455402830759
1728000000.0	-0.0127301010921
1730000000.0	-0.0509990642116
1732000000.0	-0.0148907500395
1734000000.0	-0.00727462428077
1736000000.0	0.0918596877535
1738000000.0	-0.0693830298496
1740000000.0	-0.130367875756
1742000000.0	-0.0712284457851
1744000000.0	0.0435537124748
1746000000.0	-0.0210272796577
1748000000.0	-0.00350340756947
1750000000.0	-0.199637906582
1752000000.0	0.0103542796405
1754000000.0	-0.0204880013977
1756000000.0	0.00565461194672
1758000000.0	-0.010309355959
1760000000.0	-0.00707783582666
1762000000.0	0.0217967527587
1764000000.0	0.0235418347418
1766000000.0	0.0103112659667
1768000000.0	-0.0336286244088
1770000000.0	0.0720855015261
1772000000.0	-0.0311867427653
1774000000.0	-0.0485798079438
1776000000.0	-0.0401925121198
1778000000.0	0.021778895656
1780000000.0	0.0536844462153
1782000000.0	0.00804464426325
1784000000.0	-0.0766080391786
1786000000.0	0.0942944029457
1788000000.0	-0.0100241647207
1790000000.0	-0.0399656530284
1792000000.0	0.0035967112499
1794000000.0	0.0544921159944
1796000000.0	0.0109867687428
1798000000.0	0.137346347558
1800000000.0	-0.348929981677
1802000000.0	0.100629574102
1804000000.0	0.0890817318639
1806000000.0	0.0904199681498
1808000000.0	0.0896486273446
1810000000.0	-0.0326542350756
1812000000.0	0.022754359166
1814000000.0	-0.0154536957691
1816000000.0	0.0316323923938
1818000000.0	0.00887123994972
1820000000.0	-0.00517962799371
1822000000.0	0.00729431922883
1824000000.0	0.013483689309
1826000000.0	0.00850246209633
1828000000.0	-0.061234691165
1830000000.0	-0.0951463618253
1832000000.0	-0.0282268357322
1834000000.0	0.0468814628089
1836000000.0	0.0384225039981
1838000000.0	0.0314222996912
1840000000.0	0.0559010751285
1842000000.0	-0.0155645581032
1844000000.0	-0.0167713419122
1846000000.0	0.0505286465812
1848000000.0	-0.00773063953682
1850000000.0	-0.0524656221713
1852000000.0	-0.0379014443637
1854000000.0	0.0241025786108
1856000000.0	0.0643901096781
1858000000.0	0.0046396702424
1860000000.0	-0.00708455014354
1862000000.0	-0.060233474078
1864000000.0	0.0219558288566
1866000000.0	0.0119926051641
1868000000.0	0.00102796012663
1870000000.0	0.0113683408861
1872000000.0	-0.0443785418125
1874000000.0	-0.0748953314582
1876000000.0	0.039060514222
1878000000.0	0.0430953276544
1880000000.0	6.39565862244e-05
1882000000.0	0.115214220849
1884000000.0	-0.0072521463719
1886000000.0	-0.0324633146765
1888000000.0	-0.0666007620097
1890000000.0	-0.0981972428019
1892000000.0	0.0175534734899
1894000000.0	0.212405836366
1896000000.0	0.32971326534
1898000000.0	0.535987860414
1900000000.0	-1.88621918708
1902000000.0	0.66265835781
1904000000.0	0.476795214755
1906000000.0	0.160097106112
1908000000.0	-0.0483584120271
1910000000.0	-0.0128612703773
1912000000.0	-0.120932987269
1914000000.0	-0.0384843040188
1916000000.0	-0.0806257185162
1918000000.0	-0.0181223917025
1920000000.0	0.0937162753577
1922000000.0	0.0255054639089
1924000000.0	-0.0364846340039
1926000000.0	-0.0472608567627
1928000000.0	-0.0284138097808
1930000000.0	-0.0880177512433
1932000000.0	0.0183037051103
1934000000.0	-0.00809856047619
1936000000.0	0.0196789101165
1938000000.0	0.0268258284166
1940000000.0	0.0517950318583
1942000000.0	0.00019248312072
1944000000.0	-0.0298518777407
1946000000.0	-0.0615811948898
1948000000.0	0.0130291670472
1950000000.0	0.0471085840974
1952000000.0	-0.0211411197212
1954000000.0	-0.0199324931702
1956000000.0	-0.00924628843949
1958000000.0	0.000973314399734
1960000000.0	0.0264502628304
1962000000.0	0.00388687185915
1964000000.0	-0.0150570037434
1966000000.0	0.033069001587
1968000000.0	-0.0020266716398
1970000000.0	0.0961372083729
1972000000.0	-0.023114821428
1974000000.0	0.0274471307498
1976000000.0	0.0369457082155
1978000000.0	-0.0733616167502
1980000000.0	-0.0213203982263
1982000000.0	0.0187152064638
1984000000.0	-0.0129643094972
1986000000.0	-0.0468863144454
1988000000.0	0.0513556661734
1990000000.0	-0.00717599008314
1992000000.0	0.130484731594
1994000000.0	-0.00932801678956
1996000000.0	-0.0708416506759
1998000000.0	-0.115038555583
2000000000.0	0.3140595
