0.0	-48.65625
2000000.0	4.28020007482
4000000.0	11.2716100885
6000000.0	4.10616157388
8000000.0	-10.2070906563
10000000.0	-16.000740036
12000000.0	-12.6699959592
14000000.0	1.14345715146
16000000.0	13.7876817384
18000000.0	24.0806648287
20000000.0	14.0095998359
22000000.0	-5.86849456362
24000000.0	-24.4091330351
26000000.0	-27.8287862272
28000000.0	-11.0054935135
30000000.0	12.2028899314
32000000.0	23.8554053905
34000000.0	16.2891386079
36000000.0	-6.7663867094
38000000.0	-18.7625478802
40000000.0	-13.0092801529
42000000.0	-0.340891706202
44000000.0	10.0617156252
46000000.0	9.63100160678
48000000.0	1.10064519265
50000000.0	-7.723449628
52000000.0	-9.31230350963
54000000.0	0.312960368736
56000000.0	10.7096183875
58000000.0	14.1411950594
60000000.0	4.04446107348
62000000.0	-9.75885142184
64000000.0	-14.8706577083
66000000.0	-7.12473396364
68000000.0	6.04458758474
70000000.0	13.6662271509
72000000.0	7.54918094661
74000000.0	-2.17964401977
76000000.0	-9.20121656475
78000000.0	-5.51376926243
80000000.0	0.675073579986
82000000.0	5.91979406589
84000000.0	4.98669267029
86000000.0	-4.4887359533
88000000.0	-8.40943190738
90000000.0	-5.30681893824
92000000.0	2.01632926746
94000000.0	9.16701762438
96000000.0	7.16736850525
98000000.0	0.361754772955
100000000.0	-8.54385234688
102000000.0	-8.1580277944
104000000.0	-1.46957189978
106000000.0	4.31476436495
108000000.0	6.63205025774
110000000.0	1.54016235066
112000000.0	-3.79060470924
114000000.0	-6.08976327537
116000000.0	-1.4400831398
118000000.0	5.53689107919
120000000.0	4.95729272359
122000000.0	2.49905786489
124000000.0	-4.60476305266
126000000.0	-4.16851104686
128000000.0	-4.08577804855
130000000.0	-0.363275365258
132000000.0	3.75228683146
134000000.0	4.21749840671
136000000.0	2.44718553852
138000000.0	-0.0790975995382
140000000.0	-2.94104413479
142000000.0	-1.15263852272
144000000.0	-0.0489324547032
146000000.0	3.05087438973
148000000.0	-0.206396205647
150000000.0	-0.750028152614
152000000.0	-2.13368447769
154000000.0	1.05351709229
156000000.0	2.46733682304
158000000.0	2.64858442076
160000000.0	-0.455927898631
162000000.0	-1.91128924763
164000000.0	-1.98680435753
166000000.0	-2.83807958289
168000000.0	-0.761418672023
170000000.0	3.4470446999
172000000.0	3.44301173464
174000000.0	4.01713743185
176000000.0	-0.287294470629
178000000.0	-1.78315977889
180000000.0	-3.85421533234
182000000.0	-1.45485843275
184000000.0	-0.822652851635
186000000.0	0.244050096142
188000000.0	0.602652513905
190000000.0	1.25244262886
192000000.0	0.270023471508
194000000.0	-0.0684458871195
196000000.0	2.3756093973
198000000.0	1.94728386133
200000000.0	0.192277665138
202000000.0	-1.75507940571
204000000.0	-4.52922816541
206000000.0	-3.58652586491
208000000.0	0.0281425283666
210000000.0	3.35843859107
212000000.0	5.41246902329
214000000.0	4.12668811934
216000000.0	-1.6594765971
218000000.0	-2.57076827097
220000000.0	-3.89871710244
222000000.0	0.112316763028
224000000.0	4.32169527466
226000000.0	2.67561639572
228000000.0	-1.24391170713
230000000.0	-5.42937254129
232000000.0	-2.40228581217
234000000.0	3.47169349188
236000000.0	9.14034140175
238000000.0	6.91048953918
240000000.0	-0.658965966696
242000000.0	-8.53876346594
244000000.0	-11.6757004007
246000000.0	-2.05743965032
248000000.0	7.98034560715
250000000.0	10.7161141531
252000000.0	4.65908879591
254000000.0	-6.96625865126
256000000.0	-11.5282966752
258000000.0	-4.48752119454
260000000.0	6.87044858101
262000000.0	11.2537199467
264000000.0	1.63038971369
266000000.0	-12.4397192661
268000000.0	-16.9934611273
270000000.0	-2.5406736275
272000000.0	19.2061057541
274000000.0	31.7534445582
276000000.0	11.4537290526
278000000.0	-20.4462141032
280000000.0	-43.8041704379
282000000.0	-30.5713185869
284000000.0	10.9354283713
286000000.0	46.5523287605
288000000.0	39.2428760987
290000000.0	-8.27935508669
292000000.0	-51.5145193045
294000000.0	-28.2573044385
296000000.0	74.7355460646
298000000.0	200.924954223
300000000.0	-507.698785785
302000000.0	193.015983985
304000000.0	120.066638
306000000.0	45.8220445292
308000000.0	-15.3664077582
310000000.0	-49.2293801109
312000000.0	-47.2102366039
314000000.0	-16.4625367633
316000000.0	16.5458097401
318000000.0	29.9955802606
320000000.0	20.1981727967
322000000.0	-2.00604068301
324000000.0	-15.528722616
326000000.0	-9.76648546229
328000000.0	1.36140913279
330000000.0	11.3686112595
332000000.0	6.4462957852
334000000.0	-6.25179340551
336000000.0	-12.113510182
338000000.0	-6.44883236583
340000000.0	4.89266083637
342000000.0	12.6900124336
344000000.0	12.1451140708
346000000.0	-0.892806775241
348000000.0	-13.0050198416
350000000.0	-13.3152278402
352000000.0	-4.14218015524
354000000.0	8.53985349984
356000000.0	12.9888490914
358000000.0	3.59475977271
360000000.0	-5.7561704349
362000000.0	-9.37653782116
364000000.0	-3.07267092272
366000000.0	4.81735097785
368000000.0	7.93087509327
370000000.0	1.10201753295
372000000.0	-7.16260807287
374000000.0	-10.6689462806
376000000.0	-0.315476624765
378000000.0	8.13395152791
380000000.0	10.0824370381
382000000.0	5.71065505154
384000000.0	-4.88581197349
386000000.0	-8.48867713035
388000000.0	-6.55308805636
390000000.0	1.59153743797
392000000.0	7.15345007731
394000000.0	4.73422922124
396000000.0	-0.823996527039
398000000.0	-6.54546881732
400000000.0	-2.16718864553
402000000.0	2.03727261724
404000000.0	5.88606183413
406000000.0	4.22909223862
408000000.0	-1.27274285136
410000000.0	-6.81894912515
412000000.0	-4.55376400414
414000000.0	0.141681847793
416000000.0	7.05791564604
418000000.0	5.06227177882
420000000.0	0.80743336558
422000000.0	-4.13928781395
424000000.0	-5.07188659925
426000000.0	-1.31480237786
428000000.0	3.79674153865
430000000.0	4.25935477976
432000000.0	1.0719934721
434000000.0	-3.90841079764
436000000.0	-4.0565564359
438000000.0	-1.03084777304
440000000.0	2.29853886569
442000000.0	4.89696023891
444000000.0	1.96693147682
446000000.0	-3.35296400242
448000000.0	-4.13069543414
450000000.0	-1.86039964385
452000000.0	2.01616009143
454000000.0	5.55547559388
456000000.0	1.88470160045
458000000.0	-2.05714830184
460000000.0	-5.01506055717
462000000.0	-1.99043365968
464000000.0	2.13779186868
466000000.0	2.5846921162
468000000.0	1.50364119236
470000000.0	-0.464629994353
472000000.0	-3.31160332332
474000000.0	-0.778694113578
476000000.0	1.15610734487
478000000.0	3.62030614819
480000000.0	2.5247484883
482000000.0	-1.06152435518
484000000.0	-3.74607440872
486000000.0	-4.0017337081
488000000.0	-0.143739700719
490000000.0	3.03754741762
492000000.0	2.73448894227
494000000.0	-0.253772592319
496000000.0	-1.2964627371
498000000.0	-1.25744780343
500000000.0	1.91213466261
502000000.0	2.88373346828
504000000.0	4.30212595822
506000000.0	0.936584278053
508000000.0	-3.45376161227
510000000.0	-1.65809208238
512000000.0	-0.634265846335
514000000.0	2.08485951518
516000000.0	3.84909588535
518000000.0	2.36598089798
520000000.0	-2.74899120126
522000000.0	-2.60747730151
524000000.0	-1.58862239102
526000000.0	1.29853552839
528000000.0	3.61006497777
530000000.0	1.386850647
532000000.0	-0.701827745282
534000000.0	-2.46397785892
536000000.0	-0.811225898209
538000000.0	1.00163817188
540000000.0	2.6164184001
542000000.0	0.660285661893
544000000.0	-0.177323072011
546000000.0	-1.43208114885
548000000.0	-2.08534653017
550000000.0	2.29663964133
552000000.0	2.2141345972
554000000.0	0.704303013491
556000000.0	-0.037710031754
558000000.0	-0.592446589738
560000000.0	-2.42639618071
562000000.0	-0.224233020502
564000000.0	2.77123618865
566000000.0	1.95912193164
568000000.0	-0.155561679031
570000000.0	-0.564115327804
572000000.0	-0.877685559524
574000000.0	-1.00607907502
576000000.0	1.2529482238
578000000.0	2.33741189009
580000000.0	1.82486031198
582000000.0	-1.44355250087
584000000.0	-2.31807579604
586000000.0	-1.69276463216
588000000.0	0.496009167604
590000000.0	2.35076272063
592000000.0	2.62253758485
594000000.0	-1.43166760325
596000000.0	-4.40436929829
598000000.0	-2.40401656721
600000000.0	5.93114360392
602000000.0	-0.187936807967
604000000.0	-1.1467605477
606000000.0	-0.64616076295
608000000.0	-1.77773800707
610000000.0	0.354348409015
612000000.0	1.11775809024
614000000.0	2.82380752328
616000000.0	0.150526977513
618000000.0	-1.31791265562
620000000.0	-1.42398134301
622000000.0	1.52357686439
624000000.0	2.67273102315
626000000.0	-0.388972000455
628000000.0	1.42118279992
630000000.0	-1.81449161732
632000000.0	-2.23155117334
634000000.0	-2.26427429148
636000000.0	0.441433979267
638000000.0	0.763393877535
640000000.0	1.60402084792
642000000.0	-0.58310720507
644000000.0	-1.04663633523
646000000.0	-3.42337305813
648000000.0	0.132471452278
650000000.0	3.83332264047
652000000.0	0.32729422761
654000000.0	-0.329984446373
656000000.0	-3.32827188698
658000000.0	-1.14477071085
660000000.0	0.0738957785289
662000000.0	2.14265211976
664000000.0	1.83536576704
666000000.0	0.218477712157
668000000.0	-1.55358933917
670000000.0	-0.892076577733
672000000.0	1.06801835466
674000000.0	1.78626416459
676000000.0	0.838757794032
678000000.0	1.16518983363
680000000.0	-1.86236404711
682000000.0	-2.43545000546
684000000.0	0.79154347177
686000000.0	0.899809695889
688000000.0	1.75818128033
690000000.0	0.401181755766
692000000.0	-0.704030631628
694000000.0	-1.12461749285
696000000.0	0.485406441183
698000000.0	1.80293159913
700000000.0	-1.55158465233
702000000.0	2.73475402053
704000000.0	0.247986747248
706000000.0	-2.70047234967
708000000.0	-1.39805262276
710000000.0	3.84387944321
712000000.0	-0.515134454805
714000000.0	0.928650332807
716000000.0	0.216292795159
718000000.0	-2.30378645949
720000000.0	-1.23653496579
722000000.0	1.01920695063
724000000.0	2.01468940271
726000000.0	-0.384220625549
728000000.0	0.361051405558
730000000.0	-1.69507804475
732000000.0	-2.53060080135
734000000.0	1.2283445442
736000000.0	1.22825022769
738000000.0	3.43072020679
740000000.0	0.00694707129325
742000000.0	-1.73592231951
744000000.0	-1.53413616907
746000000.0	0.0914563687689
748000000.0	0.782017352083
750000000.0	2.16088171297
752000000.0	-1.36602525957
754000000.0	-0.832595685961
756000000.0	-2.03274448569
758000000.0	-1.14969270863
760000000.0	0.724614035028
762000000.0	1.56204618787
764000000.0	1.72707712813
766000000.0	-0.898540383463
768000000.0	-2.85960886871
770000000.0	-0.0108056418496
772000000.0	2.35853528531
774000000.0	2.58906844186
776000000.0	1.09329059507
778000000.0	-1.02418590003
780000000.0	-2.22207248364
782000000.0	-0.487357111351
784000000.0	0.707663494681
786000000.0	1.27159716022
788000000.0	2.82703421932
790000000.0	-0.689557455949
792000000.0	-1.45840799574
794000000.0	-1.2512076171
796000000.0	1.47296311107
798000000.0	3.65502174668
800000000.0	1.07712720768
802000000.0	-0.527576158798
804000000.0	-2.5087137902
806000000.0	-2.29049087139
808000000.0	0.0261152761055
810000000.0	1.13486113985
812000000.0	3.15735604011
814000000.0	1.0103136316
816000000.0	-1.87905505245
818000000.0	-1.72832566002
820000000.0	-0.250318201429
822000000.0	1.2817492651
824000000.0	2.2766133683
826000000.0	2.30317276503
828000000.0	-1.19460502113
830000000.0	-3.05557448549
832000000.0	-0.727406146741
834000000.0	2.42829030442
836000000.0	3.94046412341
838000000.0	1.73900911291
840000000.0	-2.14833389781
842000000.0	-3.92222739719
844000000.0	-3.10780039433
846000000.0	1.25414109367
848000000.0	3.56951835767
850000000.0	5.15416803051
852000000.0	-0.0160678489149
854000000.0	-3.81781320478
856000000.0	-3.91586011956
858000000.0	0.475989235305
860000000.0	4.84796461865
862000000.0	4.03961342875
864000000.0	0.248519962509
866000000.0	-5.67681177348
868000000.0	-5.5278000488
870000000.0	-0.116809781456
872000000.0	8.39251019039
874000000.0	10.8174407516
876000000.0	3.01482283756
878000000.0	-7.93178379938
880000000.0	-14.2229542056
882000000.0	-8.522370956
884000000.0	5.5980621573
886000000.0	15.5238023211
888000000.0	7.67570812588
890000000.0	-8.55231240752
892000000.0	-21.4713596175
894000000.0	-6.85496923486
896000000.0	38.1114628775
898000000.0	90.0952110036
900000000.0	-217.907915562
902000000.0	80.2735406524
904000000.0	45.7021184907
906000000.0	11.1947351355
908000000.0	-9.297562056
910000000.0	-15.4014956013
912000000.0	-11.1760183116
914000000.0	-1.5260772645
916000000.0	4.78608061821
918000000.0	5.03668374942
920000000.0	1.5218339627
922000000.0	-0.0543425635362
924000000.0	-4.35146175879
926000000.0	-1.19841915712
928000000.0	0.841659416224
930000000.0	2.93071948333
932000000.0	0.506122061591
934000000.0	-2.67175133173
936000000.0	-3.07306922026
938000000.0	-2.89359710786
940000000.0	0.026558391504
942000000.0	2.36886156136
944000000.0	2.65607490933
946000000.0	1.036413195
948000000.0	-3.08751921857
950000000.0	-2.25774709958
952000000.0	-0.678119874946
954000000.0	2.22078729862
956000000.0	1.82425019895
958000000.0	1.42702572164
960000000.0	-1.1283273788
962000000.0	-2.62833389745
964000000.0	-0.733164873129
966000000.0	0.364250495259
968000000.0	1.92739256476
970000000.0	2.20085886179
972000000.0	-1.22876059135
974000000.0	-1.12110819609
976000000.0	-0.616629835191
978000000.0	1.64975732303
980000000.0	3.14562478741
982000000.0	1.87919956555
984000000.0	-1.681905356
986000000.0	-1.08378862351
988000000.0	-2.56565663058
990000000.0	-0.599724798056
992000000.0	1.69922738084
994000000.0	-0.174320547744
996000000.0	-0.261791321394
998000000.0	-1.28378745698
1000000000.0	4.15625
1002000000.0	-0.772954205811
1004000000.0	0.623052306939
1006000000.0	-0.120270426435
1008000000.0	-0.863010814608
1010000000.0	-1.52256178347
1012000000.0	-1.09086352774
1014000000.0	-0.349804259878
1016000000.0	0.540384256335
1018000000.0	2.0570493143
1020000000.0	1.54457366939
1022000000.0	-0.456977260836
1024000000.0	-0.918294230785
1026000000.0	-1.56749486167
1028000000.0	0.475880407008
1030000000.0	1.9565769592
1032000000.0	1.41228695883
1034000000.0	-0.701565482621
1036000000.0	-0.503269926284
1038000000.0	-0.10252366898
1040000000.0	-0.702536304187
1042000000.0	0.363466968446
1044000000.0	0.18566762322
1046000000.0	-1.281078107
1048000000.0	-0.833973715227
1050000000.0	-1.40354213552
1052000000.0	-0.152572134191
1054000000.0	0.851447102766
1056000000.0	1.51376011628
1058000000.0	0.980211111459
1060000000.0	-1.80899394619
1062000000.0	0.370888017051
1064000000.0	-0.0414586770748
1066000000.0	-0.122692104328
1068000000.0	0.40126982854
1070000000.0	0.348121936062
1072000000.0	-0.168114094761
1074000000.0	-0.0768348523665
1076000000.0	-0.191322850915
1078000000.0	0.713200099005
1080000000.0	0.0733866744967
1082000000.0	0.319264798808
1084000000.0	0.12667853024
1086000000.0	-0.822653914141
1088000000.0	-0.476351916425
1090000000.0	0.437792136492
1092000000.0	0.667530125116
1094000000.0	-0.499795029959
1096000000.0	0.365716718068
1098000000.0	-1.67819614281
1100000000.0	-1.93925301256
1102000000.0	-0.0895889042177
1104000000.0	1.66873913362
1106000000.0	0.76997288199
1108000000.0	1.24138380095
1110000000.0	-0.953730791521
1112000000.0	0.257017238289
1114000000.0	-1.07503026096
1116000000.0	1.57489343366
1118000000.0	0.663637971783
1120000000.0	0.162827775216
1122000000.0	-0.296211021934
1124000000.0	1.82172348992
1126000000.0	-1.35986933594
1128000000.0	0.272411110925
1130000000.0	0.309348581065
1132000000.0	0.361479471179
1134000000.0	-0.458695336391
1136000000.0	-0.311014548837
1138000000.0	-0.655760925815
1140000000.0	-1.13493229733
1142000000.0	0.248132377766
1144000000.0	0.256540377785
1146000000.0	0.187439515843
1148000000.0	0.52321423327
1150000000.0	-1.19959649233
1152000000.0	1.70726634218
1154000000.0	0.54585480451
1156000000.0	0.548161350596
1158000000.0	-0.829963472982
1160000000.0	-0.431165934728
1162000000.0	-1.14739089318
1164000000.0	-0.0142255252808
1166000000.0	-0.981284709513
1168000000.0	1.27720050933
1170000000.0	0.693407800548
1172000000.0	-0.178731632642
1174000000.0	-2.71346202834
1176000000.0	1.04331516668
1178000000.0	0.265007564467
1180000000.0	1.75259617189
1182000000.0	0.225042682379
1184000000.0	-0.274345371548
1186000000.0	-1.62477112019
1188000000.0	-0.431229173467
1190000000.0	1.42945055093
1192000000.0	0.708287884439
1194000000.0	0.0141277263118
1196000000.0	-0.0763673114847
1198000000.0	0.154020178105
1200000000.0	-0.0359363544728
1202000000.0	0.647952027421
1204000000.0	-0.143008732117
1206000000.0	0.400186557344
1208000000.0	0.837693321973
1210000000.0	-1.93362174801
1212000000.0	0.445723322884
1214000000.0	-0.0227087866351
1216000000.0	0.308997788877
1218000000.0	-0.283924583663
1220000000.0	0.276435070464
1222000000.0	-0.199299506649
1224000000.0	0.229663774983
1226000000.0	0.315762864746
1228000000.0	1.82350086732
1230000000.0	-0.0747448208821
1232000000.0	1.23251680639
1234000000.0	0.0584961314279
1236000000.0	0.398904213747
1238000000.0	-0.430609065155
1240000000.0	0.0228588352252
1242000000.0	0.277761536421
1244000000.0	-0.764181124414
1246000000.0	-0.606314432726
1248000000.0	-0.155821892456
1250000000.0	-3.67703204631
1252000000.0	1.0368236544
1254000000.0	-0.402291960739
1256000000.0	-1.36567095106
1258000000.0	-0.00463293535179
1260000000.0	0.806707452813
1262000000.0	0.128915445614
1264000000.0	0.127627739208
1266000000.0	0.436016583195
1268000000.0	0.438580269028
1270000000.0	-0.6147644013
1272000000.0	-0.705621741565
1274000000.0	1.56872085573
1276000000.0	-0.487673253043
1278000000.0	-0.204863563697
1280000000.0	0.0819358251672
1282000000.0	0.458375866727
1284000000.0	-0.775123134937
1286000000.0	0.0625310165772
1288000000.0	-0.647313066651
1290000000.0	0.537489290848
1292000000.0	-0.6478965676
1294000000.0	0.731223609605
1296000000.0	2.07428069616
1298000000.0	4.92864797012
1300000000.0	-14.377958357
1302000000.0	5.50869673294
1304000000.0	2.31862160067
1306000000.0	0.495993443919
1308000000.0	-1.78441133044
1310000000.0	-0.435586005812
1312000000.0	-0.907606637799
1314000000.0	0.676503932005
1316000000.0	1.1292251577
1318000000.0	-0.737558975684
1320000000.0	-1.66664414802
1322000000.0	-0.756402637203
1324000000.0	0.292903489741
1326000000.0	-0.684408680355
1328000000.0	1.42670669094
1330000000.0	-0.34779423597
1332000000.0	1.03899555393
1334000000.0	-0.637626602618
1336000000.0	0.357203705545
1338000000.0	1.63412037599
1340000000.0	-0.879723036021
1342000000.0	-0.977504486086
1344000000.0	-0.0363877740662
1346000000.0	0.524787258344
1348000000.0	-1.02944902354
1350000000.0	0.63045210793
1352000000.0	-0.60047899932
1354000000.0	1.13674109862
1356000000.0	-0.178164536189
1358000000.0	0.46308434799
1360000000.0	0.511876814277
1362000000.0	0.235107691054
1364000000.0	0.345606740543
1366000000.0	-0.418458672441
1368000000.0	-1.41394170241
1370000000.0	-0.214275825553
1372000000.0	-1.50466362437
1374000000.0	-3.5604765306
1376000000.0	3.43181375421
1378000000.0	0.440923279359
1380000000.0	0.982700089486
1382000000.0	0.273939758564
1384000000.0	0.990040781842
1386000000.0	0.8167217828
1388000000.0	0.318123172098
1390000000.0	0.228670163957
1392000000.0	-0.374420550703
1394000000.0	-0.790918835942
1396000000.0	-0.150039477055
1398000000.0	1.96825198643
1400000000.0	-0.698969745093
1402000000.0	2.27234071093
1404000000.0	0.118569710228
1406000000.0	-0.150504867414
1408000000.0	-0.347984803123
1410000000.0	0.973538428532
1412000000.0	0.094614779761
1414000000.0	-0.629587205488
1416000000.0	0.459001476711
1418000000.0	0.120433101047
1420000000.0	-0.520485539153
1422000000.0	-0.384819189234
1424000000.0	0.866849260849
1426000000.0	-0.474962458294
1428000000.0	-0.769707386842
1430000000.0	0.215868337792
1432000000.0	-1.29206046537
1434000000.0	1.83091036166
1436000000.0	2.31284867829
1438000000.0	-0.0990004499114
1440000000.0	-0.233772519921
1442000000.0	-2.11058068403
1444000000.0	-0.705982305547
1446000000.0	-0.570681171644
1448000000.0	0.398363458576
1450000000.0	2.15101518478
1452000000.0	0.720442976598
1454000000.0	-0.553455362268
1456000000.0	-0.206716752434
1458000000.0	-0.414887934187
1460000000.0	2.63612831114
1462000000.0	1.31393643416
1464000000.0	-1.16343078401
1466000000.0	-1.91957134107
1468000000.0	-1.8342143795
1470000000.0	-0.0729846408871
1472000000.0	2.60579385517
1474000000.0	3.35226360771
1476000000.0	0.522452886377
1478000000.0	-3.32379886581
1480000000.0	-4.2704979022
1482000000.0	-1.89503703538
1484000000.0	2.61735701205
1486000000.0	5.39053267405
1488000000.0	2.3622268047
1490000000.0	-4.01786542552
1492000000.0	-9.29246644811
1494000000.0	-2.31197693891
1496000000.0	20.2644724027
1498000000.0	45.9239784636
1500000000.0	-117.412134663
1502000000.0	39.937861215
1504000000.0	22.0985955422
1506000000.0	5.38558441331
1508000000.0	-5.24608055645
1510000000.0	-8.13884175783
1512000000.0	-2.53104463959
1514000000.0	0.996675615589
1516000000.0	3.5807949709
1518000000.0	2.01008933591
1520000000.0	-0.789959384826
1522000000.0	-0.0475693152372
1524000000.0	-1.26016559345
1526000000.0	-1.27226722887
1528000000.0	1.82281154078
1530000000.0	2.18815558613
1532000000.0	-0.0884533700627
1534000000.0	-0.192080010476
1536000000.0	-2.18410991871
1538000000.0	0.550313533079
1540000000.0	0.713791767643
1542000000.0	1.35300410303
1544000000.0	-0.94247996762
1546000000.0	-0.217360318868
1548000000.0	-1.2992328036
1550000000.0	0.24681498069
1552000000.0	0.164530268155
1554000000.0	0.250801999872
1556000000.0	0.782644303716
1558000000.0	-0.621858143516
1560000000.0	-0.4588107906
1562000000.0	-1.01951697182
1564000000.0	0.00293635453329
1566000000.0	-1.17847841774
1568000000.0	0.353786584521
1570000000.0	-0.249209135747
1572000000.0	-1.73736823824
1574000000.0	0.638435415663
1576000000.0	-0.703202464491
1578000000.0	0.761644130201
1580000000.0	1.6892166392
1582000000.0	0.672517253265
1584000000.0	-0.251623286927
1586000000.0	0.6109789303
1588000000.0	-0.233742504445
1590000000.0	-0.594789044163
1592000000.0	1.20708226379
1594000000.0	-1.0502370022
1596000000.0	-0.278747433786
1598000000.0	0.240956343756
1600000000.0	-1.12400220768
1602000000.0	0.860822374069
1604000000.0	1.6664366385
1606000000.0	-0.0588580845564
1608000000.0	-0.637216020359
1610000000.0	-1.15156107213
1612000000.0	-0.30841329272
1614000000.0	1.60643978524
1616000000.0	0.204710295042
1618000000.0	0.381295167772
1620000000.0	0.201331451691
1622000000.0	-0.142988405406
1624000000.0	2.42400719178
1626000000.0	-2.63896205528
1628000000.0	-0.135981081735
1630000000.0	0.674037304002
1632000000.0	-0.271970674954
1634000000.0	-1.10682898936
1636000000.0	-0.185654332674
1638000000.0	-0.888298883695
1640000000.0	0.0592262797423
1642000000.0	1.95412648156
1644000000.0	0.990299370942
1646000000.0	0.0470258852628
1648000000.0	0.631038690811
1650000000.0	-0.17406341159
1652000000.0	-0.759603165877
1654000000.0	0.202974287996
1656000000.0	0.543126193115
1658000000.0	-0.170201394547
1660000000.0	-0.438974244025
1662000000.0	0.439934119818
1664000000.0	-0.693739526643
1666000000.0	0.113678824826
1668000000.0	-0.50916956454
1670000000.0	0.472066906386
1672000000.0	0.00354919260415
1674000000.0	0.0505453553176
1676000000.0	-0.270613267031
1678000000.0	-0.895835313733
1680000000.0	-0.167691210459
1682000000.0	0.272943801982
1684000000.0	0.678871090821
1686000000.0	-1.31292874279
1688000000.0	-0.224615173432
1690000000.0	0.140808227949
1692000000.0	-0.282458887506
1694000000.0	0.251183502274
1696000000.0	0.0360858489112
1698000000.0	1.46289408768
1700000000.0	-2.72939364042
1702000000.0	1.45872386573
1704000000.0	0.819923651442
1706000000.0	-0.959658160361
1708000000.0	-1.1113898938
1710000000.0	-0.0696490242879
1712000000.0	-0.324242312362
1714000000.0	0.233490552379
1716000000.0	0.372705421294
1718000000.0	-0.17414232056
1720000000.0	0.00928546665515
1722000000.0	-0.0565632925845
1724000000.0	-0.488890804524
1726000000.0	0.0210520912305
1728000000.0	-1.31320362261
1730000000.0	-0.373678518784
1732000000.0	-0.360159084805
1734000000.0	0.240567733219
1736000000.0	0.688005146984
1738000000.0	0.940967380382
1740000000.0	0.352782789969
1742000000.0	0.592762530326
1744000000.0	0.367405695241
1746000000.0	0.94836585818
1748000000.0	0.641272432526
1750000000.0	2.17503618022
1752000000.0	1.33857726263
1754000000.0	0.0702981119072
1756000000.0	0.0473010602688
1758000000.0	0.490898943925
1760000000.0	-1.86259355955
1762000000.0	0.50828920039
1764000000.0	-0.349249896832
1766000000.0	0.274124217706
1768000000.0	0.117062234915
1770000000.0	0.11879027159
1772000000.0	-0.773839775985
1774000000.0	-1.13053857633
1776000000.0	1.0258226334
1778000000.0	-0.18059705512
1780000000.0	-0.554792695461
1782000000.0	1.13665598515
1784000000.0	-0.575193264958
1786000000.0	-0.293004877354
1788000000.0	-0.543465147968
1790000000.0	0.739007288112
1792000000.0	0.262135922291
1794000000.0	1.00594219672
1796000000.0	-0.0418967235054
1798000000.0	0.257878882052
1800000000.0	1.82554847603
1802000000.0	-0.106164908295
1804000000.0	-0.852973623537
1806000000.0	0.56127589472
1808000000.0	-0.225961892842
1810000000.0	-0.0902863595594
1812000000.0	1.00936230779
1814000000.0	0.0641278618411
1816000000.0	0.367806302279
1818000000.0	-0.621383629797
1820000000.0	0.522090598496
1822000000.0	0.144992998252
1824000000.0	-0.43342270897
1826000000.0	-1.34786494613
1828000000.0	0.771123239916
1830000000.0	-0.86508845527
1832000000.0	-0.0338679334229
1834000000.0	-0.186813228505
1836000000.0	0.872478398832
1838000000.0	-0.121979936901
1840000000.0	0.111837824037
1842000000.0	0.478680051189
1844000000.0	0.872692903949
1846000000.0	0.546086093896
1848000000.0	-0.0325714852075
1850000000.0	-0.483738644868
1852000000.0	-0.482842780644
1854000000.0	-0.572124957599
1856000000.0	-0.368062620197
1858000000.0	1.33778611542
1860000000.0	0.568984976485
1862000000.0	0.778631834419
1864000000.0	0.0582672459345
1866000000.0	-0.661791487459
1868000000.0	1.04567420559
1870000000.0	1.92696833003
1872000000.0	1.06591975941
1874000000.0	2.90098129724
1876000000.0	-0.551433307058
1878000000.0	-0.962129231417
1880000000.0	-1.10207719328
1882000000.0	-1.43331353208
1884000000.0	1.24510382811
1886000000.0	1.0966660205
1888000000.0	-0.59873994517
1890000000.0	-1.66337109559
1892000000.0	-1.52778529745
1894000000.0	1.54978000179
1896000000.0	5.86835957691
1898000000.0	12.4069146738
1900000000.0	-36.6262566437
1902000000.0	16.2140163922
1904000000.0	6.21872359908
1906000000.0	0.177841706759
1908000000.0	-2.19619210676
1910000000.0	-0.336276927207
1912000000.0	-0.242492752844
1914000000.0	2.44842101397
1916000000.0	0.525202056911
1918000000.0	-0.349336834007
1920000000.0	-1.98483437638
1922000000.0	0.302854112842
1924000000.0	0.0385997621648
1926000000.0	0.767820176478
1928000000.0	0.0790739351249
1930000000.0	-0.630338505472
1932000000.0	-1.49601167521
1934000000.0	-0.540247952129
1936000000.0	-0.826805184163
1938000000.0	0.310824095969
1940000000.0	-0.238513669785
1942000000.0	-0.428398833578
1944000000.0	-0.648265957335
1946000000.0	-0.315321076977
1948000000.0	0.111197618397
1950000000.0	-0.269619537192
1952000000.0	0.672364655839
1954000000.0	1.25847545845
1956000000.0	-0.335634457239
1958000000.0	0.327571285151
1960000000.0	-0.846030702465
1962000000.0	-0.460219194853
1964000000.0	0.160077012696
1966000000.0	-0.424349286506
1968000000.0	-1.29560452101
1970000000.0	-1.2358405741
1972000000.0	-0.95542502913
1974000000.0	-1.05127447921
1976000000.0	0.276225275849
1978000000.0	-0.260655668442
1980000000.0	-0.42732449584
1982000000.0	0.0877440219808
1984000000.0	0.367720591645
1986000000.0	0.0386490852862
1988000000.0	0.84095426146
1990000000.0	-0.999645544735
1992000000.0	-0.0757904867419
1994000000.0	-0.325233770932
1996000000.0	-1.11082917088
1998000000.0	0.370926543853
2000000000.0	1.59375
