0.0	-45.4375
2000000.0	3.46228102871
4000000.0	8.63524234245
6000000.0	3.15983542082
8000000.0	-9.85992361398
10000000.0	-19.5492118659
12000000.0	-19.1357612666
14000000.0	0.174175222741
16000000.0	18.1425250789
18000000.0	27.4740628777
20000000.0	18.0661284009
22000000.0	-4.21958925389
24000000.0	-28.1928307064
26000000.0	-31.7598518045
28000000.0	-15.43198755
30000000.0	9.04143838642
32000000.0	25.8333416966
34000000.0	20.1488175336
36000000.0	-4.31431314443
38000000.0	-19.7236486312
40000000.0	-16.0416666775
42000000.0	-4.8260493524
44000000.0	10.4786515917
46000000.0	11.3626015579
48000000.0	1.34746186602
50000000.0	-8.45576352162
52000000.0	-10.2290619578
54000000.0	-0.933296603696
56000000.0	13.747748738
58000000.0	17.946763557
60000000.0	6.96434154585
62000000.0	-10.7817693858
64000000.0	-18.380718193
66000000.0	-10.9314732843
68000000.0	4.02628000533
70000000.0	13.7140650402
72000000.0	12.9514765513
74000000.0	0.866574485547
76000000.0	-9.14757472404
78000000.0	-9.52440930787
80000000.0	-1.27242891944
82000000.0	5.91766459015
84000000.0	6.05541482206
86000000.0	1.03831767732
88000000.0	-7.05177104862
90000000.0	-10.6034454172
92000000.0	-0.703507101844
94000000.0	8.63050558774
96000000.0	11.53353343
98000000.0	4.80644260654
100000000.0	-8.03409989334
102000000.0	-9.81753267464
104000000.0	-6.65048362938
106000000.0	1.08301433145
108000000.0	8.65199368313
110000000.0	7.31121173579
112000000.0	-0.168984777847
114000000.0	-8.26583628739
116000000.0	-6.73295439299
118000000.0	0.166007546213
120000000.0	8.06128877626
122000000.0	5.72054120335
124000000.0	-2.37259979436
126000000.0	-3.03863618139
128000000.0	-8.12350881076
130000000.0	-3.82293009049
132000000.0	4.7136874818
134000000.0	7.92893752299
136000000.0	6.75264476194
138000000.0	-0.29128963634
140000000.0	-5.06607919667
142000000.0	-5.26902547088
144000000.0	-1.14770137867
146000000.0	4.30001572214
148000000.0	4.07246578268
150000000.0	0.927804242704
152000000.0	-3.13589984468
154000000.0	-4.85495062244
156000000.0	1.55241279238
158000000.0	5.96836115086
160000000.0	6.17558573259
162000000.0	-0.0203006110665
164000000.0	-6.06268395164
166000000.0	-7.71175840422
168000000.0	-4.40740995684
170000000.0	4.29381061349
172000000.0	9.02944415097
174000000.0	6.96483709377
176000000.0	0.477506546332
178000000.0	-6.57159111251
180000000.0	-7.86645393612
182000000.0	-1.81421566772
184000000.0	2.78064560577
186000000.0	5.98124737984
188000000.0	1.4508478831
190000000.0	-2.92922490057
192000000.0	-2.99122559454
194000000.0	-0.10937213832
196000000.0	5.12245184422
198000000.0	5.32144719496
200000000.0	3.50236721374
202000000.0	-5.22335483579
204000000.0	-10.0697078273
206000000.0	-5.41923715022
208000000.0	2.32632289408
210000000.0	8.11339652774
212000000.0	9.51582929017
214000000.0	2.50218283238
216000000.0	-5.32560175949
218000000.0	-7.10073445249
220000000.0	-2.50747079437
222000000.0	3.95805155011
224000000.0	5.94670479955
226000000.0	2.6652612997
228000000.0	-5.53142348218
230000000.0	-8.21682008277
232000000.0	-2.11553239382
234000000.0	7.78486149403
236000000.0	12.3337956056
238000000.0	6.21847083656
240000000.0	-5.59575298489
242000000.0	-15.0410419535
244000000.0	-11.9226025996
246000000.0	1.0247968645
248000000.0	12.9001425837
250000000.0	20.6094373698
252000000.0	2.422191084
254000000.0	-11.1693513162
256000000.0	-14.9284465254
258000000.0	-2.84159850438
260000000.0	12.6361770197
262000000.0	13.3184962622
264000000.0	-0.419567194847
266000000.0	-15.9832392029
268000000.0	-20.4247329529
270000000.0	-1.21442416221
272000000.0	24.7870053192
274000000.0	36.3072665322
276000000.0	14.7208270912
278000000.0	-25.1234429802
280000000.0	-51.9719430607
282000000.0	-35.0632913761
284000000.0	13.5855690119
286000000.0	55.3989702993
288000000.0	47.7012869558
290000000.0	-7.60034638912
292000000.0	-58.3179945626
294000000.0	-36.6812848287
296000000.0	71.6750818541
298000000.0	197.295222328
300000000.0	-490.817287125
302000000.0	183.607001111
304000000.0	118.038769654
306000000.0	54.0327874221
308000000.0	-7.30743149309
310000000.0	-51.1879670977
312000000.0	-55.1327903684
314000000.0	-26.54936268
316000000.0	13.681745817
318000000.0	34.9804784401
320000000.0	28.8307118557
322000000.0	3.72019560872
324000000.0	-17.3134956414
326000000.0	-19.166310598
328000000.0	-2.91991744417
330000000.0	11.333359255
332000000.0	10.6119343424
334000000.0	-1.37381049339
336000000.0	-11.8816630924
338000000.0	-10.4345012884
340000000.0	0.0678196052732
342000000.0	14.7324176014
344000000.0	16.3357303323
346000000.0	3.70333524895
348000000.0	-12.0078605215
350000000.0	-17.6131026209
352000000.0	-9.28064817019
354000000.0	8.27211389752
356000000.0	15.9843345852
358000000.0	10.5126024922
360000000.0	-3.07196138128
362000000.0	-10.5841939245
364000000.0	-8.04898643629
366000000.0	2.27837320439
368000000.0	8.83538483235
370000000.0	6.26775127174
372000000.0	-3.1248959912
374000000.0	-8.09790069611
376000000.0	-9.12942111324
378000000.0	2.45560298896
380000000.0	9.66472384546
382000000.0	9.07149430172
384000000.0	-1.0935497591
386000000.0	-9.38981312098
388000000.0	-9.7535399728
390000000.0	-2.27337265749
392000000.0	5.26254843184
394000000.0	8.95323950764
396000000.0	2.03885969128
398000000.0	-3.2999559955
400000000.0	-6.46078619643
402000000.0	-2.15338175654
404000000.0	5.88052932069
406000000.0	6.90370039484
408000000.0	2.58102496487
410000000.0	-5.14264618705
412000000.0	-7.07125322829
414000000.0	-3.76660253257
416000000.0	3.67921222547
418000000.0	7.85746812152
420000000.0	5.03386101678
422000000.0	-1.62715347478
424000000.0	-5.71906725609
426000000.0	-5.59418302813
428000000.0	0.926195342558
430000000.0	5.09524577063
432000000.0	3.42835471295
434000000.0	-1.12244022639
436000000.0	-4.04798137275
438000000.0	-4.7342845278
440000000.0	1.03625780178
442000000.0	5.0291854329
444000000.0	2.86827515791
446000000.0	-0.553868335266
448000000.0	-4.23380047898
450000000.0	-5.93974382875
452000000.0	-0.602121208965
454000000.0	3.87995815068
456000000.0	5.73957207373
458000000.0	2.66790346311
460000000.0	-4.71262858158
462000000.0	-4.9089773013
464000000.0	-2.01772455325
466000000.0	1.93168794936
468000000.0	5.22663411632
470000000.0	1.49178774693
472000000.0	-0.60022372588
474000000.0	-3.96291439393
476000000.0	-1.38212976917
478000000.0	2.88655164531
480000000.0	4.23063023997
482000000.0	2.66679677194
484000000.0	-2.29971273482
486000000.0	-4.91688282818
488000000.0	-2.89936994619
490000000.0	0.656347407208
492000000.0	4.62372721462
494000000.0	4.37690481078
496000000.0	-0.34177252178
498000000.0	-1.64684487561
500000000.0	-7.55432116051
502000000.0	0.202768112504
504000000.0	2.0799951712
506000000.0	2.49676884141
508000000.0	0.221282131354
510000000.0	-2.85043674157
512000000.0	-3.44438247799
514000000.0	-0.070570704706
516000000.0	2.18208241659
518000000.0	3.52821210437
520000000.0	1.16510149177
522000000.0	-2.360632512
524000000.0	-5.14604687051
526000000.0	-1.44334369618
528000000.0	1.82195334072
530000000.0	3.21054018677
532000000.0	1.25447137006
534000000.0	-1.12136346312
536000000.0	-3.04152337143
538000000.0	-1.63326642719
540000000.0	1.48630714144
542000000.0	4.0536781813
544000000.0	2.19182337753
546000000.0	-1.62674437642
548000000.0	-2.34343448928
550000000.0	-1.04262621195
552000000.0	-1.00819340232
554000000.0	2.46926000167
556000000.0	3.64367728891
558000000.0	-1.04827649929
560000000.0	-3.78169383807
562000000.0	-2.92373899334
564000000.0	0.043889609516
566000000.0	2.50678505395
568000000.0	3.31286932649
570000000.0	1.56579637511
572000000.0	-1.9931967667
574000000.0	-2.9562123081
576000000.0	-1.68008047253
578000000.0	1.5865236039
580000000.0	2.80153072295
582000000.0	1.27514195122
584000000.0	-1.99326411768
586000000.0	-3.42810006821
588000000.0	-2.23579770701
590000000.0	1.71043116666
592000000.0	3.80660212949
594000000.0	0.399711289121
596000000.0	-4.74384286629
598000000.0	-5.51160662657
600000000.0	11.4688941126
602000000.0	-3.99246220306
604000000.0	-2.00920357425
606000000.0	0.302984238957
608000000.0	-0.0112325823338
610000000.0	-0.24529372347
612000000.0	-1.82466818823
614000000.0	-1.00696135332
616000000.0	0.645243789448
618000000.0	1.34439749496
620000000.0	-0.212782300785
622000000.0	-2.67091595236
624000000.0	-5.07025556886
626000000.0	2.45987808539
628000000.0	1.33834060827
630000000.0	3.04340078495
632000000.0	1.37790880802
634000000.0	-1.56645304473
636000000.0	-1.74272097252
638000000.0	0.114950010086
640000000.0	2.16139644206
642000000.0	1.96876189824
644000000.0	-0.729175311162
646000000.0	-0.321670923194
648000000.0	-0.230336753787
650000000.0	0.936828159826
652000000.0	2.43560151974
654000000.0	1.51185318841
656000000.0	0.881604145975
658000000.0	-0.531425321441
660000000.0	-1.27974655394
662000000.0	0.0292682886281
664000000.0	1.41726396184
666000000.0	1.40866959102
668000000.0	1.55977613326
670000000.0	-1.27098975444
672000000.0	-2.02799153646
674000000.0	-1.11758096368
676000000.0	1.84785880738
678000000.0	0.456523596996
680000000.0	2.30709430652
682000000.0	-0.494225270092
684000000.0	-1.39331461986
686000000.0	-0.545904813464
688000000.0	1.03356564812
690000000.0	-0.269749852518
692000000.0	0.281664230325
694000000.0	-0.157799498507
696000000.0	-0.384641129995
698000000.0	0.358090646249
700000000.0	-3.81652422041
702000000.0	2.51421600776
704000000.0	0.416635412459
706000000.0	-0.0636947137999
708000000.0	-2.5352207224
710000000.0	0.162180964057
712000000.0	0.693846118554
714000000.0	1.41913671739
716000000.0	0.766909761859
718000000.0	-0.643930489265
720000000.0	0.337239175288
722000000.0	-0.809430695658
724000000.0	-1.88096002715
726000000.0	1.369792633
728000000.0	1.03732677378
730000000.0	-0.97378091548
732000000.0	-0.113557134232
734000000.0	-1.43995227374
736000000.0	1.20315509546
738000000.0	0.882081953328
740000000.0	1.53826413985
742000000.0	0.582933313951
744000000.0	-2.00128114123
746000000.0	-3.06631027115
748000000.0	-0.982710979784
750000000.0	3.46483795256
752000000.0	0.172589278435
754000000.0	0.210222355318
756000000.0	-1.87540150593
758000000.0	-0.932255361763
760000000.0	-1.27451152489
762000000.0	0.787105488882
764000000.0	3.15604992132
766000000.0	1.52571812395
768000000.0	-1.7741098085
770000000.0	-0.746489527314
772000000.0	0.322111570623
774000000.0	1.4982451187
776000000.0	1.66262601208
778000000.0	1.58825942283
780000000.0	-0.540099712589
782000000.0	-1.73645381566
784000000.0	-2.56118485679
786000000.0	0.236964736644
788000000.0	1.30929661291
790000000.0	0.607710372242
792000000.0	-0.163908233817
794000000.0	-1.99480454427
796000000.0	-2.33476459398
798000000.0	0.972309618248
800000000.0	3.35356381228
802000000.0	-0.073206486174
804000000.0	-1.62001009045
806000000.0	-2.74129489181
808000000.0	-1.20769481149
810000000.0	-0.0691685931873
812000000.0	2.0532576128
814000000.0	3.24695903698
816000000.0	0.619380190537
818000000.0	-3.07255556355
820000000.0	-2.43724483814
822000000.0	0.643437265322
824000000.0	2.31421178542
826000000.0	3.51884194043
828000000.0	0.812768783659
830000000.0	-2.56443730065
832000000.0	-3.27182666248
834000000.0	0.0455940084286
836000000.0	1.82363453863
838000000.0	3.58880542676
840000000.0	-0.305777873205
842000000.0	-3.34457377774
844000000.0	-3.21735883461
846000000.0	-1.17243894685
848000000.0	2.5294614755
850000000.0	5.94521009148
852000000.0	1.97503908512
854000000.0	-1.94865887895
856000000.0	-4.94729462298
858000000.0	-1.19615702994
860000000.0	1.85994478099
862000000.0	4.70929075573
864000000.0	2.31427404734
866000000.0	-2.00561584599
868000000.0	-6.50884729361
870000000.0	-2.0364640002
872000000.0	5.27493899498
874000000.0	9.11849316302
876000000.0	6.05735345629
878000000.0	-6.35589923974
880000000.0	-14.7896364608
882000000.0	-9.75736379849
884000000.0	3.01837411418
886000000.0	17.0066906822
888000000.0	13.7194668397
890000000.0	-5.45818937494
892000000.0	-19.3211669929
894000000.0	-8.61407742141
896000000.0	28.4082330609
898000000.0	73.8473688249
900000000.0	-175.653311472
902000000.0	64.5743110604
904000000.0	39.3641532819
906000000.0	14.0663157339
908000000.0	-4.2927137642
910000000.0	-15.8811568449
912000000.0	-13.8601138063
914000000.0	-4.32839697351
916000000.0	4.66057489375
918000000.0	6.90154646371
920000000.0	5.50688098399
922000000.0	-1.31522521135
924000000.0	-4.03639911463
926000000.0	-2.79194817515
928000000.0	1.01499734288
930000000.0	3.97427066512
932000000.0	0.482500509941
934000000.0	-2.84649130378
936000000.0	-2.85237728742
938000000.0	-2.22677487626
940000000.0	1.2353437939
942000000.0	3.73641205267
944000000.0	3.56387987201
946000000.0	-0.889898735778
948000000.0	-3.62370054267
950000000.0	-3.47140442331
952000000.0	-1.20428644794
954000000.0	3.09286856912
956000000.0	3.77994860073
958000000.0	0.427039275301
960000000.0	-1.93440110789
962000000.0	-2.59803300924
964000000.0	0.726853988238
966000000.0	0.455186248173
968000000.0	2.37401892069
970000000.0	-0.164142933301
972000000.0	-1.400189614
974000000.0	-2.70500390948
976000000.0	-1.42842058259
978000000.0	2.02945477165
980000000.0	3.06328566573
982000000.0	0.964274247751
984000000.0	-0.569109328831
986000000.0	-2.50386122088
988000000.0	-0.688887580425
990000000.0	-0.129801201392
992000000.0	1.49391585662
994000000.0	0.122918321885
996000000.0	-0.459700755498
998000000.0	-2.43259912444
1000000000.0	3.46875
1002000000.0	0.63533224185
1004000000.0	2.03530743598
1006000000.0	0.305882063886
1008000000.0	-1.96115905967
1010000000.0	-1.53135690745
1012000000.0	-0.196005835753
1014000000.0	-0.474891730184
1016000000.0	1.80243972241
1018000000.0	1.13135922573
1020000000.0	0.632629048957
1022000000.0	-0.434497713792
1024000000.0	-0.326126374566
1026000000.0	-2.37737676106
1028000000.0	0.546998655438
1030000000.0	0.572710349729
1032000000.0	0.942902714666
1034000000.0	-1.19200299373
1036000000.0	-1.82699986875
1038000000.0	0.973877785905
1040000000.0	1.34314816547
1042000000.0	1.95963740564
1044000000.0	0.142486132828
1046000000.0	-1.01820708982
1048000000.0	-2.0156217596
1050000000.0	-0.384021561877
1052000000.0	-0.139294223283
1054000000.0	1.03734386541
1056000000.0	0.310105490872
1058000000.0	-0.176571632407
1060000000.0	-1.39799162018
1062000000.0	-0.341443501333
1064000000.0	1.19747764918
1066000000.0	0.746778976824
1068000000.0	0.356440196132
1070000000.0	-0.348717847902
1072000000.0	-1.46283392955
1074000000.0	0.150828110132
1076000000.0	1.24607442513
1078000000.0	0.0412086030615
1080000000.0	0.683165758494
1082000000.0	0.249970313299
1084000000.0	-0.791888067748
1086000000.0	-0.945924731734
1088000000.0	0.457373630961
1090000000.0	0.101552535015
1092000000.0	0.730194894894
1094000000.0	0.114819437754
1096000000.0	-0.289542486246
1098000000.0	-0.755009312951
1100000000.0	-1.911286203
1102000000.0	1.26309254026
1104000000.0	0.696902968818
1106000000.0	-0.745576577534
1108000000.0	-0.85575458481
1110000000.0	-0.0330370549717
1112000000.0	0.0630864998883
1114000000.0	1.23033362932
1116000000.0	1.10464240328
1118000000.0	0.0116458453678
1120000000.0	-1.44672631013
1122000000.0	0.117867125628
1124000000.0	-0.793725577486
1126000000.0	0.3568143378
1128000000.0	1.16119429988
1130000000.0	-0.892521714268
1132000000.0	0.0661190232451
1134000000.0	-1.2823217635
1136000000.0	0.83369131712
1138000000.0	-0.735683137254
1140000000.0	-0.57262748626
1142000000.0	-0.19428874309
1144000000.0	0.417384622382
1146000000.0	-0.47015212074
1148000000.0	0.785542603206
1150000000.0	-0.221885913773
1152000000.0	-0.631084647967
1154000000.0	1.5353155087
1156000000.0	0.605920803087
1158000000.0	0.462773138251
1160000000.0	-0.365191344686
1162000000.0	0.43710362663
1164000000.0	-0.0257778553327
1166000000.0	1.50258470935
1168000000.0	0.434367923867
1170000000.0	0.603307371418
1172000000.0	-0.0765079180039
1174000000.0	-0.537968251076
1176000000.0	-0.10398367557
1178000000.0	0.936370105337
1180000000.0	0.216784472693
1182000000.0	0.749763904406
1184000000.0	-0.483445454074
1186000000.0	-1.14322171171
1188000000.0	-0.29935991947
1190000000.0	2.26441535339
1192000000.0	0.330503381225
1194000000.0	-2.63217308528
1196000000.0	0.0532845059093
1198000000.0	1.90240275778
1200000000.0	-2.02358880357
1202000000.0	1.37746464739
1204000000.0	0.924374992919
1206000000.0	-1.69410521129
1208000000.0	-0.750258432177
1210000000.0	0.561837256817
1212000000.0	1.77599170283
1214000000.0	0.728685570822
1216000000.0	1.54342714972
1218000000.0	-0.554933728865
1220000000.0	-0.751367461877
1222000000.0	-1.11466107762
1224000000.0	0.947803628073
1226000000.0	0.904786872021
1228000000.0	0.0398314668769
1230000000.0	0.625578407764
1232000000.0	-0.450896514485
1234000000.0	-0.376620675186
1236000000.0	-0.897378131315
1238000000.0	1.60836945731
1240000000.0	0.388177914533
1242000000.0	0.0808816956471
1244000000.0	-0.811158783193
1246000000.0	-0.166896073668
1248000000.0	-0.578093109424
1250000000.0	4.68398735828
1252000000.0	0.437746379895
1254000000.0	0.776405085273
1256000000.0	-1.31057578047
1258000000.0	0.609098695919
1260000000.0	-0.366216938662
1262000000.0	-0.257993596815
1264000000.0	-1.87877658913
1266000000.0	-0.23812638205
1268000000.0	0.523665441061
1270000000.0	-0.231540560103
1272000000.0	-1.51850891017
1274000000.0	0.674480779346
1276000000.0	2.31041758585
1278000000.0	-0.825111623108
1280000000.0	-0.673140771539
1282000000.0	-0.0512414522135
1284000000.0	-0.430116361727
1286000000.0	0.750861935011
1288000000.0	0.237794193189
1290000000.0	-0.326583141177
1292000000.0	-0.985975787257
1294000000.0	0.443249939671
1296000000.0	4.04864632173
1298000000.0	4.71921359991
1300000000.0	-14.5983346155
1302000000.0	8.32285390415
1304000000.0	3.7789896349
1306000000.0	-1.44573739499
1308000000.0	-1.4752058786
1310000000.0	-1.08919197468
1312000000.0	0.0630916339153
1314000000.0	1.29694855881
1316000000.0	2.22593051882
1318000000.0	-0.789049661695
1320000000.0	-0.822303806115
1322000000.0	0.7553584757
1324000000.0	0.335814157068
1326000000.0	-0.319097475078
1328000000.0	0.601669349211
1330000000.0	-0.478485447814
1332000000.0	-1.15222757101
1334000000.0	-1.20193698584
1336000000.0	-0.0231045481985
1338000000.0	1.39313000055
1340000000.0	-0.308520982549
1342000000.0	0.67365251626
1344000000.0	0.336966309558
1346000000.0	-0.398942762985
1348000000.0	-0.556953975371
1350000000.0	1.47101639949
1352000000.0	0.91798762086
1354000000.0	-0.88286171404
1356000000.0	-0.375596258887
1358000000.0	-1.13780313256
1360000000.0	0.0887937845254
1362000000.0	1.11616316224
1364000000.0	1.01418055592
1366000000.0	-0.350063929458
1368000000.0	-2.02525082558
1370000000.0	0.223956897836
1372000000.0	1.6709616478
1374000000.0	6.1219085853
1376000000.0	-3.64776353561
1378000000.0	-1.95155723199
1380000000.0	-0.506608471797
1382000000.0	-2.18506368425
1384000000.0	0.269120849157
1386000000.0	0.615723898195
1388000000.0	0.775837059425
1390000000.0	-1.3076915945
1392000000.0	0.351011160853
1394000000.0	-1.52375781048
1396000000.0	-1.02479749682
1398000000.0	-0.964398371612
1400000000.0	2.24909364187
1402000000.0	-0.298494461687
1404000000.0	-1.40132882304
1406000000.0	-0.253259164363
1408000000.0	-0.967221114977
1410000000.0	1.40997845478
1412000000.0	0.258510237591
1414000000.0	0.90942154208
1416000000.0	-0.549016308519
1418000000.0	-1.10999619806
1420000000.0	-1.22019572225
1422000000.0	0.873761738371
1424000000.0	1.88536177456
1426000000.0	0.930956924027
1428000000.0	0.86529996599
1430000000.0	-1.27808541135
1432000000.0	-0.0157460876644
1434000000.0	0.801829744591
1436000000.0	1.88491685455
1438000000.0	2.56025134712
1440000000.0	-0.683402074999
1442000000.0	-1.99304297926
1444000000.0	-2.14853692696
1446000000.0	-0.882456235502
1448000000.0	1.92548752085
1450000000.0	0.436067786075
1452000000.0	-0.828845718625
1454000000.0	-0.374191619397
1456000000.0	-2.16405895732
1458000000.0	-0.198767126915
1460000000.0	0.997779739982
1462000000.0	3.09013126732
1464000000.0	-0.799855744787
1466000000.0	-2.16105171816
1468000000.0	-3.72862616239
1470000000.0	-1.22482082134
1472000000.0	4.56804886842
1474000000.0	4.78012411163
1476000000.0	1.26693584992
1478000000.0	-3.73104521098
1480000000.0	-4.2156453662
1482000000.0	-3.11885161473
1484000000.0	3.62257222151
1486000000.0	6.412895829
1488000000.0	5.48410385771
1490000000.0	-3.6078719463
1492000000.0	-8.32983127659
1494000000.0	-4.21926628399
1496000000.0	15.0109114264
1498000000.0	36.0429340609
1500000000.0	-80.6956788395
1502000000.0	30.0242026921
1504000000.0	16.5250227267
1506000000.0	5.7301279936
1508000000.0	-3.60448323401
1510000000.0	-5.84969295897
1512000000.0	-5.40844087764
1514000000.0	-1.7364111515
1516000000.0	0.886427456597
1518000000.0	3.54727319858
1520000000.0	2.03573841937
1522000000.0	-0.146833250841
1524000000.0	-0.271299930587
1526000000.0	-0.733957156276
1528000000.0	-0.158548532845
1530000000.0	1.63119955609
1532000000.0	0.960489966373
1534000000.0	-1.25037174598
1536000000.0	-1.68847695043
1538000000.0	-1.02578092903
1540000000.0	-0.301207693715
1542000000.0	1.26411637519
1544000000.0	0.49880789267
1546000000.0	0.863512773843
1548000000.0	-1.43252924505
1550000000.0	-2.1072868524
1552000000.0	-0.680242285914
1554000000.0	-0.171534773411
1556000000.0	0.759872881137
1558000000.0	-1.2349311954
1560000000.0	0.0498939776412
1562000000.0	-1.46097083487
1564000000.0	-0.300492765393
1566000000.0	-0.140572999484
1568000000.0	0.594342023487
1570000000.0	-0.141105116395
1572000000.0	-0.212004403349
1574000000.0	1.15352089972
1576000000.0	-1.81427108071
1578000000.0	0.110765383618
1580000000.0	1.41958223664
1582000000.0	1.0148650961
1584000000.0	0.332135851654
1586000000.0	-1.40955130687
1588000000.0	0.0160574421897
1590000000.0	0.864395198999
1592000000.0	-0.751465946591
1594000000.0	0.0433234079498
1596000000.0	0.348382798328
1598000000.0	0.458189612522
1600000000.0	-2.90043881228
1602000000.0	0.794967101962
1604000000.0	0.151570206202
1606000000.0	0.836832382466
1608000000.0	0.0138034932336
1610000000.0	-0.673352344587
1612000000.0	-2.346737151
1614000000.0	0.445006583306
1616000000.0	0.0212720730025
1618000000.0	-0.0349256884862
1620000000.0	0.783415693906
1622000000.0	0.220862526283
1624000000.0	-0.945208712009
1626000000.0	-0.145659144564
1628000000.0	1.16646996651
1630000000.0	1.61249005519
1632000000.0	0.255787130636
1634000000.0	-0.711576982451
1636000000.0	-0.156531218428
1638000000.0	1.3590972048
1640000000.0	0.0523723643151
1642000000.0	0.82887014301
1644000000.0	-0.804669135989
1646000000.0	0.517178464494
1648000000.0	-0.505183200549
1650000000.0	0.171802847326
1652000000.0	0.389825959265
1654000000.0	-0.919415444005
1656000000.0	0.351643541996
1658000000.0	1.06253665284
1660000000.0	0.901648804589
1662000000.0	-0.185214966087
1664000000.0	0.952271881468
1666000000.0	0.228462327894
1668000000.0	-0.682254249069
1670000000.0	0.959453488364
1672000000.0	-0.422067906071
1674000000.0	0.0977579923649
1676000000.0	0.665653876652
1678000000.0	0.462073284915
1680000000.0	0.168081245894
1682000000.0	2.02148376214
1684000000.0	-0.0107304393019
1686000000.0	0.442585150196
1688000000.0	0.310549703493
1690000000.0	-0.953897979231
1692000000.0	-0.781135903397
1694000000.0	0.87167719961
1696000000.0	1.21416031917
1698000000.0	2.04329313365
1700000000.0	-3.49157780849
1702000000.0	1.40095024869
1704000000.0	0.981847268963
1706000000.0	0.592898291274
1708000000.0	-0.642130250895
1710000000.0	-0.433415744819
1712000000.0	0.108945799796
1714000000.0	0.0214536739065
1716000000.0	-0.230942261608
1718000000.0	-0.279612571371
1720000000.0	-0.054034705374
1722000000.0	1.22024439424
1724000000.0	-0.00723142779656
1726000000.0	0.70874466781
1728000000.0	0.381316027418
1730000000.0	0.109776269072
1732000000.0	-0.676471585958
1734000000.0	-1.74597279349
1736000000.0	-0.821740280125
1738000000.0	0.676038978796
1740000000.0	1.2404869179
1742000000.0	1.07641033283
1744000000.0	0.71542584358
1746000000.0	-0.11181245431
1748000000.0	-0.299466129297
1750000000.0	-6.00826268065
1752000000.0	-0.536835079858
1754000000.0	0.462274632267
1756000000.0	0.151608970823
1758000000.0	0.772327110629
1760000000.0	0.411699256287
1762000000.0	0.476574535992
1764000000.0	0.371502152437
1766000000.0	1.5337836852
1768000000.0	-0.769531229232
1770000000.0	-0.795689146168
1772000000.0	-0.871229235177
1774000000.0	-0.634813499092
1776000000.0	-0.953967096924
1778000000.0	0.31542214688
1780000000.0	-0.252837445589
1782000000.0	0.340207155868
1784000000.0	0.603503990706
1786000000.0	0.550418955656
1788000000.0	-0.262834477351
1790000000.0	1.23544364177
1792000000.0	0.905708460892
1794000000.0	-0.605163216791
1796000000.0	-1.00120987056
1798000000.0	1.60948547848
1800000000.0	-1.31410496823
1802000000.0	0.584187943331
1804000000.0	0.52659814655
1806000000.0	0.0617837369449
1808000000.0	0.16141109689
1810000000.0	0.660322704818
1812000000.0	0.211504772666
1814000000.0	-0.384648568683
1816000000.0	0.611290436275
1818000000.0	1.09712176671
1820000000.0	1.00886314691
1822000000.0	-0.375736968388
1824000000.0	-0.186758510048
1826000000.0	0.208537296617
1828000000.0	-0.279399477471
1830000000.0	-0.0437826283974
1832000000.0	1.01194777685
1834000000.0	0.563875799037
1836000000.0	-0.373449417894
1838000000.0	0.38180712589
1840000000.0	-1.03348858738
1842000000.0	1.13458687172
1844000000.0	-0.245734308934
1846000000.0	-0.0822227826634
1848000000.0	-0.969306413783
1850000000.0	-0.247994765186
1852000000.0	0.165929119969
1854000000.0	-0.391530943674
1856000000.0	-0.147437819699
1858000000.0	0.7384515275
1860000000.0	1.01936241211
1862000000.0	-0.117569242823
1864000000.0	-0.155717608309
1866000000.0	0.897916073782
1868000000.0	1.65727960525
1870000000.0	0.969956658519
1872000000.0	0.046422261409
1874000000.0	1.45988333596
1876000000.0	0.573849833273
1878000000.0	-1.30250735644
1880000000.0	-0.226469591
1882000000.0	-0.394287733808
1884000000.0	-0.129654005295
1886000000.0	0.316787934972
1888000000.0	-1.04094291791
1890000000.0	-2.27399250969
1892000000.0	-0.707012143577
1894000000.0	2.65340315032
1896000000.0	7.4479970364
1898000000.0	11.4277819072
1900000000.0	-32.8025786621
1902000000.0	14.189665665
1904000000.0	5.65143424856
1906000000.0	0.734274130557
1908000000.0	-3.2763139859
1910000000.0	-2.03673401719
1912000000.0	0.249570572319
1914000000.0	1.18658985195
1916000000.0	1.3649431363
1918000000.0	-0.557300638232
1920000000.0	-0.35360326206
1922000000.0	-0.789098429141
1924000000.0	-0.293963091165
1926000000.0	0.751758943549
1928000000.0	1.04845826188
1930000000.0	-0.0905189771069
1932000000.0	-0.255078923095
1934000000.0	-1.01141281188
1936000000.0	0.746950576681
1938000000.0	0.245547066662
1940000000.0	0.489915694121
1942000000.0	-0.193397829327
1944000000.0	-0.946297792538
1946000000.0	0.136550598015
1948000000.0	-0.228680010049
1950000000.0	0.595100172884
1952000000.0	1.30627618772
1954000000.0	0.616919455392
1956000000.0	-0.615089986215
1958000000.0	-1.08013005953
1960000000.0	-0.119478044405
1962000000.0	0.655638155514
1964000000.0	1.03855152792
1966000000.0	-0.764995835605
1968000000.0	-0.944055638335
1970000000.0	-0.24668452824
1972000000.0	0.235258920447
1974000000.0	0.703342185151
1976000000.0	0.569656443245
1978000000.0	-0.162710306457
1980000000.0	-1.5781161096
1982000000.0	0.00727189390339
1984000000.0	-0.915264634516
1986000000.0	-0.272919759903
1988000000.0	0.00356462572302
1990000000.0	0.0901415170284
1992000000.0	0.374470806949
1994000000.0	-1.6998617689
1996000000.0	-0.966540840921
1998000000.0	-0.877173623102
2000000000.0	6.5
