0.0	-8.31875
2000000.0	1.00226033584
4000000.0	3.44843544076
6000000.0	0.708398278823
8000000.0	-1.58020088822
10000000.0	-2.26140735728
12000000.0	-3.71097024206
14000000.0	-4.97844069902
16000000.0	-1.42898369834
18000000.0	5.04779135815
20000000.0	9.54776804122
22000000.0	7.93773642196
24000000.0	2.04549013814
26000000.0	-4.10721078571
28000000.0	-6.74519326619
30000000.0	-6.00055124319
32000000.0	-3.9616625911
34000000.0	0.108639889023
36000000.0	5.13047618793
38000000.0	8.78612941412
40000000.0	3.64706878657
42000000.0	-0.13265466198
44000000.0	-3.53011384845
46000000.0	-3.91704807091
48000000.0	-0.97163274966
50000000.0	2.51903807384
52000000.0	2.95398621519
54000000.0	0.958121845167
56000000.0	-2.171911093
58000000.0	-3.46464882705
60000000.0	-2.78378903515
62000000.0	-0.0317006129435
64000000.0	2.1487438141
66000000.0	3.42802814
68000000.0	2.50265607997
70000000.0	0.486884305291
72000000.0	-2.8938579864
74000000.0	-3.71540231441
76000000.0	-2.44521947098
78000000.0	0.749972123869
80000000.0	3.15579998828
82000000.0	3.16993624964
84000000.0	0.75540845913
86000000.0	-2.77581829912
88000000.0	-3.76374357344
90000000.0	-2.44164503154
92000000.0	1.04519716916
94000000.0	3.74547731492
96000000.0	3.65222397296
98000000.0	1.97403529587
100000000.0	-2.09953590149
102000000.0	-3.52005278918
104000000.0	-4.00269014373
106000000.0	-1.76257825686
108000000.0	1.65296471328
110000000.0	4.18592875802
112000000.0	3.90770921757
114000000.0	1.1117200237
116000000.0	-1.90790139901
118000000.0	-3.63979452354
120000000.0	-2.75769522648
122000000.0	-0.792597160699
124000000.0	2.15269053751
126000000.0	2.30162563848
128000000.0	1.18885348436
130000000.0	-0.761756760214
132000000.0	-1.64463820144
134000000.0	-1.3933828679
136000000.0	-0.0895775697421
138000000.0	1.7393369446
140000000.0	2.59806607619
142000000.0	0.612226481277
144000000.0	-1.3634458033
146000000.0	-2.80165313562
148000000.0	-2.24900167415
150000000.0	-0.142275360288
152000000.0	1.94410601977
154000000.0	3.44402323928
156000000.0	1.92151290722
158000000.0	-0.176904806234
160000000.0	-2.37746906326
162000000.0	-2.7805203651
164000000.0	-1.53150675013
166000000.0	0.330405630099
168000000.0	1.80557148762
170000000.0	1.94674936001
172000000.0	0.140833198145
174000000.0	-1.13851686939
176000000.0	-1.8627684837
178000000.0	-1.05267108946
180000000.0	1.19687038451
182000000.0	1.97762166041
184000000.0	1.58526022616
186000000.0	-0.468828292934
188000000.0	-2.46155342147
190000000.0	-2.43626672658
192000000.0	-1.4083217041
194000000.0	0.857705045943
196000000.0	3.17078903798
198000000.0	3.41312421583
200000000.0	1.43976990068
202000000.0	-1.66045795413
204000000.0	-3.63250989807
206000000.0	-3.39001650388
208000000.0	-0.663499578976
210000000.0	2.10764576767
212000000.0	3.86326832927
214000000.0	2.85041326768
216000000.0	-0.184595841435
218000000.0	-2.94458454401
220000000.0	-3.365571241
222000000.0	-1.5169089016
224000000.0	1.38268852255
226000000.0	3.32262399878
228000000.0	2.66504832191
230000000.0	0.454201994056
232000000.0	-2.06431865557
234000000.0	-2.97308372873
236000000.0	-1.79320735201
238000000.0	0.680384424799
240000000.0	3.09707378222
242000000.0	3.44227860507
244000000.0	1.45968872098
246000000.0	-1.76665766179
248000000.0	-4.56640971373
250000000.0	-4.65835084699
252000000.0	0.258893139362
254000000.0	4.73697640496
256000000.0	5.38606961791
258000000.0	2.14068820127
260000000.0	-2.64779206508
262000000.0	-5.48057544941
264000000.0	-3.94303129327
266000000.0	0.0579539231942
268000000.0	3.28061389838
270000000.0	4.29104715132
272000000.0	2.79120535587
274000000.0	0.334150120582
276000000.0	-3.02620998111
278000000.0	-5.22533467487
280000000.0	-4.41168143295
282000000.0	1.61754928208
284000000.0	9.21415749542
286000000.0	9.58799059144
288000000.0	-2.07280184235
290000000.0	-18.5474027942
292000000.0	-21.6861299778
294000000.0	4.72030399943
296000000.0	55.132487532
298000000.0	102.290290835
300000000.0	-248.460038871
302000000.0	75.8567367095
304000000.0	42.7900383483
306000000.0	18.5309458901
308000000.0	3.34525430866
310000000.0	-7.87787382916
312000000.0	-15.7939239456
314000000.0	-14.9492483104
316000000.0	-4.84587210781
318000000.0	8.73038227602
320000000.0	14.8349847068
322000000.0	9.37934003149
324000000.0	-2.54803635121
326000000.0	-9.6748918258
328000000.0	-9.60895358377
330000000.0	-2.17941567694
332000000.0	4.56756783964
334000000.0	6.70865306427
336000000.0	4.13464770151
338000000.0	-0.709795100841
340000000.0	-3.49850380994
342000000.0	-4.24869818086
344000000.0	-2.73228580523
346000000.0	0.704988264785
348000000.0	3.35786667982
350000000.0	4.23079959746
352000000.0	2.1581571147
354000000.0	-1.68916311863
356000000.0	-4.6388024242
358000000.0	-3.40529237316
360000000.0	-0.41025442532
362000000.0	2.82670382968
364000000.0	3.94803756184
366000000.0	2.07408502608
368000000.0	-0.98916264452
370000000.0	-2.96473152264
372000000.0	-2.60186501917
374000000.0	-0.856212011335
376000000.0	0.838689536877
378000000.0	1.98471796124
380000000.0	2.01070340198
382000000.0	0.46757978977
384000000.0	-0.952038417581
386000000.0	-1.65780740508
388000000.0	-1.15263960446
390000000.0	-0.028849501334
392000000.0	1.11617098343
394000000.0	1.271815252
396000000.0	0.349121948895
398000000.0	-0.586755275592
400000000.0	-0.958582764199
402000000.0	-0.564648790923
404000000.0	0.342589482399
406000000.0	1.05741536479
408000000.0	0.730760164668
410000000.0	-0.0436914671143
412000000.0	-1.01032218716
414000000.0	-1.09607981713
416000000.0	-0.368494240443
418000000.0	0.328932837203
420000000.0	1.32998160323
422000000.0	0.772835921915
424000000.0	0.0716534217983
426000000.0	-0.855232466201
428000000.0	-1.22285253405
430000000.0	-0.680981401752
432000000.0	0.374463805018
434000000.0	1.16367504818
436000000.0	0.765296233246
438000000.0	0.63386701306
440000000.0	-0.620227914337
442000000.0	-1.27723832414
444000000.0	-1.03576278383
446000000.0	0.165002012036
448000000.0	0.703522312213
450000000.0	0.622380145549
452000000.0	0.379781812045
454000000.0	-0.708863703221
456000000.0	-1.10090295442
458000000.0	-0.826545690786
460000000.0	0.254170135305
462000000.0	0.918505911392
464000000.0	1.3328089194
466000000.0	0.616770342829
468000000.0	-0.21435080453
470000000.0	-1.121452472
472000000.0	-1.18714044776
474000000.0	-0.660864544929
476000000.0	0.61941298411
478000000.0	1.28537033686
480000000.0	1.03936727329
482000000.0	0.366437613721
484000000.0	-0.55671738413
486000000.0	-0.861362878088
488000000.0	-0.626511584337
490000000.0	0.280805611276
492000000.0	0.571117679252
494000000.0	0.957180408234
496000000.0	0.334341029886
498000000.0	0.134031527352
500000000.0	-1.47456600101
502000000.0	-0.211656396261
504000000.0	0.0455106566875
506000000.0	0.541250863796
508000000.0	0.568952937438
510000000.0	0.286565238234
512000000.0	-0.311607946577
514000000.0	-0.57161385367
516000000.0	-0.297352271806
518000000.0	0.07946234969
520000000.0	0.38810504826
522000000.0	0.890461873596
524000000.0	0.263474308653
526000000.0	0.170249217632
528000000.0	-0.552191288438
530000000.0	-0.323581101766
532000000.0	-0.203368390755
534000000.0	0.146927677206
536000000.0	0.643339693075
538000000.0	0.443503200415
540000000.0	-0.141198474734
542000000.0	-0.0639747872782
544000000.0	-0.431325193911
546000000.0	-0.198927395973
548000000.0	0.141698788389
550000000.0	0.350743837384
552000000.0	0.371780310755
554000000.0	-0.170536678408
556000000.0	-0.434409085518
558000000.0	-0.00955379892
560000000.0	0.0159460766158
562000000.0	0.124459971201
564000000.0	0.610802570097
566000000.0	0.663119722319
568000000.0	-0.25543727729
570000000.0	-0.447288149518
572000000.0	-0.371248860916
574000000.0	-0.280365226723
576000000.0	-0.0615248542669
578000000.0	0.377941355952
580000000.0	0.550031922784
582000000.0	0.305417645294
584000000.0	-0.418424479906
586000000.0	-0.665458876672
588000000.0	-0.283577280198
590000000.0	0.346544293509
592000000.0	0.660584245775
594000000.0	0.608055068761
596000000.0	0.165541257381
598000000.0	-0.959518907029
600000000.0	1.06872041946
602000000.0	-0.945367546921
604000000.0	-0.4318474097
606000000.0	0.593278411821
608000000.0	0.686051157151
610000000.0	0.0810012977612
612000000.0	0.0593157832752
614000000.0	-0.24765832391
616000000.0	-0.262412348569
618000000.0	0.162675722825
620000000.0	0.596999133383
622000000.0	0.805490089618
624000000.0	1.12586482242
626000000.0	-0.534706600297
628000000.0	-0.722867832778
630000000.0	-0.702539333589
632000000.0	-0.292963411177
634000000.0	0.0995856841632
636000000.0	0.722415131134
638000000.0	0.427109633153
640000000.0	0.132630948993
642000000.0	-0.30735385751
644000000.0	-0.455713533021
646000000.0	-0.340204958294
648000000.0	0.0122641242826
650000000.0	0.427734440161
652000000.0	0.588410301579
654000000.0	0.238330368011
656000000.0	-0.128705736215
658000000.0	-0.161828361137
660000000.0	-0.378077324046
662000000.0	-0.493752873965
664000000.0	0.360576957526
666000000.0	0.267636976921
668000000.0	0.259701906616
670000000.0	0.0614871824441
672000000.0	-0.156576065677
674000000.0	-0.198679699203
676000000.0	-0.0656827380134
678000000.0	0.102715568096
680000000.0	-0.0125606892324
682000000.0	0.253770588346
684000000.0	-0.0836609654466
686000000.0	-0.343256603478
688000000.0	-0.280855192522
690000000.0	0.101432594124
692000000.0	0.106207898637
694000000.0	0.177687491266
696000000.0	-0.173396243281
698000000.0	-0.368053679661
700000000.0	1.40134718528
702000000.0	-0.985019436504
704000000.0	-0.453213206381
706000000.0	-0.00903394322063
708000000.0	0.4241497442
710000000.0	0.436603624464
712000000.0	-0.0003112906562
714000000.0	0.157985205893
716000000.0	-0.0439554282031
718000000.0	-0.28724973313
720000000.0	-0.0179608833632
722000000.0	0.833100572308
724000000.0	0.253009788375
726000000.0	-0.0689642764354
728000000.0	-0.527056132184
730000000.0	-0.413254468331
732000000.0	-0.269199877182
734000000.0	0.267264774071
736000000.0	0.0532546367849
738000000.0	0.434959165298
740000000.0	0.440928709268
742000000.0	-0.562861495938
744000000.0	-0.306602452231
746000000.0	-0.380841107428
748000000.0	-0.345723633059
750000000.0	0.190737241886
752000000.0	0.274347127182
754000000.0	0.25760830899
756000000.0	0.301957382448
758000000.0	-0.141531196922
760000000.0	-0.398283414589
762000000.0	-0.36941935469
764000000.0	0.151455543717
766000000.0	0.540382098007
768000000.0	0.455414115923
770000000.0	0.0315554756107
772000000.0	-0.571364176584
774000000.0	-0.316532855093
776000000.0	-0.4209143057
778000000.0	-0.0964233570802
780000000.0	0.4362170485
782000000.0	0.506534098354
784000000.0	0.408423585079
786000000.0	-0.0949559148973
788000000.0	-1.05103300964
790000000.0	-0.287506897418
792000000.0	-0.206260282402
794000000.0	0.383455491793
796000000.0	0.680611395547
798000000.0	-0.0526057539093
800000000.0	0.685568643785
802000000.0	-0.438702369772
804000000.0	-0.789857450681
806000000.0	-0.540088208086
808000000.0	0.111372911614
810000000.0	0.508127272488
812000000.0	0.925336353386
814000000.0	0.33642602119
816000000.0	-0.128222521095
818000000.0	-0.805336702841
820000000.0	-0.633356617385
822000000.0	-0.133866229456
824000000.0	0.518188591923
826000000.0	0.595176988692
828000000.0	0.0776504920679
830000000.0	-0.21670026411
832000000.0	-0.254500577224
834000000.0	-0.0986416787068
836000000.0	0.0246879747987
838000000.0	0.687097552379
840000000.0	0.311518324374
842000000.0	-0.102301908628
844000000.0	-0.447641032809
846000000.0	-0.471524161821
848000000.0	-0.868014622931
850000000.0	-0.426380185313
852000000.0	0.643175448819
854000000.0	1.09252817603
856000000.0	0.836923447396
858000000.0	-0.0893306510195
860000000.0	-1.11923772469
862000000.0	-1.30441659369
864000000.0	-0.31872075224
866000000.0	1.16195818397
868000000.0	1.73619514246
870000000.0	0.58309534433
872000000.0	-1.33159657136
874000000.0	-1.99768211327
876000000.0	-0.976404295052
878000000.0	0.557757965894
880000000.0	1.27401954534
882000000.0	2.20994639683
884000000.0	1.62917813564
886000000.0	-0.501853086083
888000000.0	-3.39352502276
890000000.0	-6.88862702352
892000000.0	-5.93116190921
894000000.0	4.81332058936
896000000.0	23.7412879045
898000000.0	45.012164949
900000000.0	-118.246744872
902000000.0	39.4514066953
904000000.0	22.5187118653
906000000.0	6.6045342193
908000000.0	-2.96452530845
910000000.0	-5.64399291623
912000000.0	-4.9313352747
914000000.0	-2.69599705979
916000000.0	0.274784704504
918000000.0	2.92891696517
920000000.0	3.42975090284
922000000.0	1.90374271671
924000000.0	-1.21686959153
926000000.0	-2.70076646865
928000000.0	-2.04081991709
930000000.0	0.00612651306993
932000000.0	1.91110115613
934000000.0	1.72675751167
936000000.0	0.607099350715
938000000.0	-1.18534940314
940000000.0	-1.5726673869
942000000.0	-0.750357543995
944000000.0	0.385620317611
946000000.0	0.812757995717
948000000.0	1.09716973771
950000000.0	0.485862232436
952000000.0	-0.1871956402
954000000.0	-0.769498196177
956000000.0	-0.925790706862
958000000.0	-0.184654592577
960000000.0	0.147714373188
962000000.0	1.00155320949
964000000.0	0.680994344103
966000000.0	0.0307467257945
968000000.0	-0.70730198954
970000000.0	-0.998468759133
972000000.0	-0.238956501429
974000000.0	0.637214818559
976000000.0	0.338707393315
978000000.0	0.227022768296
980000000.0	-0.0341383171498
982000000.0	-0.566971315078
984000000.0	-0.204521616215
986000000.0	-0.127599926151
988000000.0	0.0592047947695
990000000.0	0.443877284872
992000000.0	0.200361129149
994000000.0	-0.221834596709
996000000.0	-0.229657062915
998000000.0	-0.252845053868
1000000000.0	0.7375
1002000000.0	0.385765566853
1004000000.0	0.956051718361
1006000000.0	0.475037397169
1008000000.0	-0.0296483832685
1010000000.0	-0.700622357295
1012000000.0	-0.581044638728
1014000000.0	-0.361511660055
1016000000.0	-0.0462499183683
1018000000.0	0.548990328346
1020000000.0	0.522957140328
1022000000.0	0.15811281978
1024000000.0	-0.274404093384
1026000000.0	-0.327015669389
1028000000.0	-0.27037262299
1030000000.0	0.0597118349047
1032000000.0	0.345896030829
1034000000.0	0.482481711004
1036000000.0	-0.141938307226
1038000000.0	-0.199248216162
1040000000.0	-0.608981768483
1042000000.0	-0.102188623388
1044000000.0	0.318586762693
1046000000.0	0.224995893658
1048000000.0	0.436179305419
1050000000.0	0.346695408725
1052000000.0	-0.219506290573
1054000000.0	-0.322160882258
1056000000.0	-0.37138549184
1058000000.0	0.0141819956453
1060000000.0	0.215666389246
1062000000.0	0.578835753826
1064000000.0	0.100082337354
1066000000.0	0.105915297288
1068000000.0	-0.128633127458
1070000000.0	-0.354682891605
1072000000.0	-0.390582993096
1074000000.0	0.370972175483
1076000000.0	0.396546704478
1078000000.0	0.325271967852
1080000000.0	0.0617481009428
1082000000.0	0.0270533057659
1084000000.0	-0.178124471812
1086000000.0	-0.235774614892
1088000000.0	0.188330428444
1090000000.0	0.238486055068
1092000000.0	-0.0330392940066
1094000000.0	-0.276547691855
1096000000.0	0.070843798928
1098000000.0	-0.228679675624
1100000000.0	-0.577389990773
1102000000.0	-0.23566655754
1104000000.0	0.43467168129
1106000000.0	0.431637917281
1108000000.0	-0.288793019002
1110000000.0	-0.0348590472929
1112000000.0	-0.293661828522
1114000000.0	-0.327431399699
1116000000.0	0.146273688667
1118000000.0	0.241143567557
1120000000.0	0.29093829264
1122000000.0	0.0790221175767
1124000000.0	0.303098311389
1126000000.0	-0.193077703395
1128000000.0	-0.423040849938
1130000000.0	0.0644165137254
1132000000.0	0.205378923858
1134000000.0	0.120605405401
1136000000.0	0.0884334811548
1138000000.0	0.154166772226
1140000000.0	-0.0681823362828
1142000000.0	-0.126950964035
1144000000.0	0.0246664848883
1146000000.0	0.0694268928766
1148000000.0	-0.187315613501
1150000000.0	0.14833607365
1152000000.0	-0.118607132601
1154000000.0	-0.175953272363
1156000000.0	-0.0263301711783
1158000000.0	-0.058076867778
1160000000.0	0.188130424256
1162000000.0	0.270086469049
1164000000.0	0.481830091976
1166000000.0	0.0722112755237
1168000000.0	-0.459162803932
1170000000.0	-0.516385271211
1172000000.0	-0.157599554913
1174000000.0	0.192555354677
1176000000.0	0.158121025878
1178000000.0	0.138738206515
1180000000.0	0.354569550953
1182000000.0	-0.0472746145885
1184000000.0	-0.207322191822
1186000000.0	-0.34236904504
1188000000.0	0.232993092917
1190000000.0	0.305813219168
1192000000.0	0.24185162445
1194000000.0	-0.219293370653
1196000000.0	-0.495822019483
1198000000.0	-1.64654255607
1200000000.0	2.4304577642
1202000000.0	-0.726996149999
1204000000.0	-0.498703146127
1206000000.0	0.111982905386
1208000000.0	0.245825763692
1210000000.0	-0.0813937907212
1212000000.0	0.0902634104698
1214000000.0	0.335693448444
1216000000.0	0.185670760345
1218000000.0	-0.00589914675557
1220000000.0	0.00233192232435
1222000000.0	0.261569533003
1224000000.0	0.025377244913
1226000000.0	0.208791265304
1228000000.0	-0.130494245358
1230000000.0	-0.0900347718304
1232000000.0	0.056142443322
1234000000.0	0.130767591401
1236000000.0	-0.0844880428259
1238000000.0	0.0169682041601
1240000000.0	-0.193229017891
1242000000.0	0.0415824923627
1244000000.0	0.23475622475
1246000000.0	-0.206290627796
1248000000.0	0.068393191877
1250000000.0	-0.415082934726
1252000000.0	0.238599719127
1254000000.0	0.20751052465
1256000000.0	0.240661462932
1258000000.0	0.0597530111569
1260000000.0	-0.0360777031337
1262000000.0	-0.1117848186
1264000000.0	0.220852391264
1266000000.0	-0.124790565954
1268000000.0	-0.19732071844
1270000000.0	0.0998160821393
1272000000.0	-0.21009467164
1274000000.0	0.0933331464631
1276000000.0	0.0695685216041
1278000000.0	0.0631449171838
1280000000.0	-0.00965390409123
1282000000.0	0.0144660186367
1284000000.0	-0.319604253875
1286000000.0	0.155147105194
1288000000.0	0.212867888583
1290000000.0	-0.194677389568
1292000000.0	0.281775905042
1294000000.0	-0.107112389234
1296000000.0	-0.926598032766
1298000000.0	-0.953695425326
1300000000.0	3.56750053786
1302000000.0	-1.31410249179
1304000000.0	-0.288427343239
1306000000.0	-0.153455332552
1308000000.0	0.388302948387
1310000000.0	0.281726458944
1312000000.0	0.191358284725
1314000000.0	0.0324247485068
1316000000.0	-0.163103231777
1318000000.0	0.146810999878
1320000000.0	-0.141135909364
1322000000.0	0.355586771277
1324000000.0	0.0850799945779
1326000000.0	0.32963950321
1328000000.0	-0.260255408679
1330000000.0	-0.354770663298
1332000000.0	-0.290824575297
1334000000.0	0.239492076691
1336000000.0	0.212767557002
1338000000.0	0.259386981367
1340000000.0	0.128387078322
1342000000.0	-0.372527519601
1344000000.0	-0.333554008724
1346000000.0	-0.165822365209
1348000000.0	-0.263484981434
1350000000.0	0.1956842174
1352000000.0	0.524622674096
1354000000.0	0.266535166247
1356000000.0	-0.156500828146
1358000000.0	-0.387732863223
1360000000.0	-0.138217237931
1362000000.0	0.157622952412
1364000000.0	0.271747774214
1366000000.0	0.286628365208
1368000000.0	0.0452410678543
1370000000.0	0.215564459179
1372000000.0	0.190732996985
1374000000.0	0.457986951958
1376000000.0	-0.960900749353
1378000000.0	0.0229245921634
1380000000.0	-0.115542204533
1382000000.0	-0.00290963463592
1384000000.0	0.0611924341389
1386000000.0	-0.0291231375817
1388000000.0	-0.607797000355
1390000000.0	-0.207311334355
1392000000.0	0.00672399496017
1394000000.0	0.3074660264
1396000000.0	0.316866764415
1398000000.0	-0.474279108059
1400000000.0	0.532426114964
1402000000.0	-0.509317357158
1404000000.0	-0.0684461418907
1406000000.0	-0.225673419097
1408000000.0	-0.137344985167
1410000000.0	-0.129347831034
1412000000.0	0.183274318972
1414000000.0	-0.134375521405
1416000000.0	-0.377620465431
1418000000.0	-0.0862398811152
1420000000.0	0.0358560992208
1422000000.0	0.180899725334
1424000000.0	0.592189458173
1426000000.0	-0.137244684668
1428000000.0	-0.410912319824
1430000000.0	-0.295532239584
1432000000.0	-0.387116566331
1434000000.0	-0.119654542662
1436000000.0	0.337811000793
1438000000.0	0.628001867767
1440000000.0	-0.026656497266
1442000000.0	0.0231744328434
1444000000.0	-0.161487153269
1446000000.0	-0.480673775323
1448000000.0	-0.289133892228
1450000000.0	0.375679882467
1452000000.0	0.414326727652
1454000000.0	0.0569090439361
1456000000.0	-0.0106904378869
1458000000.0	-0.296228214756
1460000000.0	-0.725253910278
1462000000.0	-0.469183535922
1464000000.0	0.404794213492
1466000000.0	0.495393847486
1468000000.0	1.00838281328
1470000000.0	-0.336673700411
1472000000.0	-1.12229473676
1474000000.0	-1.22282841888
1476000000.0	-0.417522274974
1478000000.0	0.566835400627
1480000000.0	1.54409093719
1482000000.0	1.61157157018
1484000000.0	0.0979168247226
1486000000.0	-0.8414633174
1488000000.0	-1.9680331888
1490000000.0	-2.43008413951
1492000000.0	-1.57954800603
1494000000.0	2.51799618538
1496000000.0	8.516649668
1498000000.0	16.5727719782
1500000000.0	-45.712933999
1502000000.0	15.6450404615
1504000000.0	8.80770349978
1506000000.0	1.66536616665
1508000000.0	-2.13261588516
1510000000.0	-2.68106024784
1512000000.0	-1.0282639576
1514000000.0	0.189284043826
1516000000.0	0.615457372575
1518000000.0	0.406361110001
1520000000.0	0.294184303673
1522000000.0	0.00282197096475
1524000000.0	-0.437877036637
1526000000.0	-0.656792925287
1528000000.0	-0.447258238868
1530000000.0	0.406337424941
1532000000.0	0.617808146397
1534000000.0	0.207615359909
1536000000.0	-0.139464657827
1538000000.0	-0.771668447453
1540000000.0	-0.492399917565
1542000000.0	-0.237776331439
1544000000.0	0.656291975794
1546000000.0	0.593858703421
1548000000.0	0.0562274263735
1550000000.0	-0.175032229449
1552000000.0	-0.338104840633
1554000000.0	-0.206169348914
1556000000.0	-0.0489777034528
1558000000.0	0.384172294973
1560000000.0	0.271416248867
1562000000.0	0.310138715694
1564000000.0	0.160035910026
1566000000.0	-0.136636228337
1568000000.0	-0.235748336922
1570000000.0	-0.194762192392
1572000000.0	0.181867323775
1574000000.0	0.410379913101
1576000000.0	-0.14877895182
1578000000.0	-0.0557106929746
1580000000.0	-0.196871761356
1582000000.0	-0.403219191554
1584000000.0	-0.100236498234
1586000000.0	0.0657776111836
1588000000.0	0.214271368462
1590000000.0	0.360910812598
1592000000.0	-0.209292127134
1594000000.0	-0.203220332128
1596000000.0	-0.438726896515
1598000000.0	-0.0617722274434
1600000000.0	0.692556356215
1602000000.0	-0.158703032808
1604000000.0	0.0108263197818
1606000000.0	-0.119144971887
1608000000.0	-0.101761399738
1610000000.0	-0.361989358579
1612000000.0	0.0498770386989
1614000000.0	-0.0769876093571
1616000000.0	0.30934446426
1618000000.0	0.216844371806
1620000000.0	0.0869492117267
1622000000.0	-0.166664979538
1624000000.0	-0.19328924748
1626000000.0	-0.0615538523712
1628000000.0	-0.0263870720973
1630000000.0	-0.00793538439658
1632000000.0	-0.0620868847101
1634000000.0	0.195265685515
1636000000.0	-0.35859233964
1638000000.0	0.0350010422414
1640000000.0	0.0263364396113
1642000000.0	-0.0468888819153
1644000000.0	0.0366587019275
1646000000.0	0.20056522295
1648000000.0	0.210090558123
1650000000.0	-0.163053548762
1652000000.0	0.0297236146131
1654000000.0	0.00397580675097
1656000000.0	0.0403510258969
1658000000.0	0.0314359948793
1660000000.0	-0.0235353502254
1662000000.0	-0.0400805560437
1664000000.0	0.0552195101841
1666000000.0	-0.384138158762
1668000000.0	-0.0435280371296
1670000000.0	0.0815059024837
1672000000.0	0.264210992473
1674000000.0	0.20030351433
1676000000.0	0.0726613471825
1678000000.0	-0.401692864962
1680000000.0	-0.0314771841084
1682000000.0	-0.119478432322
1684000000.0	0.0503030472467
1686000000.0	0.0492891532291
1688000000.0	0.0726840574347
1690000000.0	0.157685338409
1692000000.0	0.0621734331481
1694000000.0	-0.33472167486
1696000000.0	-0.21366717804
1698000000.0	-0.0752018086031
1700000000.0	0.406577848511
1702000000.0	0.0179127592901
1704000000.0	-0.213920405838
1706000000.0	0.232858151842
1708000000.0	-0.0345667210337
1710000000.0	-0.0445795955541
1712000000.0	-0.133719114355
1714000000.0	-0.0566275129818
1716000000.0	0.123256935393
1718000000.0	0.0807806043453
1720000000.0	0.180749258379
1722000000.0	-0.189566682527
1724000000.0	-0.0214970981956
1726000000.0	0.0710147572589
1728000000.0	0.150323630739
1730000000.0	-0.0805692460626
1732000000.0	0.0620635756482
1734000000.0	-0.163821503268
1736000000.0	0.0237225686232
1738000000.0	-0.00460490095241
1740000000.0	-0.0961541828851
1742000000.0	0.052157386661
1744000000.0	-0.0948428335019
1746000000.0	0.162981202518
1748000000.0	0.130269667754
1750000000.0	-1.41730346017
1752000000.0	-0.452040021843
1754000000.0	0.117148341013
1756000000.0	-0.378432069265
1758000000.0	-0.011993178646
1760000000.0	-0.107915447102
1762000000.0	-0.199677207564
1764000000.0	-0.153124174607
1766000000.0	-0.0299135063255
1768000000.0	-0.00263777874262
1770000000.0	-0.127909156112
1772000000.0	0.0594307442643
1774000000.0	-0.0837790834468
1776000000.0	-0.0935995536333
1778000000.0	-0.044521623053
1780000000.0	-0.242115888954
1782000000.0	0.048443334512
1784000000.0	0.1276833907
1786000000.0	-0.124043066946
1788000000.0	0.182906058079
1790000000.0	0.0540217397632
1792000000.0	-0.0982188209707
1794000000.0	-0.205127655528
1796000000.0	-0.273148985106
1798000000.0	-0.706151795092
1800000000.0	2.03408356489
1802000000.0	-0.573312343802
1804000000.0	-0.355652040214
1806000000.0	0.124680956093
1808000000.0	0.18326304147
1810000000.0	0.085390173757
1812000000.0	-0.0438095467925
1814000000.0	0.0351881491158
1816000000.0	0.093617824201
1818000000.0	-0.0676971719177
1820000000.0	-0.370930053842
1822000000.0	0.148066184927
1824000000.0	-0.0494956267724
1826000000.0	0.173893646596
1828000000.0	0.0751549116443
1830000000.0	-0.0214214599623
1832000000.0	-0.0471660878644
1834000000.0	-0.244534519855
1836000000.0	-0.0959647768564
1838000000.0	-0.289989188945
1840000000.0	0.0377383777594
1842000000.0	0.327308633928
1844000000.0	0.248805004204
1846000000.0	-0.0517412342559
1848000000.0	-0.0717175205062
1850000000.0	-0.150353731498
1852000000.0	-0.146280292336
1854000000.0	0.0496382923071
1856000000.0	0.168543073507
1858000000.0	0.138197847967
1860000000.0	0.0664266014592
1862000000.0	-0.00924284014974
1864000000.0	-0.21271359216
1866000000.0	-0.033818541957
1868000000.0	0.090705237315
1870000000.0	-0.0840026016807
1872000000.0	0.245869231001
1874000000.0	0.198107623428
1876000000.0	-0.191170338
1878000000.0	-0.20079252069
1880000000.0	-0.169129653521
1882000000.0	-0.165740658694
1884000000.0	0.0852544003982
1886000000.0	0.277535964731
1888000000.0	0.19054480128
1890000000.0	-0.50225385853
1892000000.0	-0.550132954767
1894000000.0	-0.0986957964802
1896000000.0	0.902103230167
1898000000.0	1.45934726925
1900000000.0	-2.8667159364
1902000000.0	1.14181318513
1904000000.0	0.245631467443
1906000000.0	0.401851355516
1908000000.0	0.151767185096
1910000000.0	0.0644428261641
1912000000.0	-0.464336094838
1914000000.0	-0.340500443747
1916000000.0	-0.0104489254149
1918000000.0	0.252522909249
1920000000.0	0.654184316775
1922000000.0	0.147647567274
1924000000.0	-0.0807660894197
1926000000.0	-0.252464152335
1928000000.0	-0.235802881359
1930000000.0	-0.279909015449
1932000000.0	-0.087519481237
1934000000.0	0.182888034752
1936000000.0	0.307918905944
1938000000.0	0.0873111512336
1940000000.0	-0.170480034894
1942000000.0	-0.211085422232
1944000000.0	0.0670025413053
1946000000.0	-0.0130805533167
1948000000.0	0.0225703820744
1950000000.0	0.154141146239
1952000000.0	0.0835808727109
1954000000.0	-0.162507438568
1956000000.0	-0.0612178587618
1958000000.0	-0.223325843493
1960000000.0	-0.0284667875987
1962000000.0	0.142712697409
1964000000.0	0.321819157018
1966000000.0	0.121291280357
1968000000.0	0.026898695864
1970000000.0	-0.0694427108564
1972000000.0	-0.0725183187863
1974000000.0	-0.322582558739
1976000000.0	0.0967964935081
1978000000.0	0.260944337105
1980000000.0	-0.100505109938
1982000000.0	0.337410808949
1984000000.0	-0.0426936321068
1986000000.0	-0.139111643857
1988000000.0	0.046445681335
1990000000.0	-0.040312957117
1992000000.0	0.321735882348
1994000000.0	0.268918112643
1996000000.0	0.104101093935
1998000000.0	-0.0686793664037
2000000000.0	-0.38125
