0.0	-11.25
2000000.0	-0.990840189104
4000000.0	0.510355128838
6000000.0	-1.53715566365
8000000.0	-2.4002600504
10000000.0	-2.8424827165
12000000.0	-2.93427636328
14000000.0	-3.24232732325
16000000.0	0.767276038879
18000000.0	5.60250093661
20000000.0	7.80375399595
22000000.0	5.98927560282
24000000.0	1.35513798461
26000000.0	-2.98069592781
28000000.0	-6.69119122424
30000000.0	-9.46096850731
32000000.0	-8.98127668257
34000000.0	-4.55516542098
36000000.0	3.59597569746
38000000.0	7.17049607696
40000000.0	6.78005223102
42000000.0	5.05648843046
44000000.0	0.905141110142
46000000.0	-2.9121847326
48000000.0	-4.10153508664
50000000.0	-3.1033365627
52000000.0	-0.11666336533
54000000.0	1.96319529454
56000000.0	2.68477066374
58000000.0	1.83125749283
60000000.0	-0.0699633428554
62000000.0	-1.74764435955
64000000.0	-1.54602291044
66000000.0	0.181861156347
68000000.0	2.03742822899
70000000.0	3.15812425823
72000000.0	2.48167418909
74000000.0	-0.0106612524843
76000000.0	-1.3615339793
78000000.0	-1.79261179805
80000000.0	-0.979609498267
82000000.0	0.651105308545
84000000.0	1.81462735449
86000000.0	2.18489188135
88000000.0	0.956899918512
90000000.0	-0.0431988238063
92000000.0	-0.846545910209
94000000.0	-0.377051901827
96000000.0	-0.198633551481
98000000.0	1.06882687429
100000000.0	1.36067115849
102000000.0	0.271502682808
104000000.0	-0.50078566893
106000000.0	-1.11674378482
108000000.0	-0.927516784458
110000000.0	-0.104660469911
112000000.0	1.03553272807
114000000.0	1.68696840252
116000000.0	0.929963971011
118000000.0	-0.126283327839
120000000.0	-0.827360222815
122000000.0	-1.43428885193
124000000.0	-1.34020941932
126000000.0	0.537340662557
128000000.0	1.52568388069
130000000.0	1.53513638654
132000000.0	0.919131227237
134000000.0	0.10041618697
136000000.0	-1.32538129234
138000000.0	-0.843588598615
140000000.0	-0.525503592773
142000000.0	0.190766851349
144000000.0	0.817282103408
146000000.0	0.963335677881
148000000.0	0.432921081318
150000000.0	-0.270531144371
152000000.0	-0.909285152911
154000000.0	-0.839153460646
156000000.0	-0.059572547167
158000000.0	0.430074933459
160000000.0	0.893088911181
162000000.0	0.651582170422
164000000.0	0.567930937353
166000000.0	-0.170185013285
168000000.0	-0.798599193643
170000000.0	-0.727373052711
172000000.0	-0.200937375259
174000000.0	-0.341560489404
176000000.0	1.17323865257
178000000.0	0.136052876601
180000000.0	0.611622799488
182000000.0	0.374486825686
184000000.0	-0.295282013467
186000000.0	-0.223124086553
188000000.0	-0.116206199827
190000000.0	-0.0452519427802
192000000.0	-0.0730990284662
194000000.0	0.206694341936
196000000.0	0.0735888806492
198000000.0	-0.131304180983
200000000.0	-0.0821841976415
202000000.0	0.38577288139
204000000.0	0.391503703711
206000000.0	0.395622645885
208000000.0	0.124795217394
210000000.0	-0.125360220531
212000000.0	-0.497944598628
214000000.0	-0.760661026335
216000000.0	-0.43074950387
218000000.0	0.441609248969
220000000.0	0.763785031826
222000000.0	1.44801106197
224000000.0	0.922881981748
226000000.0	-0.385020440059
228000000.0	-1.46254236449
230000000.0	-1.90072594395
232000000.0	-0.890661824512
234000000.0	0.28019372001
236000000.0	1.749938106
238000000.0	2.13980633812
240000000.0	1.20040822481
242000000.0	-0.653408134793
244000000.0	-1.73737155292
246000000.0	-2.07426553143
248000000.0	-0.690600930152
250000000.0	-0.289172740059
252000000.0	2.2022950061
254000000.0	2.32021853303
256000000.0	1.82685367651
258000000.0	-0.557833862881
260000000.0	-3.18166206079
262000000.0	-3.42776430581
264000000.0	-0.7704760994
266000000.0	2.55134932325
268000000.0	3.89739227185
270000000.0	1.77657470728
272000000.0	-1.85716833999
274000000.0	-3.63880443868
276000000.0	-2.04554175712
278000000.0	-0.05425150142
280000000.0	1.61560759022
282000000.0	2.81279063125
284000000.0	4.78807685594
286000000.0	3.40515842153
288000000.0	-4.59379084443
290000000.0	-15.9295108788
292000000.0	-17.1989070235
294000000.0	5.95252914449
296000000.0	51.2346910528
298000000.0	93.6537448416
300000000.0	-224.111213264
302000000.0	65.8009641422
304000000.0	35.0343920456
306000000.0	15.6237308513
308000000.0	5.16851225887
310000000.0	-4.37811036411
312000000.0	-13.1968781153
314000000.0	-13.9364956454
316000000.0	-5.2708339428
318000000.0	6.65405935835
320000000.0	12.798052604
322000000.0	8.75882149449
324000000.0	-0.576267663922
326000000.0	-7.47002561759
328000000.0	-7.60550264219
330000000.0	-3.4739952735
332000000.0	1.1363216272
334000000.0	4.0218794285
336000000.0	5.09746741827
338000000.0	2.70136298654
340000000.0	-0.654163287614
342000000.0	-4.01760567961
344000000.0	-4.41008196776
346000000.0	-1.82269260849
348000000.0	2.05981179507
350000000.0	4.27270521974
352000000.0	3.21665315811
354000000.0	-0.0331874919913
356000000.0	-2.82241207914
358000000.0	-3.46469356697
360000000.0	-1.85607852768
362000000.0	0.640843279971
364000000.0	2.8160604459
366000000.0	2.810772353
368000000.0	0.674808057414
370000000.0	-1.25812114353
372000000.0	-2.61297732563
374000000.0	-2.59442383557
376000000.0	-0.209416715382
378000000.0	1.82149973647
380000000.0	2.89415380734
382000000.0	1.91829344007
384000000.0	-0.442472459519
386000000.0	-2.32806522267
388000000.0	-2.63893152604
390000000.0	-1.42806121003
392000000.0	0.538228533908
394000000.0	2.40761474426
396000000.0	2.52750482951
398000000.0	1.13001899454
400000000.0	-1.02301412041
402000000.0	-2.39038868483
404000000.0	-2.17450906847
406000000.0	-0.46144343501
408000000.0	0.823229767749
410000000.0	1.87701940049
412000000.0	1.42194580385
414000000.0	0.584278842296
416000000.0	-1.09836692268
418000000.0	-2.13212626161
420000000.0	-1.16964409163
422000000.0	0.18901815089
424000000.0	1.38961659261
426000000.0	1.70387641498
428000000.0	0.433922700532
430000000.0	-0.535253424996
432000000.0	-1.38507535847
434000000.0	-1.23694133715
436000000.0	0.194240159781
438000000.0	0.734506803381
440000000.0	1.56413008021
442000000.0	0.933081675583
444000000.0	-0.147024193189
446000000.0	-1.10544891832
448000000.0	-1.50703651175
450000000.0	-0.348674021353
452000000.0	0.440015012844
454000000.0	1.2854792735
456000000.0	1.23337325381
458000000.0	0.178280143736
460000000.0	-0.485472634208
462000000.0	-1.21454342603
464000000.0	-0.639073402755
466000000.0	0.256171781024
468000000.0	0.812046904131
470000000.0	1.2793301077
472000000.0	0.38582574875
474000000.0	-0.342126701165
476000000.0	-1.01913183249
478000000.0	-1.23043095507
480000000.0	-0.398851485732
482000000.0	0.687380134073
484000000.0	1.27783711792
486000000.0	0.799309895907
488000000.0	0.0612677209554
490000000.0	-0.396469475541
492000000.0	-0.934455753627
494000000.0	-0.664522182756
496000000.0	-0.248369258631
498000000.0	0.640498278759
500000000.0	-0.123815408169
502000000.0	0.314402499237
504000000.0	-0.17229748919
506000000.0	-0.647203887894
508000000.0	-0.30518427256
510000000.0	-0.222539839394
512000000.0	0.0568933446878
514000000.0	0.871502569637
516000000.0	0.481328548262
518000000.0	-0.155921212475
520000000.0	-0.67184220967
522000000.0	-0.423761434408
524000000.0	-0.125186513925
526000000.0	0.123886682788
528000000.0	0.613671347613
530000000.0	0.718548254736
532000000.0	0.064368492745
534000000.0	-0.287880980886
536000000.0	-0.905321889638
538000000.0	-0.33642206583
540000000.0	0.254165310777
542000000.0	0.654813369451
544000000.0	0.705694448888
546000000.0	0.234613977447
548000000.0	-0.168564006975
550000000.0	-0.863754916014
552000000.0	-0.634219107132
554000000.0	-0.193721482055
556000000.0	0.476387868886
558000000.0	0.406703099796
560000000.0	0.596935256871
562000000.0	-0.145821274877
564000000.0	-0.555830115671
566000000.0	-0.430333675084
568000000.0	-0.103417924885
570000000.0	-0.116952856062
572000000.0	0.602187444407
574000000.0	0.705606146794
576000000.0	0.246698056436
578000000.0	-0.524716431681
580000000.0	-0.478495167441
582000000.0	-0.141863338132
584000000.0	-0.135013157223
586000000.0	0.152135117622
588000000.0	0.270008871849
590000000.0	0.29364316763
592000000.0	-0.332703395534
594000000.0	-0.444859199181
596000000.0	-0.54965205864
598000000.0	-0.261759392353
600000000.0	0.680436585929
602000000.0	0.450767802548
604000000.0	0.383554223132
606000000.0	-0.335736988517
608000000.0	-0.621692649883
610000000.0	-0.661572689487
612000000.0	-0.129436307999
614000000.0	0.348642206567
616000000.0	0.96003779522
618000000.0	0.51295498359
620000000.0	-0.199586706332
622000000.0	-0.503023961925
624000000.0	-0.870317446615
626000000.0	-0.0806090770214
628000000.0	0.214028620622
630000000.0	0.612426798019
632000000.0	0.371582900642
634000000.0	0.347361764914
636000000.0	-0.0487066559523
638000000.0	-0.375990135195
640000000.0	-0.592564190706
642000000.0	0.018056950224
644000000.0	0.272716576788
646000000.0	0.524372575949
648000000.0	0.50747830326
650000000.0	-0.133540770789
652000000.0	-0.386631825989
654000000.0	-0.496243326867
656000000.0	-0.288261064134
658000000.0	0.198250294203
660000000.0	0.601114273194
662000000.0	0.247409122129
664000000.0	0.0275713731005
666000000.0	-0.34645151719
668000000.0	-0.371458431736
670000000.0	-0.377441610738
672000000.0	0.0173734039834
674000000.0	0.590860894895
676000000.0	0.16169585663
678000000.0	0.293967358683
680000000.0	-0.335004229856
682000000.0	-1.00511540918
684000000.0	-0.198045971499
686000000.0	-0.192556667898
688000000.0	0.526233438283
690000000.0	0.760092081199
692000000.0	0.376005205315
694000000.0	-0.0267001315749
696000000.0	-0.652932657256
698000000.0	-1.05556196021
700000000.0	1.71293295188
702000000.0	-0.943365495027
704000000.0	-0.0670558870821
706000000.0	0.246705203206
708000000.0	0.149870879983
710000000.0	0.0141646474705
712000000.0	-0.420423154588
714000000.0	-0.116922284097
716000000.0	-0.227618412493
718000000.0	0.43771530577
720000000.0	0.29411451259
722000000.0	0.153820145288
724000000.0	-0.0486029173579
726000000.0	-0.317741622381
728000000.0	-0.532833736415
730000000.0	-0.151581884624
732000000.0	0.100161451748
734000000.0	0.465038702974
736000000.0	0.541335364005
738000000.0	0.0681793020572
740000000.0	-0.429030173779
742000000.0	-0.542886892909
744000000.0	-0.436263332653
746000000.0	0.364040553473
748000000.0	0.456674892656
750000000.0	0.171664041897
752000000.0	0.196811280922
754000000.0	-0.074271458249
756000000.0	-0.568384643742
758000000.0	-0.718175049423
760000000.0	-0.0165905565951
762000000.0	0.403001437672
764000000.0	0.34573863718
766000000.0	0.234869204182
768000000.0	0.0605737762332
770000000.0	-0.395722092831
772000000.0	-0.429212137391
774000000.0	-0.385915201629
776000000.0	0.587880524311
778000000.0	0.180248563246
780000000.0	0.353605921071
782000000.0	-0.135469561962
784000000.0	-0.129984792172
786000000.0	-0.395130991123
788000000.0	-0.336904372006
790000000.0	-0.241764408464
792000000.0	0.677528105985
794000000.0	0.0632157092475
796000000.0	-0.0571999935049
798000000.0	-0.165031538272
800000000.0	-0.500205556523
802000000.0	-0.439710794856
804000000.0	-0.288145783132
806000000.0	0.608295763824
808000000.0	0.687773335944
810000000.0	0.372678788038
812000000.0	-0.510942346321
814000000.0	-0.839105545055
816000000.0	-0.721459030495
818000000.0	-0.0965216420817
820000000.0	0.440006137999
822000000.0	0.90049439381
824000000.0	0.675177604747
826000000.0	0.150551720205
828000000.0	-0.969408546305
830000000.0	-0.757300782972
832000000.0	-0.844533673308
834000000.0	0.0290827627539
836000000.0	0.914308432094
838000000.0	1.30270737097
840000000.0	0.533110793743
842000000.0	-0.574265727716
844000000.0	-1.17940062893
846000000.0	-0.783367227085
848000000.0	0.0272254865444
850000000.0	0.607325630139
852000000.0	0.943694499294
854000000.0	0.941923553985
856000000.0	-0.320389557585
858000000.0	-0.463705975099
860000000.0	-1.14304323336
862000000.0	-1.14692987852
864000000.0	0.734609825911
866000000.0	1.59921579886
868000000.0	1.43503197701
870000000.0	0.365027237794
872000000.0	-1.92781164026
874000000.0	-2.50018869249
876000000.0	-1.24599294194
878000000.0	1.31908654087
880000000.0	3.00324545822
882000000.0	2.60099595278
884000000.0	0.536092066939
886000000.0	-1.81769206797
888000000.0	-3.83368563581
890000000.0	-5.41619067537
892000000.0	-4.27259519172
894000000.0	4.12660677214
896000000.0	20.3962696002
898000000.0	39.5681351447
900000000.0	-103.783908011
902000000.0	35.7270471093
904000000.0	19.3324923167
906000000.0	5.10490977928
908000000.0	-2.52821410492
910000000.0	-4.71452689221
912000000.0	-4.07319129283
914000000.0	-2.35454875555
916000000.0	-0.0305751096551
918000000.0	2.40571572761
920000000.0	3.13701945196
922000000.0	1.81205897904
924000000.0	-1.29730527946
926000000.0	-2.43934642009
928000000.0	-1.6613904266
930000000.0	-0.164171573225
932000000.0	1.23916253562
934000000.0	1.17302900989
936000000.0	0.420484837625
938000000.0	0.0722242293792
940000000.0	-0.78336687624
942000000.0	-0.744156245736
944000000.0	-0.313931442637
946000000.0	0.270817055258
948000000.0	0.600578755184
950000000.0	0.644437413471
952000000.0	0.0554032162818
954000000.0	-0.596063851469
956000000.0	-0.897013628567
958000000.0	-0.776262902558
960000000.0	0.0820086559084
962000000.0	0.742649754451
964000000.0	0.833803270618
966000000.0	0.341813050595
968000000.0	-0.290370749594
970000000.0	-0.725474466629
972000000.0	-0.544341660668
974000000.0	-0.162198986033
976000000.0	0.217368865463
978000000.0	0.587150017698
980000000.0	0.610028471712
982000000.0	-0.0954129871272
984000000.0	-0.167143976585
986000000.0	-0.131023922363
988000000.0	-0.553816337597
990000000.0	-0.0510252211286
992000000.0	0.413558901692
994000000.0	0.249065265841
996000000.0	0.331304105886
998000000.0	-0.153948428407
1000000000.0	-1.7875
1002000000.0	-0.135203074949
1004000000.0	0.0442428494157
1006000000.0	0.372475858169
1008000000.0	-0.054355378779
1010000000.0	0.223028596666
1012000000.0	0.104521726636
1014000000.0	-0.183497995644
1016000000.0	0.160912560654
1018000000.0	-0.215163329357
1020000000.0	0.160532773569
1022000000.0	0.0669622910796
1024000000.0	-0.267645384349
1026000000.0	0.0193312657042
1028000000.0	-0.168232325328
1030000000.0	-0.0875133613323
1032000000.0	0.224970273619
1034000000.0	0.059858607344
1036000000.0	0.475758113112
1038000000.0	-0.0612623951985
1040000000.0	-0.0796029904866
1042000000.0	-0.345740103005
1044000000.0	0.00647089213489
1046000000.0	-0.214749723491
1048000000.0	-0.0217910666692
1050000000.0	0.0827960490539
1052000000.0	0.132969154016
1054000000.0	0.163985368034
1056000000.0	0.0590941146717
1058000000.0	-0.0589300155774
1060000000.0	-0.0868090334786
1062000000.0	0.0440795024102
1064000000.0	0.0323867982953
1066000000.0	-0.0613601054016
1068000000.0	0.187120125788
1070000000.0	0.23337061008
1072000000.0	-0.100169858658
1074000000.0	-0.309300455938
1076000000.0	0.17154687095
1078000000.0	0.00854631688236
1080000000.0	0.297082743719
1082000000.0	0.00648443880782
1084000000.0	-0.0635613577322
1086000000.0	-0.142767287558
1088000000.0	-0.348450686016
1090000000.0	-0.0561641869251
1092000000.0	0.047837662492
1094000000.0	0.194776724975
1096000000.0	0.101187512057
1098000000.0	0.135253023225
1100000000.0	-0.267550658371
1102000000.0	-0.118351540168
1104000000.0	0.160500332376
1106000000.0	-0.222458919118
1108000000.0	0.260934868382
1110000000.0	-0.16517009999
1112000000.0	-0.0409432103715
1114000000.0	0.0436841481411
1116000000.0	-0.145776225581
1118000000.0	-0.160093538324
1120000000.0	-0.159913667309
1122000000.0	-0.0741014832621
1124000000.0	0.563353520258
1126000000.0	0.295984168022
1128000000.0	0.132404322329
1130000000.0	0.0772834293163
1132000000.0	-0.0865817469559
1134000000.0	-0.270960469433
1136000000.0	0.00175915901778
1138000000.0	-0.116413365418
1140000000.0	-0.257637659868
1142000000.0	0.179637616034
1144000000.0	-0.105584584304
1146000000.0	-0.114185179894
1148000000.0	0.0460754156091
1150000000.0	-0.107708065135
1152000000.0	-0.122469442746
1154000000.0	-0.0431008892238
1156000000.0	0.0611499131768
1158000000.0	-0.0981025947362
1160000000.0	-0.180494953024
1162000000.0	-0.0214373317861
1164000000.0	0.132745325272
1166000000.0	0.20307728782
1168000000.0	0.0618144755086
1170000000.0	-0.197155894368
1172000000.0	-0.0611301880327
1174000000.0	-0.252869469567
1176000000.0	0.155275164786
1178000000.0	-0.256824484583
1180000000.0	0.100351861872
1182000000.0	0.243436282114
1184000000.0	-0.0211695862853
1186000000.0	-0.101564169276
1188000000.0	-0.193417610473
1190000000.0	0.0499849501343
1192000000.0	0.205033561783
1194000000.0	0.0787907548317
1196000000.0	-0.258807646014
1198000000.0	-1.28053865923
1200000000.0	2.37301412041
1202000000.0	-0.557573803061
1204000000.0	-0.34158708516
1206000000.0	-0.500121641317
1208000000.0	-0.151583859472
1210000000.0	-0.0123535280449
1212000000.0	0.483970432798
1214000000.0	0.303084141779
1216000000.0	0.0905745712897
1218000000.0	0.0619959133382
1220000000.0	-0.10933472545
1222000000.0	-0.190254368115
1224000000.0	0.117473759073
1226000000.0	0.359964206191
1228000000.0	-0.0483933401069
1230000000.0	0.333241855217
1232000000.0	-0.3234869973
1234000000.0	-0.318330227578
1236000000.0	-0.121562899992
1238000000.0	0.0506760398934
1240000000.0	0.0711924567868
1242000000.0	0.286003789073
1244000000.0	-0.0321304855929
1246000000.0	0.375665124079
1248000000.0	-0.188781896243
1250000000.0	0.794801956059
1252000000.0	0.0256144069489
1254000000.0	0.0814428739331
1256000000.0	0.243576095086
1258000000.0	0.354530173332
1260000000.0	0.10216887267
1262000000.0	-0.363881610017
1264000000.0	-0.179793812106
1266000000.0	-0.125192723435
1268000000.0	0.224918995766
1270000000.0	-0.169332689054
1272000000.0	0.0213184834466
1274000000.0	0.219749271142
1276000000.0	-0.460540986002
1278000000.0	-0.132067483107
1280000000.0	-0.377402140325
1282000000.0	-0.120432595001
1284000000.0	0.287462883727
1286000000.0	0.411751857564
1288000000.0	0.194070179197
1290000000.0	0.0708169037829
1292000000.0	-0.416578726079
1294000000.0	-0.378208132181
1296000000.0	-0.585303484968
1298000000.0	-0.67410588425
1300000000.0	4.00941485339
1302000000.0	-1.55534105594
1304000000.0	-0.98983312174
1306000000.0	-0.309462587885
1308000000.0	0.319931277642
1310000000.0	0.392782373067
1312000000.0	0.227249292267
1314000000.0	0.0919466497543
1316000000.0	-0.283700712497
1318000000.0	0.23136584591
1320000000.0	-0.140583100975
1322000000.0	-0.202643754572
1324000000.0	-0.297818677559
1326000000.0	0.0420494824382
1328000000.0	0.19828343815
1330000000.0	0.250446995069
1332000000.0	0.0293413095717
1334000000.0	0.00964664154578
1336000000.0	-0.0328391457601
1338000000.0	-0.532476609338
1340000000.0	-0.592811427002
1342000000.0	0.226029712672
1344000000.0	0.0857124187299
1346000000.0	0.0245033774947
1348000000.0	-0.164420298009
1350000000.0	-0.268283570031
1352000000.0	-0.0384956262962
1354000000.0	0.085344214938
1356000000.0	-0.462851569095
1358000000.0	0.32525880633
1360000000.0	0.108055103722
1362000000.0	0.369614909788
1364000000.0	-0.338421655473
1366000000.0	0.0125055200286
1368000000.0	-0.43315691294
1370000000.0	-0.3479727208
1372000000.0	-0.0159357575921
1374000000.0	-0.48249934388
1376000000.0	0.723054408011
1378000000.0	0.0604457149073
1380000000.0	-0.305650313661
1382000000.0	-0.105963503104
1384000000.0	0.0976383832277
1386000000.0	0.224006007268
1388000000.0	0.324539798061
1390000000.0	0.390586320224
1392000000.0	0.490120435679
1394000000.0	0.0120697559877
1396000000.0	-0.464681873425
1398000000.0	-0.541765805007
1400000000.0	0.587534590337
1402000000.0	0.0666219989225
1404000000.0	0.260059493382
1406000000.0	0.399320751238
1408000000.0	0.0546791858189
1410000000.0	0.140599796912
1412000000.0	-0.271274231144
1414000000.0	-0.291769385998
1416000000.0	-0.18238719872
1418000000.0	0.327198839465
1420000000.0	0.395456177101
1422000000.0	0.248408934632
1424000000.0	-0.326345894374
1426000000.0	-0.00303114763457
1428000000.0	-0.359322116619
1430000000.0	-0.160604401821
1432000000.0	-0.0996110365025
1434000000.0	0.329226803693
1436000000.0	0.217650931291
1438000000.0	0.438657224581
1440000000.0	0.185242409424
1442000000.0	-0.445938709352
1444000000.0	-0.195883688205
1446000000.0	-0.0233513941389
1448000000.0	0.0635104199802
1450000000.0	0.453385319962
1452000000.0	0.0539479870905
1454000000.0	-0.0659532898163
1456000000.0	-0.442201080272
1458000000.0	-0.504092086108
1460000000.0	-0.427749661369
1462000000.0	0.370780900505
1464000000.0	0.488085675589
1466000000.0	0.39121475786
1468000000.0	0.496286016309
1470000000.0	-0.365446898152
1472000000.0	-1.11780233353
1474000000.0	-0.96126927067
1476000000.0	-0.293990064678
1478000000.0	1.08462155705
1480000000.0	1.46467391376
1482000000.0	1.1088978785
1484000000.0	-0.567351832697
1486000000.0	-1.30558290576
1488000000.0	-1.56163080443
1490000000.0	-0.991878468828
1492000000.0	-0.0203889993175
1494000000.0	1.86699364504
1496000000.0	5.55540511838
1498000000.0	11.2351415832
1500000000.0	-34.1886845918
1502000000.0	12.4983786327
1504000000.0	7.01694044871
1506000000.0	0.894935710065
1508000000.0	-2.00251647746
1510000000.0	-2.37399621702
1512000000.0	-0.935725006614
1514000000.0	0.507872653761
1516000000.0	0.477293002349
1518000000.0	0.648841614003
1520000000.0	0.352241903414
1522000000.0	0.122596893023
1524000000.0	-0.287442979045
1526000000.0	-0.374235142676
1528000000.0	-0.378938721263
1530000000.0	0.210834198947
1532000000.0	0.697389733636
1534000000.0	0.51737257992
1536000000.0	-0.351449910566
1538000000.0	0.0250951031671
1540000000.0	-0.401492159849
1542000000.0	-0.164274057856
1544000000.0	0.172379681414
1546000000.0	0.251785856185
1548000000.0	0.0532325751652
1550000000.0	0.235135252684
1552000000.0	-0.290916947363
1554000000.0	-0.165911132684
1556000000.0	-0.32512682287
1558000000.0	-0.335759514882
1560000000.0	0.129745694036
1562000000.0	0.455908894742
1564000000.0	0.204203817487
1566000000.0	0.0932857541667
1568000000.0	0.155172268448
1570000000.0	-0.162189136601
1572000000.0	-0.295309678904
1574000000.0	-0.0650328234859
1576000000.0	0.220496738649
1578000000.0	0.219898292149
1580000000.0	0.0566859129522
1582000000.0	0.0166128813312
1584000000.0	-0.0205510669174
1586000000.0	-0.0774398150274
1588000000.0	0.0165886832543
1590000000.0	-0.156093396163
1592000000.0	-0.0657625179647
1594000000.0	0.257963752011
1596000000.0	-0.0942000773369
1598000000.0	-0.379922507014
1600000000.0	0.687705556523
1602000000.0	-0.238754976729
1604000000.0	-0.0687570171115
1606000000.0	0.145961889912
1608000000.0	0.00257165081757
1610000000.0	0.00388972600385
1612000000.0	0.102217575
1614000000.0	-0.220956743487
1616000000.0	0.0554392390897
1618000000.0	-0.0260429905796
1620000000.0	0.0020978150867
1622000000.0	0.105045074572
1624000000.0	-0.491046497343
1626000000.0	0.756918231751
1628000000.0	0.101245439001
1630000000.0	-0.0311832234049
1632000000.0	0.106160632269
1634000000.0	-0.11342052357
1636000000.0	0.0903276844663
1638000000.0	-0.0376310382813
1640000000.0	0.17089977508
1642000000.0	-0.0654135909962
1644000000.0	-0.000615782489896
1646000000.0	0.0647886960888
1648000000.0	0.194133300165
1650000000.0	0.368758309787
1652000000.0	0.0277001827059
1654000000.0	-0.0331237892527
1656000000.0	0.00499051409259
1658000000.0	-0.00688745690911
1660000000.0	-0.134805465835
1662000000.0	0.0964319500289
1664000000.0	0.114273075792
1666000000.0	0.247272690408
1668000000.0	-0.0215272894879
1670000000.0	-0.19587965345
1672000000.0	0.0876516832216
1674000000.0	-0.201657631327
1676000000.0	0.167672938875
1678000000.0	0.0580844057432
1680000000.0	0.34811783734
1682000000.0	-0.0160968454516
1684000000.0	0.0756017103098
1686000000.0	0.0893086283438
1688000000.0	-0.194679981574
1690000000.0	-0.0817264274884
1692000000.0	0.15646063242
1694000000.0	0.134468993421
1696000000.0	0.285305834018
1698000000.0	0.153411629251
1700000000.0	0.172286147362
1702000000.0	-0.000452496671144
1704000000.0	0.160790558425
1706000000.0	0.0232631203805
1708000000.0	0.120529320567
1710000000.0	0.181325373311
1712000000.0	-0.0897471098724
1714000000.0	0.0813903040309
1716000000.0	0.0823463860839
1718000000.0	-0.249357188982
1720000000.0	0.118789977797
1722000000.0	-0.205816577777
1724000000.0	-0.0327608762822
1726000000.0	-0.0844061391381
1728000000.0	0.182877078851
1730000000.0	0.0471181541982
1732000000.0	-0.0175433542395
1734000000.0	0.0453731065209
1736000000.0	0.0340990160715
1738000000.0	0.14300128656
1740000000.0	-0.123265446806
1742000000.0	0.184777506753
1744000000.0	0.171565733993
1746000000.0	-0.128809842449
1748000000.0	0.120586497668
1750000000.0	-0.777293257896
1752000000.0	-0.0691030353329
1754000000.0	0.169131807885
1756000000.0	-0.00221776433081
1758000000.0	-0.309354345854
1760000000.0	-0.267858883522
1762000000.0	0.258629157635
1764000000.0	0.147912560211
1766000000.0	-0.0882255222543
1768000000.0	0.0582574042443
1770000000.0	0.106858786581
1772000000.0	-0.00670850254394
1774000000.0	0.113729097888
1776000000.0	0.0175421239553
1778000000.0	0.239117769189
1780000000.0	-0.125004852703
1782000000.0	0.0347685017886
1784000000.0	-0.00595739197527
1786000000.0	0.195709333285
1788000000.0	0.221161376565
1790000000.0	0.014169408485
1792000000.0	0.0284722753464
1794000000.0	0.103156284326
1796000000.0	-0.366208629821
1798000000.0	-0.415732965949
1800000000.0	1.60171302138
1802000000.0	-0.586947591143
1804000000.0	-0.618756985466
1806000000.0	-0.0466453311135
1808000000.0	0.132628142128
1810000000.0	0.175228850009
1812000000.0	0.137139004533
1814000000.0	0.0058880640996
1816000000.0	0.0523403361226
1818000000.0	-0.198877620435
1820000000.0	0.0430798615108
1822000000.0	0.382578415047
1824000000.0	-0.0379436726656
1826000000.0	0.408481196161
1828000000.0	0.0487851259159
1830000000.0	0.127644511825
1832000000.0	0.0183183205737
1834000000.0	0.0174219322698
1836000000.0	0.0120300461926
1838000000.0	0.207194060644
1840000000.0	0.109219191783
1842000000.0	0.00426847413549
1844000000.0	0.112591312324
1846000000.0	-0.0133082136091
1848000000.0	-0.105148353593
1850000000.0	-0.383721943655
1852000000.0	-0.0252768242593
1854000000.0	0.297830456523
1856000000.0	0.177376275845
1858000000.0	0.191014902514
1860000000.0	0.0442259242959
1862000000.0	-0.0763151509068
1864000000.0	-0.270090160551
1866000000.0	-0.0169930124874
1868000000.0	0.0918715497986
1870000000.0	0.0284360045635
1872000000.0	0.326784929346
1874000000.0	0.361246536427
1876000000.0	-0.217921882932
1878000000.0	-0.283692376568
1880000000.0	-0.0797992757818
1882000000.0	0.0199584519981
1884000000.0	0.342881725127
1886000000.0	0.627960351636
1888000000.0	0.184619752293
1890000000.0	-0.370266831269
1892000000.0	-0.596934454088
1894000000.0	-0.559058646089
1896000000.0	0.438614171939
1898000000.0	0.420310641823
1900000000.0	1.53236682242
1902000000.0	-0.846204395744
1904000000.0	-0.835500201544
1906000000.0	0.145270613984
1908000000.0	0.727585873864
1910000000.0	0.599665681938
1912000000.0	0.012159602521
1914000000.0	-0.255227604708
1916000000.0	-0.274223235447
1918000000.0	0.416229534735
1920000000.0	0.0725727870796
1922000000.0	0.141641885898
1924000000.0	0.0830918887766
1926000000.0	0.171343199617
1928000000.0	-0.046384493253
1930000000.0	0.206321003046
1932000000.0	-0.268310821954
1934000000.0	-0.0983335987866
1936000000.0	0.238925336625
1938000000.0	0.204433661428
1940000000.0	0.0600500247408
1942000000.0	-0.00990097275171
1944000000.0	-0.199254903053
1946000000.0	-0.028918672378
1948000000.0	-0.0147405500827
1950000000.0	0.165007799206
1952000000.0	0.118755882081
1954000000.0	0.166074727327
1956000000.0	0.0596385338827
1958000000.0	0.103002576032
1960000000.0	0.0379483680648
1962000000.0	-0.139281058549
1964000000.0	-0.0860383800327
1966000000.0	-0.100472884547
1968000000.0	-0.147026779033
1970000000.0	0.0417569205843
1972000000.0	-0.0593167181135
1974000000.0	0.0312955275562
1976000000.0	-0.287421400188
1978000000.0	0.160857657847
1980000000.0	-0.23739306011
1982000000.0	0.0420108929161
1984000000.0	0.0656875270908
1986000000.0	0.0312020026695
1988000000.0	-0.319652325657
1990000000.0	0.277579290768
1992000000.0	0.170279678642
1994000000.0	0.0602757841802
1996000000.0	-0.160402999188
1998000000.0	-0.208031590076
2000000000.0	0.05
