0.0	-44.9375
2000000.0	1.22657678587
4000000.0	5.708168958
6000000.0	1.81195786631
8000000.0	-2.11792064625
10000000.0	-7.00758292982
12000000.0	-7.21125241485
14000000.0	-4.40880932652
16000000.0	3.07776292768
18000000.0	11.0161321289
20000000.0	14.8889152271
22000000.0	7.17612060835
24000000.0	-5.4680972331
26000000.0	-15.7968275649
28000000.0	-14.1826597772
30000000.0	-2.68620935417
32000000.0	8.93077062484
34000000.0	12.4361207946
36000000.0	6.3947202156
38000000.0	1.03436417247
40000000.0	-6.62875043746
42000000.0	-9.07573798142
44000000.0	-4.77917715204
46000000.0	1.16901936652
48000000.0	4.29372820858
50000000.0	2.51040330793
52000000.0	-0.801452625498
54000000.0	-4.11934533997
56000000.0	-2.64141484701
58000000.0	-0.168313189302
60000000.0	3.54667012162
62000000.0	3.91091447883
64000000.0	0.948340904082
66000000.0	-2.22485418751
68000000.0	-2.85591409092
70000000.0	-1.29349012397
72000000.0	1.65266087939
74000000.0	4.44008272163
76000000.0	2.36938676761
78000000.0	-1.54838557259
80000000.0	-4.83916264275
82000000.0	-3.72232997755
84000000.0	0.528440362423
86000000.0	4.44106280292
88000000.0	5.56608668093
90000000.0	1.10184786325
92000000.0	-4.16178294592
94000000.0	-5.68080145347
96000000.0	-3.42168525669
98000000.0	2.14179422811
100000000.0	5.21211340799
102000000.0	4.85187067994
104000000.0	0.861445654344
106000000.0	-4.38334251701
108000000.0	-4.24870294068
110000000.0	-1.80420591359
112000000.0	2.54923960816
114000000.0	4.4841730432
116000000.0	3.31151200641
118000000.0	0.0805591685837
120000000.0	-2.36948230427
122000000.0	-2.47641595071
124000000.0	0.0970621531752
126000000.0	1.02093489404
128000000.0	1.70905347057
130000000.0	-0.171771747607
132000000.0	-1.92058929908
134000000.0	-2.46126171665
136000000.0	-0.566420355195
138000000.0	1.90749194589
140000000.0	2.53191137611
142000000.0	2.65789073004
144000000.0	-1.67092063621
146000000.0	-4.58106652795
148000000.0	-3.83162062485
150000000.0	-0.57640505412
152000000.0	3.08310567741
154000000.0	4.39757998479
156000000.0	2.03405027812
158000000.0	-1.23094040135
160000000.0	-3.82344795369
162000000.0	-2.60216594887
164000000.0	0.156629620408
166000000.0	2.02782101905
168000000.0	2.65464903276
170000000.0	-0.283026997757
172000000.0	-1.48364953206
174000000.0	-1.92541413854
176000000.0	-0.903821945127
178000000.0	3.14046463564
180000000.0	3.81740746113
182000000.0	1.45613238022
184000000.0	-2.36730060264
186000000.0	-3.41216250319
188000000.0	-2.43958016533
190000000.0	1.17920528551
192000000.0	3.52646720941
194000000.0	3.72340575738
196000000.0	-0.300301571296
198000000.0	-3.51109333999
200000000.0	-3.638228559
202000000.0	-1.13310635224
204000000.0	3.02938789596
206000000.0	4.13526916757
208000000.0	2.39918885686
210000000.0	-2.11638005949
212000000.0	-4.82870297433
214000000.0	-2.98550729438
216000000.0	0.127233520433
218000000.0	3.5088645924
220000000.0	5.39349546657
222000000.0	1.23250604486
224000000.0	-2.218753146
226000000.0	-3.29730237551
228000000.0	-1.62925273849
230000000.0	2.11810581818
232000000.0	3.65713232004
234000000.0	1.86715774314
236000000.0	-2.04441916504
238000000.0	-4.82679942141
240000000.0	-3.6328610103
242000000.0	0.958814829586
244000000.0	5.06359148958
246000000.0	4.72962136826
248000000.0	-0.0335741874096
250000000.0	-7.9946196091
252000000.0	-5.97974716418
254000000.0	-2.3290007091
256000000.0	4.2278642269
258000000.0	7.41016318066
260000000.0	5.08696434562
262000000.0	-0.299556468241
264000000.0	-6.78190381813
266000000.0	-9.3856634874
268000000.0	-3.9608646432
270000000.0	4.64348366364
272000000.0	11.2825972412
274000000.0	10.2311537766
276000000.0	0.216800504677
278000000.0	-11.5016908267
280000000.0	-13.8272969075
282000000.0	-3.41250686756
284000000.0	12.0651445477
286000000.0	15.712750056
288000000.0	0.685242455203
290000000.0	-26.8855877486
292000000.0	-32.4906844953
294000000.0	8.82446856727
296000000.0	96.4546374254
298000000.0	190.644766986
300000000.0	-506.672847568
302000000.0	181.189682961
304000000.0	102.605651666
306000000.0	27.5606772829
308000000.0	-17.6379699985
310000000.0	-30.0095878965
312000000.0	-19.8383092555
314000000.0	-5.47107953181
316000000.0	6.03046983537
318000000.0	10.3346550188
320000000.0	7.88604447324
322000000.0	0.884143666396
324000000.0	-4.26734849112
326000000.0	-5.22114594263
328000000.0	-0.958512107457
330000000.0	4.54278676906
332000000.0	4.8253122628
334000000.0	1.13442552457
336000000.0	-4.134151444
338000000.0	-5.69292507183
340000000.0	-2.10698436754
342000000.0	3.34317273042
344000000.0	6.50219966889
346000000.0	2.80675175349
348000000.0	-3.60954631533
350000000.0	-5.47683777728
352000000.0	-4.99482455022
354000000.0	1.85053358947
356000000.0	7.07735164698
358000000.0	4.57272237744
360000000.0	0.873366324725
362000000.0	-4.91490233765
364000000.0	-5.40634308731
366000000.0	-2.84901971292
368000000.0	2.01015480907
370000000.0	4.58672782723
372000000.0	2.76863308535
374000000.0	0.908276184832
376000000.0	-2.82200469994
378000000.0	-1.79293148879
380000000.0	-0.32589280855
382000000.0	0.813998005342
384000000.0	1.499360514
386000000.0	0.252501771012
388000000.0	-1.79193855508
390000000.0	-1.77937031906
392000000.0	-0.675898304688
394000000.0	2.40507527434
396000000.0	2.84371570713
398000000.0	1.83199720509
400000000.0	-0.343226841181
402000000.0	-2.29954157135
404000000.0	-2.6861830759
406000000.0	-0.97469943553
408000000.0	0.962665442384
410000000.0	2.50266889598
412000000.0	2.03908517108
414000000.0	-0.553456868813
416000000.0	-1.75125641335
418000000.0	-1.49885506988
420000000.0	0.990791311171
422000000.0	1.15709921465
424000000.0	1.36901996933
426000000.0	0.705940273675
428000000.0	-0.537084986464
430000000.0	-0.932434911464
432000000.0	-0.255639255729
434000000.0	0.235759731576
436000000.0	0.901948838009
438000000.0	1.29932182377
440000000.0	-1.06808367798
442000000.0	-2.43515608414
444000000.0	-0.476855740913
446000000.0	0.79019112475
448000000.0	1.2262368383
450000000.0	1.2119652066
452000000.0	-0.0404163682053
454000000.0	-2.44537723114
456000000.0	-1.03154691115
458000000.0	-1.09850962407
460000000.0	1.16027017742
462000000.0	2.52066454105
464000000.0	1.39677718498
466000000.0	0.624622570266
468000000.0	-0.856372239012
470000000.0	-1.72666958041
472000000.0	-0.918471998165
474000000.0	0.494703341904
476000000.0	0.791718851514
478000000.0	0.444788795378
480000000.0	0.0908231677552
482000000.0	-0.936015075274
484000000.0	-0.354728890225
486000000.0	0.770420625668
488000000.0	0.771201891227
490000000.0	0.157034928718
492000000.0	-1.14332689681
494000000.0	-1.65195561608
496000000.0	-1.4548463744
498000000.0	-0.631779357928
500000000.0	-0.560507947869
502000000.0	2.07797155475
504000000.0	0.178934998816
506000000.0	0.0276902506573
508000000.0	-1.25814019155
510000000.0	-1.75750252449
512000000.0	-0.0769224612067
514000000.0	0.347593721111
516000000.0	1.23278928567
518000000.0	0.323749248765
520000000.0	0.0949501142857
522000000.0	-0.659654142242
524000000.0	-1.03919274902
526000000.0	0.191250602069
528000000.0	1.23229598964
530000000.0	0.46703371339
532000000.0	-0.00226831583139
534000000.0	-0.478653980875
536000000.0	-0.80445384988
538000000.0	-0.147539843791
540000000.0	0.429892632531
542000000.0	0.681872680515
544000000.0	0.51059550749
546000000.0	-0.503667182408
548000000.0	-0.553666071172
550000000.0	-0.818959249377
552000000.0	0.555593819314
554000000.0	0.870703355512
556000000.0	0.20091243614
558000000.0	0.216646851662
560000000.0	-1.18553230163
562000000.0	-0.795935039142
564000000.0	-0.86515320179
566000000.0	0.21124737982
568000000.0	0.997702734163
570000000.0	0.930795399588
572000000.0	0.21306574897
574000000.0	-1.03193011555
576000000.0	-0.639421559331
578000000.0	0.496196550129
580000000.0	0.626508009913
582000000.0	1.48438367022
584000000.0	0.050879396056
586000000.0	-0.431454933177
588000000.0	-0.420591910341
590000000.0	0.336461469405
592000000.0	0.615388887222
594000000.0	0.978775559066
596000000.0	-0.011652132171
598000000.0	-0.78992997672
600000000.0	0.640043446881
602000000.0	-1.02662919518
604000000.0	-0.944370156087
606000000.0	-0.647502159348
608000000.0	0.761217062752
610000000.0	0.494858137557
612000000.0	0.721883113503
614000000.0	0.467821151692
616000000.0	-0.143487937725
618000000.0	0.813510839347
620000000.0	0.917573249684
622000000.0	0.649642728572
624000000.0	-0.205111308293
626000000.0	-0.0459078824531
628000000.0	0.17365198244
630000000.0	0.035701037954
632000000.0	0.0272530384697
634000000.0	0.41711613256
636000000.0	-0.0577200786144
638000000.0	0.156585290301
640000000.0	-0.38759760322
642000000.0	-0.223377054993
644000000.0	0.786056732442
646000000.0	0.218147484775
648000000.0	-0.363471978403
650000000.0	0.198416606479
652000000.0	-0.141278608542
654000000.0	-0.341243183606
656000000.0	-0.521198620294
658000000.0	0.266307502871
660000000.0	0.246905303807
662000000.0	0.591845445103
664000000.0	-0.756853988806
666000000.0	-0.411035667021
668000000.0	0.254761549095
670000000.0	-0.730563939156
672000000.0	0.311811700496
674000000.0	0.328636545625
676000000.0	-0.196077491482
678000000.0	-0.333594561513
680000000.0	-0.655529293518
682000000.0	-0.60777431623
684000000.0	0.903769350435
686000000.0	1.16056040888
688000000.0	-1.09932503361
690000000.0	-0.387420555805
692000000.0	-0.424876173028
694000000.0	-0.618277478035
696000000.0	0.688928374851
698000000.0	0.771342065607
700000000.0	0.5317555544
702000000.0	-0.226698041254
704000000.0	0.241099469185
706000000.0	0.852318926474
708000000.0	0.372667460909
710000000.0	-0.157402180137
712000000.0	-0.33236605889
714000000.0	0.661376907207
716000000.0	-0.479948166726
718000000.0	-0.121514188132
720000000.0	-0.730045843308
722000000.0	0.426216165025
724000000.0	1.13581313463
726000000.0	0.913233351382
728000000.0	-0.58949985358
730000000.0	-0.440521574626
732000000.0	-0.764816555501
734000000.0	-0.26986551662
736000000.0	-0.148362056518
738000000.0	0.965691685092
740000000.0	0.212939992901
742000000.0	-0.606091455746
744000000.0	-0.0754395801958
746000000.0	0.308195377326
748000000.0	0.525669257705
750000000.0	-0.650113248732
752000000.0	1.07425507533
754000000.0	-0.378716692874
756000000.0	-0.119747812619
758000000.0	-0.0356572182099
760000000.0	0.0266429266878
762000000.0	-0.243931365102
764000000.0	-0.238558581574
766000000.0	0.240161534225
768000000.0	-0.241839510525
770000000.0	-0.158656769017
772000000.0	0.059654423016
774000000.0	0.0220953699687
776000000.0	1.19159278259
778000000.0	0.103438502402
780000000.0	-0.774535738075
782000000.0	-0.488470622702
784000000.0	-0.837536425432
786000000.0	0.103206239904
788000000.0	0.359778266419
790000000.0	0.0154692240437
792000000.0	0.58849332288
794000000.0	-0.161832944399
796000000.0	-0.77849721347
798000000.0	-0.776077131889
800000000.0	0.928088033252
802000000.0	-0.0161730512862
804000000.0	-0.109191505246
806000000.0	-0.0904978129148
808000000.0	0.145122360803
810000000.0	-0.622361157978
812000000.0	0.0133290898029
814000000.0	0.552499697129
816000000.0	0.202227039718
818000000.0	1.20423625215
820000000.0	-1.00998483177
822000000.0	-1.07886177317
824000000.0	0.161703447779
826000000.0	0.579885272178
828000000.0	0.922000093425
830000000.0	1.32561683299
832000000.0	-0.413983044094
834000000.0	-0.360691431844
836000000.0	-1.17756271772
838000000.0	-0.967864642502
840000000.0	0.686782350782
842000000.0	1.43457430388
844000000.0	1.16895454989
846000000.0	0.0214584141469
848000000.0	-1.27525360151
850000000.0	-1.6589977495
852000000.0	0.327837007456
854000000.0	1.52843689667
856000000.0	1.3220729637
858000000.0	1.00702810355
860000000.0	-0.903298374383
862000000.0	-1.02366251997
864000000.0	-0.568649434101
866000000.0	1.16823351292
868000000.0	2.33838218339
870000000.0	0.246079048923
872000000.0	-1.83629358898
874000000.0	-3.32187054395
876000000.0	-2.94218149899
878000000.0	1.49602916221
880000000.0	4.22344245646
882000000.0	4.3171486246
884000000.0	0.436660672781
886000000.0	-3.69133953397
888000000.0	-6.55184522142
890000000.0	-5.60667820397
892000000.0	-1.44713369451
894000000.0	6.95750948919
896000000.0	18.128240956
898000000.0	31.5428665524
900000000.0	-87.598618688
902000000.0	32.8724682621
904000000.0	16.4845995896
906000000.0	0.253854190291
908000000.0	-7.44011145702
910000000.0	-4.30364744456
912000000.0	1.87107400957
914000000.0	5.7014267176
916000000.0	3.14362020595
918000000.0	-1.95381363998
920000000.0	-5.58782073727
922000000.0	-3.77636190103
924000000.0	0.8190587526
926000000.0	3.7463742214
928000000.0	3.49611634497
930000000.0	0.0606511331449
932000000.0	-2.57257762464
934000000.0	-2.75569533992
936000000.0	-1.88989144471
938000000.0	-0.500253681404
940000000.0	2.32024357813
942000000.0	1.26626603454
944000000.0	-1.09396533073
946000000.0	-1.12422309113
948000000.0	-1.60368131286
950000000.0	-0.683606691596
952000000.0	1.47319988917
954000000.0	0.855443714037
956000000.0	1.5360483768
958000000.0	0.458359965766
960000000.0	-0.975290661924
962000000.0	-1.30593563248
964000000.0	-0.0833196682593
966000000.0	1.42986707473
968000000.0	1.03362411843
970000000.0	0.337618124104
972000000.0	-0.950990150447
974000000.0	-0.828378797463
976000000.0	-0.764561062164
978000000.0	0.934472564546
980000000.0	1.03711825298
982000000.0	1.13933108229
984000000.0	0.114882011078
986000000.0	-0.631143419711
988000000.0	-1.33540550368
990000000.0	-0.0668689356314
992000000.0	-0.0691645067182
994000000.0	0.431762844155
996000000.0	0.0779551918408
998000000.0	-0.331954155188
1000000000.0	1.875
1002000000.0	-0.791014582819
1004000000.0	-0.0389071316116
1006000000.0	0.0333168033119
1008000000.0	-0.567547913354
1010000000.0	0.748439274707
1012000000.0	-0.451260691287
1014000000.0	-0.455060559941
1016000000.0	0.0626248987195
1018000000.0	0.99239056491
1020000000.0	0.345686123191
1022000000.0	0.0252430382036
1024000000.0	-0.351327738598
1026000000.0	-0.85975560918
1028000000.0	-0.0991751897264
1030000000.0	0.252048940952
1032000000.0	0.892156095587
1034000000.0	0.630524402144
1036000000.0	0.494675963372
1038000000.0	-0.182084659886
1040000000.0	-0.545708857693
1042000000.0	-0.962741905353
1044000000.0	0.191823058615
1046000000.0	-0.197022047733
1048000000.0	0.587925528532
1050000000.0	0.396118442414
1052000000.0	-0.507808757223
1054000000.0	-0.230623592439
1056000000.0	0.0706136356559
1058000000.0	0.570899338026
1060000000.0	0.32402200881
1062000000.0	-0.0554292878483
1064000000.0	0.428067894805
1066000000.0	-0.716513324209
1068000000.0	0.01935445365
1070000000.0	-0.125694631346
1072000000.0	1.13746774738
1074000000.0	-0.118086552116
1076000000.0	-0.397538061662
1078000000.0	0.0200998326136
1080000000.0	-0.138047221988
1082000000.0	-0.0442639905157
1084000000.0	0.783548227892
1086000000.0	0.864161312614
1088000000.0	0.464692671974
1090000000.0	0.446372602075
1092000000.0	0.105340180085
1094000000.0	-0.538635000302
1096000000.0	-0.979983648335
1098000000.0	-0.154650141221
1100000000.0	1.20270638772
1102000000.0	-0.687191861929
1104000000.0	-0.872318470399
1106000000.0	-0.241941452094
1108000000.0	0.407508262395
1110000000.0	0.294682729315
1112000000.0	0.43791975516
1114000000.0	0.450730515064
1116000000.0	0.0233201255233
1118000000.0	-0.457410212852
1120000000.0	-0.40277634494
1122000000.0	0.204094466322
1124000000.0	0.289646677968
1126000000.0	1.05377143363
1128000000.0	0.418964994421
1130000000.0	0.0930333562804
1132000000.0	-0.150383918417
1134000000.0	0.590369403819
1136000000.0	1.0005656489
1138000000.0	-0.094532782847
1140000000.0	-0.302642790178
1142000000.0	-0.426494380121
1144000000.0	-0.831680907049
1146000000.0	-0.484560731361
1148000000.0	-0.157461945223
1150000000.0	0.580051158126
1152000000.0	-0.150655277334
1154000000.0	0.027754598307
1156000000.0	-0.626012598192
1158000000.0	-0.39728786314
1160000000.0	-0.643409390162
1162000000.0	0.55188084087
1164000000.0	-0.227365650276
1166000000.0	-1.41155680241
1168000000.0	-0.376092568154
1170000000.0	-0.313288880102
1172000000.0	-0.625157676242
1174000000.0	0.00821334664735
1176000000.0	0.900855339642
1178000000.0	0.045811199412
1180000000.0	-0.637972838582
1182000000.0	-0.331354219856
1184000000.0	-0.00240657626449
1186000000.0	0.249085651894
1188000000.0	0.276246551748
1190000000.0	0.371133591244
1192000000.0	-0.00915542859732
1194000000.0	-0.390129955439
1196000000.0	-0.965664554463
1198000000.0	-0.89014762444
1200000000.0	3.27291434118
1202000000.0	-1.38946693388
1204000000.0	-0.474677324609
1206000000.0	-0.209918869553
1208000000.0	0.405776089805
1210000000.0	0.396633062315
1212000000.0	-0.381396933159
1214000000.0	0.0725045475232
1216000000.0	-0.0206211293238
1218000000.0	1.24924833696
1220000000.0	-0.479104637477
1222000000.0	-0.455778119009
1224000000.0	0.0770414770381
1226000000.0	0.0190741985189
1228000000.0	0.284224574171
1230000000.0	0.00765290085727
1232000000.0	0.420639800091
1234000000.0	-0.113302214184
1236000000.0	0.136994868215
1238000000.0	-0.0542040976407
1240000000.0	0.257390785746
1242000000.0	0.233255565886
1244000000.0	-0.135182299774
1246000000.0	0.127423631675
1248000000.0	-0.297970125999
1250000000.0	-1.17207853756
1252000000.0	-0.654027567748
1254000000.0	-0.40920000298
1256000000.0	0.0527440509975
1258000000.0	-0.180596631635
1260000000.0	-0.968148890803
1262000000.0	-0.292460784011
1264000000.0	-0.0324001271291
1266000000.0	-0.122368272109
1268000000.0	-0.80972952597
1270000000.0	0.265703204477
1272000000.0	0.646942065353
1274000000.0	-0.0656549617911
1276000000.0	-0.0689624213442
1278000000.0	-0.109798330152
1280000000.0	0.898147684803
1282000000.0	0.913470770595
1284000000.0	0.212867316886
1286000000.0	-0.394566785184
1288000000.0	-0.850677935568
1290000000.0	0.549141939559
1292000000.0	-0.061896916458
1294000000.0	0.324611189206
1296000000.0	-0.494977284671
1298000000.0	1.09757130695
1300000000.0	-2.66657781028
1302000000.0	1.60541523296
1304000000.0	0.387474684114
1306000000.0	0.283889478798
1308000000.0	0.00326687116808
1310000000.0	-0.212263351655
1312000000.0	-0.466689752027
1314000000.0	0.623907320579
1316000000.0	0.801475287633
1318000000.0	-0.152500680265
1320000000.0	-0.280578804453
1322000000.0	0.459204120232
1324000000.0	-0.0289556328673
1326000000.0	0.234479267809
1328000000.0	-0.0921650580283
1330000000.0	0.362751191307
1332000000.0	0.126999710601
1334000000.0	-0.502874445109
1336000000.0	-0.831688605909
1338000000.0	-0.172963315503
1340000000.0	-0.116685568032
1342000000.0	-0.323655768885
1344000000.0	0.238404602914
1346000000.0	0.294489213678
1348000000.0	-0.550468475887
1350000000.0	-0.0919336492825
1352000000.0	0.116899947377
1354000000.0	-0.0466105658998
1356000000.0	0.512352392354
1358000000.0	-0.514714439548
1360000000.0	0.434096113906
1362000000.0	-0.110919628218
1364000000.0	-0.681682005586
1366000000.0	0.826249192486
1368000000.0	0.323972034307
1370000000.0	0.0452843996416
1372000000.0	0.645140793641
1374000000.0	0.697968110321
1376000000.0	-1.06533382778
1378000000.0	-0.569727584836
1380000000.0	-0.374541916361
1382000000.0	-0.310888683483
1384000000.0	0.325019827565
1386000000.0	0.388361398938
1388000000.0	-0.315752753565
1390000000.0	0.548592488893
1392000000.0	-0.452648996653
1394000000.0	-0.495617573833
1396000000.0	-0.276146940895
1398000000.0	-0.25003990564
1400000000.0	0.640825430365
1402000000.0	-0.341250743478
1404000000.0	-0.373486386757
1406000000.0	0.187210856376
1408000000.0	-0.350513903149
1410000000.0	1.0948855292
1412000000.0	0.324811664423
1414000000.0	0.404910050797
1416000000.0	1.18204408072
1418000000.0	-0.311048558849
1420000000.0	-0.427746141108
1422000000.0	0.336351796012
1424000000.0	0.901509998164
1426000000.0	-0.394941600202
1428000000.0	-0.955835140336
1430000000.0	0.130006161682
1432000000.0	0.602685637302
1434000000.0	0.671769060177
1436000000.0	-0.167577836945
1438000000.0	0.427682697801
1440000000.0	0.506583538514
1442000000.0	0.43046975665
1444000000.0	-1.11108561239
1446000000.0	-0.638919490437
1448000000.0	0.163389869801
1450000000.0	0.211431824351
1452000000.0	0.0999068323169
1454000000.0	0.0282904016016
1456000000.0	-0.38655073017
1458000000.0	-0.412090192004
1460000000.0	-1.1789714607
1462000000.0	0.600087220073
1464000000.0	0.603813431041
1466000000.0	0.763718433355
1468000000.0	1.10022916916
1470000000.0	0.113153031548
1472000000.0	-2.00004854231
1474000000.0	-0.724056160553
1476000000.0	0.236317033115
1478000000.0	0.958913108062
1480000000.0	2.21361125241
1482000000.0	0.789379706316
1484000000.0	-1.39363999762
1486000000.0	-1.10696378232
1488000000.0	-0.51187312395
1490000000.0	2.42206980567
1492000000.0	2.82532435451
1494000000.0	-0.800317625827
1496000000.0	-9.50019664446
1498000000.0	-18.0820096229
1500000000.0	51.2792579479
1502000000.0	-16.5527118094
1504000000.0	-10.1269136534
1506000000.0	-3.63783024498
1508000000.0	1.72864438277
1510000000.0	2.09525042648
1512000000.0	2.95970842393
1514000000.0	1.68326629399
1516000000.0	-0.800366163178
1518000000.0	-1.16858982069
1520000000.0	-2.1394618728
1522000000.0	-0.753012304267
1524000000.0	0.327620947189
1526000000.0	0.985821911651
1528000000.0	0.658262389796
1530000000.0	-0.356300902535
1532000000.0	-0.829340560709
1534000000.0	-0.674041143549
1536000000.0	0.0209343988548
1538000000.0	0.333558117278
1540000000.0	0.422555472198
1542000000.0	0.166214829895
1544000000.0	-0.408183231679
1546000000.0	-0.60637886773
1548000000.0	-0.486070041486
1550000000.0	1.07787697421
1552000000.0	1.06541856691
1554000000.0	0.172045128909
1556000000.0	-0.312776782757
1558000000.0	-0.823683006504
1560000000.0	-0.0843652149929
1562000000.0	0.149196644452
1564000000.0	0.916020522313
1566000000.0	0.502883572277
1568000000.0	-0.156984487581
1570000000.0	-0.0178304452613
1572000000.0	0.362662799028
1574000000.0	0.118249651675
1576000000.0	0.400360876613
1578000000.0	0.695866185319
1580000000.0	0.0577665810805
1582000000.0	0.0325083814431
1584000000.0	0.649009119423
1586000000.0	0.0749011253791
1588000000.0	0.299344615533
1590000000.0	0.184802473848
1592000000.0	-0.431743738988
1594000000.0	0.417467963952
1596000000.0	0.687093973635
1598000000.0	-0.360638272352
1600000000.0	-1.77965053325
1602000000.0	0.148897084037
1604000000.0	0.609137532731
1606000000.0	0.879114320818
1608000000.0	-0.64030020947
1610000000.0	-0.0683811897324
1612000000.0	0.0901579129821
1614000000.0	0.516201755642
1616000000.0	0.55665300083
1618000000.0	0.364953075644
1620000000.0	-0.364167392678
1622000000.0	-0.694371775017
1624000000.0	-0.771846800726
1626000000.0	0.626619335892
1628000000.0	0.0591218889109
1630000000.0	-0.457958790989
1632000000.0	0.488763481284
1634000000.0	0.611228688784
1636000000.0	-0.173492091602
1638000000.0	-0.585737788825
1640000000.0	0.494140921271
1642000000.0	0.409391791132
1644000000.0	0.793963884789
1646000000.0	-0.075402871324
1648000000.0	-0.0774342042802
1650000000.0	-0.356417627749
1652000000.0	0.612764291278
1654000000.0	-0.504996051957
1656000000.0	0.21260048795
1658000000.0	0.147196465835
1660000000.0	0.333404774543
1662000000.0	-0.35632632813
1664000000.0	-0.0172697587436
1666000000.0	-0.030714356262
1668000000.0	-0.0118636178325
1670000000.0	-0.327829330952
1672000000.0	-0.239839053881
1674000000.0	0.419933371062
1676000000.0	-0.371729476799
1678000000.0	-0.252593097427
1680000000.0	0.167606172227
1682000000.0	-0.128966183347
1684000000.0	0.161538600453
1686000000.0	0.258413610005
1688000000.0	-0.093828856243
1690000000.0	-1.09939724376
1692000000.0	1.25220137565
1694000000.0	0.193598754502
1696000000.0	0.12757448136
1698000000.0	1.0231427728
1700000000.0	0.427313260518
1702000000.0	-0.22920108722
1704000000.0	-0.236489686066
1706000000.0	0.279042114191
1708000000.0	0.132643552921
1710000000.0	0.49753717315
1712000000.0	0.010069681302
1714000000.0	-0.867060730458
1716000000.0	-0.292987970595
1718000000.0	-0.081755363105
1720000000.0	0.865265207708
1722000000.0	0.154690534688
1724000000.0	0.463149897612
1726000000.0	-0.355941564667
1728000000.0	0.417925604412
1730000000.0	0.234535685946
1732000000.0	0.0225800840525
1734000000.0	0.316554767123
1736000000.0	-0.687461850741
1738000000.0	0.337728507021
1740000000.0	0.691784544845
1742000000.0	0.224119788805
1744000000.0	-0.0895377070987
1746000000.0	0.366213501203
1748000000.0	0.940637964757
1750000000.0	2.5043113954
1752000000.0	0.083973317374
1754000000.0	-0.140526749076
1756000000.0	0.149889684997
1758000000.0	-0.217305240326
1760000000.0	0.100340088234
1762000000.0	0.0663497740482
1764000000.0	0.440667518089
1766000000.0	0.0194982187997
1768000000.0	-0.92920318229
1770000000.0	-0.334452519121
1772000000.0	-0.370580713443
1774000000.0	0.375653068021
1776000000.0	0.461096976345
1778000000.0	-0.619781047354
1780000000.0	-0.188045261513
1782000000.0	0.137551202686
1784000000.0	0.254967095023
1786000000.0	-0.189616646848
1788000000.0	0.610583161349
1790000000.0	0.13203494039
1792000000.0	0.231900036756
1794000000.0	-0.0463947103177
1796000000.0	-0.0580867245296
1798000000.0	0.966097487399
1800000000.0	-0.845765318242
1802000000.0	-0.0657901716244
1804000000.0	-0.139624100375
1806000000.0	-0.334276368632
1808000000.0	0.221169644474
1810000000.0	0.561715428353
1812000000.0	-0.107323620201
1814000000.0	-0.198754861285
1816000000.0	-0.387360254751
1818000000.0	-0.291146700239
1820000000.0	-0.0109602162568
1822000000.0	0.282989926014
1824000000.0	0.298439290212
1826000000.0	0.484418633861
1828000000.0	0.200908683223
1830000000.0	0.220307528512
1832000000.0	-0.177632251503
1834000000.0	-0.119437384066
1836000000.0	-0.208233062213
1838000000.0	0.869534225722
1840000000.0	-0.658622214107
1842000000.0	0.508011564366
1844000000.0	0.0408007318455
1846000000.0	0.303186916569
1848000000.0	0.174826630211
1850000000.0	-0.472800099012
1852000000.0	0.182711467136
1854000000.0	-0.168395312707
1856000000.0	0.241631868874
1858000000.0	-0.417542197987
1860000000.0	0.247600875416
1862000000.0	-0.0719548069329
1864000000.0	-0.155106270556
1866000000.0	0.533680364486
1868000000.0	0.00199583727282
1870000000.0	1.11723320301
1872000000.0	-0.605853761454
1874000000.0	-0.0822865587431
1876000000.0	-0.131432418861
1878000000.0	-0.307824570613
1880000000.0	0.408794697171
1882000000.0	0.133295954549
1884000000.0	0.217039615566
1886000000.0	-0.622724404991
1888000000.0	-0.396336869222
1890000000.0	0.422822358931
1892000000.0	1.15565552856
1894000000.0	0.0258029870538
1896000000.0	-1.75938741519
1898000000.0	-2.42663356866
1900000000.0	7.43915545555
1902000000.0	-3.1659594945
1904000000.0	-1.54470124674
1906000000.0	-0.965125598473
1908000000.0	0.393147141222
1910000000.0	0.068649979111
1912000000.0	0.856030306153
1914000000.0	0.446100866935
1916000000.0	0.673280536891
1918000000.0	0.0909017103738
1920000000.0	-0.299076388771
1922000000.0	-0.701703698915
1924000000.0	0.323687404994
1926000000.0	0.96235192082
1928000000.0	-0.012495529686
1930000000.0	-0.160055529137
1932000000.0	-0.427584593294
1934000000.0	-0.95698937768
1936000000.0	0.904871353255
1938000000.0	-0.0942122000676
1940000000.0	-0.261739317551
1942000000.0	0.1389694621
1944000000.0	0.0926552831697
1946000000.0	-0.201437826836
1948000000.0	-0.295657805485
1950000000.0	-0.300305622187
1952000000.0	0.234591744264
1954000000.0	-0.42353438035
1956000000.0	0.791168608338
1958000000.0	-0.082136796192
1960000000.0	-0.26258059116
1962000000.0	0.287028940341
1964000000.0	0.0668751806358
1966000000.0	-0.11910891458
1968000000.0	0.256619188787
1970000000.0	-0.300863338537
1972000000.0	0.103279381632
1974000000.0	-0.266099108433
1976000000.0	0.373735254065
1978000000.0	0.172647577281
1980000000.0	0.113495664819
1982000000.0	-0.104020790611
1984000000.0	-0.339955520323
1986000000.0	-0.38460090759
1988000000.0	-0.323354157673
1990000000.0	0.318638440851
1992000000.0	-0.267068805925
1994000000.0	0.0864979519212
1996000000.0	-0.963624785739
1998000000.0	-0.395414552194
2000000000.0	0.625
