0.0	-8.3375
2000000.0	1.77579841611
4000000.0	3.50655074539
6000000.0	1.66475730811
8000000.0	0.611679081794
10000000.0	0.275767382178
12000000.0	-1.12653949215
14000000.0	-1.681765643
16000000.0	0.480466340086
18000000.0	4.12532932224
20000000.0	5.89892523033
22000000.0	4.38129684867
24000000.0	2.39373929429
26000000.0	-0.995371938743
28000000.0	-2.37216020006
30000000.0	-4.20407137896
32000000.0	-4.35075643429
34000000.0	-1.79120173874
36000000.0	3.74671974579
38000000.0	5.57413060097
40000000.0	4.11164988643
42000000.0	3.16651219023
44000000.0	0.255341268436
46000000.0	-2.1333505195
48000000.0	-3.32702714208
50000000.0	-2.51208860781
52000000.0	-0.0916708464186
54000000.0	1.79889649376
56000000.0	2.66195135382
58000000.0	1.64019904708
60000000.0	-0.591009643228
62000000.0	-2.63236003224
64000000.0	-2.78776304333
66000000.0	-1.52842526966
68000000.0	0.100974032443
70000000.0	2.05396274979
72000000.0	2.4981680785
74000000.0	0.868076959968
76000000.0	-0.922293773661
78000000.0	-2.11358942076
80000000.0	-2.55936200227
82000000.0	-1.7163504756
84000000.0	-0.00653777945686
86000000.0	1.1269874066
88000000.0	1.2383560078
90000000.0	0.668303887373
92000000.0	-0.722834743562
94000000.0	-1.29125298168
96000000.0	-1.38732269564
98000000.0	0.0823583081502
100000000.0	0.469404540784
102000000.0	0.289521739345
104000000.0	-0.0701419969935
106000000.0	-0.749539826053
108000000.0	-1.39308647282
110000000.0	-1.33770761381
112000000.0	-0.0738252722437
114000000.0	1.0905796096
116000000.0	1.51999410194
118000000.0	0.826912006124
120000000.0	-0.311648232896
122000000.0	-1.58574369133
124000000.0	-2.7576222594
126000000.0	-0.608417061182
128000000.0	0.0391357603352
130000000.0	1.37797979955
132000000.0	1.69877380004
134000000.0	1.16270051799
136000000.0	0.162204853236
138000000.0	-1.03802891155
140000000.0	-1.20784743975
142000000.0	-1.06587621029
144000000.0	0.338040621038
146000000.0	1.19853994679
148000000.0	1.25920516344
150000000.0	0.554889122848
152000000.0	-0.890984651684
154000000.0	-1.40586028899
156000000.0	-1.03713814741
158000000.0	-0.334133344841
160000000.0	0.800535379033
162000000.0	2.07113434428
164000000.0	1.16070722211
166000000.0	0.281654928855
168000000.0	-0.967395298587
170000000.0	-1.66635982423
172000000.0	-1.5784550927
174000000.0	-0.401042510449
176000000.0	1.21854818398
178000000.0	1.03783078612
180000000.0	1.22880839584
182000000.0	0.0907265603938
184000000.0	-1.14442736269
186000000.0	-1.18289426011
188000000.0	-0.844754761745
190000000.0	-0.211974013444
192000000.0	0.877155166504
194000000.0	1.22129802221
196000000.0	0.744529916715
198000000.0	-0.417599853669
200000000.0	-0.68676473284
202000000.0	-0.553913822548
204000000.0	-0.350886371227
206000000.0	0.697990806857
208000000.0	0.854668219084
210000000.0	0.249286144157
212000000.0	-0.588281201351
214000000.0	-0.971502592039
216000000.0	-1.15866421247
218000000.0	-0.573843599183
220000000.0	0.543341789022
222000000.0	1.28710302068
224000000.0	1.20839552955
226000000.0	0.508998561327
228000000.0	-0.824490229762
230000000.0	-2.23065901514
232000000.0	-1.64534408942
234000000.0	-0.226862844707
236000000.0	1.5793436732
238000000.0	2.31542578866
240000000.0	1.64702563189
242000000.0	0.11309759712
244000000.0	-1.81291669682
246000000.0	-2.13749554293
248000000.0	-1.86139979872
250000000.0	0.391056364445
252000000.0	1.70656568071
254000000.0	3.0905331294
256000000.0	2.59205522486
258000000.0	0.268486645453
260000000.0	-2.90737492454
262000000.0	-3.89479662448
264000000.0	-2.00449056044
266000000.0	1.51048831013
268000000.0	3.46531558513
270000000.0	2.38429161776
272000000.0	0.841876296969
274000000.0	-0.869632847967
276000000.0	-2.01944040603
278000000.0	-2.41512422629
280000000.0	-2.73050039095
282000000.0	0.00625201997862
284000000.0	5.19294640529
286000000.0	6.9241339733
288000000.0	0.208021966347
290000000.0	-10.6207556588
292000000.0	-13.5060488395
294000000.0	0.3457185271
296000000.0	26.5840880724
298000000.0	46.0091915044
300000000.0	-93.3789797941
302000000.0	19.957426432
304000000.0	9.19801777316
306000000.0	8.65412822006
308000000.0	8.80660189767
310000000.0	2.46252397221
312000000.0	-7.32433550989
314000000.0	-11.4953371821
316000000.0	-6.22703348984
318000000.0	3.49716022332
320000000.0	8.71875482696
322000000.0	6.59873509451
324000000.0	1.06489920328
326000000.0	-3.88792723533
328000000.0	-4.76720216944
330000000.0	-3.36095065687
332000000.0	-0.828162823785
334000000.0	1.6851777586
336000000.0	3.48746716787
338000000.0	3.60508368248
340000000.0	1.34675181421
342000000.0	-1.94678362088
344000000.0	-3.67508882777
346000000.0	-2.92767042752
348000000.0	-0.084959922167
350000000.0	2.33016428925
352000000.0	2.58316528579
354000000.0	1.51873220322
356000000.0	-0.488442388485
358000000.0	-1.53672850112
360000000.0	-1.7134629438
362000000.0	-0.874893793644
364000000.0	0.381283928369
366000000.0	1.41810471259
368000000.0	1.15031699191
370000000.0	0.462124986289
372000000.0	-1.02729820464
374000000.0	-1.1681797727
376000000.0	-1.61647004004
378000000.0	-0.228981720691
380000000.0	1.18411865009
382000000.0	1.73320760037
384000000.0	0.754898171462
386000000.0	-0.394332006412
388000000.0	-1.53478698444
390000000.0	-1.73430048489
392000000.0	-0.755816999311
394000000.0	0.704583271831
396000000.0	1.38432278217
398000000.0	1.50338310444
400000000.0	0.352941144656
402000000.0	-1.00791252943
404000000.0	-1.57684719766
406000000.0	-1.44544391128
408000000.0	-0.177873235768
410000000.0	1.25543202508
412000000.0	1.58196510749
414000000.0	1.26033924131
416000000.0	-0.262380027778
418000000.0	-1.31307426731
420000000.0	-1.55426899708
422000000.0	-0.596637905222
424000000.0	0.247041826715
426000000.0	1.12833469719
428000000.0	1.14471426642
430000000.0	0.664844939787
432000000.0	-0.472390954837
434000000.0	-0.694354994067
436000000.0	-1.10881402832
438000000.0	-0.532981416765
440000000.0	0.305106622477
442000000.0	0.697918521903
444000000.0	0.939256011241
446000000.0	0.0918982205139
448000000.0	-0.576984708799
450000000.0	-0.690348162716
452000000.0	-0.612362662745
454000000.0	0.0863435139926
456000000.0	0.85097010664
458000000.0	0.836487586551
460000000.0	0.981876057623
462000000.0	-0.287418535003
464000000.0	-0.723813495084
466000000.0	-0.549124269447
468000000.0	-0.09118550841
470000000.0	0.636259844548
472000000.0	0.883548682651
474000000.0	0.495839125335
476000000.0	-0.150093061951
478000000.0	-0.477986906395
480000000.0	-0.706162954149
482000000.0	-0.561380701017
484000000.0	-0.122423705358
486000000.0	0.609944342311
488000000.0	0.929159643135
490000000.0	0.462960419747
492000000.0	-0.106550533192
494000000.0	-0.815760212942
496000000.0	-0.907391913292
498000000.0	-0.338126453881
500000000.0	-0.772000144167
502000000.0	0.849493467746
504000000.0	0.538963315075
506000000.0	0.415358340425
508000000.0	-0.11039528482
510000000.0	-0.789134144749
512000000.0	-0.673936723351
514000000.0	-0.28245215615
516000000.0	0.504535785085
518000000.0	0.605718419447
520000000.0	0.646480627194
522000000.0	-0.202866463556
524000000.0	-0.338011658836
526000000.0	-0.684497538846
528000000.0	-0.327724511557
530000000.0	0.108376108643
532000000.0	0.320024550975
534000000.0	0.427044943545
536000000.0	0.367854553963
538000000.0	-0.0564964166167
540000000.0	-0.348331839505
542000000.0	-0.422946346278
544000000.0	-0.239705621164
546000000.0	0.0744743003636
548000000.0	0.466072434184
550000000.0	0.53125320396
552000000.0	-0.167902601002
554000000.0	-0.1713249674
556000000.0	-0.376021292429
558000000.0	-0.14506567867
560000000.0	0.0955370492472
562000000.0	0.351747615839
564000000.0	0.453318246521
566000000.0	0.21023059146
568000000.0	-0.250378249142
570000000.0	-0.203882152958
572000000.0	-0.273561576915
574000000.0	-0.204882717433
576000000.0	0.132689637396
578000000.0	0.485897189933
580000000.0	0.052527776129
582000000.0	-0.303028963716
584000000.0	-0.478906922903
586000000.0	-0.613138111888
588000000.0	-0.388922297806
590000000.0	0.0467138455222
592000000.0	0.453245179057
594000000.0	0.559277517649
596000000.0	0.395646571645
598000000.0	0.0773277977136
600000000.0	-1.00771187826
602000000.0	0.00755964484679
604000000.0	0.0831618363997
606000000.0	0.24212956976
608000000.0	0.0856936260664
610000000.0	0.0667736415456
612000000.0	0.000617700428317
614000000.0	-0.0505644071193
616000000.0	-0.231248806109
618000000.0	-0.0104999734951
620000000.0	0.0525105809897
622000000.0	-0.375275622304
624000000.0	-0.0749238784104
626000000.0	0.332454714201
628000000.0	0.0932263058401
630000000.0	-0.140956542722
632000000.0	-0.297793232743
634000000.0	0.00669055916227
636000000.0	0.223562164539
638000000.0	0.13781350264
640000000.0	0.103549107798
642000000.0	-0.00298054462794
644000000.0	-0.149031541607
646000000.0	-0.00225966973839
648000000.0	-0.494259569867
650000000.0	0.271344903407
652000000.0	0.255192266005
654000000.0	0.611716565154
656000000.0	-0.222540352631
658000000.0	-0.0802076628962
660000000.0	-0.0471925792617
662000000.0	-0.0339076330552
664000000.0	-0.167530296071
666000000.0	0.234779329052
668000000.0	-0.0237698552997
670000000.0	0.232961509635
672000000.0	0.329327566533
674000000.0	-0.109603684762
676000000.0	-0.0713806700882
678000000.0	-0.108724668895
680000000.0	-0.0496430096656
682000000.0	0.146398284754
684000000.0	-0.134540509138
686000000.0	-0.0567160240907
688000000.0	0.0876265575164
690000000.0	0.269889418112
692000000.0	0.1661668006
694000000.0	-0.101577306211
696000000.0	0.172538253174
698000000.0	0.186656347304
700000000.0	-1.1611038186
702000000.0	0.317832598809
704000000.0	0.561181338997
706000000.0	0.186338474778
708000000.0	-0.0872927219518
710000000.0	-0.0696319344774
712000000.0	0.122485335245
714000000.0	0.0618375806583
716000000.0	-0.225434887379
718000000.0	0.226274490292
720000000.0	0.033646337461
722000000.0	0.0618819074002
724000000.0	-0.0726294234783
726000000.0	-0.267031672321
728000000.0	-0.162389443762
730000000.0	-0.0438049935153
732000000.0	-0.00359890324664
734000000.0	0.258574253462
736000000.0	-0.167759935353
738000000.0	-0.0817509987284
740000000.0	0.049548647458
742000000.0	-0.0309058917704
744000000.0	0.181965545161
746000000.0	-0.0523437030618
748000000.0	-0.156027610067
750000000.0	0.79987077191
752000000.0	-0.270005098052
754000000.0	0.128460164446
756000000.0	-0.059193790241
758000000.0	-0.280488357249
760000000.0	-0.243827001074
762000000.0	0.444528372133
764000000.0	-0.163637173425
766000000.0	0.360387927537
768000000.0	0.255160745787
770000000.0	-0.183614651028
772000000.0	-0.337854248913
774000000.0	-0.303704675068
776000000.0	0.293592563199
778000000.0	0.128854352809
780000000.0	0.226488996784
782000000.0	0.134248999404
784000000.0	-0.116461796775
786000000.0	0.00600132567125
788000000.0	-0.191468226989
790000000.0	0.000450988911992
792000000.0	-0.0288191702018
794000000.0	0.250305393725
796000000.0	-0.0733365966671
798000000.0	0.016255208466
800000000.0	0.356025033352
802000000.0	-0.12660011524
804000000.0	-0.262250714279
806000000.0	-0.147471922885
808000000.0	0.085136545644
810000000.0	0.346620026315
812000000.0	-0.0557815813564
814000000.0	-0.122097143694
816000000.0	-0.0824865946948
818000000.0	-0.182033555837
820000000.0	0.0664731892744
822000000.0	0.108044704555
824000000.0	0.383282623935
826000000.0	0.25105355958
828000000.0	0.0174833043574
830000000.0	-0.406043650951
832000000.0	-0.302558228063
834000000.0	-0.236194983235
836000000.0	0.146038358572
838000000.0	0.353810150826
840000000.0	0.324831446242
842000000.0	0.0648889923262
844000000.0	-0.086124424439
846000000.0	-0.475913375961
848000000.0	-0.460193737557
850000000.0	-0.298263793969
852000000.0	0.0823734967109
854000000.0	0.87356775683
856000000.0	0.565841473065
858000000.0	0.216618280414
860000000.0	-0.62086316136
862000000.0	-0.959678367863
864000000.0	-0.811925683988
866000000.0	0.218963739405
868000000.0	0.475268034131
870000000.0	0.496726748935
872000000.0	0.381613722202
874000000.0	-0.232528208166
876000000.0	-0.677280061905
878000000.0	-0.324898564132
880000000.0	-0.879713642565
882000000.0	-0.135585022704
884000000.0	1.5740741621
886000000.0	1.95527111944
888000000.0	0.147154640965
890000000.0	-3.15012466571
892000000.0	-4.00269451368
894000000.0	0.135434872388
896000000.0	8.63517084168
898000000.0	15.382556435
900000000.0	-31.7033335374
902000000.0	7.19955264501
904000000.0	3.49145523238
906000000.0	2.63067951224
908000000.0	2.71696148505
910000000.0	0.451232972582
912000000.0	-2.28620438821
914000000.0	-3.63863775506
916000000.0	-1.98988143907
918000000.0	1.16016692027
920000000.0	2.92141676952
922000000.0	2.04071119831
924000000.0	0.322077494127
926000000.0	-1.39279665367
928000000.0	-1.54296570335
930000000.0	-1.27890204106
932000000.0	-0.221991752445
934000000.0	0.645777629013
936000000.0	1.24699719809
938000000.0	1.05548888553
940000000.0	0.2543202578
942000000.0	-0.478561330953
944000000.0	-0.987726269811
946000000.0	-1.08473070527
948000000.0	0.192695814231
950000000.0	1.08897689194
952000000.0	0.753605840608
954000000.0	0.583082957293
956000000.0	-0.380707257951
958000000.0	-0.65184067518
960000000.0	-0.805710417071
962000000.0	-0.00287261865048
964000000.0	0.273879340459
966000000.0	0.583924671141
968000000.0	0.324943106831
970000000.0	-0.168020563442
972000000.0	-0.386109156766
974000000.0	-0.480972527246
976000000.0	-0.355283810542
978000000.0	0.127676410624
980000000.0	0.594071779371
982000000.0	0.61203394109
984000000.0	0.512118379136
986000000.0	-0.120053254507
988000000.0	-0.424733232006
990000000.0	-0.280918729274
992000000.0	-0.12241295059
994000000.0	0.13583224561
996000000.0	0.692964590899
998000000.0	0.453912317321
1000000000.0	1.08125
1002000000.0	-0.454239191135
1004000000.0	-0.721029846436
1006000000.0	-0.542091860865
1008000000.0	0.0573958767193
1010000000.0	0.636674901393
1012000000.0	0.307752843472
1014000000.0	0.29430301967
1016000000.0	0.0447165856713
1018000000.0	-0.518003350059
1020000000.0	-0.423118375639
1022000000.0	0.00521008038961
1024000000.0	0.547682782415
1026000000.0	0.199944349346
1028000000.0	0.312115990409
1030000000.0	0.110901658597
1032000000.0	-0.164674804814
1034000000.0	-0.391858548659
1036000000.0	-0.429871746892
1038000000.0	-0.139819389074
1040000000.0	0.167984186806
1042000000.0	0.153223999235
1044000000.0	0.444403723274
1046000000.0	-0.328144373487
1048000000.0	-0.377315357251
1050000000.0	-0.179462361225
1052000000.0	0.0181561437805
1054000000.0	0.295386329258
1056000000.0	0.569736401068
1058000000.0	0.0205737725092
1060000000.0	0.0948175680302
1062000000.0	-0.324184985598
1064000000.0	-0.128058876207
1066000000.0	-0.171115539092
1068000000.0	-0.0890500651218
1070000000.0	0.449938269391
1072000000.0	0.372958511242
1074000000.0	-0.0343645546662
1076000000.0	-0.22719122752
1078000000.0	-0.298743533817
1080000000.0	-0.107890332964
1082000000.0	0.151607454901
1084000000.0	0.0239753475027
1086000000.0	0.198883904196
1088000000.0	0.136217929647
1090000000.0	0.160094164522
1092000000.0	-0.433711586918
1094000000.0	-0.213862266169
1096000000.0	-0.0689368587177
1098000000.0	-0.134764310217
1100000000.0	-0.27148890083
1102000000.0	0.463263875423
1104000000.0	0.108918001987
1106000000.0	0.241396668532
1108000000.0	0.0330151329433
1110000000.0	-0.251932734769
1112000000.0	-0.167230557116
1114000000.0	0.25106147014
1116000000.0	0.00939478019329
1118000000.0	0.104391890519
1120000000.0	0.0624628583218
1122000000.0	-0.0253526282527
1124000000.0	-0.157324580326
1126000000.0	-0.235268301685
1128000000.0	0.189256996524
1130000000.0	0.0735264139666
1132000000.0	0.0213375403357
1134000000.0	-0.248003674501
1136000000.0	0.0581004814792
1138000000.0	0.0719716071482
1140000000.0	-0.344550436084
1142000000.0	0.165255475887
1144000000.0	0.140525937973
1146000000.0	0.207908854464
1148000000.0	0.44779508557
1150000000.0	-0.283975014756
1152000000.0	-0.303019495926
1154000000.0	-0.118848326187
1156000000.0	0.0941951934064
1158000000.0	-0.260404771615
1160000000.0	0.174793172289
1162000000.0	0.163365666567
1164000000.0	0.155313934523
1166000000.0	0.0597266200168
1168000000.0	-0.359260581568
1170000000.0	-0.153170682936
1172000000.0	-0.0726370146889
1174000000.0	-0.0241215422798
1176000000.0	0.176548335364
1178000000.0	-0.0246538984585
1180000000.0	-0.100204755932
1182000000.0	-0.0376678960082
1184000000.0	-0.259587400995
1186000000.0	-0.345500109421
1188000000.0	-0.0953110681838
1190000000.0	-0.0751722557096
1192000000.0	0.206468714205
1194000000.0	-0.0636512007633
1196000000.0	0.19379089931
1198000000.0	0.102150719431
1200000000.0	-0.709191144656
1202000000.0	0.126994820557
1204000000.0	0.285949971546
1206000000.0	0.0759296972169
1208000000.0	-0.201237241454
1210000000.0	0.00296821076085
1212000000.0	-0.0328575065877
1214000000.0	-0.0825414659332
1216000000.0	-0.0408791978954
1218000000.0	-0.0138755738764
1220000000.0	-0.066311707122
1222000000.0	-0.12133900473
1224000000.0	-0.108992519966
1226000000.0	-0.0151915258087
1228000000.0	-0.00367645935939
1230000000.0	-0.103733617283
1232000000.0	0.167080218533
1234000000.0	-0.246241997889
1236000000.0	-0.0872114382866
1238000000.0	0.00899038244684
1240000000.0	0.0643410556326
1242000000.0	-0.251312913955
1244000000.0	0.048921898292
1246000000.0	0.309794385423
1248000000.0	-0.102714621761
1250000000.0	0.94943793852
1252000000.0	-0.0189129752369
1254000000.0	-0.172661811269
1256000000.0	-0.057055029824
1258000000.0	0.0646896695618
1260000000.0	-0.00759993773817
1262000000.0	-0.065550082321
1264000000.0	-0.104780889326
1266000000.0	-0.105893905278
1268000000.0	0.0539602387249
1270000000.0	0.0210579383722
1272000000.0	0.265844122301
1274000000.0	-0.0895507233628
1276000000.0	0.0130122057421
1278000000.0	-0.0715286037458
1280000000.0	0.206818414656
1282000000.0	-0.140044023146
1284000000.0	-0.190605472628
1286000000.0	-0.314148351222
1288000000.0	-0.155208908582
1290000000.0	0.0279385847839
1292000000.0	0.176330246234
1294000000.0	0.508561348659
1296000000.0	0.750655835789
1298000000.0	0.961242200908
1300000000.0	-3.47937251354
1302000000.0	1.35003691494
1304000000.0	0.998278180567
1306000000.0	0.184609552953
1308000000.0	-0.244696988671
1310000000.0	-0.407088255825
1312000000.0	-0.399822945675
1314000000.0	0.0853707299548
1316000000.0	0.0934801206241
1318000000.0	0.0419668953738
1320000000.0	-0.0231483494083
1322000000.0	-0.0114090946714
1324000000.0	-0.136580560615
1326000000.0	-0.0756401311734
1328000000.0	-0.198010913319
1330000000.0	0.0107813784644
1332000000.0	-0.0683572331105
1334000000.0	0.176646146551
1336000000.0	0.0750649446415
1338000000.0	-0.195847697948
1340000000.0	-0.18248084063
1342000000.0	-0.171495528881
1344000000.0	0.0555907873831
1346000000.0	-0.0109000938535
1348000000.0	0.397729150059
1350000000.0	-0.0275752075853
1352000000.0	0.0146767795103
1354000000.0	-0.0345010615622
1356000000.0	0.0612763070901
1358000000.0	-0.292012808192
1360000000.0	-0.0926317336729
1362000000.0	0.100828978571
1364000000.0	-0.0192708003396
1366000000.0	0.0761828314922
1368000000.0	0.527932749488
1370000000.0	-0.256818358661
1372000000.0	0.306283407743
1374000000.0	0.83754538063
1376000000.0	-0.836579615857
1378000000.0	0.0750538179312
1380000000.0	0.00268114389337
1382000000.0	-0.12977762285
1384000000.0	-0.22444891346
1386000000.0	-0.107222137998
1388000000.0	-0.112169754175
1390000000.0	-0.183184406789
1392000000.0	-0.0142254466176
1394000000.0	0.122431931952
1396000000.0	-0.0559825882817
1398000000.0	-0.148937689795
1400000000.0	0.256882238158
1402000000.0	-0.2399857082
1404000000.0	-0.0435022451585
1406000000.0	-0.0077951001673
1408000000.0	-0.0252400880296
1410000000.0	0.13547362563
1412000000.0	0.0517759872367
1414000000.0	-0.0817931068303
1416000000.0	0.00785025622962
1418000000.0	0.0873627977233
1420000000.0	0.108044382987
1422000000.0	0.0990039746668
1424000000.0	0.138041013875
1426000000.0	0.0990837153598
1428000000.0	-0.16939903821
1430000000.0	-0.507274243645
1432000000.0	-0.130186142672
1434000000.0	-0.141353476348
1436000000.0	0.328619101428
1438000000.0	0.417482262601
1440000000.0	-0.0667757164103
1442000000.0	0.103041838494
1444000000.0	-0.000387895842853
1446000000.0	-0.180431461591
1448000000.0	-0.181148953606
1450000000.0	-0.12732950373
1452000000.0	0.205010574416
1454000000.0	0.123161745293
1456000000.0	0.423988367991
1458000000.0	0.293184435664
1460000000.0	-0.374938917914
1462000000.0	-0.700975127299
1464000000.0	-0.391305857163
1466000000.0	0.318137590293
1468000000.0	0.383736350194
1470000000.0	0.324860567238
1472000000.0	0.251788036128
1474000000.0	0.128906425489
1476000000.0	-0.0557793938725
1478000000.0	-0.264792220078
1480000000.0	-0.504671334725
1482000000.0	-0.049015615739
1484000000.0	0.441317988811
1486000000.0	1.12721681369
1488000000.0	-0.259947199017
1490000000.0	-1.30781802569
1492000000.0	-1.56027954927
1494000000.0	0.221900404654
1496000000.0	3.98541698211
1498000000.0	6.9984151379
1500000000.0	-14.4279998558
1502000000.0	3.88516675186
1504000000.0	1.66814583808
1506000000.0	1.46541290242
1508000000.0	0.97202291451
1510000000.0	0.0606285751215
1512000000.0	-1.01268569039
1514000000.0	-1.58084347836
1516000000.0	-0.816340095725
1518000000.0	0.684191625463
1520000000.0	1.27120836905
1522000000.0	0.97500513379
1524000000.0	0.106150532377
1526000000.0	-0.8442457411
1528000000.0	-0.75898249967
1530000000.0	-0.2768662818
1532000000.0	-0.182106853334
1534000000.0	0.34228124329
1536000000.0	0.47494713202
1538000000.0	0.607666048449
1540000000.0	-0.048083725678
1542000000.0	0.0304357982582
1544000000.0	-0.386795817527
1546000000.0	-0.0554310870728
1548000000.0	-0.0444418791507
1550000000.0	-0.0488310911459
1552000000.0	0.0203122159079
1554000000.0	-0.000280910765004
1556000000.0	-0.280602018092
1558000000.0	-0.240785026835
1560000000.0	-0.0508512579618
1562000000.0	-0.210621816974
1564000000.0	0.264897718305
1566000000.0	0.118115920744
1568000000.0	0.185593381046
1570000000.0	0.0466059227438
1572000000.0	-0.151618390027
1574000000.0	-0.0859796350124
1576000000.0	-0.362461208259
1578000000.0	0.328796091715
1580000000.0	-0.0396761121938
1582000000.0	-0.0154485690519
1584000000.0	0.0694678727903
1586000000.0	0.280970650564
1588000000.0	-0.262720844654
1590000000.0	-0.202766415356
1592000000.0	-0.279064558274
1594000000.0	0.0941842584945
1596000000.0	0.535656227435
1598000000.0	0.0096117934755
1600000000.0	-0.468525033352
1602000000.0	-0.0628662107416
1604000000.0	-0.227478170109
1606000000.0	-0.109111632732
1608000000.0	0.244294931164
1610000000.0	0.173861066221
1612000000.0	0.151971086956
1614000000.0	0.159403593504
1616000000.0	0.32110156094
1618000000.0	-0.394229104381
1620000000.0	-0.265879119102
1622000000.0	-0.0838262514701
1624000000.0	0.19815680571
1626000000.0	0.112658410068
1628000000.0	0.104019672753
1630000000.0	0.256077850282
1632000000.0	-0.115317833951
1634000000.0	-0.0902028760224
1636000000.0	-0.271379459104
1638000000.0	0.121446882138
1640000000.0	-0.0837655163455
1642000000.0	0.165319578102
1644000000.0	-0.00568648873698
1646000000.0	0.153460348953
1648000000.0	-0.0766715508802
1650000000.0	0.0350153581678
1652000000.0	-0.0775429074758
1654000000.0	0.159172301351
1656000000.0	-0.0737149790955
1658000000.0	-0.209211635794
1660000000.0	0.0914290041898
1662000000.0	0.0230937783637
1664000000.0	0.185974039312
1666000000.0	0.174127417872
1668000000.0	-0.178379411382
1670000000.0	0.0529569451865
1672000000.0	0.325510864462
1674000000.0	-0.234335435412
1676000000.0	-0.507430913621
1678000000.0	0.149587205241
1680000000.0	-0.307251695949
1682000000.0	0.092647583375
1684000000.0	0.173265904
1686000000.0	0.0526361237935
1688000000.0	-0.0642594578628
1690000000.0	-0.0544461044566
1692000000.0	0.0359047373331
1694000000.0	0.139075076118
1696000000.0	0.206615339049
1698000000.0	0.534152300889
1700000000.0	-0.74272764791
1702000000.0	0.276511889501
1704000000.0	0.242702361849
1706000000.0	-0.027289453555
1708000000.0	0.244983299066
1710000000.0	-0.144418233874
1712000000.0	-0.221248047094
1714000000.0	0.14162923131
1716000000.0	-0.137600333498
1718000000.0	0.0122828693221
1720000000.0	0.100930826235
1722000000.0	0.0160230700638
1724000000.0	-0.146168097807
1726000000.0	-0.0815825825913
1728000000.0	0.280005258265
1730000000.0	-0.0895793029347
1732000000.0	-0.143898373838
1734000000.0	-0.0475637227959
1736000000.0	0.105793351506
1738000000.0	-0.286265712488
1740000000.0	-0.205191662709
1742000000.0	-0.171580534848
1744000000.0	0.0130998779864
1746000000.0	0.106581358587
1748000000.0	0.0302675186467
1750000000.0	-1.24036507488
1752000000.0	-0.0320078423119
1754000000.0	-0.462387032972
1756000000.0	0.0208829251027
1758000000.0	-0.11063218961
1760000000.0	0.0575623428019
1762000000.0	-0.00669894584831
1764000000.0	-0.0287279064828
1766000000.0	-0.0748474857102
1768000000.0	-0.247838994171
1770000000.0	-0.236976024102
1772000000.0	-0.0623269480011
1774000000.0	-0.0358631423907
1776000000.0	-0.0612460619953
1778000000.0	0.0699808294814
1780000000.0	-0.00787055870212
1782000000.0	-0.0678529386229
1784000000.0	-0.0680122597703
1786000000.0	0.00388529610734
1788000000.0	-0.00976563194253
1790000000.0	0.183365272656
1792000000.0	0.0858152099416
1794000000.0	0.193998148646
1796000000.0	-0.150949389847
1798000000.0	0.18188507811
1800000000.0	-0.581155627058
1802000000.0	0.0996044191999
1804000000.0	0.0273068461657
1806000000.0	-0.0482934601786
1808000000.0	-0.396373962447
1810000000.0	0.0189132402244
1812000000.0	0.12998609754
1814000000.0	-0.171789773668
1816000000.0	0.308372827078
1818000000.0	-0.114270431236
1820000000.0	-0.0260854349484
1822000000.0	-0.131859309405
1824000000.0	-0.0669869496728
1826000000.0	-0.141363632906
1828000000.0	-0.308654810683
1830000000.0	0.131769715515
1832000000.0	-0.153776887658
1834000000.0	0.104600527119
1836000000.0	-0.142342950649
1838000000.0	0.0462907529113
1840000000.0	0.107932500003
1842000000.0	0.0831246354778
1844000000.0	-0.119689668643
1846000000.0	-0.22016680507
1848000000.0	0.1110470799
1850000000.0	0.337624268172
1852000000.0	-0.0283163626375
1854000000.0	-0.0994580723763
1856000000.0	-0.254214073019
1858000000.0	-0.143763134198
1860000000.0	0.160483333526
1862000000.0	0.14489979387
1864000000.0	0.233245635539
1866000000.0	-0.0283797777782
1868000000.0	0.154656302792
1870000000.0	0.0276543437293
1872000000.0	0.112190979944
1874000000.0	-0.293668450964
1876000000.0	-0.117545707013
1878000000.0	0.0935535109918
1880000000.0	0.250321628164
1882000000.0	-0.0103288709651
1884000000.0	-0.566998771824
1886000000.0	-0.627982354364
1888000000.0	-0.552900936366
1890000000.0	-0.0203246612772
1892000000.0	0.122502853467
1894000000.0	0.407732769831
1896000000.0	1.04398046071
1898000000.0	1.99180705039
1900000000.0	-7.46989832832
1902000000.0	2.97376898725
1904000000.0	1.96992524393
1906000000.0	0.195234717122
1908000000.0	-0.492536736095
1910000000.0	-0.79041922485
1912000000.0	-0.213149028695
1914000000.0	0.262271954941
1916000000.0	-0.0388491480388
1918000000.0	0.207355300363
1920000000.0	-0.261658841939
1922000000.0	-0.0695577386443
1924000000.0	-0.271161853408
1926000000.0	-0.10450227374
1928000000.0	-0.284534666785
1930000000.0	0.0189072401355
1932000000.0	0.0296142627018
1934000000.0	0.166593131324
1936000000.0	-0.156385878782
1938000000.0	-0.158934416207
1940000000.0	-0.112312891074
1942000000.0	0.113515207587
1944000000.0	0.016821260111
1946000000.0	-0.113198897329
1948000000.0	0.0954594450514
1950000000.0	-0.00639429481335
1952000000.0	-0.0514795026635
1954000000.0	-0.14067487049
1956000000.0	0.137141070161
1958000000.0	-0.156983847456
1960000000.0	-0.111713664394
1962000000.0	0.115508577777
1964000000.0	0.0774533237233
1966000000.0	-0.267809461423
1968000000.0	-0.157359642968
1970000000.0	-0.0655093571044
1972000000.0	-0.144992997063
1974000000.0	-0.283515075148
1976000000.0	-0.131130287733
1978000000.0	0.278601129344
1980000000.0	0.106474462644
1982000000.0	-0.249987413335
1984000000.0	0.0438014218455
1986000000.0	-0.0685054527256
1988000000.0	-0.241792441041
1990000000.0	-0.0641280105221
1992000000.0	0.0763657518009
1994000000.0	-0.0195620523832
1996000000.0	-0.196521357166
1998000000.0	-0.314655414049
2000000000.0	1.275
