0.0	-49.140625
2000000.0	2.48948895133
4000000.0	4.23844524981
6000000.0	4.18751363732
8000000.0	-3.2386408633
10000000.0	-6.15260859705
12000000.0	-7.77236787695
14000000.0	-4.45179289221
16000000.0	2.34566456561
18000000.0	11.3856584427
20000000.0	15.5382293525
22000000.0	8.75669801848
24000000.0	-6.18277323218
26000000.0	-16.1355191949
28000000.0	-15.2919128138
30000000.0	-3.40690033858
32000000.0	8.08428368868
34000000.0	12.4779030757
36000000.0	7.05627903681
38000000.0	1.02798168955
40000000.0	-6.08797556432
42000000.0	-8.41307831575
44000000.0	-4.6730582441
46000000.0	1.14095968589
48000000.0	3.87113063437
50000000.0	2.00731609825
52000000.0	0.244138007383
54000000.0	-3.1836053238
56000000.0	-2.59765522265
58000000.0	-0.158386214376
60000000.0	2.83273606806
62000000.0	3.06207446931
64000000.0	1.13122247709
66000000.0	-2.7432577973
68000000.0	-3.95824977615
70000000.0	-1.20161530195
72000000.0	2.31863317426
74000000.0	3.01909267336
76000000.0	3.11354456861
78000000.0	-0.917111502986
80000000.0	-4.05102497058
82000000.0	-3.25525307561
84000000.0	-0.137024014661
86000000.0	5.24993147007
88000000.0	5.11067060086
90000000.0	1.60925335824
92000000.0	-4.01591050312
94000000.0	-5.46906563519
96000000.0	-3.89799189531
98000000.0	1.03944927362
100000000.0	5.89861566063
102000000.0	4.64451156948
104000000.0	0.0465117615385
106000000.0	-4.00089515781
108000000.0	-5.09898911234
110000000.0	-3.04701839069
112000000.0	2.172109069
114000000.0	3.88168439453
116000000.0	3.15492650559
118000000.0	0.429383274128
120000000.0	-3.77319705039
122000000.0	-5.44684508664
124000000.0	-1.90904357012
126000000.0	3.23880970942
128000000.0	4.05128569341
130000000.0	1.51884384033
132000000.0	-0.187953619482
134000000.0	-1.81881917809
136000000.0	-1.81605195033
138000000.0	1.20762669621
140000000.0	3.3418374087
142000000.0	2.80303930486
144000000.0	-0.708583429032
146000000.0	-4.6220494173
148000000.0	-3.63616165365
150000000.0	-0.415346161213
152000000.0	3.20295673937
154000000.0	4.66149381564
156000000.0	2.6654411177
158000000.0	-1.35232350301
160000000.0	-3.86364302028
162000000.0	-2.73947913704
164000000.0	0.139852598626
166000000.0	2.37044128585
168000000.0	2.66457884763
170000000.0	1.11891321737
172000000.0	-2.16467698722
174000000.0	-2.74009660774
176000000.0	-0.821798612545
178000000.0	1.34325269264
180000000.0	3.76577872378
182000000.0	1.99954778336
184000000.0	-0.948709517649
186000000.0	-3.21386114129
188000000.0	-3.29589230288
190000000.0	0.483846117409
192000000.0	3.27961576892
194000000.0	4.23273071457
196000000.0	1.21799466157
198000000.0	-3.14284857017
200000000.0	-3.19316326126
202000000.0	-2.23878101936
204000000.0	1.35122980344
206000000.0	3.30643965696
208000000.0	3.35010314837
210000000.0	-1.01146003706
212000000.0	-3.92776190046
214000000.0	-4.81564085814
216000000.0	-0.657186035157
218000000.0	4.55129045686
220000000.0	5.6536797896
222000000.0	2.32180987975
224000000.0	-2.25501397925
226000000.0	-4.70045843265
228000000.0	-3.19148999255
230000000.0	0.0135663171641
232000000.0	5.06719629801
234000000.0	3.54166734423
236000000.0	0.569069161283
238000000.0	-3.05499388862
240000000.0	-4.31996799334
242000000.0	-1.05590288465
244000000.0	3.4664821669
246000000.0	5.13585365263
248000000.0	2.23068450367
250000000.0	-1.34274059705
252000000.0	-5.38767771306
254000000.0	-4.02920679126
256000000.0	0.581024364467
258000000.0	5.59091691907
260000000.0	6.79489476151
262000000.0	2.55665312016
264000000.0	-5.5142069892
266000000.0	-10.7943097099
268000000.0	-7.08567075084
270000000.0	3.85317616747
272000000.0	14.4650220839
274000000.0	15.4466906045
276000000.0	2.57696727803
278000000.0	-13.5914764301
280000000.0	-20.0328833835
282000000.0	-9.7834620439
284000000.0	12.5786107329
286000000.0	22.6153060902
288000000.0	11.5504802647
290000000.0	-14.1704548317
292000000.0	-28.704904423
294000000.0	-4.47816141788
296000000.0	57.1617408262
298000000.0	121.32909218
300000000.0	-311.712474541
302000000.0	108.884050135
304000000.0	65.3197279394
306000000.0	25.1378489536
308000000.0	-4.54376139175
310000000.0	-19.9326198395
312000000.0	-22.3471525444
314000000.0	-14.4893025959
316000000.0	0.923787800051
318000000.0	13.03940633
320000000.0	15.7446176378
322000000.0	7.25758860975
324000000.0	-5.96319549333
326000000.0	-10.6629235415
328000000.0	-6.93340794638
330000000.0	1.633488094
332000000.0	8.15471276609
334000000.0	5.21137401174
336000000.0	-2.24777143731
338000000.0	-6.24482141035
340000000.0	-5.25771286294
342000000.0	0.986460463713
344000000.0	4.83951326888
346000000.0	4.90909595008
348000000.0	-0.684454730342
350000000.0	-4.47069703705
352000000.0	-4.17918784347
354000000.0	0.331428085726
356000000.0	3.80012594152
358000000.0	4.99229725668
360000000.0	1.8873520842
362000000.0	-3.25015203799
364000000.0	-4.67584573703
366000000.0	-4.13369058008
368000000.0	0.184961472587
370000000.0	3.93355436783
372000000.0	4.19434633643
374000000.0	1.7648880588
376000000.0	-1.31761863705
378000000.0	-2.88745143885
380000000.0	-2.24616901209
382000000.0	0.205919194035
384000000.0	1.76589721165
386000000.0	1.2081492752
388000000.0	0.298706237989
390000000.0	-1.33848637036
392000000.0	-1.31093539298
394000000.0	0.0457464115424
396000000.0	0.98478074388
398000000.0	1.46085414745
400000000.0	0.628047629922
402000000.0	-1.56694260118
404000000.0	-2.45654693983
406000000.0	-0.769314814798
408000000.0	1.32650066746
410000000.0	2.53286958335
412000000.0	2.6399684717
414000000.0	0.516639400628
416000000.0	-1.39230120782
418000000.0	-2.75721951086
420000000.0	-1.15694399348
422000000.0	0.175839816571
424000000.0	2.35393997602
426000000.0	1.10021146205
428000000.0	0.0744808272902
430000000.0	-0.810975436656
432000000.0	-0.802690055381
434000000.0	0.289693203464
436000000.0	1.08481185213
438000000.0	1.71208033437
440000000.0	-0.0877239856528
442000000.0	-1.21639106436
444000000.0	-0.611418088304
446000000.0	-0.783864610963
448000000.0	0.38709299486
450000000.0	1.24552960404
452000000.0	0.919395868695
454000000.0	-0.381144036692
456000000.0	-0.988253316896
458000000.0	-1.50298364019
460000000.0	0.295586190523
462000000.0	0.562910361656
464000000.0	1.17176362351
466000000.0	1.47238831687
468000000.0	-0.597569545678
470000000.0	-1.86058617362
472000000.0	-1.12496915436
474000000.0	-0.00306813877823
476000000.0	1.22730371851
478000000.0	1.17034814687
480000000.0	-0.0706763254335
482000000.0	-0.54062581312
484000000.0	-1.09131894355
486000000.0	-0.326023524414
488000000.0	0.827116097662
490000000.0	0.0467812738489
492000000.0	0.57088253934
494000000.0	0.181328973401
496000000.0	-0.723135293652
498000000.0	-0.360699880661
500000000.0	1.97749082671
502000000.0	0.887259634276
504000000.0	0.64811078683
506000000.0	0.537293802144
508000000.0	-0.0530564806704
510000000.0	-1.00089450433
512000000.0	-0.164122974369
514000000.0	0.247343399574
516000000.0	1.29967844396
518000000.0	1.28938526045
520000000.0	-0.2894456716
522000000.0	-0.104421784956
524000000.0	-1.20594303267
526000000.0	-0.829089379039
528000000.0	0.683482814599
530000000.0	0.640653671036
532000000.0	0.887015460958
534000000.0	-1.04186998263
536000000.0	-0.716100760837
538000000.0	-0.568969340204
540000000.0	0.197020271168
542000000.0	0.996287144288
544000000.0	-0.0326802244829
546000000.0	-0.113659086677
548000000.0	-0.576444638876
550000000.0	-0.664631783222
552000000.0	-0.444457363298
554000000.0	0.51228045497
556000000.0	0.902072670547
558000000.0	0.0906767153095
560000000.0	-0.19491436005
562000000.0	-0.846092313966
564000000.0	-0.262435972317
566000000.0	0.624389164189
568000000.0	0.0355051542804
570000000.0	0.913358939208
572000000.0	0.494390892733
574000000.0	-0.750473904303
576000000.0	-1.30904475194
578000000.0	-0.182178148328
580000000.0	0.132389336292
582000000.0	0.935050327299
584000000.0	0.29622860815
586000000.0	-0.723712391436
588000000.0	-0.490093918206
590000000.0	-0.613785764906
592000000.0	-0.0333920338755
594000000.0	0.337831901412
596000000.0	0.668620910076
598000000.0	0.0175018198543
600000000.0	0.113908403498
602000000.0	-0.196282310263
604000000.0	0.261683538652
606000000.0	0.0813795343989
608000000.0	0.502835451721
610000000.0	-0.137463528731
612000000.0	0.0404367696167
614000000.0	0.146912847024
616000000.0	0.0828656265075
618000000.0	-0.25568702009
620000000.0	0.664027971466
622000000.0	0.855232268011
624000000.0	1.15736759002
626000000.0	-1.31216826838
628000000.0	-0.761886168817
630000000.0	-0.517753024513
632000000.0	-0.213645254846
634000000.0	0.345316003825
636000000.0	1.10472845379
638000000.0	-0.470671647442
640000000.0	-0.405639565705
642000000.0	-0.324394236247
644000000.0	-0.190818396825
646000000.0	0.998676787512
648000000.0	-0.556395897758
650000000.0	0.0575692945318
652000000.0	-0.447684322629
654000000.0	-0.391408384008
656000000.0	-0.800136848892
658000000.0	0.396994955208
660000000.0	0.222699053342
662000000.0	0.767785903186
664000000.0	0.00199338454146
666000000.0	-0.359116444884
668000000.0	-0.592415076457
670000000.0	-0.323623290661
672000000.0	0.24342756747
674000000.0	0.698871289683
676000000.0	0.0724068432547
678000000.0	-0.0864643325127
680000000.0	-0.11372761811
682000000.0	-0.463235627391
684000000.0	0.098024802462
686000000.0	0.217298468044
688000000.0	0.296663442712
690000000.0	0.0857532752587
692000000.0	-0.488411820981
694000000.0	-0.166369135934
696000000.0	-0.349682060896
698000000.0	0.325592407869
700000000.0	1.5459841809
702000000.0	0.624114381058
704000000.0	0.0441027350014
706000000.0	-0.211276665694
708000000.0	-0.233065585238
710000000.0	-0.544416029802
712000000.0	0.262639517801
714000000.0	0.476814590083
716000000.0	-0.0613714110178
718000000.0	0.287044172119
720000000.0	0.0651786269996
722000000.0	-0.85415114359
724000000.0	0.242010798448
726000000.0	0.333868170615
728000000.0	-0.0673017039013
730000000.0	-0.402445444321
732000000.0	-0.636622130655
734000000.0	-0.445168976924
736000000.0	-0.26502120807
738000000.0	0.0685924851333
740000000.0	-0.10838500041
742000000.0	-0.173645970132
744000000.0	-0.467546259552
746000000.0	0.0690325080443
748000000.0	-0.68043025903
750000000.0	0.969479340392
752000000.0	-0.321370001947
754000000.0	0.603922449476
756000000.0	-0.283495816392
758000000.0	-0.727409499082
760000000.0	-0.660075085671
762000000.0	0.195680540032
764000000.0	0.390718429359
766000000.0	0.535686955678
768000000.0	0.407070724228
770000000.0	-0.339680568415
772000000.0	-0.475292677501
774000000.0	-0.072273092226
776000000.0	-0.556147710411
778000000.0	0.186464886731
780000000.0	0.0795278846898
782000000.0	-0.288232488067
784000000.0	-0.168624358044
786000000.0	0.110020828538
788000000.0	-0.0907095780978
790000000.0	0.368491005151
792000000.0	0.0670454873862
794000000.0	-0.224312740357
796000000.0	-1.10326370295
798000000.0	-0.266370351302
800000000.0	-1.69887402123
802000000.0	0.756740371195
804000000.0	0.973836480809
806000000.0	0.700586199753
808000000.0	0.893292892682
810000000.0	-0.380786212025
812000000.0	-1.03435796615
814000000.0	-1.00829593686
816000000.0	0.0738941447159
818000000.0	1.61831609523
820000000.0	1.43574935778
822000000.0	0.0511815274778
824000000.0	-1.38589400437
826000000.0	-0.560777731414
828000000.0	0.159793651239
830000000.0	1.27281456183
832000000.0	0.586763123639
834000000.0	0.195452889897
836000000.0	-0.687614240199
838000000.0	-0.926450079654
840000000.0	-0.180966047555
842000000.0	-0.163061178843
844000000.0	1.24845277062
846000000.0	0.578309860192
848000000.0	-0.547018843476
850000000.0	-0.713758146987
852000000.0	-1.46006722283
854000000.0	0.159039295518
856000000.0	1.35694396132
858000000.0	1.18694525116
860000000.0	1.76549144835
862000000.0	-0.626727822223
864000000.0	-1.62406401359
866000000.0	-1.65785649073
868000000.0	-1.35821328997
870000000.0	0.0909136268297
872000000.0	2.8765335649
874000000.0	2.06282715703
876000000.0	0.284708350787
878000000.0	-2.27715471884
880000000.0	-2.79158862629
882000000.0	-0.369948680891
884000000.0	2.76609346017
886000000.0	3.38172316821
888000000.0	0.240630782903
890000000.0	-7.87962294488
892000000.0	-9.11436594804
894000000.0	2.89428277233
896000000.0	28.4756967957
898000000.0	56.401193181
900000000.0	-145.718371539
902000000.0	51.1827705381
904000000.0	28.7712224774
906000000.0	7.09410549697
908000000.0	-5.30539830057
910000000.0	-7.88676611555
912000000.0	-4.95564745544
914000000.0	-0.853584766306
916000000.0	1.05879265391
918000000.0	3.11107843972
920000000.0	1.81817880964
922000000.0	-0.0461665348184
924000000.0	-0.675504459254
926000000.0	-1.50702588557
928000000.0	-0.576014978438
930000000.0	0.778006916609
932000000.0	1.24877828765
934000000.0	-0.0899959020573
936000000.0	-1.31796196128
938000000.0	-1.7609674115
940000000.0	-0.567280012666
942000000.0	1.48375446498
944000000.0	1.15472527334
946000000.0	1.5263945049
948000000.0	-1.1476258301
950000000.0	-0.796405677494
952000000.0	-0.906303186594
954000000.0	0.213161145058
956000000.0	0.884146191746
958000000.0	0.561763893967
960000000.0	0.728338508112
962000000.0	-0.851173081982
964000000.0	-1.04858087105
966000000.0	-0.421749335522
968000000.0	1.28865115443
970000000.0	1.7156134822
972000000.0	0.433235395687
974000000.0	-0.871489553554
976000000.0	-0.938072974483
978000000.0	-1.18430296566
980000000.0	0.630711191323
982000000.0	0.368571002171
984000000.0	0.860637606872
986000000.0	0.299906224071
988000000.0	-0.0336459983588
990000000.0	-0.734258775214
992000000.0	-0.7602396868
994000000.0	0.391372495391
996000000.0	0.571373553092
998000000.0	-0.149611120112
1000000000.0	2.25
1002000000.0	-0.820530966925
1004000000.0	-1.21993258215
1006000000.0	-0.0743671977821
1008000000.0	0.820963159896
1010000000.0	1.17098772219
1012000000.0	0.432119318368
1014000000.0	0.931199501397
1016000000.0	-1.46117140055
1018000000.0	-0.839616095193
1020000000.0	-0.477372462241
1022000000.0	0.592034856233
1024000000.0	0.77906079748
1026000000.0	-0.223144957129
1028000000.0	0.0675992700195
1030000000.0	-1.02913315239
1032000000.0	-0.671291876014
1034000000.0	0.605692280004
1036000000.0	0.362236604829
1038000000.0	-0.367377418455
1040000000.0	0.356095687621
1042000000.0	-0.298340101766
1044000000.0	-0.546822869924
1046000000.0	0.111720094837
1048000000.0	-0.228876323161
1050000000.0	0.475484307966
1052000000.0	-0.025790491382
1054000000.0	-0.326634073564
1056000000.0	-0.790190733178
1058000000.0	0.172153406785
1060000000.0	0.0715099872481
1062000000.0	0.727840039204
1064000000.0	0.559791785882
1066000000.0	0.498567349381
1068000000.0	0.474418831431
1070000000.0	-0.0206553686086
1072000000.0	-0.496903735092
1074000000.0	-0.154320405792
1076000000.0	0.0424103493304
1078000000.0	-0.095865273534
1080000000.0	0.288075374362
1082000000.0	-0.335530458233
1084000000.0	-1.16048322693
1086000000.0	0.20387521838
1088000000.0	-0.626517635327
1090000000.0	-0.0464313204095
1092000000.0	-0.422866410635
1094000000.0	-0.23025971788
1096000000.0	-0.265964002323
1098000000.0	0.618762203751
1100000000.0	0.58121782952
1102000000.0	0.230088169203
1104000000.0	-0.192366895796
1106000000.0	0.14832056041
1108000000.0	0.0751548208064
1110000000.0	-0.146534366738
1112000000.0	-0.119818190947
1114000000.0	-0.949387644768
1116000000.0	0.767464007305
1118000000.0	0.315254863068
1120000000.0	0.244012720506
1122000000.0	0.303888005613
1124000000.0	-0.987691711109
1126000000.0	1.27607307893
1128000000.0	-0.135905932801
1130000000.0	0.807636430441
1132000000.0	0.320466159915
1134000000.0	-1.04757283208
1136000000.0	-0.292645124389
1138000000.0	0.253827864127
1140000000.0	0.161876060282
1142000000.0	-0.321859237695
1144000000.0	0.0224916424802
1146000000.0	-0.396774964616
1148000000.0	-0.540563159988
1150000000.0	0.130721613407
1152000000.0	-0.521232694533
1154000000.0	0.552899675409
1156000000.0	0.729976747713
1158000000.0	-0.0165056347333
1160000000.0	-0.00932860206438
1162000000.0	-0.48874826473
1164000000.0	-0.247359440559
1166000000.0	0.241154225945
1168000000.0	-0.432898718819
1170000000.0	0.65422840037
1172000000.0	0.439667498889
1174000000.0	-0.660038820784
1176000000.0	-0.235797304251
1178000000.0	-0.231501066149
1180000000.0	0.486371277963
1182000000.0	-0.418368378029
1184000000.0	0.381898546228
1186000000.0	-0.0847092539426
1188000000.0	-0.0473437531693
1190000000.0	0.092266349949
1192000000.0	0.484092041901
1194000000.0	0.608913159328
1196000000.0	-0.424072421118
1198000000.0	-1.5154680164
1200000000.0	1.60632737008
1202000000.0	-1.12877861169
1204000000.0	-0.442506105059
1206000000.0	-0.0797715745845
1208000000.0	0.777462846068
1210000000.0	-0.0323472213197
1212000000.0	0.00729788486472
1214000000.0	0.0239173586421
1216000000.0	0.019795748055
1218000000.0	-0.0652920992806
1220000000.0	0.00145305289986
1222000000.0	0.225292160101
1224000000.0	-0.113210465343
1226000000.0	-0.25882210073
1228000000.0	0.460730154643
1230000000.0	-0.145905952093
1232000000.0	0.0290860264081
1234000000.0	0.0536824016877
1236000000.0	-0.636875081727
1238000000.0	-0.62791494389
1240000000.0	-0.140938094939
1242000000.0	0.704813544417
1244000000.0	0.428888036892
1246000000.0	0.961953855125
1248000000.0	-0.00798241726434
1250000000.0	2.42209826186
1252000000.0	-0.0171897067512
1254000000.0	0.225556162811
1256000000.0	0.235061882593
1258000000.0	-0.0274251384312
1260000000.0	-0.394159843784
1262000000.0	-0.389991945108
1264000000.0	0.143604123475
1266000000.0	-0.0668571931146
1268000000.0	0.512643719273
1270000000.0	0.457380550747
1272000000.0	0.232757988529
1274000000.0	-0.0993896658481
1276000000.0	0.00490642672737
1278000000.0	0.3459173968
1280000000.0	-0.00592581827192
1282000000.0	-0.407827801945
1284000000.0	-0.0380233894195
1286000000.0	0.19200075526
1288000000.0	0.704495469385
1290000000.0	-0.395288152277
1292000000.0	-0.114064403502
1294000000.0	-0.617874783722
1296000000.0	-0.256185719747
1298000000.0	0.822858945351
1300000000.0	-0.43976697086
1302000000.0	0.453526321427
1304000000.0	-0.380028356149
1306000000.0	-0.0758279950796
1308000000.0	0.224227830949
1310000000.0	-0.467494634161
1312000000.0	0.410487095945
1314000000.0	-0.329507803625
1316000000.0	0.52124182855
1318000000.0	0.302053751746
1320000000.0	0.350950380681
1322000000.0	0.509344871914
1324000000.0	-0.238177515383
1326000000.0	0.31552359139
1328000000.0	0.375293968723
1330000000.0	0.490663693131
1332000000.0	-0.318941141254
1334000000.0	0.536234654515
1336000000.0	-0.565501817872
1338000000.0	0.147748013674
1340000000.0	0.0707724893002
1342000000.0	-0.300198704761
1344000000.0	-0.846079568998
1346000000.0	0.430111900199
1348000000.0	-0.124620739394
1350000000.0	-0.240206728937
1352000000.0	0.684847527245
1354000000.0	0.0176371701846
1356000000.0	-0.539702922669
1358000000.0	-0.235753478136
1360000000.0	-0.784599846986
1362000000.0	-0.610176453253
1364000000.0	0.561551145244
1366000000.0	0.013519634409
1368000000.0	-0.769980584133
1370000000.0	0.600978857931
1372000000.0	0.230822802348
1374000000.0	0.141799483951
1376000000.0	1.33477395342
1378000000.0	0.431630532555
1380000000.0	0.280975720981
1382000000.0	0.101911730152
1384000000.0	-0.134487587957
1386000000.0	-0.117435845908
1388000000.0	0.12618265618
1390000000.0	0.837198642371
1392000000.0	0.945535357147
1394000000.0	-0.0893505860221
1396000000.0	-0.144562199798
1398000000.0	-0.415029198825
1400000000.0	-1.34492743879
1402000000.0	0.898494778478
1404000000.0	0.700022022683
1406000000.0	0.373405792874
1408000000.0	0.776091649691
1410000000.0	-0.267543672475
1412000000.0	-0.0322146204
1414000000.0	-0.43035234192
1416000000.0	0.680057503933
1418000000.0	0.202887222725
1420000000.0	0.770428433285
1422000000.0	-0.0194443420156
1424000000.0	-0.56670695722
1426000000.0	-0.449278869103
1428000000.0	0.133339890593
1430000000.0	1.16304312623
1432000000.0	-0.581320222344
1434000000.0	-0.452514015296
1436000000.0	-0.0478499192077
1438000000.0	-0.111272222321
1440000000.0	-0.212404334543
1442000000.0	0.82172473799
1444000000.0	0.694840030896
1446000000.0	0.0264733087151
1448000000.0	-1.33289633602
1450000000.0	-0.449531399317
1452000000.0	-0.898143023675
1454000000.0	-0.104940730836
1456000000.0	0.521939129216
1458000000.0	-0.0797361190875
1460000000.0	-0.233086811023
1462000000.0	-0.323614004437
1464000000.0	-0.965416275248
1466000000.0	-1.22886246766
1468000000.0	0.3678048082
1470000000.0	1.12953956756
1472000000.0	0.0104357991236
1474000000.0	0.220085307167
1476000000.0	-0.884707963141
1478000000.0	-0.243193842458
1480000000.0	0.472127041512
1482000000.0	1.27660710023
1484000000.0	0.426296409968
1486000000.0	0.526968245162
1488000000.0	-0.99840821572
1490000000.0	-3.89437558653
1492000000.0	-2.6626255136
1494000000.0	2.16065509938
1496000000.0	11.5294115153
1498000000.0	23.7727493295
1500000000.0	-62.2587408267
1502000000.0	20.1857812277
1504000000.0	11.6873433358
1506000000.0	2.03038004885
1508000000.0	-2.78542162302
1510000000.0	-3.40708559227
1512000000.0	-1.97323514393
1514000000.0	-0.356764004988
1516000000.0	1.26060355939
1518000000.0	0.868050394905
1520000000.0	0.510530187887
1522000000.0	-0.266112680968
1524000000.0	0.178695666499
1526000000.0	0.178682239051
1528000000.0	1.51531756718
1530000000.0	0.629497798387
1532000000.0	0.555711411429
1534000000.0	-0.593007927402
1536000000.0	-0.958385376673
1538000000.0	0.0425161562151
1540000000.0	-0.391270330784
1542000000.0	1.55391952471
1544000000.0	0.95252288316
1546000000.0	0.158638919179
1548000000.0	-0.754567092181
1550000000.0	-0.191233220862
1552000000.0	-0.307019762644
1554000000.0	0.678755641178
1556000000.0	0.377562161125
1558000000.0	0.740464634084
1560000000.0	-0.162091766662
1562000000.0	-0.181569453633
1564000000.0	-0.171648258559
1566000000.0	0.191706244492
1568000000.0	0.242224828836
1570000000.0	0.475894785598
1572000000.0	-0.15039847742
1574000000.0	0.663582526465
1576000000.0	0.156683333363
1578000000.0	-0.205585708929
1580000000.0	0.458406977149
1582000000.0	0.775708538999
1584000000.0	-0.0221391271939
1586000000.0	0.214549455993
1588000000.0	0.134747321317
1590000000.0	-0.191605797312
1592000000.0	0.106094844994
1594000000.0	0.221769837066
1596000000.0	0.697284211612
1598000000.0	-0.0732679579969
1600000000.0	0.29262402123
1602000000.0	-0.92005007396
1604000000.0	0.186992705534
1606000000.0	0.103852420958
1608000000.0	-0.412782038797
1610000000.0	0.763602980138
1612000000.0	0.616712616292
1614000000.0	0.171797792032
1616000000.0	0.848572254178
1618000000.0	-0.177252073369
1620000000.0	0.371083009153
1622000000.0	-0.0119967646131
1624000000.0	0.010584982045
1626000000.0	0.0890823534924
1628000000.0	-0.920551048834
1630000000.0	-0.614754518968
1632000000.0	0.266560689882
1634000000.0	-0.0451618200802
1636000000.0	-0.454401567128
1638000000.0	-0.17053601041
1640000000.0	-0.521964003558
1642000000.0	0.23621516393
1644000000.0	0.280460981213
1646000000.0	0.190483136494
1648000000.0	-0.410987639949
1650000000.0	0.0955239896843
1652000000.0	0.312869346149
1654000000.0	0.498430189148
1656000000.0	-0.259976308091
1658000000.0	0.469467811439
1660000000.0	0.19518897601
1662000000.0	0.168798520485
1664000000.0	0.11012431859
1666000000.0	0.780207813956
1668000000.0	0.200339053679
1670000000.0	-0.768680426521
1672000000.0	0.809297950487
1674000000.0	-0.0268171763892
1676000000.0	0.241549735249
1678000000.0	0.258252247148
1680000000.0	-0.598042319039
1682000000.0	-0.164508602983
1684000000.0	0.346883283263
1686000000.0	0.0923260709259
1688000000.0	0.464390129496
1690000000.0	0.204739693939
1692000000.0	-0.192110494031
1694000000.0	-0.241274041798
1696000000.0	-0.0783057804462
1698000000.0	1.5693603487
1700000000.0	-1.03409672378
1702000000.0	0.144936855375
1704000000.0	0.421890479016
1706000000.0	0.078204486264
1708000000.0	-0.342535175735
1710000000.0	0.30555434062
1712000000.0	0.661721385012
1714000000.0	0.404099416335
1716000000.0	0.477754185111
1718000000.0	0.679480389825
1720000000.0	-0.409765578638
1722000000.0	0.174678473244
1724000000.0	-0.394340361369
1726000000.0	0.329221149412
1728000000.0	0.010040115323
1730000000.0	-0.0798813815706
1732000000.0	0.615203522583
1734000000.0	-0.0346814740443
1736000000.0	-0.225964344661
1738000000.0	0.17692037379
1740000000.0	-0.208958927269
1742000000.0	0.017633415175
1744000000.0	-0.0628153734982
1746000000.0	0.298506264572
1748000000.0	0.0105414847627
1750000000.0	-1.6738370052
1752000000.0	-0.0381034234848
1754000000.0	-0.995972611827
1756000000.0	-0.100902312347
1758000000.0	0.0667014480547
1760000000.0	0.361880463538
1762000000.0	0.502678789731
1764000000.0	0.460815736166
1766000000.0	0.547146899882
1768000000.0	0.242020466028
1770000000.0	-0.349429802856
1772000000.0	-0.725295993448
1774000000.0	-0.574429093156
1776000000.0	-0.159902436442
1778000000.0	0.43579872756
1780000000.0	0.586021832965
1782000000.0	0.654075796912
1784000000.0	-0.0935265277505
1786000000.0	-0.472421556138
1788000000.0	0.0447389492773
1790000000.0	0.139727498741
1792000000.0	-0.0873146274507
1794000000.0	0.417165822525
1796000000.0	-0.417386326396
1798000000.0	-0.732363858769
1800000000.0	1.15855729656
1802000000.0	-0.665455037702
1804000000.0	-0.425540096118
1806000000.0	-0.325897385348
1808000000.0	-0.180995654472
1810000000.0	-0.0614469128472
1812000000.0	-0.43084329471
1814000000.0	0.0804332464557
1816000000.0	-0.124467991424
1818000000.0	-0.0903506786899
1820000000.0	-0.386608074252
1822000000.0	0.115067288047
1824000000.0	0.692163349482
1826000000.0	-0.206362160646
1828000000.0	-0.0999658041995
1830000000.0	-0.0369664781077
1832000000.0	0.83385526278
1834000000.0	-0.136655529455
1836000000.0	-0.14080022792
1838000000.0	-0.374596675272
1840000000.0	-0.261978886223
1842000000.0	0.49850280747
1844000000.0	0.453041618062
1846000000.0	0.236349646014
1848000000.0	-0.196129293583
1850000000.0	-0.764917286876
1852000000.0	-0.231666190053
1854000000.0	0.141396345637
1856000000.0	0.474618641368
1858000000.0	-0.0962632039287
1860000000.0	0.0867178472306
1862000000.0	0.235046512755
1864000000.0	-0.732400657907
1866000000.0	-0.146418033799
1868000000.0	0.304693155334
1870000000.0	-0.204342716313
1872000000.0	0.312443580704
1874000000.0	0.785215317629
1876000000.0	-0.795333708724
1878000000.0	-0.15720537117
1880000000.0	-1.05212440883
1882000000.0	-0.315791853288
1884000000.0	-0.226886278381
1886000000.0	0.215215476431
1888000000.0	0.0818580457636
1890000000.0	-0.327935403265
1892000000.0	-1.15679885968
1894000000.0	-1.00989923992
1896000000.0	2.16649243787
1898000000.0	2.70375085071
1900000000.0	-9.30860789623
1902000000.0	3.91688969921
1904000000.0	2.44183141297
1906000000.0	0.344339502057
1908000000.0	-0.387414909243
1910000000.0	-0.923853005829
1912000000.0	-0.588043567262
1914000000.0	-0.274358866694
1916000000.0	-0.340691385164
1918000000.0	-0.429548331308
1920000000.0	0.174752234258
1922000000.0	0.796431406913
1924000000.0	-0.447388237278
1926000000.0	-0.270799847002
1928000000.0	-0.477738154546
1930000000.0	-0.0151246393091
1932000000.0	0.15698197459
1934000000.0	-0.502923459129
1936000000.0	0.0868282722428
1938000000.0	0.10597107675
1940000000.0	-0.303252931453
1942000000.0	1.07135243586
1944000000.0	0.219407778925
1946000000.0	0.362579644406
1948000000.0	0.194104499152
1950000000.0	-0.680417465924
1952000000.0	-1.25054175713
1954000000.0	-0.059530702827
1956000000.0	0.0136125160338
1958000000.0	-0.30434956727
1960000000.0	-0.356976828895
1962000000.0	-0.16300248252
1964000000.0	-0.547306239018
1966000000.0	0.830216889703
1968000000.0	0.1465947329
1970000000.0	0.180377209447
1972000000.0	-0.386845424201
1974000000.0	-0.0507475145853
1976000000.0	-0.620103490992
1978000000.0	0.372713821339
1980000000.0	0.152535788862
1982000000.0	-0.201649575669
1984000000.0	0.480520077991
1986000000.0	0.450747464762
1988000000.0	-0.254822294796
1990000000.0	0.0328221598551
1992000000.0	0.06863749767
1994000000.0	-0.0299137297359
1996000000.0	-0.308578520216
1998000000.0	-0.483122043571
2000000000.0	1.703125
