0.0	-2.939061
2000000.0	0.102410494892
4000000.0	0.284322635262
6000000.0	-0.188466534486
8000000.0	-0.107095249563
10000000.0	-0.0122643990714
12000000.0	0.0167250297758
14000000.0	-0.0749995509805
16000000.0	-0.0757094305462
18000000.0	0.158810212888
20000000.0	0.3603761828
22000000.0	0.362480041954
24000000.0	0.216918435036
26000000.0	-0.247616053371
28000000.0	-0.642541898371
30000000.0	-0.829912186308
32000000.0	-0.509192550883
34000000.0	0.355574671075
36000000.0	1.05722689652
38000000.0	1.01674053097
40000000.0	0.43898177067
42000000.0	-0.119049576202
44000000.0	-0.532127720702
46000000.0	-0.76928583969
48000000.0	-0.506574247545
50000000.0	0.119017028019
52000000.0	0.69952692972
54000000.0	0.934504903154
56000000.0	0.587518257417
58000000.0	0.0508296626211
60000000.0	-0.759392044764
62000000.0	-0.923360985021
64000000.0	-0.648728254146
66000000.0	-0.0280812195091
68000000.0	0.694123961089
70000000.0	1.00144825619
72000000.0	0.664210828826
74000000.0	0.0885712816912
76000000.0	-0.466081665703
78000000.0	-0.864279464644
80000000.0	-0.727439751489
82000000.0	-0.12235821147
84000000.0	0.450694086765
86000000.0	0.763736242241
88000000.0	0.691328514957
90000000.0	0.233227045991
92000000.0	-0.274931319126
94000000.0	-0.541446852317
96000000.0	-0.465427805262
98000000.0	-0.133560787674
100000000.0	0.159468072544
102000000.0	0.539990207661
104000000.0	0.302939031595
106000000.0	0.144923366218
108000000.0	-0.093620565487
110000000.0	-0.174711452598
112000000.0	-0.156091178456
114000000.0	-0.00745273647295
116000000.0	0.147070498926
118000000.0	0.116014732344
120000000.0	-0.00631260818853
122000000.0	-0.0544794684598
124000000.0	-0.00254326166206
126000000.0	-0.0889110929964
128000000.0	0.19735222048
130000000.0	0.135747014123
132000000.0	0.136298498513
134000000.0	-0.0940315193296
136000000.0	-0.249444889034
138000000.0	-0.425917677886
140000000.0	-0.126158013198
142000000.0	0.0638938933532
144000000.0	0.413780016635
146000000.0	0.396845774094
148000000.0	0.229880499266
150000000.0	-0.240224671735
152000000.0	-0.39398525752
154000000.0	-0.432996198539
156000000.0	-0.187497537531
158000000.0	0.0675512950724
160000000.0	0.412751410636
162000000.0	0.441018471773
164000000.0	0.144849245194
166000000.0	-0.183800774626
168000000.0	-0.369074810156
170000000.0	-0.396471783407
172000000.0	-0.166587833219
174000000.0	0.154325677727
176000000.0	0.382719157799
178000000.0	0.263077643814
180000000.0	0.114245786416
182000000.0	-0.0958859809917
184000000.0	-0.287785824095
186000000.0	-0.224865686447
188000000.0	0.0873513983127
190000000.0	0.249175482145
192000000.0	0.283379056483
194000000.0	0.0849000969213
196000000.0	-0.0947334536319
198000000.0	-0.23468235319
200000000.0	-0.281623943916
202000000.0	0.0105851513132
204000000.0	0.297223471346
206000000.0	0.456702110229
208000000.0	0.271705157569
210000000.0	-0.126737153388
212000000.0	-0.44762643226
214000000.0	-0.594829491897
216000000.0	-0.198617269733
218000000.0	0.248323636412
220000000.0	0.579458953615
222000000.0	0.564085792855
224000000.0	0.256537663084
226000000.0	-0.164800380784
228000000.0	-0.562617066619
230000000.0	-0.615182843744
232000000.0	-0.393811752048
234000000.0	0.106068276702
236000000.0	0.590739320564
238000000.0	0.609681726493
240000000.0	0.271131475146
242000000.0	-0.139272662266
244000000.0	-0.51987277969
246000000.0	-0.594018274092
248000000.0	-0.257890367956
250000000.0	0.144174204997
252000000.0	0.377511554743
254000000.0	0.351970826593
256000000.0	0.060633972199
258000000.0	-0.118693859282
260000000.0	-0.193441485841
262000000.0	-0.0439869843838
264000000.0	0.317817833427
266000000.0	0.317531509065
268000000.0	-0.0762314729061
270000000.0	-0.4581755937
272000000.0	-0.824861900717
274000000.0	-0.632430068746
276000000.0	0.170601548193
278000000.0	1.27943691788
280000000.0	1.89822182806
282000000.0	1.40005070825
284000000.0	-0.438191708098
286000000.0	-2.7139292289
288000000.0	-4.1868006576
290000000.0	-3.3708133432
292000000.0	0.621456206679
294000000.0	7.25327757412
296000000.0	14.8257138616
298000000.0	21.1628800567
300000000.0	-73.5894412175
302000000.0	21.2057869841
304000000.0	15.8736366102
306000000.0	8.1770974173
308000000.0	0.886814015721
310000000.0	-3.89133313091
312000000.0	-5.19712693328
314000000.0	-3.74661263013
316000000.0	-0.92679996432
318000000.0	1.64498835169
320000000.0	2.76075697664
322000000.0	2.30334635241
324000000.0	0.836992673348
326000000.0	-0.72650151821
328000000.0	-1.53099065784
330000000.0	-1.34904357207
332000000.0	-0.731438889111
334000000.0	0.244742143445
336000000.0	0.765458335223
338000000.0	0.795266772828
340000000.0	0.556123975394
342000000.0	0.11575511807
344000000.0	-0.20651548078
346000000.0	-0.364015863687
348000000.0	-0.280578441949
350000000.0	-0.25218540051
352000000.0	-0.171839221341
354000000.0	-0.070919073555
356000000.0	0.0214887483488
358000000.0	0.212162408675
360000000.0	0.351475900607
362000000.0	0.370613967241
364000000.0	0.250478560755
366000000.0	-0.0869554136092
368000000.0	-0.468877502921
370000000.0	-0.658937932192
372000000.0	-0.462617837016
374000000.0	-0.0147198066248
376000000.0	0.469705712675
378000000.0	0.740320413747
380000000.0	0.62812916609
382000000.0	0.172070341091
384000000.0	-0.371098317201
386000000.0	-0.806625597063
388000000.0	-0.702261156903
390000000.0	-0.353828010911
392000000.0	0.263013055533
394000000.0	0.740344780867
396000000.0	0.693440494762
398000000.0	0.364891130501
400000000.0	-0.208629971999
402000000.0	-0.55661649544
404000000.0	-0.730389668311
406000000.0	-0.437480479271
408000000.0	0.105516217998
410000000.0	0.385735280313
412000000.0	0.546485950452
414000000.0	0.452911150383
416000000.0	0.088804514555
418000000.0	-0.24774974839
420000000.0	-0.547211632421
422000000.0	-0.30467099124
424000000.0	-0.211086138757
426000000.0	0.178846263342
428000000.0	0.285359461087
430000000.0	0.220294338843
432000000.0	0.150593755662
434000000.0	0.0322306644856
436000000.0	-0.134180394706
438000000.0	-0.242799430601
440000000.0	-0.210176688289
442000000.0	-0.0849651546099
444000000.0	-0.0700423826092
446000000.0	0.0249326244294
448000000.0	0.147079273147
450000000.0	0.220310741501
452000000.0	0.197454795077
454000000.0	0.113745551073
456000000.0	-0.0661813515634
458000000.0	-0.126296935064
460000000.0	-0.20882690104
462000000.0	-0.215430844155
464000000.0	-0.0622099875511
466000000.0	0.151462199596
468000000.0	0.258492918731
470000000.0	0.227789049265
472000000.0	0.0870074930171
474000000.0	-0.142766224784
476000000.0	-0.30833315141
478000000.0	-0.346294768211
480000000.0	-0.194756311824
482000000.0	0.104172140075
484000000.0	0.287924255403
486000000.0	0.360816291655
488000000.0	0.265509363232
490000000.0	0.0237462663129
492000000.0	-0.234973974483
494000000.0	-0.403582248858
496000000.0	-0.323225239428
498000000.0	-0.0604448617503
500000000.0	-0.034331376535
502000000.0	0.276865759718
504000000.0	0.306401484471
506000000.0	0.115489931342
508000000.0	-0.136572649163
510000000.0	-0.175098643901
512000000.0	-0.300707514977
514000000.0	-0.123759723641
516000000.0	-0.0714191959895
518000000.0	0.145737579773
520000000.0	0.242007104247
522000000.0	0.240265901123
524000000.0	0.0756928873052
526000000.0	-0.0154831250198
528000000.0	-0.112262864933
530000000.0	-0.146511776186
532000000.0	-0.0359699017964
534000000.0	-0.0364816079023
536000000.0	-0.00181719846384
538000000.0	0.0795651039125
540000000.0	0.0380424073545
542000000.0	0.194167115856
544000000.0	0.0557146476104
546000000.0	0.0145636408213
548000000.0	-0.0313202829937
550000000.0	-0.118890169597
552000000.0	-0.143531225014
554000000.0	-0.00919769749251
556000000.0	0.0942018613745
558000000.0	0.0946309707892
560000000.0	0.225047652723
562000000.0	0.0896349323636
564000000.0	-0.0147479666712
566000000.0	-0.113564200422
568000000.0	-0.198422067754
570000000.0	-0.18719914099
572000000.0	-0.0105335955144
574000000.0	0.124718479768
576000000.0	0.212280857381
578000000.0	0.279886891474
580000000.0	0.0562765612475
582000000.0	0.00189387958323
584000000.0	-0.170613911087
586000000.0	-0.294404054337
588000000.0	-0.0880929677881
590000000.0	-0.0221160467297
592000000.0	0.0873601316391
594000000.0	0.183092352484
596000000.0	0.112779968817
598000000.0	-0.0378176169847
600000000.0	0.292594666926
602000000.0	-0.277603400783
604000000.0	-0.224310098189
606000000.0	-0.165008919922
608000000.0	-0.0727607203562
610000000.0	0.0629122223759
612000000.0	0.228612598279
614000000.0	0.154750762715
616000000.0	0.0784372776719
618000000.0	-0.14748506197
620000000.0	-0.100723793097
622000000.0	-0.10998219377
624000000.0	-0.0770587543533
626000000.0	0.0767280159595
628000000.0	0.100687931689
630000000.0	0.12333292079
632000000.0	0.141055672016
634000000.0	0.118696996506
636000000.0	0.00395997161983
638000000.0	-0.0619231785618
640000000.0	-0.0775966861109
642000000.0	-0.0407852795111
644000000.0	-0.113920803147
646000000.0	0.0102799781923
648000000.0	0.105099093964
650000000.0	0.158537443282
652000000.0	0.0981894026857
654000000.0	-0.0152172733938
656000000.0	-0.0549919752579
658000000.0	-0.0905831881238
660000000.0	-0.138802914153
662000000.0	-0.0479662691165
664000000.0	-0.0129110191271
666000000.0	0.140690575948
668000000.0	0.191421845288
670000000.0	0.140297794264
672000000.0	0.00397378532593
674000000.0	-0.0508889677403
676000000.0	-0.21863405642
678000000.0	-0.0980557852056
680000000.0	-0.0227813500754
682000000.0	0.111030630718
684000000.0	0.14381434048
686000000.0	0.187018215418
688000000.0	0.155748353903
690000000.0	-0.0241122687988
692000000.0	-0.0815530383632
694000000.0	-0.136448766006
696000000.0	-0.091002245602
698000000.0	-0.0177150589434
700000000.0	-0.0282071311834
702000000.0	0.105053741801
704000000.0	0.10742673035
706000000.0	0.150273082826
708000000.0	-0.00821314402881
710000000.0	-0.0754151117046
712000000.0	-0.17591840835
714000000.0	-0.0815356998092
716000000.0	-0.00386588140577
718000000.0	0.0501795068335
720000000.0	0.133910809692
722000000.0	0.098602483686
724000000.0	0.139087996184
726000000.0	0.0176600711584
728000000.0	-0.125784962297
730000000.0	-0.139960074417
732000000.0	-0.20578439276
734000000.0	-0.0403368518741
736000000.0	0.0226790253326
738000000.0	0.220703530077
740000000.0	0.120457659571
742000000.0	0.184779817446
744000000.0	-0.028813311738
746000000.0	-0.161994059333
748000000.0	-0.118056252043
750000000.0	-0.15919815825
752000000.0	0.0165223523098
754000000.0	0.142542407128
756000000.0	0.142246979238
758000000.0	0.0892257256637
760000000.0	0.0865309341278
762000000.0	-0.0808181518177
764000000.0	-0.11486295268
766000000.0	-0.0266314481473
768000000.0	-0.162404960898
770000000.0	-0.058117620555
772000000.0	0.0436631523209
774000000.0	-0.0198209716146
776000000.0	0.061644676434
778000000.0	0.0125009376873
780000000.0	-0.00437848549707
782000000.0	-0.0497612123871
784000000.0	-0.178890269662
786000000.0	-0.0469813175462
788000000.0	0.0126819727573
790000000.0	-0.0269898844473
792000000.0	0.0456397384467
794000000.0	0.158700485596
796000000.0	0.0792962271387
798000000.0	0.14946418117
800000000.0	-0.0697540771573
802000000.0	-0.124766144004
804000000.0	-0.0683782363016
806000000.0	-0.152727351644
808000000.0	-0.00390282134003
810000000.0	0.071430461266
812000000.0	0.150512385388
814000000.0	0.247046220193
816000000.0	0.148354509404
818000000.0	-0.0818844728467
820000000.0	-0.186830278653
822000000.0	-0.164025411124
824000000.0	-0.232065562067
826000000.0	0.0397365843548
828000000.0	0.244111611219
830000000.0	0.200569089171
832000000.0	0.257603142325
834000000.0	-0.00633179224253
836000000.0	-0.240161111557
838000000.0	-0.344173414025
840000000.0	-0.310437404332
842000000.0	-0.169726276861
844000000.0	0.198701718955
846000000.0	0.23284932711
848000000.0	0.272377930711
850000000.0	0.21128622185
852000000.0	-0.0433269224588
854000000.0	-0.261299953678
856000000.0	-0.271603700143
858000000.0	-0.209188825498
860000000.0	0.12220096668
862000000.0	0.30188198859
864000000.0	0.243894746582
866000000.0	0.145734274202
868000000.0	0.0219560666419
870000000.0	-0.262924127726
872000000.0	-0.298590381563
874000000.0	-0.220105708763
876000000.0	-0.0126720345166
878000000.0	0.121253345734
880000000.0	0.224656138344
882000000.0	0.0658426682482
884000000.0	-0.0685076994634
886000000.0	-0.0746115163351
888000000.0	-0.0292232157735
890000000.0	0.0525157073535
892000000.0	-0.0411540200141
894000000.0	-0.40814559721
896000000.0	-1.04940857694
898000000.0	-1.76426672042
900000000.0	6.99747108935
902000000.0	-2.19024399316
904000000.0	-1.95110020873
906000000.0	-1.08656433223
908000000.0	-0.153814539783
910000000.0	0.537582784843
912000000.0	0.807560758804
914000000.0	0.69421726319
916000000.0	0.160707308528
918000000.0	-0.298096949502
920000000.0	-0.71672014176
922000000.0	-0.472564991034
924000000.0	-0.195634831383
926000000.0	0.315765969118
928000000.0	0.490489983727
930000000.0	0.40354249634
932000000.0	0.190372336386
934000000.0	-0.137222081085
936000000.0	-0.548421389395
938000000.0	-0.338644456419
940000000.0	-0.146353761478
942000000.0	0.0672149610146
944000000.0	0.291744581106
946000000.0	0.313026305883
948000000.0	0.169066582927
950000000.0	-0.0738706827581
952000000.0	-0.254867966499
954000000.0	-0.25568513594
956000000.0	-0.133706717647
958000000.0	0.0297650421755
960000000.0	0.156872153464
962000000.0	0.115176806095
964000000.0	0.0812872309267
966000000.0	-0.051460069463
968000000.0	-0.144352777453
970000000.0	-0.112217436026
972000000.0	-0.0489238175864
974000000.0	0.00299639799951
976000000.0	0.0540450486216
978000000.0	0.0485693457499
980000000.0	0.0477033484377
982000000.0	0.0416168727232
984000000.0	-0.0640601165228
986000000.0	-0.10479942318
988000000.0	-0.00448972475644
990000000.0	-0.0415316826894
992000000.0	0.0389814252816
994000000.0	-0.0336493123245
996000000.0	0.0682342949977
998000000.0	0.0314593736283
1000000000.0	-0.2343745
1002000000.0	0.0878804010843
1004000000.0	0.122642722085
1006000000.0	0.0370290865798
1008000000.0	-0.0553632942451
1010000000.0	-0.0682075703002
1012000000.0	-0.0385037824534
1014000000.0	-0.00940541871043
1016000000.0	0.00380552572433
1018000000.0	0.131231767749
1020000000.0	0.13813343652
1022000000.0	0.0374407045826
1024000000.0	0.0273642961541
1026000000.0	-0.114900419857
1028000000.0	-0.0789029156624
1030000000.0	-0.0738470579968
1032000000.0	0.0564733203339
1034000000.0	0.0717804497275
1036000000.0	0.137157005594
1038000000.0	0.107467340589
1040000000.0	0.025252760371
1042000000.0	-0.135382355466
1044000000.0	-0.0824879208298
1046000000.0	-0.106513570521
1048000000.0	-0.00029108001379
1050000000.0	0.0272094095002
1052000000.0	0.099357807712
1054000000.0	-0.00377657667322
1056000000.0	0.10010304237
1058000000.0	0.0595475679594
1060000000.0	-0.14319422088
1062000000.0	-0.133435522779
1064000000.0	0.0229585233156
1066000000.0	-0.0181678028893
1068000000.0	0.0882173386631
1070000000.0	-0.0173975208855
1072000000.0	0.0607619281908
1074000000.0	0.0528381802658
1076000000.0	-0.0283565883502
1078000000.0	0.0112919169487
1080000000.0	0.0612319163021
1082000000.0	-0.000255696368681
1084000000.0	0.00370139257093
1086000000.0	-0.00917224144312
1088000000.0	-0.0218086858842
1090000000.0	0.0601923037318
1092000000.0	-0.0137530318475
1094000000.0	0.0372881483966
1096000000.0	-0.0061690526521
1098000000.0	0.0161697465326
1100000000.0	-0.0853760787036
1102000000.0	-0.0369023342535
1104000000.0	0.00108698989572
1106000000.0	-0.00247565402921
1108000000.0	0.0973149631438
1110000000.0	0.000780454109505
1112000000.0	0.0633363474373
1114000000.0	0.00593586413102
1116000000.0	-0.0531459309523
1118000000.0	0.0434997784969
1120000000.0	0.0377142325313
1122000000.0	-0.00128680117479
1124000000.0	0.0884891380523
1126000000.0	0.0813090853686
1128000000.0	0.0616349962691
1130000000.0	0.0541544095881
1132000000.0	0.0280828014647
1134000000.0	-0.069618041792
1136000000.0	-0.100261331708
1138000000.0	-0.00130707457991
1140000000.0	0.0837529767011
1142000000.0	0.0462873454979
1144000000.0	0.101341394598
1146000000.0	0.0224679898773
1148000000.0	-0.0299727879013
1150000000.0	-0.0950949684011
1152000000.0	-0.0620528255799
1154000000.0	0.0092862637874
1156000000.0	0.000794465204581
1158000000.0	0.0271302862593
1160000000.0	0.00694439340997
1162000000.0	0.0309114285815
1164000000.0	0.0116507484458
1166000000.0	-0.00716409162736
1168000000.0	0.00302138749283
1170000000.0	-0.00479188879258
1172000000.0	0.0273499111371
1174000000.0	-0.0721380416183
1176000000.0	0.0322448054485
1178000000.0	0.0440781745983
1180000000.0	0.101004436822
1182000000.0	0.0226277557812
1184000000.0	-0.000674759013085
1186000000.0	-0.0450320025046
1188000000.0	-0.078839998703
1190000000.0	-0.0135494260684
1192000000.0	-0.0466612010383
1194000000.0	0.00282387230208
1196000000.0	0.00800491647144
1198000000.0	0.130764302989
1200000000.0	-0.126526028001
1202000000.0	0.0129804912058
1204000000.0	0.0611163763637
1206000000.0	-0.00332407679136
1208000000.0	0.00801530249388
1210000000.0	-0.114441368911
1212000000.0	-0.0174990359268
1214000000.0	-0.0279726580212
1216000000.0	0.0116624254981
1218000000.0	0.0845123227262
1220000000.0	0.0794589529708
1222000000.0	0.00187023767135
1224000000.0	-0.150955084476
1226000000.0	-0.0514229581962
1228000000.0	-0.0628700889696
1230000000.0	-0.0636054134698
1232000000.0	-0.0549783816688
1234000000.0	0.0429637808107
1236000000.0	0.0976811851424
1238000000.0	0.00217379399034
1240000000.0	-0.0727782746816
1242000000.0	-0.0158975105849
1244000000.0	-0.00983928068378
1246000000.0	-0.0275737254753
1248000000.0	0.0325142693804
1250000000.0	0.051902357227
1252000000.0	0.097513132629
1254000000.0	0.0351758731194
1256000000.0	0.0488490278197
1258000000.0	0.00296127603695
1260000000.0	0.0639898422282
1262000000.0	-0.140474057304
1264000000.0	-0.0620764610886
1266000000.0	-0.0394845860932
1268000000.0	0.0112675774283
1270000000.0	0.0147559548871
1272000000.0	0.0812360014332
1274000000.0	0.0578280816134
1276000000.0	0.00837026397915
1278000000.0	-0.108250597166
1280000000.0	-0.121954301669
1282000000.0	-0.0838101183204
1284000000.0	-0.00292262526797
1286000000.0	0.0425334396629
1288000000.0	0.0905420268027
1290000000.0	0.15646407718
1292000000.0	0.0340004443698
1294000000.0	-0.0501521721129
1296000000.0	-0.0940290168981
1298000000.0	-0.287364459012
1300000000.0	0.409792312213
1302000000.0	-0.163197687961
1304000000.0	-0.102477578314
1306000000.0	-0.025066706519
1308000000.0	-0.00998045227737
1310000000.0	-0.0521769843425
1312000000.0	-0.0416111838064
1314000000.0	-0.0639775759841
1316000000.0	0.0239080616433
1318000000.0	-0.0797278380132
1320000000.0	0.0027227380146
1322000000.0	0.0424025052265
1324000000.0	0.0298883301781
1326000000.0	-0.00181550671051
1328000000.0	0.106449619069
1330000000.0	0.0492849754524
1332000000.0	-0.00458544774084
1334000000.0	0.00505472812781
1336000000.0	0.0255638482965
1338000000.0	-0.047100922322
1340000000.0	0.0233894999904
1342000000.0	0.0724528708873
1344000000.0	0.0646039523569
1346000000.0	0.0665080241024
1348000000.0	0.0209163602487
1350000000.0	0.0312388769908
1352000000.0	0.0434223202937
1354000000.0	-0.0579215276492
1356000000.0	-0.0616765670344
1358000000.0	0.0349296883668
1360000000.0	-0.00845019491919
1362000000.0	-0.0254372901807
1364000000.0	0.0164025128088
1366000000.0	-0.0151416364663
1368000000.0	0.0737415547618
1370000000.0	-0.0446679237487
1372000000.0	0.0253681694391
1374000000.0	0.0139038750848
1376000000.0	-0.0614127026925
1378000000.0	0.0838090784336
1380000000.0	-0.00184369985126
1382000000.0	0.0296617892289
1384000000.0	0.0175249533225
1386000000.0	-0.0761331791696
1388000000.0	-0.117819024166
1390000000.0	-0.0371109812834
1392000000.0	-0.12763275737
1394000000.0	-0.0349769125314
1396000000.0	0.0303933982007
1398000000.0	0.0443458603586
1400000000.0	0.118150317153
1402000000.0	-0.094705969294
1404000000.0	-0.00587486075721
1406000000.0	-0.0027468030608
1408000000.0	-0.0709937881711
1410000000.0	-0.0412636520473
1412000000.0	0.0580910214211
1414000000.0	0.030682983984
1416000000.0	-0.0386787554295
1418000000.0	0.0474858484168
1420000000.0	0.0430676115612
1422000000.0	-0.0840706698856
1424000000.0	0.0352561399269
1426000000.0	-0.0307178840525
1428000000.0	-0.0499593507786
1430000000.0	-0.0618195328793
1432000000.0	-0.0696984220688
1434000000.0	0.0330547910635
1436000000.0	0.0790403191885
1438000000.0	0.0703329894899
1440000000.0	0.0242250225597
1442000000.0	-0.0571315019039
1444000000.0	-0.0824295610347
1446000000.0	-0.138496572188
1448000000.0	0.0204907793646
1450000000.0	0.0251480146996
1452000000.0	0.0284407334692
1454000000.0	0.137998413478
1456000000.0	0.0783438018277
1458000000.0	0.0175042463508
1460000000.0	-0.0962686672178
1462000000.0	-0.148560570376
1464000000.0	-0.149997407995
1466000000.0	-0.0723762447369
1468000000.0	-0.0135472726021
1470000000.0	0.189373918114
1472000000.0	0.154207933441
1474000000.0	0.0503535729611
1476000000.0	-0.00549918045324
1478000000.0	-0.239158892249
1480000000.0	-0.341919212693
1482000000.0	-0.203539738622
1484000000.0	-0.0467675497345
1486000000.0	0.316017488847
1488000000.0	0.338519843364
1490000000.0	0.320918590985
1492000000.0	-0.00351408748171
1494000000.0	-0.462577131399
1496000000.0	-0.988406852523
1498000000.0	-1.26113081989
1500000000.0	3.84370737653
1502000000.0	-0.915033743032
1504000000.0	-0.673806196281
1506000000.0	-0.189478117191
1508000000.0	-0.0183485225964
1510000000.0	0.116400613743
1512000000.0	0.0406053351187
1514000000.0	0.0321567498931
1516000000.0	-0.00492057955083
1518000000.0	0.0040157935965
1520000000.0	-0.0487434979907
1522000000.0	0.0325671917681
1524000000.0	0.00489971138954
1526000000.0	-0.111122219186
1528000000.0	-0.0894203954665
1530000000.0	0.034279085655
1532000000.0	-0.0677342427165
1534000000.0	0.0610131542596
1536000000.0	0.0639136774536
1538000000.0	0.0854399887879
1540000000.0	0.035034149544
1542000000.0	0.0465305308438
1544000000.0	-0.0616128425832
1546000000.0	-0.118326009491
1548000000.0	-0.00717731004658
1550000000.0	-0.0462354511168
1552000000.0	0.127662172618
1554000000.0	0.117399638778
1556000000.0	0.0459757821553
1558000000.0	0.00448552989917
1560000000.0	-0.0345132456196
1562000000.0	-0.038004461421
1564000000.0	-0.0581137741227
1566000000.0	-0.020588745649
1568000000.0	0.128694145807
1570000000.0	0.0568227672223
1572000000.0	0.085141439186
1574000000.0	-0.043335263703
1576000000.0	0.0175954877868
1578000000.0	-0.140714211074
1580000000.0	-0.0540096490961
1582000000.0	-0.0909449972895
1584000000.0	0.0664555481219
1586000000.0	0.0569802126932
1588000000.0	-0.0210930348717
1590000000.0	-0.085936400754
1592000000.0	-0.0681268860047
1594000000.0	-0.0645048014038
1596000000.0	0.00337587428254
1598000000.0	-0.0872884476556
1600000000.0	0.0158470771573
1602000000.0	-0.0683721522774
1604000000.0	-0.0848283122369
1606000000.0	-0.0439362809547
1608000000.0	-0.0212806185366
1610000000.0	-0.0287470980826
1612000000.0	-0.00278072952693
1614000000.0	0.049261589567
1616000000.0	0.0728781548984
1618000000.0	-0.0164934230155
1620000000.0	0.0506173835084
1622000000.0	-0.0432457399732
1624000000.0	-0.0256500358597
1626000000.0	0.155396383246
1628000000.0	0.0772954696253
1630000000.0	0.035445047994
1632000000.0	0.0389345521328
1634000000.0	-0.0216671899338
1636000000.0	-0.023232534446
1638000000.0	0.0517590896218
1640000000.0	0.0468812941653
1642000000.0	0.0736868013771
1644000000.0	-0.0535274067663
1646000000.0	0.00684107543178
1648000000.0	0.00586678886777
1650000000.0	-0.0317651319561
1652000000.0	-0.037572341442
1654000000.0	-0.0837580918101
1656000000.0	0.0272306476482
1658000000.0	-0.0166812344519
1660000000.0	0.0380228526519
1662000000.0	0.0268615232273
1664000000.0	-0.0479541591266
1666000000.0	0.0130245131078
1668000000.0	0.0367115875528
1670000000.0	0.0183411238399
1672000000.0	-0.0799467777016
1674000000.0	0.0116470457753
1676000000.0	0.0138735366186
1678000000.0	0.0167602856653
1680000000.0	0.00120312663489
1682000000.0	0.0154498546296
1684000000.0	-0.0523180402697
1686000000.0	0.0866507939199
1688000000.0	0.0184680115026
1690000000.0	-0.0792749945923
1692000000.0	0.116247031857
1694000000.0	-0.00633861571785
1696000000.0	-0.0244913882775
1698000000.0	0.062173867239
1700000000.0	-0.00315087424152
1702000000.0	0.0214870001603
1704000000.0	0.0329326853655
1706000000.0	0.00911183115422
1708000000.0	-0.0363421433168
1710000000.0	0.0395977353115
1712000000.0	0.0116230655472
1714000000.0	-0.022419601074
1716000000.0	-0.00729984274459
1718000000.0	0.0533239072258
1720000000.0	0.0310567072121
1722000000.0	0.0106125941122
1724000000.0	0.0321987399747
1726000000.0	-0.0534513820704
1728000000.0	-0.0142633061306
1730000000.0	-0.0370957997255
1732000000.0	0.0670276152656
1734000000.0	0.0425577383664
1736000000.0	0.0556772697436
1738000000.0	0.0209705231282
1740000000.0	0.00823948091264
1742000000.0	-0.0658765581219
1744000000.0	-0.00103603482894
1746000000.0	-0.0738662440859
1748000000.0	-0.0127081833581
1750000000.0	-0.105626403974
1752000000.0	0.0144959198351
1754000000.0	0.030733172599
1756000000.0	-0.0443620560112
1758000000.0	0.00948678315123
1760000000.0	0.00810024241581
1762000000.0	-0.0469409867418
1764000000.0	0.0444091112514
1766000000.0	0.0348268180308
1768000000.0	-0.0390348023685
1770000000.0	-0.000406427269489
1772000000.0	0.0714662427557
1774000000.0	-0.0451844376494
1776000000.0	0.0492621204463
1778000000.0	0.0121004058748
1780000000.0	0.0441472698967
1782000000.0	0.0553078993877
1784000000.0	-0.00328444787687
1786000000.0	0.0716485098267
1788000000.0	-0.0292963393638
1790000000.0	0.00575924979105
1792000000.0	0.000519455025513
1794000000.0	-0.0281357746092
1796000000.0	-0.0210379626772
1798000000.0	-0.0367567164896
1800000000.0	-0.0588090401626
1802000000.0	0.0114514813172
1804000000.0	-0.00927148856167
1806000000.0	0.0351450027188
1808000000.0	0.00223508553134
1810000000.0	-0.0340384084767
1812000000.0	0.0127479686218
1814000000.0	0.00452348045661
1816000000.0	-0.026323375388
1818000000.0	0.0069892313231
1820000000.0	0.0483519863894
1822000000.0	-0.0532209884738
1824000000.0	0.0534253648345
1826000000.0	-0.0598939231475
1828000000.0	-0.0559727148879
1830000000.0	-0.0155031466833
1832000000.0	-0.000143772543667
1834000000.0	-0.0430008350264
1836000000.0	0.0317085262748
1838000000.0	-0.0453926185684
1840000000.0	0.0401502314892
1842000000.0	0.006885194483
1844000000.0	-0.0314831875738
1846000000.0	-0.0322871268757
1848000000.0	-0.0616310439235
1850000000.0	0.0326656309462
1852000000.0	-0.0245191532079
1854000000.0	-0.0418474984125
1856000000.0	0.0111357468793
1858000000.0	-0.0536245946039
1860000000.0	0.0521264541437
1862000000.0	-0.0789724070828
1864000000.0	-0.0582921281705
1866000000.0	0.0771827181862
1868000000.0	-0.0954552965009
1870000000.0	-0.0211413900651
1872000000.0	-0.0639385809111
1874000000.0	-0.0215043916356
1876000000.0	0.134964719937
1878000000.0	0.0959968336628
1880000000.0	0.0897886078868
1882000000.0	0.0391661962059
1884000000.0	0.0360585943791
1886000000.0	-0.112905983326
1888000000.0	-0.100243020531
1890000000.0	-0.00600978472646
1892000000.0	0.0569220423014
1894000000.0	0.231781237079
1896000000.0	0.349959114434
1898000000.0	0.377679600991
1900000000.0	-1.81055717246
1902000000.0	0.570381297826
1904000000.0	0.393239810049
1906000000.0	0.167175341985
1908000000.0	0.012519296937
1910000000.0	-0.0984982096704
1912000000.0	-0.142373328401
1914000000.0	-0.0605138126371
1916000000.0	0.0155608984672
1918000000.0	0.00342682742536
1920000000.0	0.0602935113527
1922000000.0	0.0153680599604
1924000000.0	0.0357869706045
1926000000.0	0.0875532142996
1928000000.0	0.0323705279842
1930000000.0	-0.0474340126188
1932000000.0	-0.0215152298596
1934000000.0	0.0114911196905
1936000000.0	0.0412686432878
1938000000.0	0.00961583622293
1940000000.0	-0.00806733997862
1942000000.0	-0.0749181215953
1944000000.0	-0.0316047414016
1946000000.0	0.0316754363453
1948000000.0	0.0739647291447
1950000000.0	0.0391011092868
1952000000.0	-0.00529294450385
1954000000.0	-0.0388093690921
1956000000.0	0.0294776671706
1958000000.0	-0.00157088953219
1960000000.0	-0.00895426906158
1962000000.0	0.0196665229521
1964000000.0	0.00439519425313
1966000000.0	0.0114527159113
1968000000.0	-0.00968733864879
1970000000.0	0.0670725643279
1972000000.0	0.0814577995614
1974000000.0	-0.0142900202882
1976000000.0	0.0558907984571
1978000000.0	0.0127654833638
1980000000.0	-0.0137234542795
1982000000.0	0.0095300048409
1984000000.0	0.069219884413
1986000000.0	0.0176674784885
1988000000.0	-0.0200500286034
1990000000.0	-0.0449188724581
1992000000.0	0.0389735280866
1994000000.0	-0.0114241100117
1996000000.0	-0.0566377652092
1998000000.0	0.0386172862047
2000000000.0	0.201562
