0.0	-47.01566
2000000.0	3.41525669848
4000000.0	6.85054618644
6000000.0	2.60324413093
8000000.0	-5.87285992156
10000000.0	-8.89609186514
12000000.0	-7.10342865452
14000000.0	-2.39419205744
16000000.0	8.2114692917
18000000.0	14.9448648797
20000000.0	14.5063622893
22000000.0	1.92476908084
24000000.0	-14.4502448283
26000000.0	-24.0578403358
28000000.0	-17.7083130206
30000000.0	-0.0690190523647
32000000.0	14.9395392709
34000000.0	16.5944664968
36000000.0	5.13073441158
38000000.0	-4.22443065756
40000000.0	-10.3801050975
42000000.0	-10.2054894404
44000000.0	-2.55842684113
46000000.0	2.5068928539
48000000.0	4.48832660054
50000000.0	0.997989632117
52000000.0	-1.98558469195
54000000.0	-1.22629432338
56000000.0	1.71767782467
58000000.0	3.2335296682
60000000.0	3.72775638944
62000000.0	0.157460438108
64000000.0	-3.63131940353
66000000.0	-3.674536675
68000000.0	-1.46325121498
70000000.0	2.76465435595
72000000.0	5.18587209861
74000000.0	3.46474437531
76000000.0	0.234890645216
78000000.0	-4.44660869283
80000000.0	-4.41093732184
82000000.0	-2.42096826535
84000000.0	3.02311374808
86000000.0	4.41479156628
88000000.0	1.94084393356
90000000.0	-1.12844856699
92000000.0	-4.02747294218
94000000.0	-2.16892284321
96000000.0	1.95551316542
98000000.0	3.09133069152
100000000.0	3.12960436749
102000000.0	-2.77421666722
104000000.0	-4.52876174674
106000000.0	-3.5926138343
108000000.0	0.70214148683
110000000.0	4.63731469798
112000000.0	5.70442528209
114000000.0	3.24353882426
116000000.0	-1.32486464623
118000000.0	-3.81775913725
120000000.0	-3.08836788294
122000000.0	-1.41609680921
124000000.0	3.03061750119
126000000.0	-0.22326048709
128000000.0	0.710056269666
130000000.0	0.100835093755
132000000.0	-0.182367295245
134000000.0	-0.235209815874
136000000.0	-0.473641787024
138000000.0	0.0622869271194
140000000.0	-1.07172164309
142000000.0	-1.50241641727
144000000.0	-1.00595315545
146000000.0	0.41216054111
148000000.0	1.35428066281
150000000.0	1.75989618904
152000000.0	0.350558999091
154000000.0	-0.940029508446
156000000.0	-2.03987047555
158000000.0	-1.67419892643
160000000.0	0.829439478125
162000000.0	1.09959528439
164000000.0	1.23836859977
166000000.0	0.471757537609
168000000.0	-0.259449309857
170000000.0	-1.0022211205
172000000.0	-1.18233895518
174000000.0	-0.14819099697
176000000.0	-0.309078480855
178000000.0	-0.477537948498
180000000.0	0.0907596857985
182000000.0	1.03247669662
184000000.0	0.912456474905
186000000.0	-0.1191664385
188000000.0	-1.16398473478
190000000.0	-2.10869830022
192000000.0	-0.605507632078
194000000.0	-0.0602065053407
196000000.0	0.50248149057
198000000.0	2.14244607867
200000000.0	0.526336830647
202000000.0	0.355824044718
204000000.0	-0.542772881238
206000000.0	-0.0794470329284
208000000.0	-0.246199970388
210000000.0	-0.857967319794
212000000.0	-1.31888356482
214000000.0	-1.54891163857
216000000.0	-1.54102213304
218000000.0	1.3534710394
220000000.0	2.85081730712
222000000.0	3.25254475281
224000000.0	0.436181273652
226000000.0	-1.51823470176
228000000.0	-4.1656370263
230000000.0	-2.84312346654
232000000.0	-0.0205284482212
234000000.0	2.32114428009
236000000.0	3.26632364377
238000000.0	1.41814496062
240000000.0	-1.16877772964
242000000.0	-2.21042272078
244000000.0	-0.834931328477
246000000.0	1.59657130887
248000000.0	1.84397683102
250000000.0	3.03433298599
252000000.0	-2.05443186801
254000000.0	-4.52328334194
256000000.0	-2.34671175194
258000000.0	2.57691754956
260000000.0	6.92590370297
262000000.0	5.10462865437
264000000.0	-2.92860641802
266000000.0	-10.8336020375
268000000.0	-10.3454901284
270000000.0	0.0228675281699
272000000.0	13.5738985971
274000000.0	18.0305670562
276000000.0	6.78721858003
278000000.0	-12.5993495188
280000000.0	-23.0699179216
282000000.0	-14.0600650958
284000000.0	9.58608298276
286000000.0	23.9365090234
288000000.0	14.6663933279
290000000.0	-14.3008476477
292000000.0	-31.252143123
294000000.0	-5.22380039009
296000000.0	66.0008955843
298000000.0	147.539073709
300000000.0	-383.031636523
302000000.0	137.607072092
304000000.0	83.0901196202
306000000.0	29.4323636683
308000000.0	-8.63159859689
310000000.0	-27.920089745
312000000.0	-26.6321542434
314000000.0	-12.4458368945
316000000.0	6.49925204482
318000000.0	17.3648013947
320000000.0	15.8449769197
322000000.0	3.70942051501
324000000.0	-8.73560896207
326000000.0	-11.3079999792
328000000.0	-4.68403840133
330000000.0	5.25627150077
332000000.0	7.78878745043
334000000.0	2.55088302943
336000000.0	-5.26117717065
338000000.0	-7.57484005283
340000000.0	-2.31239480273
342000000.0	5.20304586269
344000000.0	8.33243281378
346000000.0	3.39970689055
348000000.0	-3.94770904179
350000000.0	-8.85648003215
352000000.0	-4.30149032453
354000000.0	3.29501892778
356000000.0	7.79908567198
358000000.0	5.7205848367
360000000.0	-0.43634918311
362000000.0	-6.34014000815
364000000.0	-6.31634989354
366000000.0	-2.0674751137
368000000.0	3.64824897608
370000000.0	5.04348696798
372000000.0	2.91184327527
374000000.0	-1.665763438
376000000.0	-3.25509842739
378000000.0	-1.6103322837
380000000.0	1.11070333653
382000000.0	2.66215871224
384000000.0	1.14468586852
386000000.0	-2.85793050996
388000000.0	-3.90195221757
390000000.0	-2.43213955456
392000000.0	1.91584042819
394000000.0	4.28899205148
396000000.0	3.2209819722
398000000.0	-0.0452664488387
400000000.0	-3.65459119234
402000000.0	-3.77228029075
404000000.0	-1.37681531521
406000000.0	1.88102901418
408000000.0	2.71686885614
410000000.0	2.04153771825
412000000.0	-0.242390473479
414000000.0	-3.01931331223
416000000.0	-1.16241611142
418000000.0	-0.217817271187
420000000.0	1.7103721327
422000000.0	1.11620526466
424000000.0	-0.415357283258
426000000.0	-1.67641029197
428000000.0	-1.97913222366
430000000.0	-0.267886777346
432000000.0	2.43453677084
434000000.0	2.94654543718
436000000.0	0.346668370221
438000000.0	-1.79950411418
440000000.0	-2.88577558619
442000000.0	-1.40427775917
444000000.0	0.234380490886
446000000.0	2.23173304151
448000000.0	1.22684143164
450000000.0	-0.297878079219
452000000.0	-1.98537202912
454000000.0	-2.07937801377
456000000.0	-0.609017026813
458000000.0	0.999494956147
460000000.0	1.56249419167
462000000.0	0.276801316344
464000000.0	-0.749255428516
466000000.0	-1.2390196478
468000000.0	-0.318865471962
470000000.0	0.939491877208
472000000.0	2.00013596594
474000000.0	0.478513917896
476000000.0	-0.00211374202049
478000000.0	-2.22558967089
480000000.0	-1.20636722032
482000000.0	0.967460412114
484000000.0	1.96421167533
486000000.0	1.48065229411
488000000.0	-0.33500377522
490000000.0	-0.598183615551
492000000.0	-1.29647438291
494000000.0	-0.471575930072
496000000.0	0.342630780782
498000000.0	1.02787905647
500000000.0	-0.373784257886
502000000.0	-0.985840207498
504000000.0	-0.864994706624
506000000.0	-0.908161366476
508000000.0	0.537120311662
510000000.0	0.654968975882
512000000.0	0.0433171289508
514000000.0	-0.743019952396
516000000.0	-0.556287978769
518000000.0	-0.88417586375
520000000.0	-0.874345883999
522000000.0	1.47852816438
524000000.0	0.876593149024
526000000.0	1.07280403139
528000000.0	-1.04663073761
530000000.0	-1.93713269829
532000000.0	-0.278766621745
534000000.0	0.195268808626
536000000.0	2.07768701687
538000000.0	0.357170888059
540000000.0	-0.491672458746
542000000.0	-1.58314602244
544000000.0	-0.656187725292
546000000.0	0.739986923731
548000000.0	0.377097042557
550000000.0	1.00497420996
552000000.0	-0.880492673484
554000000.0	-0.752469642791
556000000.0	-0.107509668802
558000000.0	0.244409862087
560000000.0	1.61629031831
562000000.0	0.287920420699
564000000.0	0.357165242189
566000000.0	-0.734377629445
568000000.0	0.125024177328
570000000.0	-0.889035320068
572000000.0	1.03026329932
574000000.0	1.30252029752
576000000.0	1.16682674199
578000000.0	-0.501174110665
580000000.0	-1.30506352925
582000000.0	-0.824098478616
584000000.0	0.282767016637
586000000.0	0.00839130672034
588000000.0	0.0341345716783
590000000.0	0.775683317695
592000000.0	-0.302893360283
594000000.0	-1.13394194492
596000000.0	-1.01495076688
598000000.0	0.758456265707
600000000.0	1.16311981122
602000000.0	0.351573494614
604000000.0	-1.27520405855
606000000.0	-0.571810610729
608000000.0	-0.330382070873
610000000.0	1.05502961202
612000000.0	1.18429615775
614000000.0	1.37279445252
616000000.0	-0.289424406327
618000000.0	-0.413000937514
620000000.0	-0.383035267458
622000000.0	0.53358917831
624000000.0	2.4895658451
626000000.0	-0.836166203995
628000000.0	0.135453315724
630000000.0	-0.36698388808
632000000.0	-0.938696861951
634000000.0	-1.08268631677
636000000.0	0.00641305528632
638000000.0	0.97346761863
640000000.0	0.0495569781649
642000000.0	-0.0478775797926
644000000.0	-0.528352404497
646000000.0	-0.717325430562
648000000.0	0.243570682785
650000000.0	1.23456082121
652000000.0	0.997331677225
654000000.0	-0.128802570218
656000000.0	-0.782078672296
658000000.0	-0.37575212523
660000000.0	-0.524247100972
662000000.0	-0.312774760501
664000000.0	1.07694260426
666000000.0	-0.394240793949
668000000.0	-0.370887887878
670000000.0	-0.738865890971
672000000.0	-0.91412870626
674000000.0	0.639989482734
676000000.0	0.848704219109
678000000.0	-0.010407517407
680000000.0	-0.182047783575
682000000.0	-1.74579104966
684000000.0	-0.706331377807
686000000.0	0.384176405853
688000000.0	0.357133921956
690000000.0	0.902285655498
692000000.0	0.583299675345
694000000.0	0.343285818206
696000000.0	-1.31378397461
698000000.0	-1.12015897478
700000000.0	1.8950996442
702000000.0	0.0364162609186
704000000.0	0.730474498048
706000000.0	-0.692426591845
708000000.0	0.0321956509339
710000000.0	-0.397631666057
712000000.0	-0.592988705481
714000000.0	0.976365898391
716000000.0	0.674710685853
718000000.0	0.955587717872
720000000.0	-0.862401928265
722000000.0	0.253006317709
724000000.0	-0.387456895972
726000000.0	-0.193308783126
728000000.0	0.572319936366
730000000.0	0.939247445572
732000000.0	-0.662273059481
734000000.0	-0.193426812731
736000000.0	-0.332290545078
738000000.0	-0.292284521755
740000000.0	1.21361938822
742000000.0	0.198801110511
744000000.0	-0.0386061288217
746000000.0	-0.915239186733
748000000.0	0.381403015742
750000000.0	0.618272798431
752000000.0	0.0155218167039
754000000.0	0.783503142295
756000000.0	1.12456907662
758000000.0	-0.0883484634141
760000000.0	-1.00291308786
762000000.0	-0.669111157436
764000000.0	0.359514321095
766000000.0	1.10451590802
768000000.0	0.116159656837
770000000.0	1.1792704895
772000000.0	0.249653995699
774000000.0	-0.614110374204
776000000.0	0.584121119406
778000000.0	-0.268146097144
780000000.0	0.934341090627
782000000.0	-0.337932653935
784000000.0	-0.442406755081
786000000.0	-0.805148024862
788000000.0	-0.523128354095
790000000.0	-0.299092228297
792000000.0	0.270291191693
794000000.0	0.575448371419
796000000.0	-0.245047190702
798000000.0	0.384665712287
800000000.0	0.131495430683
802000000.0	-0.238442185924
804000000.0	0.487069972318
806000000.0	1.19629709184
808000000.0	0.999963376125
810000000.0	-0.43657638965
812000000.0	-1.45746205482
814000000.0	-0.477674304749
816000000.0	0.281539461942
818000000.0	1.32976944202
820000000.0	1.35235991144
822000000.0	0.238777254214
824000000.0	-1.32479034015
826000000.0	-0.812419785719
828000000.0	-0.612368266334
830000000.0	-0.118227693678
832000000.0	0.876597807733
834000000.0	0.332532468661
836000000.0	-0.31358734336
838000000.0	-0.720177867897
840000000.0	0.178922113475
842000000.0	1.65798487553
844000000.0	1.39714785305
846000000.0	1.36538460871
848000000.0	0.401345708984
850000000.0	-1.21151783183
852000000.0	-1.09033036195
854000000.0	0.00129481209028
856000000.0	1.17030307343
858000000.0	2.1339237985
860000000.0	1.38158620683
862000000.0	-0.513482291748
864000000.0	-0.970406239345
866000000.0	-2.47693050597
868000000.0	-1.26985082162
870000000.0	1.58781494881
872000000.0	3.77633587674
874000000.0	3.76306057359
876000000.0	-0.18943902115
878000000.0	-2.86397459642
880000000.0	-3.85277464529
882000000.0	0.13725413261
884000000.0	3.34226196974
886000000.0	4.83355245042
888000000.0	-1.29417181824
890000000.0	-8.55696052333
892000000.0	-10.889802488
894000000.0	3.62111056481
896000000.0	34.4461271719
898000000.0	69.504279356
900000000.0	-179.195561361
902000000.0	64.3031030622
904000000.0	36.1105085332
906000000.0	7.67148151331
908000000.0	-7.99564993606
910000000.0	-10.8705079352
912000000.0	-5.92714537083
914000000.0	-0.408508457724
916000000.0	3.21190046695
918000000.0	3.11689100257
920000000.0	1.09900745343
922000000.0	-1.24141518508
924000000.0	-1.90491062678
926000000.0	0.105286716138
928000000.0	0.684989555598
930000000.0	1.42880268038
932000000.0	0.644008971411
934000000.0	-0.878621350226
936000000.0	-2.06968281754
938000000.0	-2.36141512544
940000000.0	-0.0239579588809
942000000.0	2.12151372715
944000000.0	1.54864218996
946000000.0	1.47009328309
948000000.0	-1.7876827414
950000000.0	-3.30190403952
952000000.0	-0.774509704472
954000000.0	1.70671078093
956000000.0	2.11586737085
958000000.0	1.28785443981
960000000.0	-0.327348941294
962000000.0	-1.83822786085
964000000.0	-1.68857469855
966000000.0	-0.237410105853
968000000.0	1.59273818874
970000000.0	1.14424115551
972000000.0	0.439804987959
974000000.0	-1.02971265869
976000000.0	-1.18903479234
978000000.0	-0.272712817703
980000000.0	1.42611329644
982000000.0	1.85388326668
984000000.0	0.258478833323
986000000.0	-0.851638078303
988000000.0	-0.857907730226
990000000.0	-0.453726623166
992000000.0	1.30466753296
994000000.0	0.835345477858
996000000.0	1.54110351571
998000000.0	-0.173968717863
1000000000.0	-4.6875
1002000000.0	-1.56900160829
1004000000.0	-0.376690106387
1006000000.0	0.71256217455
1008000000.0	1.39402622381
1010000000.0	0.40005988461
1012000000.0	-0.0979084441178
1014000000.0	-0.862967602226
1016000000.0	0.275204486081
1018000000.0	0.179452823834
1020000000.0	1.09750285543
1022000000.0	-0.134094592612
1024000000.0	-0.402933063996
1026000000.0	-1.03152682347
1028000000.0	-0.434199905417
1030000000.0	-0.246873015363
1032000000.0	0.898636485889
1034000000.0	0.566902212451
1036000000.0	0.380633622914
1038000000.0	-0.995272787754
1040000000.0	-0.502098436785
1042000000.0	0.242953421781
1044000000.0	-0.618985203655
1046000000.0	0.578797778665
1048000000.0	0.784260737648
1050000000.0	-0.23830667121
1052000000.0	-0.83629758965
1054000000.0	-0.477134120172
1056000000.0	0.0978974653304
1058000000.0	0.869869097196
1060000000.0	0.0804077250994
1062000000.0	0.00871594637291
1064000000.0	-0.627232475906
1066000000.0	-0.420474969235
1068000000.0	-0.00553575329069
1070000000.0	0.277983530034
1072000000.0	1.4435399616
1074000000.0	-0.013316164449
1076000000.0	0.0720222204586
1078000000.0	-1.07892775776
1080000000.0	-1.2360646233
1082000000.0	-0.20745425683
1084000000.0	0.848147800366
1086000000.0	0.00820242197679
1088000000.0	0.410643174514
1090000000.0	-0.175662145748
1092000000.0	0.0329087657013
1094000000.0	-0.359697472531
1096000000.0	0.362576487237
1098000000.0	0.539281919163
1100000000.0	-0.463274037431
1102000000.0	0.0297435651449
1104000000.0	-0.207032838256
1106000000.0	-0.0553632576542
1108000000.0	0.0471383319454
1110000000.0	0.721031125025
1112000000.0	1.56138469943
1114000000.0	-0.154154001364
1116000000.0	-0.358428105205
1118000000.0	-0.780116816848
1120000000.0	0.18830813956
1122000000.0	-0.636711622851
1124000000.0	0.56456590553
1126000000.0	0.545705537081
1128000000.0	0.764944749268
1130000000.0	-0.675146520073
1132000000.0	0.806592222647
1134000000.0	0.334020296006
1136000000.0	-0.185975828391
1138000000.0	1.0090967765
1140000000.0	0.493544456399
1142000000.0	-0.216727812775
1144000000.0	-0.147300466608
1146000000.0	-0.179032822581
1148000000.0	0.607543604706
1150000000.0	0.613645178189
1152000000.0	-0.398523780362
1154000000.0	0.0573249731093
1156000000.0	-0.0530078171067
1158000000.0	0.0527368458394
1160000000.0	0.913437399788
1162000000.0	-0.16709386058
1164000000.0	0.316192701559
1166000000.0	0.408809267313
1168000000.0	-0.444251175293
1170000000.0	0.0901273582965
1172000000.0	-0.0543608183192
1174000000.0	0.395241970735
1176000000.0	0.280111231284
1178000000.0	0.291764268235
1180000000.0	-0.482036811054
1182000000.0	0.312525852005
1184000000.0	0.670877726105
1186000000.0	-0.939950023923
1188000000.0	0.537352838315
1190000000.0	0.0363229237885
1192000000.0	0.168575528979
1194000000.0	-0.795023640818
1196000000.0	-1.11149994965
1198000000.0	-0.953304493986
1200000000.0	4.08426119234
1202000000.0	-1.05489041432
1204000000.0	-0.430192981523
1206000000.0	-0.0747427409398
1208000000.0	-0.448152700758
1210000000.0	0.357247951802
1212000000.0	0.697853843445
1214000000.0	0.788534241081
1216000000.0	-0.205268107153
1218000000.0	-0.218525201408
1220000000.0	-0.291741332777
1222000000.0	-0.14221493584
1224000000.0	-0.147926644272
1226000000.0	1.12648629323
1228000000.0	1.04835720432
1230000000.0	0.52569740767
1232000000.0	-0.102659493765
1234000000.0	-0.19347013671
1236000000.0	-0.372701924636
1238000000.0	0.401082570223
1240000000.0	0.755678896409
1242000000.0	0.20946912058
1244000000.0	-0.717255652771
1246000000.0	0.207812443515
1248000000.0	0.0844018367511
1250000000.0	-2.59130670436
1252000000.0	-0.175237590854
1254000000.0	-0.250485262271
1256000000.0	0.146486504775
1258000000.0	-0.254178800008
1260000000.0	0.356854091801
1262000000.0	0.10292325247
1264000000.0	0.0500990522474
1266000000.0	0.0616079694447
1268000000.0	-0.0330437369819
1270000000.0	0.0983307828976
1272000000.0	-0.273880636757
1274000000.0	0.943843736261
1276000000.0	-0.555003939378
1278000000.0	0.667110169998
1280000000.0	0.454165939666
1282000000.0	-0.163726513554
1284000000.0	-0.0213513123853
1286000000.0	0.100414977036
1288000000.0	0.189290614882
1290000000.0	-0.305512517033
1292000000.0	-0.0451272032022
1294000000.0	-0.274360900977
1296000000.0	-0.703888717882
1298000000.0	0.569787183616
1300000000.0	1.17489997619
1302000000.0	-0.385092501833
1304000000.0	0.994320861251
1306000000.0	-0.313152057286
1308000000.0	-0.794558465021
1310000000.0	-1.19289143708
1312000000.0	-0.56213553885
1314000000.0	0.290338765089
1316000000.0	0.690769112984
1318000000.0	0.526162621617
1320000000.0	0.238540700902
1322000000.0	-0.221889449462
1324000000.0	-0.872644277939
1326000000.0	0.560780815135
1328000000.0	0.440804379568
1330000000.0	-0.11744263476
1332000000.0	0.539276049974
1334000000.0	-0.0138576963717
1336000000.0	0.124749065856
1338000000.0	0.372652140699
1340000000.0	0.836987083354
1342000000.0	0.106104239989
1344000000.0	0.469716104821
1346000000.0	-0.394706899585
1348000000.0	0.541673980722
1350000000.0	0.342521680892
1352000000.0	0.13642844939
1354000000.0	0.55910150453
1356000000.0	-0.838666561644
1358000000.0	0.207757015502
1360000000.0	-0.638527037996
1362000000.0	-0.308507128671
1364000000.0	-0.0875994288675
1366000000.0	-0.0136460269964
1368000000.0	0.601107668619
1370000000.0	0.781113535733
1372000000.0	0.967634434395
1374000000.0	0.632249546021
1376000000.0	-1.65059034944
1378000000.0	-0.15347583244
1380000000.0	0.393452092089
1382000000.0	0.0771687492515
1384000000.0	-0.509124351465
1386000000.0	-0.688789819739
1388000000.0	0.216474862835
1390000000.0	0.490632326944
1392000000.0	0.757461899695
1394000000.0	0.182094578909
1396000000.0	-0.115625214253
1398000000.0	-0.295801681529
1400000000.0	0.686392851178
1402000000.0	-1.58627130364
1404000000.0	0.536505633034
1406000000.0	-0.600119689784
1408000000.0	0.542017179235
1410000000.0	-0.169567831884
1412000000.0	-0.602421814174
1414000000.0	0.0784064044573
1416000000.0	0.638257099231
1418000000.0	0.268828552383
1420000000.0	0.399080673521
1422000000.0	-0.00756851886058
1424000000.0	-0.566053142387
1426000000.0	0.200976887334
1428000000.0	-0.367454199894
1430000000.0	-0.496614990903
1432000000.0	0.328095781127
1434000000.0	-0.11428678648
1436000000.0	-0.559082404888
1438000000.0	-0.821028831024
1440000000.0	-0.620277244969
1442000000.0	0.752523457123
1444000000.0	0.858962498324
1446000000.0	0.503161400521
1448000000.0	-0.458490667099
1450000000.0	-0.903600747259
1452000000.0	-1.01400846826
1454000000.0	-0.880010539168
1456000000.0	1.01910737948
1458000000.0	1.5173257561
1460000000.0	-0.102271723974
1462000000.0	-0.261918548174
1464000000.0	-0.244216783412
1466000000.0	-0.0914984713059
1468000000.0	-0.099927082365
1470000000.0	0.224627500072
1472000000.0	0.653973343861
1474000000.0	0.403361280151
1476000000.0	-0.408660752564
1478000000.0	-0.668892191291
1480000000.0	-0.0419382966738
1482000000.0	0.436769403415
1484000000.0	1.00163289404
1486000000.0	1.81707438534
1488000000.0	-2.46025479271
1490000000.0	-4.2361746445
1492000000.0	-3.59622066261
1494000000.0	2.54858790635
1496000000.0	14.2457884454
1498000000.0	26.7684686559
1500000000.0	-71.8137157421
1502000000.0	24.7624083393
1504000000.0	13.8096599894
1506000000.0	1.49010547444
1508000000.0	-4.20720386573
1510000000.0	-3.96142568705
1512000000.0	0.619464617275
1514000000.0	1.75103492912
1516000000.0	1.04327215848
1518000000.0	-0.37358206466
1520000000.0	-1.40477805229
1522000000.0	-2.0309645901
1524000000.0	0.0658477509794
1526000000.0	0.974256521348
1528000000.0	0.766625287502
1530000000.0	0.335752929578
1532000000.0	-0.0890554086091
1534000000.0	-0.29942111614
1536000000.0	0.113172152231
1538000000.0	0.113310757033
1540000000.0	0.115208902062
1542000000.0	1.16928163589
1544000000.0	0.0345821186562
1546000000.0	-0.206527544511
1548000000.0	0.178218704175
1550000000.0	-0.745358932792
1552000000.0	-0.476488476437
1554000000.0	0.634866438202
1556000000.0	1.20994828702
1558000000.0	0.79414494535
1560000000.0	-0.195768870753
1562000000.0	-0.126178268887
1564000000.0	0.171938197028
1566000000.0	0.0412242031392
1568000000.0	-0.121861546345
1570000000.0	-0.197122428494
1572000000.0	-0.096862520513
1574000000.0	0.552582296702
1576000000.0	-0.838340890568
1578000000.0	0.476854073972
1580000000.0	0.766490938255
1582000000.0	-0.522689695989
1584000000.0	0.179900912874
1586000000.0	-0.215297016724
1588000000.0	-1.11229650012
1590000000.0	0.721460513404
1592000000.0	0.721362192347
1594000000.0	-0.332775501227
1596000000.0	-0.0854484573731
1598000000.0	-0.130711681362
1600000000.0	1.26695956932
1602000000.0	0.318553220515
1604000000.0	-0.115534560889
1606000000.0	-0.291739246303
1608000000.0	0.720888110158
1610000000.0	0.360221988527
1612000000.0	-0.134987777164
1614000000.0	-0.294284057684
1616000000.0	-0.0335499635544
1618000000.0	-0.019156807719
1620000000.0	0.119881027236
1622000000.0	-0.244501347901
1624000000.0	-0.283365646934
1626000000.0	0.2937231726
1628000000.0	-0.2044061975
1630000000.0	0.491399749217
1632000000.0	-0.0656368062353
1634000000.0	-0.467486401735
1636000000.0	0.750063742085
1638000000.0	-0.239759369773
1640000000.0	0.556702118239
1642000000.0	0.245078694613
1644000000.0	0.075343520975
1646000000.0	0.29516850638
1648000000.0	0.34952289639
1650000000.0	-0.00448598192022
1652000000.0	-0.236588927116
1654000000.0	0.0837190513726
1656000000.0	-0.048050962653
1658000000.0	-0.0244682572987
1660000000.0	0.341245837525
1662000000.0	-0.280980113663
1664000000.0	0.112737797168
1666000000.0	0.0158440571877
1668000000.0	0.411642423358
1670000000.0	0.322359739035
1672000000.0	0.81576963608
1674000000.0	0.198440435891
1676000000.0	-0.141532041956
1678000000.0	0.277435590416
1680000000.0	0.023714652284
1682000000.0	-0.0517244570219
1684000000.0	0.149135998562
1686000000.0	-0.454711764991
1688000000.0	0.689400862098
1690000000.0	-0.00337914651056
1692000000.0	-0.114251458946
1694000000.0	-0.0578211046721
1696000000.0	-0.207255224893
1698000000.0	-1.21186629992
1700000000.0	-0.452709989001
1702000000.0	-0.0902074135263
1704000000.0	0.353155519892
1706000000.0	0.0766377396109
1708000000.0	-0.544691661141
1710000000.0	0.370933215528
1712000000.0	-0.00851017255345
1714000000.0	0.229226638177
1716000000.0	-0.459133016601
1718000000.0	-0.195894217399
1720000000.0	0.705787599158
1722000000.0	0.144040342129
1724000000.0	0.143108406964
1726000000.0	0.229932881744
1728000000.0	-0.384982943757
1730000000.0	0.259071339497
1732000000.0	-0.259000745094
1734000000.0	-0.249975886564
1736000000.0	-0.439959861732
1738000000.0	0.607858895065
1740000000.0	-0.164074030986
1742000000.0	0.338387334177
1744000000.0	0.520362414239
1746000000.0	0.18903063924
1748000000.0	-0.149170940937
1750000000.0	2.06370091994
1752000000.0	0.0676390637309
1754000000.0	0.966668337365
1756000000.0	0.927868632595
1758000000.0	-0.248451047508
1760000000.0	0.311833557317
1762000000.0	0.0605371477267
1764000000.0	0.661796707015
1766000000.0	-0.221377793968
1768000000.0	0.213723471059
1770000000.0	-0.699209497427
1772000000.0	0.319195110506
1774000000.0	0.148551608529
1776000000.0	-0.0493017829892
1778000000.0	0.21379508944
1780000000.0	0.564554012707
1782000000.0	0.0398299101815
1784000000.0	-0.0123317923511
1786000000.0	0.0377141309158
1788000000.0	0.455993502637
1790000000.0	0.109773468725
1792000000.0	-0.275686883941
1794000000.0	-0.294500236672
1796000000.0	-0.677976200668
1798000000.0	-0.906128242144
1800000000.0	2.54602550695
1802000000.0	-0.361874799473
1804000000.0	-0.789756725197
1806000000.0	0.0944832514202
1808000000.0	-0.0407565192556
1810000000.0	-0.0669001282335
1812000000.0	0.0650580243986
1814000000.0	-0.270213731634
1816000000.0	-0.431051679339
1818000000.0	-0.230484377015
1820000000.0	-0.381096417334
1822000000.0	-0.00579228074203
1824000000.0	0.305655857409
1826000000.0	0.369471899885
1828000000.0	-0.0468733977067
1830000000.0	-0.182261002767
1832000000.0	0.6058440781
1834000000.0	0.252887369507
1836000000.0	0.000862673635522
1838000000.0	0.142560988749
1840000000.0	-0.205959818485
1842000000.0	0.392192754791
1844000000.0	0.0750084403991
1846000000.0	0.207455473013
1848000000.0	0.294432155981
1850000000.0	0.229953112112
1852000000.0	-0.0713414521929
1854000000.0	0.219633488111
1856000000.0	-0.453094928244
1858000000.0	0.0159186098732
1860000000.0	0.139286395173
1862000000.0	0.306743273613
1864000000.0	0.291090096929
1866000000.0	0.363856765874
1868000000.0	-0.928588111625
1870000000.0	-0.334693174835
1872000000.0	0.982744728715
1874000000.0	1.68143625576
1876000000.0	-0.162029705954
1878000000.0	-0.580104845993
1880000000.0	-0.798228128742
1882000000.0	-0.679279274265
1884000000.0	0.543310618631
1886000000.0	0.144688378169
1888000000.0	0.580227025295
1890000000.0	-1.00074170527
1892000000.0	-0.794850976751
1894000000.0	0.465970983236
1896000000.0	1.47881708602
1898000000.0	3.42749715719
1900000000.0	-8.36892207794
1902000000.0	3.58886096032
1904000000.0	1.55240320922
1906000000.0	0.108489067058
1908000000.0	0.074650244748
1910000000.0	-1.00374175572
1912000000.0	-0.297706506709
1914000000.0	-0.0826211760338
1916000000.0	0.88294406747
1918000000.0	0.423581436886
1920000000.0	0.335087394036
1922000000.0	-0.187458408363
1924000000.0	-0.241696926869
1926000000.0	-0.375089982992
1928000000.0	-0.326671599953
1930000000.0	0.240948108969
1932000000.0	0.380090789494
1934000000.0	-0.151072651617
1936000000.0	-0.422369758969
1938000000.0	-0.180749247172
1940000000.0	-0.239428027136
1942000000.0	0.166486228445
1944000000.0	0.296564265319
1946000000.0	0.254805190941
1948000000.0	0.258220801479
1950000000.0	-0.311508507618
1952000000.0	-0.68245502859
1954000000.0	-0.380706039778
1956000000.0	1.01493700394
1958000000.0	-0.265398351334
1960000000.0	0.446871064817
1962000000.0	-0.257172370964
1964000000.0	-0.350628722872
1966000000.0	0.274420368898
1968000000.0	-0.0097438651365
1970000000.0	0.672593940816
1972000000.0	-0.25499890256
1974000000.0	0.495238702491
1976000000.0	0.275900274109
1978000000.0	0.131133785047
1980000000.0	-0.00619391529033
1982000000.0	-0.152503226925
1984000000.0	0.0416018582637
1986000000.0	0.384311227164
1988000000.0	-0.293726939318
1990000000.0	0.443324811063
1992000000.0	0.914515385669
1994000000.0	0.685449590847
1996000000.0	-0.599371189158
1998000000.0	0.117736829547
2000000000.0	-1.48434
