0.0	-49.875
2000000.0	3.30282815479
4000000.0	13.8206746841
6000000.0	6.8358754997
8000000.0	-8.60227452735
10000000.0	-22.4924004668
12000000.0	-18.5074191568
14000000.0	-3.98484388105
16000000.0	15.2115590286
18000000.0	27.7409849204
20000000.0	21.5784684391
22000000.0	-2.64529104495
24000000.0	-28.3794060226
26000000.0	-33.6898748654
28000000.0	-20.0932004847
30000000.0	8.34701442792
32000000.0	24.9136329725
34000000.0	25.2957740059
36000000.0	-1.42891328259
38000000.0	-17.7514686548
40000000.0	-18.5313386087
42000000.0	-8.59123229269
44000000.0	7.93385699238
46000000.0	14.1466400944
48000000.0	6.12235348378
50000000.0	-9.66232155612
52000000.0	-11.6086567108
54000000.0	-3.08821100518
56000000.0	13.3392570919
58000000.0	17.9524769061
60000000.0	10.2493003649
62000000.0	-6.51081109368
64000000.0	-18.9270760175
66000000.0	-14.4856562474
68000000.0	1.12304684578
70000000.0	14.7191922314
72000000.0	15.3987386025
74000000.0	5.28081541901
76000000.0	-6.52946966204
78000000.0	-13.9990913299
80000000.0	-6.72092375446
82000000.0	5.58092326998
84000000.0	9.36123144736
86000000.0	4.50841976345
88000000.0	-5.65929151462
90000000.0	-9.36271447313
92000000.0	-3.89458886908
94000000.0	6.20678132535
96000000.0	12.8857862018
98000000.0	7.02789167012
100000000.0	-2.30483694963
102000000.0	-12.6772084541
104000000.0	-10.9867613687
106000000.0	-0.205238056888
108000000.0	9.75070176367
110000000.0	12.4130740238
112000000.0	4.94696100211
114000000.0	-6.53628883938
116000000.0	-10.6264997139
118000000.0	-5.54656028178
120000000.0	5.26569652231
122000000.0	11.2684660254
124000000.0	12.5225249664
126000000.0	-7.29572090736
128000000.0	-9.94727690735
130000000.0	-8.63606796989
132000000.0	-0.381643385817
134000000.0	7.87226386914
136000000.0	7.40471777495
138000000.0	1.01783778489
140000000.0	-7.4672023925
142000000.0	-9.88180110011
144000000.0	-2.45402230001
146000000.0	6.39811447366
148000000.0	7.42642990624
150000000.0	3.43770948955
152000000.0	-5.34641688013
154000000.0	-8.16584100729
156000000.0	-3.9380362984
158000000.0	4.963275227
160000000.0	9.32186889894
162000000.0	4.97860851615
164000000.0	-4.22840904553
166000000.0	-9.83186623114
168000000.0	-8.62393499219
170000000.0	3.1867944414
172000000.0	10.3994786017
174000000.0	9.8851027892
176000000.0	0.755482097361
178000000.0	-8.2057697362
180000000.0	-11.0155585271
182000000.0	-4.70756751229
184000000.0	5.85519640904
186000000.0	8.32504026368
188000000.0	4.03801492625
190000000.0	-4.78618997636
192000000.0	-9.88482408549
194000000.0	-3.35742521086
196000000.0	5.2989928562
198000000.0	10.0298147866
200000000.0	7.76516729552
202000000.0	-5.89862747226
204000000.0	-12.207270841
206000000.0	-10.8945104789
208000000.0	-0.792138181051
210000000.0	11.5178627891
212000000.0	12.5686907567
214000000.0	2.71575543597
216000000.0	-8.01092656362
218000000.0	-10.916097577
220000000.0	-4.0449463893
222000000.0	6.1273432168
224000000.0	11.5699894784
226000000.0	4.18209393637
228000000.0	-7.25886300505
230000000.0	-13.2063227856
232000000.0	-6.51303016765
234000000.0	9.04856112786
236000000.0	16.7120249318
238000000.0	10.8558635416
240000000.0	-6.53470035222
242000000.0	-16.950242757
244000000.0	-14.4703665464
246000000.0	0.90240445774
248000000.0	16.6917426036
250000000.0	22.680942554
252000000.0	2.45628868984
254000000.0	-14.8492967149
256000000.0	-18.5862447244
258000000.0	-2.77453620885
260000000.0	16.1453093853
262000000.0	17.8558834101
264000000.0	0.667694339522
266000000.0	-20.5613605642
268000000.0	-25.0664806698
270000000.0	-3.74396186989
272000000.0	26.877021644
274000000.0	39.1131037635
276000000.0	17.6177167798
278000000.0	-26.5149862702
280000000.0	-54.1096596615
282000000.0	-39.2665498086
284000000.0	14.9459061268
286000000.0	57.7222283965
288000000.0	52.4796967459
290000000.0	-2.76669954967
292000000.0	-56.7043177935
294000000.0	-43.5927692313
296000000.0	51.1584858026
298000000.0	156.704598255
300000000.0	-358.428224239
302000000.0	131.003224875
304000000.0	86.8780984855
306000000.0	47.3704065788
308000000.0	2.16986611267
310000000.0	-36.2797069671
312000000.0	-50.6091474141
314000000.0	-30.660835264
316000000.0	6.96710038823
318000000.0	33.6566643042
320000000.0	32.8903784948
322000000.0	8.75998870924
324000000.0	-12.5652802017
326000000.0	-24.3610085236
328000000.0	-11.0041460432
330000000.0	6.53455598555
332000000.0	12.1384469914
334000000.0	5.98215134314
336000000.0	-5.273417939
338000000.0	-9.4227557774
340000000.0	-4.35830249566
342000000.0	8.22087963147
344000000.0	14.7504595477
346000000.0	7.3963200455
348000000.0	-7.59796042231
350000000.0	-17.5938622325
352000000.0	-10.5573594652
354000000.0	4.92409671516
356000000.0	13.9852502181
358000000.0	12.3213442625
360000000.0	1.17648184399
362000000.0	-10.2244401647
364000000.0	-9.30384983521
366000000.0	-2.48879971538
368000000.0	5.03934045891
370000000.0	7.16377461435
372000000.0	0.212764865621
374000000.0	-6.85440317417
376000000.0	-5.17559963385
378000000.0	-0.655223757663
380000000.0	6.03044006896
382000000.0	7.69452613264
384000000.0	1.18875977586
386000000.0	-4.60132840973
388000000.0	-9.15799492556
390000000.0	-3.90980243932
392000000.0	2.54742262358
394000000.0	7.27990108655
396000000.0	6.24188037534
398000000.0	-1.19765977321
400000000.0	-2.97502082607
402000000.0	-5.05969741267
404000000.0	-0.689261979291
406000000.0	2.91126459985
408000000.0	3.48490121631
410000000.0	0.00830008720005
412000000.0	-3.19857484523
414000000.0	-3.22898812677
416000000.0	-1.03048614066
418000000.0	4.06543333688
420000000.0	4.05621000201
422000000.0	1.12142134654
424000000.0	-2.95716994906
426000000.0	-4.14490810137
428000000.0	-2.9022594683
430000000.0	2.56905762848
432000000.0	4.27963465848
434000000.0	2.58075328918
436000000.0	-0.491592679407
438000000.0	-2.57739892722
440000000.0	-1.35687187579
442000000.0	-0.254201763724
444000000.0	1.9746154865
446000000.0	2.61078395844
448000000.0	0.314472699158
450000000.0	-3.14004357881
452000000.0	-1.32977193584
454000000.0	1.58663611617
456000000.0	2.23379035797
458000000.0	1.63123027503
460000000.0	0.919195803592
462000000.0	-3.75171281187
464000000.0	-4.64887509917
466000000.0	-1.43946535092
468000000.0	2.45669660738
470000000.0	3.93614422019
472000000.0	3.52368184699
474000000.0	-0.760898877439
476000000.0	-2.33040801149
478000000.0	-0.896517941862
480000000.0	1.08621449136
482000000.0	1.44093308542
484000000.0	0.958444709573
486000000.0	0.393964870734
488000000.0	-1.27245243344
490000000.0	-2.20961295465
492000000.0	0.675067240114
494000000.0	2.4141054506
496000000.0	2.88973492265
498000000.0	0.141836556546
500000000.0	-0.712291452959
502000000.0	-3.69655244892
504000000.0	-1.6440432738
506000000.0	1.84292001048
508000000.0	2.58320777726
510000000.0	1.72421460552
512000000.0	-0.795598455142
514000000.0	-2.95028647925
516000000.0	0.133208439744
518000000.0	1.42069719108
520000000.0	2.86782740208
522000000.0	0.865398573278
524000000.0	-2.1440633223
526000000.0	-1.66262667875
528000000.0	-1.78510072901
530000000.0	1.28487890428
532000000.0	2.234258824
534000000.0	1.67430292206
536000000.0	1.23019568812
538000000.0	-1.51036723634
540000000.0	-2.69520678076
542000000.0	-1.20109498727
544000000.0	1.77968499897
546000000.0	2.65051654736
548000000.0	-0.019617229273
550000000.0	-2.23572475169
552000000.0	-2.03670120106
554000000.0	0.693978403277
556000000.0	0.332145113624
558000000.0	1.11694113601
560000000.0	0.406992570637
562000000.0	-0.673589103073
564000000.0	-2.63861674568
566000000.0	-0.403754359054
568000000.0	1.88837749163
570000000.0	0.973740927889
572000000.0	1.69447812082
574000000.0	-0.846710482241
576000000.0	-2.5622848901
578000000.0	-1.43919136864
580000000.0	1.88071013661
582000000.0	1.76025106979
584000000.0	0.756104981355
586000000.0	-0.383460224981
588000000.0	0.0361250341886
590000000.0	-1.41982055595
592000000.0	1.78153845383
594000000.0	0.425346623354
596000000.0	-1.78563694237
598000000.0	-1.69972427159
600000000.0	8.9153170794
602000000.0	-6.56239779432
604000000.0	-3.89169788444
606000000.0	-0.073220573382
608000000.0	2.87112927236
610000000.0	3.2766157556
612000000.0	0.314948339985
614000000.0	-2.13031104685
616000000.0	-3.93456577698
618000000.0	-0.282949862954
620000000.0	1.79850121102
622000000.0	1.30345218915
624000000.0	-3.04460690205
626000000.0	2.24654900226
628000000.0	0.56188011769
630000000.0	-0.0912251412806
632000000.0	0.695836840439
634000000.0	0.911834065894
636000000.0	0.490788954069
638000000.0	0.804110431614
640000000.0	-1.46632115282
642000000.0	-2.06522945216
644000000.0	1.4286972885
646000000.0	1.61854259852
648000000.0	2.51105314866
650000000.0	-1.53450653058
652000000.0	-0.257446361148
654000000.0	-0.965234043598
656000000.0	-0.537399664087
658000000.0	1.12789414826
660000000.0	0.579212945826
662000000.0	0.649745691668
664000000.0	-0.366799208211
666000000.0	-1.14391653177
668000000.0	-0.703287374404
670000000.0	0.662796238549
672000000.0	1.69971774792
674000000.0	0.00217949475515
676000000.0	-0.316775597204
678000000.0	-2.76017485762
680000000.0	-0.0768495784538
682000000.0	-0.0772548778742
684000000.0	2.37390738067
686000000.0	2.00909403494
688000000.0	0.0884106721845
690000000.0	-1.56811940082
692000000.0	-1.8066350672
694000000.0	-0.154595644464
696000000.0	0.0176709842708
698000000.0	-0.768014434178
700000000.0	5.25184020262
702000000.0	-4.11311745649
704000000.0	-2.97928837411
706000000.0	-0.740603084483
708000000.0	0.347258902738
710000000.0	2.46054115412
712000000.0	0.513270119231
714000000.0	0.32929273547
716000000.0	-2.34415901294
718000000.0	-1.24766803032
720000000.0	0.104703565037
722000000.0	2.42445126754
724000000.0	2.42192963726
726000000.0	-0.824603085697
728000000.0	-0.307332346071
730000000.0	-2.91186251563
732000000.0	-0.773920160076
734000000.0	1.5439008409
736000000.0	1.42713963065
738000000.0	0.706451915212
740000000.0	-1.25092690754
742000000.0	-0.83635192266
744000000.0	-0.815193358773
746000000.0	1.78725037339
748000000.0	1.60286519564
750000000.0	-0.661412794473
752000000.0	-1.06040240095
754000000.0	-1.71968854576
756000000.0	-0.22255492793
758000000.0	0.65369612933
760000000.0	2.49114137737
762000000.0	1.37409827903
764000000.0	0.123231532175
766000000.0	-2.62726356926
768000000.0	-2.44899565938
770000000.0	-0.0283857107315
772000000.0	1.49968294644
774000000.0	0.837839901037
776000000.0	0.208102802269
778000000.0	-0.437909649673
780000000.0	-2.98959177732
782000000.0	-0.964489571441
784000000.0	1.554430841
786000000.0	2.62072133485
788000000.0	1.70399334219
790000000.0	-1.01190316023
792000000.0	-0.504555634318
794000000.0	-1.44120952417
796000000.0	1.16264413507
798000000.0	0.92529251581
800000000.0	4.84921005525
802000000.0	-1.08766437653
804000000.0	-2.1311699377
806000000.0	-2.66507848864
808000000.0	0.388629681192
810000000.0	3.6069200797
812000000.0	3.25183689299
814000000.0	0.981646011937
816000000.0	-1.98344111526
818000000.0	-1.62868918461
820000000.0	-1.4807164815
822000000.0	1.0051862874
824000000.0	2.4903437766
826000000.0	1.71522265428
828000000.0	-2.5604428723
830000000.0	-3.03499768531
832000000.0	-1.51737396771
834000000.0	3.00265444355
836000000.0	4.47249008689
838000000.0	2.51048806866
840000000.0	-1.94819958483
842000000.0	-5.56699100268
844000000.0	-2.22785399022
846000000.0	0.860008475892
848000000.0	4.16576736554
850000000.0	3.05054959548
852000000.0	1.69326294186
854000000.0	-2.85279241375
856000000.0	-5.93541445483
858000000.0	-1.97412031239
860000000.0	2.81446109376
862000000.0	4.1093641631
864000000.0	-0.107442206046
866000000.0	-4.17123863415
868000000.0	-5.73445096335
870000000.0	-1.72656944181
872000000.0	6.05063863903
874000000.0	10.1904378808
876000000.0	6.85261205666
878000000.0	-6.24438554717
880000000.0	-14.0298585115
882000000.0	-11.3401109065
884000000.0	3.01511902833
886000000.0	15.1681446464
888000000.0	13.050856039
890000000.0	-0.359478658035
892000000.0	-15.9384312855
894000000.0	-10.9933947476
896000000.0	10.8111014843
898000000.0	34.5605320769
900000000.0	-68.7614401931
902000000.0	21.1964605368
904000000.0	14.7988471062
906000000.0	12.6930049947
908000000.0	4.44443586796
910000000.0	-7.66208619258
912000000.0	-12.9300968147
914000000.0	-9.82904801636
916000000.0	0.175742457435
918000000.0	8.78586665064
920000000.0	8.91079852302
922000000.0	2.04073546933
924000000.0	-4.78973404025
926000000.0	-6.80780128655
928000000.0	-4.33548139648
930000000.0	2.74589320717
932000000.0	5.48223543167
934000000.0	3.24054748078
936000000.0	-2.2231538949
938000000.0	-3.7801331864
940000000.0	-1.57469983362
942000000.0	1.30399463893
944000000.0	5.64258163122
946000000.0	3.11884991134
948000000.0	-1.20324468595
950000000.0	-4.86433278632
952000000.0	-3.53179578341
954000000.0	2.26196343607
956000000.0	5.60994560837
958000000.0	2.87587855749
960000000.0	-1.16346586864
962000000.0	-2.56674468376
964000000.0	-2.46836868346
966000000.0	0.0597007562257
968000000.0	1.28803793686
970000000.0	2.42537368455
972000000.0	-0.0675684727864
974000000.0	-1.74350453776
976000000.0	-1.78063468464
978000000.0	0.605945669098
980000000.0	1.16214601185
982000000.0	2.19151362038
984000000.0	-1.02768979049
986000000.0	-1.51800091736
988000000.0	-3.18630021155
990000000.0	-0.0484056951019
992000000.0	1.35378678012
994000000.0	2.63128968587
996000000.0	2.22411029421
998000000.0	0.374345716684
1000000000.0	-4.40625
1002000000.0	-0.800510294394
1004000000.0	-1.03023979246
1006000000.0	1.03652277046
1008000000.0	0.63737158476
1010000000.0	-0.714904209372
1012000000.0	-0.425213304817
1014000000.0	-1.53590449787
1016000000.0	0.46791263579
1018000000.0	1.29217764315
1020000000.0	-0.054255396684
1022000000.0	0.814024254673
1024000000.0	-1.74312551556
1026000000.0	-0.682680761044
1028000000.0	-0.487942521891
1030000000.0	0.346425454637
1032000000.0	1.95971483412
1034000000.0	1.70963559544
1036000000.0	-0.0733570014118
1038000000.0	-0.604922057303
1040000000.0	-1.35117755393
1042000000.0	0.0163909188539
1044000000.0	1.48491874041
1046000000.0	0.0484002599861
1048000000.0	0.705328625116
1050000000.0	-2.16322127481
1052000000.0	-1.89481989389
1054000000.0	0.142737642552
1056000000.0	1.0018975032
1058000000.0	2.34404579069
1060000000.0	0.549280830056
1062000000.0	-1.25220984438
1064000000.0	-1.08015151217
1066000000.0	0.61023956291
1068000000.0	1.88969972751
1070000000.0	1.54461571176
1072000000.0	1.17457601665
1074000000.0	-0.570533334256
1076000000.0	-0.775603581715
1078000000.0	-0.448922520561
1080000000.0	0.212276583454
1082000000.0	0.746969448588
1084000000.0	1.14695384773
1086000000.0	0.421873434166
1088000000.0	-1.1768059497
1090000000.0	-1.76144623335
1092000000.0	-0.517542484383
1094000000.0	1.93248892623
1096000000.0	1.05950700647
1098000000.0	0.817650180009
1100000000.0	-1.77731637718
1102000000.0	-2.13997958431
1104000000.0	0.858915480684
1106000000.0	0.420190154427
1108000000.0	1.38319539702
1110000000.0	1.36390296438
1112000000.0	-0.966273009955
1114000000.0	-1.64888938901
1116000000.0	-0.465364121455
1118000000.0	0.505581549272
1120000000.0	0.517774533055
1122000000.0	-0.372225719186
1124000000.0	0.40765480134
1126000000.0	0.935523999772
1128000000.0	0.187896957326
1130000000.0	-0.550764835799
1132000000.0	1.49201875585
1134000000.0	1.19558934293
1136000000.0	-1.22801824526
1138000000.0	-1.55907294671
1140000000.0	-0.739163630242
1142000000.0	-0.753639959467
1144000000.0	1.62317266654
1146000000.0	-0.0181161087879
1148000000.0	-0.392147456916
1150000000.0	-1.56847001554
1152000000.0	-0.626231899218
1154000000.0	0.111110902161
1156000000.0	-0.504203082173
1158000000.0	1.48503241526
1160000000.0	1.0730137955
1162000000.0	-0.11262256237
1164000000.0	-1.33054355652
1166000000.0	0.468982187288
1168000000.0	-0.701377061447
1170000000.0	1.05156128965
1172000000.0	1.01674863244
1174000000.0	1.4776432235
1176000000.0	-1.9108110306
1178000000.0	-0.68895431138
1180000000.0	0.168923605187
1182000000.0	1.23809152875
1184000000.0	0.604040118563
1186000000.0	-0.899475309877
1188000000.0	0.429623042385
1190000000.0	-1.21381912329
1192000000.0	-0.426722954967
1194000000.0	-0.475574515794
1196000000.0	2.63841230744
1198000000.0	5.4441096835
1200000000.0	-11.8843541739
1202000000.0	4.20091278885
1204000000.0	3.13902445848
1206000000.0	-0.251956287251
1208000000.0	-0.828179838168
1210000000.0	-0.510397951796
1212000000.0	0.55676299209
1214000000.0	0.494117540883
1216000000.0	-0.0602787049858
1218000000.0	0.701016636728
1220000000.0	1.63066136639
1222000000.0	-0.204876040976
1224000000.0	0.539256854808
1226000000.0	0.839881368637
1228000000.0	-0.424920986257
1230000000.0	-0.441977714435
1232000000.0	-0.0758065980341
1234000000.0	-0.799805224419
1236000000.0	0.585395639724
1238000000.0	0.425228687911
1240000000.0	0.142518915494
1242000000.0	-0.316502319817
1244000000.0	0.102345214087
1246000000.0	0.0352225731677
1248000000.0	0.975270185755
1250000000.0	-5.54115979245
1252000000.0	0.0494715322084
1254000000.0	-1.76945926575
1256000000.0	0.354412444265
1258000000.0	0.188152424361
1260000000.0	1.77047234919
1262000000.0	0.243346625561
1264000000.0	-0.633119774525
1266000000.0	-0.489908710052
1268000000.0	1.56944273672
1270000000.0	0.62288860052
1272000000.0	0.480335952303
1274000000.0	1.13365022164
1276000000.0	-0.94477592969
1278000000.0	0.339000043758
1280000000.0	1.14850389974
1282000000.0	0.479925471469
1284000000.0	1.22725596775
1286000000.0	-0.787263728254
1288000000.0	-1.02439366068
1290000000.0	-0.898244517743
1292000000.0	0.188126208545
1294000000.0	0.497585600686
1296000000.0	0.275291546634
1298000000.0	0.603194990252
1300000000.0	-0.556760675783
1302000000.0	0.715926013232
1304000000.0	-0.0689305246313
1306000000.0	0.566615803501
1308000000.0	0.180129453074
1310000000.0	1.18040699151
1312000000.0	0.673567960376
1314000000.0	-0.839218769758
1316000000.0	-0.190769036618
1318000000.0	-0.748498416608
1320000000.0	0.304504117654
1322000000.0	-0.068756816804
1324000000.0	0.487499132243
1326000000.0	0.298386897549
1328000000.0	0.246035205823
1330000000.0	-0.881837553561
1332000000.0	-0.736626910755
1334000000.0	1.47032416593
1336000000.0	-0.367957419908
1338000000.0	0.236360919318
1340000000.0	-7.45241910562e-05
1342000000.0	0.682264328011
1344000000.0	-1.61873430327
1346000000.0	0.151352754482
1348000000.0	0.693413419665
1350000000.0	0.491643192671
1352000000.0	0.292376856241
1354000000.0	-0.321168696435
1356000000.0	-0.492439961131
1358000000.0	-0.357232354338
1360000000.0	1.7312144102
1362000000.0	1.22034251572
1364000000.0	0.0462517772337
1366000000.0	-1.05089560313
1368000000.0	-0.962092872361
1370000000.0	-0.990695027263
1372000000.0	1.23680811034
1374000000.0	4.14009481556
1376000000.0	-2.58219776949
1378000000.0	-1.87851830651
1380000000.0	-2.70254924797
1382000000.0	0.0735292819443
1384000000.0	-0.199641322154
1386000000.0	0.210093130216
1388000000.0	1.64333061106
1390000000.0	0.235706698412
1392000000.0	-0.0450868711014
1394000000.0	-0.101139055448
1396000000.0	0.847691258954
1398000000.0	-0.88011670536
1400000000.0	2.97392900552
1402000000.0	-1.87353666757
1404000000.0	-0.804759378107
1406000000.0	-0.976847621986
1408000000.0	0.661609671215
1410000000.0	1.35239174026
1412000000.0	0.821238907957
1414000000.0	-0.250921578926
1416000000.0	-0.885474049608
1418000000.0	-0.554818510978
1420000000.0	0.48611014112
1422000000.0	0.232188133098
1424000000.0	0.836413277596
1426000000.0	0.498872264052
1428000000.0	0.108954842155
1430000000.0	-1.98341227869
1432000000.0	-0.634153269422
1434000000.0	0.0170266641744
1436000000.0	0.831786322048
1438000000.0	1.14757537115
1440000000.0	0.755035666135
1442000000.0	-2.41559416528
1444000000.0	-1.54577949173
1446000000.0	-0.538773640178
1448000000.0	3.22083985265
1450000000.0	0.719707006761
1452000000.0	1.2667715704
1454000000.0	-2.41498921402
1456000000.0	-1.80220170145
1458000000.0	-2.33174629101
1460000000.0	1.62449366564
1462000000.0	1.82354461352
1464000000.0	0.0210873740709
1466000000.0	-1.31577613112
1468000000.0	-4.34447076674
1470000000.0	-0.583204007593
1472000000.0	2.21258868275
1474000000.0	3.91553865474
1476000000.0	2.53031397105
1478000000.0	-2.1563048626
1480000000.0	-5.16060353378
1482000000.0	-3.73549443006
1484000000.0	1.14050486906
1486000000.0	4.29700740221
1488000000.0	5.8110903459
1490000000.0	0.058410945645
1492000000.0	-5.10816110996
1494000000.0	-4.84162229708
1496000000.0	2.4444536242
1498000000.0	8.96221116555
1500000000.0	-18.787708547
1502000000.0	3.22954782344
1504000000.0	4.51819094506
1506000000.0	5.19039031204
1508000000.0	2.74912044721
1510000000.0	-0.33352179762
1512000000.0	-5.33231017232
1514000000.0	-4.59244568905
1516000000.0	0.513669415769
1518000000.0	3.49126425007
1520000000.0	3.36739127324
1522000000.0	1.62209418498
1524000000.0	-1.51776056293
1526000000.0	-3.21818772464
1528000000.0	-2.2665480781
1530000000.0	1.33022948151
1532000000.0	1.65842488616
1534000000.0	0.48875399964
1536000000.0	-1.24209745511
1538000000.0	-0.550524953105
1540000000.0	-1.0471761563
1542000000.0	0.61350842857
1544000000.0	2.72917356031
1546000000.0	1.53515067323
1548000000.0	-1.73216077876
1550000000.0	-2.77956316456
1552000000.0	-1.50996657566
1554000000.0	0.772590149928
1556000000.0	1.52319206264
1558000000.0	0.325662121292
1560000000.0	0.484382531264
1562000000.0	0.361510971475
1564000000.0	-2.49729661454
1566000000.0	0.976966489817
1568000000.0	1.10318059333
1570000000.0	1.3848629385
1572000000.0	0.78222485442
1574000000.0	-0.737844494381
1576000000.0	-0.1644554882
1578000000.0	0.182402058118
1580000000.0	1.09901490034
1582000000.0	1.15101995043
1584000000.0	0.605905944198
1586000000.0	-0.481266955518
1588000000.0	-0.17404981731
1590000000.0	-0.485195630416
1592000000.0	-0.262376905923
1594000000.0	-0.23355032547
1596000000.0	0.486248842162
1598000000.0	0.36286690998
1600000000.0	-2.80233505525
1602000000.0	1.77529879814
1604000000.0	0.490014392652
1606000000.0	-0.351724118019
1608000000.0	1.66645525387
1610000000.0	-1.22594616325
1612000000.0	-0.399416823697
1614000000.0	0.0315758646762
1616000000.0	0.643998971194
1618000000.0	1.28226435798
1620000000.0	1.04294575271
1622000000.0	0.94256629146
1624000000.0	1.05258829142
1626000000.0	-2.78150573894
1628000000.0	-0.611305517011
1630000000.0	-0.179682181596
1632000000.0	0.657520992298
1634000000.0	-0.202338026025
1636000000.0	-0.918412196163
1638000000.0	0.816903876265
1640000000.0	-0.676692376218
1642000000.0	-0.122192146113
1644000000.0	-0.0400711191739
1646000000.0	1.43637126565
1648000000.0	0.583122389287
1650000000.0	-0.356700861721
1652000000.0	0.109260293158
1654000000.0	-0.844622500791
1656000000.0	0.946972396064
1658000000.0	0.60655474537
1660000000.0	-0.644585267866
1662000000.0	-0.188680858014
1664000000.0	-0.777849848909
1666000000.0	-0.11817325602
1668000000.0	0.713399511983
1670000000.0	-0.0750782347281
1672000000.0	0.444743060845
1674000000.0	0.335266146908
1676000000.0	0.595957713726
1678000000.0	-0.344763052736
1680000000.0	0.702733578577
1682000000.0	0.930568873921
1684000000.0	0.740454770161
1686000000.0	-0.351476322393
1688000000.0	-1.44023982357
1690000000.0	-0.151424615033
1692000000.0	-0.183249017396
1694000000.0	0.349818326148
1696000000.0	-0.799064914408
1698000000.0	-0.0428543066079
1700000000.0	-0.943027406471
1702000000.0	0.754104845996
1704000000.0	-0.116580322023
1706000000.0	1.97801179288
1708000000.0	-0.434359379157
1710000000.0	-0.675298461238
1712000000.0	-1.59991458828
1714000000.0	-0.689003005448
1716000000.0	1.30636410496
1718000000.0	-0.464368107227
1720000000.0	-0.668464971883
1722000000.0	0.496770487322
1724000000.0	0.100827771199
1726000000.0	-0.930645731806
1728000000.0	0.217525418039
1730000000.0	-0.0119327780576
1732000000.0	1.0005145829
1734000000.0	-1.49924053222
1736000000.0	-0.819152411676
1738000000.0	-0.641694279891
1740000000.0	0.441465994983
1742000000.0	0.308784464755
1744000000.0	0.504827935394
1746000000.0	0.160165400536
1748000000.0	-0.463424222795
1750000000.0	-7.2283699671
1752000000.0	-1.21400909031
1754000000.0	0.114705623253
1756000000.0	1.1166783258
1758000000.0	-0.0820713603394
1760000000.0	0.0504343131243
1762000000.0	1.21645102798
1764000000.0	-0.628905962055
1766000000.0	-0.0704331388135
1768000000.0	0.776454167733
1770000000.0	0.938579571473
1772000000.0	0.596125170668
1774000000.0	-0.433526642786
1776000000.0	-0.3799514299
1778000000.0	-0.582637394413
1780000000.0	-0.419038073179
1782000000.0	0.798802853175
1784000000.0	-0.175222766192
1786000000.0	-0.162539581882
1788000000.0	-0.392362755003
1790000000.0	-1.54175859721
1792000000.0	0.546924444759
1794000000.0	0.960059405918
1796000000.0	0.931996186796
1798000000.0	1.66339828184
1800000000.0	-3.84191338044
1802000000.0	1.44331894992
1804000000.0	0.432136604089
1806000000.0	0.796730260987
1808000000.0	0.139913864198
1810000000.0	0.890334453169
1812000000.0	-0.296094858604
1814000000.0	-1.7756431382
1816000000.0	-1.67323755162
1818000000.0	1.91976518769
1820000000.0	0.205335221753
1822000000.0	-0.301722109908
1824000000.0	-0.434781528925
1826000000.0	1.20948122032
1828000000.0	0.36269612005
1830000000.0	-0.0374779071442
1832000000.0	0.457003003018
1834000000.0	-0.402451758752
1836000000.0	-1.83756172421
1838000000.0	0.412725235524
1840000000.0	0.526749774442
1842000000.0	0.24045577654
1844000000.0	0.77219722693
1846000000.0	-0.415356464824
1848000000.0	-0.269618483244
1850000000.0	0.277536063428
1852000000.0	1.35113751443
1854000000.0	1.32752900485
1856000000.0	0.393245931705
1858000000.0	-0.162247414769
1860000000.0	-0.316548853763
1862000000.0	0.875317345752
1864000000.0	-0.269432970057
1866000000.0	-0.412597432882
1868000000.0	0.00265340415396
1870000000.0	0.421540562925
1872000000.0	-1.6242132705
1874000000.0	-2.02345581556
1876000000.0	0.22238236414
1878000000.0	1.30093628441
1880000000.0	0.345342223684
1882000000.0	1.47477513936
1884000000.0	0.165075358056
1886000000.0	-0.967231165013
1888000000.0	-1.14971051054
1890000000.0	-0.123534153231
1892000000.0	0.486884684653
1894000000.0	1.19736601288
1896000000.0	1.67795544628
1898000000.0	2.05425803086
1900000000.0	-7.35523436108
1902000000.0	3.40195102758
1904000000.0	1.37214445999
1906000000.0	-0.023881127362
1908000000.0	-0.377204644653
1910000000.0	0.0176989035282
1912000000.0	1.16771305002
1914000000.0	2.11702199515
1916000000.0	0.788539985241
1918000000.0	-1.06651296607
1920000000.0	-0.718548275674
1922000000.0	-0.144217267448
1924000000.0	2.37817455917
1926000000.0	0.219530843226
1928000000.0	0.7503564797
1930000000.0	-0.346559466367
1932000000.0	-0.677840908973
1934000000.0	-0.600860366223
1936000000.0	0.00118989838517
1938000000.0	1.31433520048
1940000000.0	0.983787544783
1942000000.0	-0.311266573676
1944000000.0	-0.309683459469
1946000000.0	0.0717460696737
1948000000.0	0.0363592390473
1950000000.0	0.546601404768
1952000000.0	1.19425884843
1954000000.0	0.410943187919
1956000000.0	0.135983716261
1958000000.0	-1.23569900263
1960000000.0	0.192196355374
1962000000.0	0.182591800087
1964000000.0	1.46198795817
1966000000.0	-0.413857974645
1968000000.0	0.341080280221
1970000000.0	-0.415359196228
1972000000.0	-0.407404098981
1974000000.0	0.928767803109
1976000000.0	0.513636900566
1978000000.0	0.740518529672
1980000000.0	-0.353404099587
1982000000.0	-0.126501673465
1984000000.0	0.804641606231
1986000000.0	0.621608159093
1988000000.0	1.18756765951
1990000000.0	0.468504930281
1992000000.0	-0.754199524607
1994000000.0	-3.08230014884
1996000000.0	-1.37362208397
1998000000.0	-1.71817731407
2000000000.0	7.6875
