0.0	-2.0109495
2000000.0	0.758313883847
4000000.0	1.34346625522
6000000.0	0.185327234391
8000000.0	0.10280163498
10000000.0	0.530767939958
12000000.0	0.409300576522
14000000.0	0.925467094447
16000000.0	2.22232768691
18000000.0	3.19519352968
20000000.0	3.18723368434
22000000.0	1.81675008547
24000000.0	0.0563778226589
26000000.0	-1.31405854897
28000000.0	-2.18578975673
30000000.0	-2.65049392525
32000000.0	-1.8307011739
34000000.0	0.0872845695844
36000000.0	2.62699646444
38000000.0	3.15596769975
40000000.0	2.29488883035
42000000.0	1.75506262808
44000000.0	0.288546900847
46000000.0	-1.10858787375
48000000.0	-1.88996957034
50000000.0	-1.58143232453
52000000.0	-0.488662845676
54000000.0	0.9971039622
56000000.0	1.83053663116
58000000.0	1.47163390291
60000000.0	0.374179246856
62000000.0	-0.916332244856
64000000.0	-1.41572601119
66000000.0	-1.29953129511
68000000.0	-0.446664638749
70000000.0	0.413520434085
72000000.0	1.05596854938
74000000.0	0.90498394914
76000000.0	0.157902363483
78000000.0	-0.632500979698
80000000.0	-1.06869062967
82000000.0	-0.815459032667
84000000.0	-0.283768966959
86000000.0	0.224872449537
88000000.0	0.25280768453
90000000.0	0.114410190733
92000000.0	-0.212061643359
94000000.0	-0.531162085044
96000000.0	-0.437239375822
98000000.0	-0.00286121974664
100000000.0	0.41090218202
102000000.0	0.41477210416
104000000.0	0.0755114678511
106000000.0	-0.53076331663
108000000.0	-0.849687939837
110000000.0	-0.767389700702
112000000.0	-0.339677919741
114000000.0	0.296891198075
116000000.0	0.918675052753
118000000.0	0.726317881975
120000000.0	0.288532868024
122000000.0	-0.262521515594
124000000.0	-0.550871341252
126000000.0	-0.947398567365
128000000.0	-0.334886964749
130000000.0	0.0892707040782
132000000.0	0.511155330278
134000000.0	0.423360258844
136000000.0	0.0194465683752
138000000.0	-0.369777149193
140000000.0	-0.446204795853
142000000.0	-0.385763382503
144000000.0	0.110083343738
146000000.0	0.393021984197
148000000.0	0.359018675951
150000000.0	0.0197596075018
152000000.0	-0.460100263329
154000000.0	-0.598718232903
156000000.0	-0.42042469568
158000000.0	0.117469987964
160000000.0	0.533653853574
162000000.0	0.747408956511
164000000.0	0.438676709753
166000000.0	-0.0378900830488
168000000.0	-0.593015581742
170000000.0	-0.665232307375
172000000.0	-0.483217931238
174000000.0	0.0544219956165
176000000.0	0.522255854347
178000000.0	0.590946090645
180000000.0	0.373878337519
182000000.0	-0.166358607422
184000000.0	-0.491273466427
186000000.0	-0.410086105931
188000000.0	-0.11312848457
190000000.0	0.249254493751
192000000.0	0.449938190833
194000000.0	0.261755557667
196000000.0	-0.136490588442
198000000.0	-0.393587871948
200000000.0	-0.461612698331
202000000.0	-0.205538800284
204000000.0	0.359268724538
206000000.0	0.509643538167
208000000.0	0.473516627739
210000000.0	-0.0258376622091
212000000.0	-0.515634827287
214000000.0	-0.752775568267
216000000.0	-0.564254495041
218000000.0	0.0707212630456
220000000.0	0.76572820573
222000000.0	0.939132033868
224000000.0	0.479852814721
226000000.0	-0.416406767268
228000000.0	-1.03347313012
230000000.0	-1.08976714067
232000000.0	-0.491131078556
234000000.0	0.257442601134
236000000.0	1.14334513751
238000000.0	1.25548593703
240000000.0	0.551218931349
242000000.0	-0.570818135482
244000000.0	-1.30367709332
246000000.0	-1.26410867564
248000000.0	-0.436211345932
250000000.0	0.82905497008
252000000.0	1.16478013819
254000000.0	0.988368183282
256000000.0	0.271466714672
258000000.0	-0.497494014655
260000000.0	-0.982849767764
262000000.0	-0.941500965207
264000000.0	-0.120513593334
266000000.0	0.939384723361
268000000.0	1.15838947369
270000000.0	0.380616405611
272000000.0	-0.977972615199
274000000.0	-1.61985175319
276000000.0	-0.904724828589
278000000.0	0.944269824105
280000000.0	2.19865797787
282000000.0	1.99029335867
284000000.0	0.303133669637
286000000.0	-1.90798469349
288000000.0	-4.29592140639
290000000.0	-5.38140821953
292000000.0	-2.50657712554
294000000.0	6.87818929607
296000000.0	21.8376168304
298000000.0	36.4123724411
300000000.0	-108.494255519
302000000.0	33.1945200961
304000000.0	21.7508900677
306000000.0	10.0099680079
308000000.0	0.816638771934
310000000.0	-5.13401483903
312000000.0	-7.61424970457
314000000.0	-5.96610902556
316000000.0	-1.34779688958
318000000.0	3.29419457457
320000000.0	5.16243765342
322000000.0	3.62769558238
324000000.0	0.34141167416
326000000.0	-2.19839432882
328000000.0	-3.13219573015
330000000.0	-2.19383920794
332000000.0	-0.451658172053
334000000.0	1.14126262114
336000000.0	1.92990721733
338000000.0	1.55942737013
340000000.0	0.3296281958
342000000.0	-0.902126687154
344000000.0	-1.49332319753
346000000.0	-0.982711438617
348000000.0	0.0364962957006
350000000.0	0.65910742948
352000000.0	0.640123063224
354000000.0	0.255548030514
356000000.0	-0.230280332502
358000000.0	-0.446658583023
360000000.0	-0.227985882822
362000000.0	0.0438109941484
364000000.0	0.364194018146
366000000.0	0.243858649484
368000000.0	0.0705843148595
370000000.0	-0.449334283623
372000000.0	-0.554595338137
374000000.0	-0.580771340559
376000000.0	0.198942401523
378000000.0	0.667766451983
380000000.0	0.879181377701
382000000.0	0.459236063513
384000000.0	-0.258647750279
386000000.0	-0.753940012398
388000000.0	-0.955316034046
390000000.0	-0.576417835322
392000000.0	0.187978809605
394000000.0	0.78516762365
396000000.0	1.12595446003
398000000.0	0.695692591321
400000000.0	-0.314503214455
402000000.0	-0.760464011175
404000000.0	-0.940458617467
406000000.0	-0.697572152336
408000000.0	0.0330699097611
410000000.0	0.716816516629
412000000.0	0.949207609374
414000000.0	0.517766707445
416000000.0	0.0105235647633
418000000.0	-0.613737501056
420000000.0	-0.818533986226
422000000.0	-0.591985215126
424000000.0	-0.0636379182504
426000000.0	0.508572971351
428000000.0	0.594665289008
430000000.0	0.365185222855
432000000.0	0.0324161928803
434000000.0	-0.266490675443
436000000.0	-0.448160094406
438000000.0	-0.227750338058
440000000.0	0.00494966140618
442000000.0	0.226689123493
444000000.0	0.18084587268
446000000.0	0.00427408851801
448000000.0	-0.0518976629572
450000000.0	-0.116013800863
452000000.0	-0.120752455072
454000000.0	0.0477195831128
456000000.0	0.13066168687
458000000.0	0.0916386660085
460000000.0	0.0136460994855
462000000.0	-0.115029171681
464000000.0	-0.219703266448
466000000.0	-0.126927436051
468000000.0	0.0155836944106
470000000.0	0.295286642828
472000000.0	0.322054949247
474000000.0	0.104086463349
476000000.0	-0.24813831111
478000000.0	-0.415661457751
480000000.0	-0.341079583594
482000000.0	-0.11579439047
484000000.0	0.223754871305
486000000.0	0.393924064688
488000000.0	0.404711187703
490000000.0	0.0885669241253
492000000.0	-0.240878539611
494000000.0	-0.406225268544
496000000.0	-0.483324162926
498000000.0	-0.136083369382
500000000.0	0.223373130712
502000000.0	0.366645211138
504000000.0	0.321207539547
506000000.0	0.131842640725
508000000.0	-0.193946080007
510000000.0	-0.313448111753
512000000.0	-0.314337582968
514000000.0	-0.166402915899
516000000.0	0.0908852033021
518000000.0	0.240558585323
520000000.0	0.304673886735
522000000.0	0.0555914607454
524000000.0	-0.00162611853352
526000000.0	-0.315825606068
528000000.0	-0.197230735907
530000000.0	-0.114465501196
532000000.0	0.0249167105578
534000000.0	0.124979823521
536000000.0	0.0038248305805
538000000.0	0.0312745444527
540000000.0	-0.0764696812673
542000000.0	-0.0250690676644
544000000.0	-0.0941895243269
546000000.0	0.036505838179
548000000.0	0.118406983508
550000000.0	-0.0590191326126
552000000.0	-0.160728401194
554000000.0	-0.08615502185
556000000.0	-0.0492379860812
558000000.0	0.0792891936434
560000000.0	0.177453156918
562000000.0	0.268532639301
564000000.0	0.0204138178733
566000000.0	-0.0911202662839
568000000.0	-0.173276141163
570000000.0	-0.171772682375
572000000.0	-0.195959533034
574000000.0	0.00200521120843
576000000.0	0.31448184627
578000000.0	0.231831505851
580000000.0	0.211478402733
582000000.0	-0.128767614353
584000000.0	-0.34699986368
586000000.0	-0.153634825205
588000000.0	-0.160699849755
590000000.0	0.0421052555947
592000000.0	0.248460034373
594000000.0	0.270871437792
596000000.0	0.0249833704887
598000000.0	-0.076652395347
600000000.0	0.24065316147
602000000.0	-0.319499254616
604000000.0	-0.140591609326
606000000.0	-0.062076937527
608000000.0	0.0336754144619
610000000.0	0.141384453784
612000000.0	0.156365142661
614000000.0	0.0906491529644
616000000.0	-0.0197874393395
618000000.0	-0.158163764753
620000000.0	-0.122156526077
622000000.0	-0.0231158578116
624000000.0	0.030271785927
626000000.0	0.158747375506
628000000.0	0.0654868856675
630000000.0	0.00856946918411
632000000.0	-0.0524506831948
634000000.0	-0.0876366311612
636000000.0	-0.0453268507439
638000000.0	-0.0470971854537
640000000.0	-0.0845008705003
642000000.0	0.0677258517182
644000000.0	-0.0697415852337
646000000.0	-0.0275918060947
648000000.0	-0.00980652292104
650000000.0	0.174174560908
652000000.0	-0.0264484911997
654000000.0	-0.0207486197817
656000000.0	-0.0381219195456
658000000.0	-0.169091165536
660000000.0	-0.134201372441
662000000.0	-0.103553493558
664000000.0	-0.0275961501273
666000000.0	0.00938785192444
668000000.0	0.123110485206
670000000.0	0.113775370881
672000000.0	-0.0880688097107
674000000.0	0.0103747926937
676000000.0	-0.21572261853
678000000.0	-0.0896246064714
680000000.0	0.0184460693662
682000000.0	0.124760301591
684000000.0	0.148095140349
686000000.0	0.143106198003
688000000.0	-0.0318546080456
690000000.0	-0.101841391292
692000000.0	-0.24843061773
694000000.0	-0.187232836539
696000000.0	0.0320632717174
698000000.0	0.063226396023
700000000.0	-0.151697120807
702000000.0	0.194585037589
704000000.0	0.0931880458149
706000000.0	-0.0164524636784
708000000.0	-0.112066580557
710000000.0	-0.0896357512665
712000000.0	0.0145455631474
714000000.0	-0.010408047413
716000000.0	-0.0103076703191
718000000.0	-0.0178133818898
720000000.0	0.0260574049875
722000000.0	-0.099966357645
724000000.0	-0.0748709962249
726000000.0	0.0209329812241
728000000.0	0.0171723503171
730000000.0	0.0498578927117
732000000.0	0.0141587141505
734000000.0	0.00379341739432
736000000.0	-0.0222060349678
738000000.0	-0.0265578960244
740000000.0	0.114748025807
742000000.0	0.237742505927
744000000.0	0.0242989577628
746000000.0	0.0362641162346
748000000.0	-0.0304315414797
750000000.0	-0.172516956552
752000000.0	-0.156207887656
754000000.0	-0.0952427443964
756000000.0	0.0745193023885
758000000.0	0.12422154805
760000000.0	0.148481641415
762000000.0	-0.0331967440831
764000000.0	-0.16412590508
766000000.0	-0.186611408596
768000000.0	-0.157814429735
770000000.0	-0.0880878242072
772000000.0	0.0575944373545
774000000.0	0.100806807972
776000000.0	0.145422935339
778000000.0	-0.0324528947865
780000000.0	-0.237309287539
782000000.0	-0.232725047089
784000000.0	-0.249072380252
786000000.0	0.0580137897814
788000000.0	0.133681563926
790000000.0	0.140832721049
792000000.0	0.124196522506
794000000.0	-0.126222024309
796000000.0	-0.242488166923
798000000.0	-0.34325062657
800000000.0	0.194167347429
802000000.0	-0.0219138258268
804000000.0	0.0341155854969
806000000.0	0.127912673785
808000000.0	0.0646628813526
810000000.0	-0.0476938154121
812000000.0	-0.161665632054
814000000.0	-0.176067697915
816000000.0	0.0681810034583
818000000.0	0.119456436841
820000000.0	0.117203193172
822000000.0	0.0552640862972
824000000.0	-0.03525000838
826000000.0	-0.122424114101
828000000.0	-0.155399373111
830000000.0	0.0281778259869
832000000.0	0.123831284529
834000000.0	0.213901497718
836000000.0	0.0419413298838
838000000.0	-0.116833441233
840000000.0	-0.194102312112
842000000.0	-0.246814485817
844000000.0	-0.0900059018525
846000000.0	0.101457478999
848000000.0	0.310213415353
850000000.0	0.278343503109
852000000.0	0.10326096177
854000000.0	-0.283207484337
856000000.0	-0.535068426751
858000000.0	-0.474158249163
860000000.0	-0.0277371416645
862000000.0	0.428084842217
864000000.0	0.647175597405
866000000.0	0.407543881357
868000000.0	-0.101899699447
870000000.0	-0.574348487001
872000000.0	-0.880869382674
874000000.0	-0.875618787765
876000000.0	0.0894341534298
878000000.0	0.93392376395
880000000.0	1.36780671857
882000000.0	0.934288828064
884000000.0	-0.190359131813
886000000.0	-1.51031246526
888000000.0	-1.9232849626
890000000.0	-1.37103385001
892000000.0	0.184624280306
894000000.0	2.45242396829
896000000.0	5.58162717304
898000000.0	8.92776075369
900000000.0	-28.1626838634
902000000.0	8.96126978682
904000000.0	5.7737001872
906000000.0	1.85761297695
908000000.0	-0.623828628718
910000000.0	-1.37649733506
912000000.0	-1.07172427262
914000000.0	-0.53816493134
916000000.0	0.0658441313556
918000000.0	0.499910945168
920000000.0	0.549552936533
922000000.0	0.313503895288
924000000.0	-0.138113201615
926000000.0	-0.467093689582
928000000.0	-0.184692392317
930000000.0	0.0044294210408
932000000.0	0.295327349202
934000000.0	0.14778523658
936000000.0	-0.11287821626
938000000.0	-0.117108889817
940000000.0	-0.180771431147
942000000.0	-0.153954862834
944000000.0	0.108435289582
946000000.0	0.351530856452
948000000.0	0.224818504175
950000000.0	0.217375345138
952000000.0	-0.114864869598
954000000.0	-0.314028150438
956000000.0	-0.312034321336
958000000.0	-0.0438197067184
960000000.0	0.128853829419
962000000.0	0.361154235754
964000000.0	0.300879471879
966000000.0	0.166670791587
968000000.0	-0.169461396728
970000000.0	-0.326343208714
972000000.0	-0.279984716844
974000000.0	-0.047160902114
976000000.0	0.181925485917
978000000.0	0.35174085177
980000000.0	0.288870988173
982000000.0	0.0742837273733
984000000.0	-0.156218240576
986000000.0	-0.313340670379
988000000.0	-0.201655069406
990000000.0	0.00683570207217
992000000.0	0.0654260173115
994000000.0	0.25540157647
996000000.0	0.123158445043
998000000.0	0.096636210766
1000000000.0	0.215631
1002000000.0	-0.205480284929
1004000000.0	-0.196939384834
1006000000.0	-0.166657310016
1008000000.0	-0.00850998136776
1010000000.0	0.0538849991238
1012000000.0	0.0661708237227
1014000000.0	-0.0176209704572
1016000000.0	-0.0852088217651
1018000000.0	-0.0766488927893
1020000000.0	-0.116275698563
1022000000.0	-0.0733931601783
1024000000.0	0.0339976293121
1026000000.0	-0.0503511359122
1028000000.0	0.0154674458943
1030000000.0	-0.090573715695
1032000000.0	0.00018268673471
1034000000.0	0.000955641579268
1036000000.0	0.0707416515354
1038000000.0	0.0895182234771
1040000000.0	-0.0968431475072
1042000000.0	-0.0799536058346
1044000000.0	-0.0956573142905
1046000000.0	-0.151643951361
1048000000.0	-0.010669750842
1050000000.0	0.0833207483974
1052000000.0	0.0965479097527
1054000000.0	0.065189015048
1056000000.0	0.0151101442146
1058000000.0	-0.0454989950308
1060000000.0	-0.111319969564
1062000000.0	-0.155591376939
1064000000.0	-0.0273213607779
1066000000.0	-0.0106828251334
1068000000.0	0.196027273167
1070000000.0	0.0668148760991
1072000000.0	0.0743000192036
1074000000.0	0.0328444327702
1076000000.0	-0.130913009288
1078000000.0	-0.141725089615
1080000000.0	-0.0411017062742
1082000000.0	0.00845077768064
1084000000.0	-0.0537985164058
1086000000.0	0.111040294909
1088000000.0	0.0784625453825
1090000000.0	-0.0108238396649
1092000000.0	0.0519283399517
1094000000.0	-0.0835537658639
1096000000.0	-0.00644176055198
1098000000.0	0.0255632022161
1100000000.0	-0.205800593119
1102000000.0	0.107182993699
1104000000.0	0.126918148848
1106000000.0	0.040347239982
1108000000.0	0.0361996517081
1110000000.0	-0.0505182922164
1112000000.0	-0.0650546728272
1114000000.0	-0.0234958271826
1116000000.0	0.0916856333547
1118000000.0	0.0765180163947
1120000000.0	-0.0221394753235
1122000000.0	0.0494451565033
1124000000.0	0.0700833279868
1126000000.0	-0.0503906726075
1128000000.0	0.0236442823038
1130000000.0	0.036104120016
1132000000.0	-0.028664729301
1134000000.0	-0.0633240634356
1136000000.0	-0.178626136646
1138000000.0	-0.0422192891316
1140000000.0	0.0171804001365
1142000000.0	0.0333435743731
1144000000.0	-0.0165475451347
1146000000.0	0.00982058833354
1148000000.0	0.00215381384801
1150000000.0	-0.117032749878
1152000000.0	-0.0505918957131
1154000000.0	-0.0736009890129
1156000000.0	-0.106461511781
1158000000.0	-0.0447463807987
1160000000.0	0.108001322697
1162000000.0	0.129767982414
1164000000.0	-0.0244529384182
1166000000.0	-0.0799844331801
1168000000.0	-0.0894600614293
1170000000.0	-0.144489459771
1172000000.0	-0.0819453463132
1174000000.0	0.104349340562
1176000000.0	-0.0373063592961
1178000000.0	0.0308885998818
1180000000.0	0.0913934944183
1182000000.0	-0.00291547280118
1184000000.0	-0.0861572530664
1186000000.0	0.0693400103863
1188000000.0	-0.0675456401651
1190000000.0	0.00030017204067
1192000000.0	0.019105677596
1194000000.0	0.00414615394182
1196000000.0	-0.0531204168762
1198000000.0	-0.160731108518
1200000000.0	0.707451964455
1202000000.0	-0.1987608821
1204000000.0	-0.109893701928
1206000000.0	-0.1000684515
1208000000.0	-0.0122852983003
1210000000.0	0.0314540430237
1212000000.0	0.0527478972603
1214000000.0	0.0970042175224
1216000000.0	0.0166679681268
1218000000.0	-0.00340002311158
1220000000.0	-0.0305319760869
1222000000.0	-0.119813323091
1224000000.0	-0.111316972462
1226000000.0	-0.00956070760279
1228000000.0	-0.095590163272
1230000000.0	0.00330694057381
1232000000.0	0.0274421569412
1234000000.0	0.0166305355593
1236000000.0	-0.0419042922128
1238000000.0	-0.0728461219944
1240000000.0	-0.0760163857562
1242000000.0	-0.0958179135958
1244000000.0	-0.101023577864
1246000000.0	0.0145833877612
1248000000.0	-0.00594082131472
1250000000.0	0.258945663097
1252000000.0	0.00544107546082
1254000000.0	0.0315118641781
1256000000.0	-0.0837944493846
1258000000.0	-0.0194729391359
1260000000.0	-0.0898499413562
1262000000.0	-0.0579370477642
1264000000.0	-0.0581346895036
1266000000.0	-0.0246269307737
1268000000.0	0.061396901764
1270000000.0	0.0853393871977
1272000000.0	-0.0601655958402
1274000000.0	-0.0880005722608
1276000000.0	0.0131970657642
1278000000.0	-0.03602986377
1280000000.0	-0.0274604933142
1282000000.0	0.0159634279724
1284000000.0	-0.0217798800511
1286000000.0	0.021801245393
1288000000.0	-0.0568698313675
1290000000.0	-0.044740901804
1292000000.0	0.149257539966
1294000000.0	0.042393812022
1296000000.0	0.0806447478882
1298000000.0	0.0734678863755
1300000000.0	-0.412790356325
1302000000.0	0.156312948585
1304000000.0	0.106869940528
1306000000.0	0.0355300229239
1308000000.0	-0.00773667803975
1310000000.0	-0.0134652921824
1312000000.0	-0.0649863402479
1314000000.0	0.000284116914047
1316000000.0	-0.106248747074
1318000000.0	-0.0159313516714
1320000000.0	0.120110382097
1322000000.0	0.044656889592
1324000000.0	-0.0571439040694
1326000000.0	0.0966351234365
1328000000.0	-0.0831069983606
1330000000.0	-0.0127331668392
1332000000.0	-0.0117654514331
1334000000.0	-0.0781079083742
1336000000.0	-0.0414194980913
1338000000.0	0.0427644544326
1340000000.0	0.0708399056429
1342000000.0	0.0290206320288
1344000000.0	-0.00243014804138
1346000000.0	-0.0955471439837
1348000000.0	-0.0553041070616
1350000000.0	-0.0413362148827
1352000000.0	0.0079581867886
1354000000.0	0.0163605546991
1356000000.0	0.107468575872
1358000000.0	-0.0292725349841
1360000000.0	0.0299976735747
1362000000.0	0.0264447914262
1364000000.0	0.0233727563736
1366000000.0	-0.0884415047852
1368000000.0	0.0212009013393
1370000000.0	0.00996825872619
1372000000.0	0.060756851763
1374000000.0	0.119907740453
1376000000.0	-0.103398269577
1378000000.0	-0.0145130884732
1380000000.0	-0.00698675436479
1382000000.0	-0.0115686333227
1384000000.0	-0.108647004558
1386000000.0	-0.0396900232913
1388000000.0	-0.070894589201
1390000000.0	0.000385874159136
1392000000.0	0.0464625402389
1394000000.0	0.0337365312201
1396000000.0	0.0835361186773
1398000000.0	0.0836545208551
1400000000.0	-0.0353850658502
1402000000.0	0.00400271348706
1404000000.0	0.041305743229
1406000000.0	-0.110984630914
1408000000.0	-0.0764610747808
1410000000.0	-0.0214673806008
1412000000.0	0.0288680154227
1414000000.0	0.0568208695234
1416000000.0	0.0853948970141
1418000000.0	0.0180933956617
1420000000.0	-0.0540260844543
1422000000.0	-0.214103537744
1424000000.0	-0.212314989729
1426000000.0	0.0449130274935
1428000000.0	0.0285090474278
1430000000.0	0.171126041938
1432000000.0	0.100267887246
1434000000.0	0.0290975113456
1436000000.0	-0.0912129267916
1438000000.0	-0.0897141295391
1440000000.0	-0.101784086144
1442000000.0	-0.0839559934093
1444000000.0	-0.029602542977
1446000000.0	0.0924947030464
1448000000.0	0.115877552557
1450000000.0	0.00584024390515
1452000000.0	-0.0725780531748
1454000000.0	-0.0679097955949
1456000000.0	-0.0390855978059
1458000000.0	-0.0903858591344
1460000000.0	0.0609340535713
1462000000.0	0.197786760574
1464000000.0	-0.0163915859877
1466000000.0	-0.0571595015441
1468000000.0	-0.0344974711069
1470000000.0	-0.118572190548
1472000000.0	-0.0780898210696
1474000000.0	-0.0368167416746
1476000000.0	0.0356439571597
1478000000.0	0.0722756295097
1480000000.0	-0.0858378879799
1482000000.0	-0.0328839037759
1484000000.0	-0.00221381261253
1486000000.0	-0.0922287210729
1488000000.0	0.0694801425996
1490000000.0	0.315430313509
1492000000.0	0.344940922725
1494000000.0	-0.248688719699
1496000000.0	-1.27056809692
1498000000.0	-2.22709476858
1500000000.0	5.97970386929
1502000000.0	-1.63475570732
1504000000.0	-1.19051283122
1506000000.0	-0.653822453287
1508000000.0	-0.264225679061
1510000000.0	0.264063105069
1512000000.0	0.605912832792
1514000000.0	0.428567571259
1516000000.0	0.101770592314
1518000000.0	-0.288780033974
1520000000.0	-0.42140323094
1522000000.0	-0.302731601869
1524000000.0	-0.102358071112
1526000000.0	0.151718909482
1528000000.0	0.28888766538
1530000000.0	0.270656270207
1532000000.0	0.071646362178
1534000000.0	-0.129594769493
1536000000.0	-0.2437525582
1538000000.0	-0.235670329189
1540000000.0	-0.0869996667038
1542000000.0	0.0652911554898
1544000000.0	0.128104142326
1546000000.0	0.141557807965
1548000000.0	0.0208905369854
1550000000.0	-0.0926245842146
1552000000.0	-0.160812926679
1554000000.0	0.0021791410943
1556000000.0	-0.0366666655241
1558000000.0	0.0377164868739
1560000000.0	0.0907218702548
1562000000.0	0.0428939243652
1564000000.0	-0.0330992644169
1566000000.0	0.0172744143205
1568000000.0	-0.0650509507947
1570000000.0	-0.0126671725896
1572000000.0	-0.0206465839199
1574000000.0	-0.0337060331312
1576000000.0	0.0208099331865
1578000000.0	0.0299296434105
1580000000.0	-0.00259829334318
1582000000.0	-0.0080307767975
1584000000.0	-0.069300053011
1586000000.0	-0.0692532883763
1588000000.0	-0.0543640508214
1590000000.0	-0.0251246484967
1592000000.0	0.0237678812383
1594000000.0	-0.0571277525158
1596000000.0	0.000286636380778
1598000000.0	0.0538053861118
1600000000.0	0.0456874025705
1602000000.0	0.0703103176321
1604000000.0	0.104347913609
1606000000.0	0.0866176135294
1608000000.0	-0.0297840752683
1610000000.0	-0.110840171288
1612000000.0	-0.0375340849978
1614000000.0	0.0540104373672
1616000000.0	0.0797433016759
1618000000.0	-0.000671285421842
1620000000.0	0.00795536946135
1622000000.0	-0.0289361601458
1624000000.0	-0.0372683593548
1626000000.0	-0.042838115189
1628000000.0	0.00221008832193
1630000000.0	-0.0305428222759
1632000000.0	0.065846284864
1634000000.0	0.0831785516064
1636000000.0	0.10947861094
1638000000.0	-0.0427079743942
1640000000.0	-0.0391399400368
1642000000.0	-0.0554866492284
1644000000.0	0.0224641265123
1646000000.0	-0.0541387081892
1648000000.0	-0.0352257510032
1650000000.0	0.100370912601
1652000000.0	0.0127021833143
1654000000.0	0.0466874853571
1656000000.0	-0.054786156918
1658000000.0	0.067208890807
1660000000.0	0.0164683850435
1662000000.0	-0.0782719337099
1664000000.0	-0.0503182988478
1666000000.0	0.0443833285127
1668000000.0	0.0448731672498
1670000000.0	0.0658927331905
1672000000.0	0.039563974825
1674000000.0	-0.0188764882024
1676000000.0	-0.0800323262778
1678000000.0	-0.0316960394401
1680000000.0	-0.00532996151604
1682000000.0	-0.0153311346665
1684000000.0	-0.0523316927048
1686000000.0	0.0118075322915
1688000000.0	0.0449004800766
1690000000.0	0.0818219396627
1692000000.0	0.0316531159117
1694000000.0	0.0323779942268
1696000000.0	-0.0786900142233
1698000000.0	-0.0771491922133
1700000000.0	0.0368467402396
1702000000.0	-0.0681726719997
1704000000.0	0.0109950573707
1706000000.0	0.0110834572955
1708000000.0	0.0465102317107
1710000000.0	-0.0164928361852
1712000000.0	0.0317383364699
1714000000.0	-0.0564178985452
1716000000.0	-0.0887334045303
1718000000.0	-0.00791198149055
1720000000.0	-0.0476490096537
1722000000.0	-0.0415855728431
1724000000.0	0.00998137659297
1726000000.0	0.0493113562426
1728000000.0	0.0914313201458
1730000000.0	0.0152461027655
1732000000.0	-0.0964752483261
1734000000.0	-0.0272571345757
1736000000.0	-0.00993600735545
1738000000.0	-0.0340200983867
1740000000.0	0.0135357188952
1742000000.0	0.079335488334
1744000000.0	0.0319007849302
1746000000.0	0.00568856818945
1748000000.0	-0.0137539458608
1750000000.0	0.278256323376
1752000000.0	0.0686667134603
1754000000.0	0.0405293527417
1756000000.0	-0.0587759665411
1758000000.0	0.00583568220891
1760000000.0	-0.0574776194486
1762000000.0	-0.0281092680341
1764000000.0	-0.00981597457487
1766000000.0	0.0541985157748
1768000000.0	-0.0553716437146
1770000000.0	0.00251667956531
1772000000.0	-0.0301683444073
1774000000.0	0.0694615644172
1776000000.0	-0.0739780421199
1778000000.0	0.0222107390927
1780000000.0	0.0542283921728
1782000000.0	-0.0420681748442
1784000000.0	0.0250083362184
1786000000.0	-0.0238332715785
1788000000.0	-0.0972021826341
1790000000.0	-0.0274771037036
1792000000.0	-0.0413281854664
1794000000.0	0.046262337957
1796000000.0	0.0931250889941
1798000000.0	0.159327178752
1800000000.0	-0.217093897289
1802000000.0	0.0497924603538
1804000000.0	0.0187877461969
1806000000.0	0.026328529794
1808000000.0	-0.00972884419073
1810000000.0	-0.0830733328101
1812000000.0	-0.0651160805469
1814000000.0	0.0914914104808
1816000000.0	0.00428814051436
1818000000.0	-0.000478541179089
1820000000.0	-0.00744041434485
1822000000.0	-0.0470859079339
1824000000.0	-0.0270395857038
1826000000.0	-0.0570369389861
1828000000.0	0.0225872418407
1830000000.0	-0.0221823962201
1832000000.0	-0.00258006856884
1834000000.0	-0.035144312664
1836000000.0	-0.0931858649997
1838000000.0	0.00719885883591
1840000000.0	0.0139743342271
1842000000.0	-0.0842227695755
1844000000.0	0.0110406677575
1846000000.0	-0.0073385891004
1848000000.0	-0.00172425197818
1850000000.0	-0.0790185627502
1852000000.0	-0.0137216087053
1854000000.0	-0.0108855474319
1856000000.0	-0.00834379805584
1858000000.0	-0.0321435355694
1860000000.0	0.0284360370841
1862000000.0	-0.0815498088636
1864000000.0	-0.0702181858823
1866000000.0	0.00999987955411
1868000000.0	0.00823492919746
1870000000.0	0.0543243494377
1872000000.0	0.0711962752713
1874000000.0	0.0673967793299
1876000000.0	-0.127140572931
1878000000.0	-0.0804031284218
1880000000.0	-0.115367942736
1882000000.0	-0.118302110558
1884000000.0	-0.0254401773268
1886000000.0	0.135574863926
1888000000.0	0.0710201944459
1890000000.0	0.104980356673
1892000000.0	0.0301283583566
1894000000.0	-0.15955401483
1896000000.0	-0.682673546046
1898000000.0	-1.04118075603
1900000000.0	3.08875153056
1902000000.0	-1.15580726516
1904000000.0	-0.675495806748
1906000000.0	-0.243870979343
1908000000.0	0.0514955961989
1910000000.0	0.0910396336581
1912000000.0	0.25480099289
1914000000.0	0.103359202821
1916000000.0	-0.0860639803514
1918000000.0	-0.145447828886
1920000000.0	-0.186589458088
1922000000.0	-0.0971031229039
1924000000.0	-0.0648419790517
1926000000.0	0.0776051103218
1928000000.0	0.14849729835
1930000000.0	0.0147435087637
1932000000.0	-0.0342161626799
1934000000.0	-0.0430686116388
1936000000.0	-0.0401600571873
1938000000.0	-0.0851644916905
1940000000.0	0.00117298507598
1942000000.0	0.0235503563732
1944000000.0	0.0631943648941
1946000000.0	0.0274338437319
1948000000.0	-0.0200605018642
1950000000.0	-0.0205449813046
1952000000.0	-0.0284552585207
1954000000.0	-0.0368242847486
1956000000.0	0.00307651010654
1958000000.0	-0.00612785248623
1960000000.0	-0.00292137937405
1962000000.0	0.0192629384818
1964000000.0	0.0508577612232
1966000000.0	0.00749324454247
1968000000.0	-0.060476749702
1970000000.0	0.00696519638037
1972000000.0	-0.0424900844847
1974000000.0	-0.0238477353239
1976000000.0	-0.123054850523
1978000000.0	-0.0271677086862
1980000000.0	-0.0168577100609
1982000000.0	0.00773595746138
1984000000.0	0.0258616606162
1986000000.0	0.000748870719781
1988000000.0	-0.101695757488
1990000000.0	-0.0875506859233
1992000000.0	-0.028528169391
1994000000.0	-0.021457547928
1996000000.0	0.0722262797554
1998000000.0	0.175830764649
2000000000.0	-0.4890425
