0.0	-8.325
2000000.0	1.7043227599
4000000.0	3.74811324326
6000000.0	0.831942683851
8000000.0	-1.45043051385
10000000.0	-1.92933718216
12000000.0	-4.17865101885
14000000.0	-4.96192174075
16000000.0	-1.80594472831
18000000.0	4.84987528953
20000000.0	9.56683455646
22000000.0	7.63104235826
24000000.0	2.15640543708
26000000.0	-3.7814548357
28000000.0	-6.39033204648
30000000.0	-5.59669022422
32000000.0	-4.0104075564
34000000.0	-0.602351516528
36000000.0	4.86652400501
38000000.0	8.17416210335
40000000.0	4.72506960697
42000000.0	0.0928311398919
44000000.0	-3.14032525446
46000000.0	-3.28595151602
48000000.0	-0.759639963487
50000000.0	1.87314514593
52000000.0	3.05302058196
54000000.0	1.04954725366
56000000.0	-1.58288045427
58000000.0	-2.86050125883
60000000.0	-2.2519295423
62000000.0	-0.901822130409
64000000.0	1.3531389909
66000000.0	2.78680035158
68000000.0	2.5902820874
70000000.0	1.10710059314
72000000.0	-1.74870177962
74000000.0	-3.21211395838
76000000.0	-2.82828077991
78000000.0	-0.0242689059749
80000000.0	2.86052868451
82000000.0	2.87428431899
84000000.0	0.499446969846
86000000.0	-2.01749576553
88000000.0	-3.35497643614
90000000.0	-2.23503097876
92000000.0	0.626608577963
94000000.0	3.49900045215
96000000.0	4.1923564463
98000000.0	1.95667251811
100000000.0	-1.39473742009
102000000.0	-4.1157462703
104000000.0	-4.25504273219
106000000.0	-2.05572980105
108000000.0	1.28819096326
110000000.0	3.93364501819
112000000.0	4.47263685203
114000000.0	1.75642709076
116000000.0	-1.67556280524
118000000.0	-3.38889776216
120000000.0	-2.84764084404
122000000.0	-0.36161847135
124000000.0	2.12599938459
126000000.0	2.10351164674
128000000.0	0.957275837628
130000000.0	-0.670550235876
132000000.0	-2.20673278482
134000000.0	-1.59649021948
136000000.0	0.183298043995
138000000.0	1.71065005567
140000000.0	2.14691879795
142000000.0	1.3249042088
144000000.0	-1.17869492477
146000000.0	-3.03925663624
148000000.0	-3.18059695331
150000000.0	-0.799741390187
152000000.0	1.57145562574
154000000.0	3.33848577106
156000000.0	2.77177987415
158000000.0	0.489785008927
160000000.0	-2.31875448041
162000000.0	-2.81588752258
164000000.0	-2.08167888095
166000000.0	0.325882050528
168000000.0	2.28250735124
170000000.0	2.40877195265
172000000.0	1.14133083715
174000000.0	-0.706654206053
176000000.0	-2.55908795283
178000000.0	-1.68043183286
180000000.0	0.290452396588
182000000.0	2.1686382175
184000000.0	2.10451865192
186000000.0	0.593494178185
188000000.0	-1.54566352494
190000000.0	-3.05337753126
192000000.0	-2.24893897305
194000000.0	-0.0628106699359
196000000.0	2.68332209726
198000000.0	3.78711212366
200000000.0	1.71795636584
202000000.0	-0.52960311598
204000000.0	-3.08713537693
206000000.0	-3.31575775927
208000000.0	-1.43003756381
210000000.0	1.62290054284
212000000.0	3.71673664797
214000000.0	3.18331369538
216000000.0	0.105218966014
218000000.0	-2.59241518952
220000000.0	-3.97554316921
222000000.0	-2.23577598648
224000000.0	0.526419210248
226000000.0	3.38049004484
228000000.0	3.27093536475
230000000.0	1.28498651958
232000000.0	-1.41038687543
234000000.0	-3.14855734182
236000000.0	-3.43231622278
238000000.0	-0.506021571908
240000000.0	2.51048315857
242000000.0	3.90152676821
244000000.0	2.90623386348
246000000.0	-1.17003351037
248000000.0	-4.41076018942
250000000.0	-4.32316703168
252000000.0	-0.936315585917
254000000.0	3.60247429316
256000000.0	5.32300381708
258000000.0	3.22009094883
260000000.0	-1.73274055218
262000000.0	-4.78209262471
264000000.0	-4.68699645756
266000000.0	-1.73861038558
268000000.0	2.10555121124
270000000.0	4.34883129054
272000000.0	4.93581938474
274000000.0	3.26533350438
276000000.0	-2.59499135721
278000000.0	-7.50952864087
280000000.0	-8.71521805394
282000000.0	-1.5790893493
284000000.0	9.40855885023
286000000.0	13.0335356746
288000000.0	3.3273599867
290000000.0	-13.6150428848
292000000.0	-19.6713212003
294000000.0	-1.61681155666
296000000.0	34.2239724937
298000000.0	64.2632216252
300000000.0	-136.857291702
302000000.0	34.341549278
304000000.0	19.1246074252
306000000.0	13.3214898268
308000000.0	8.74411218923
310000000.0	-1.13850907868
312000000.0	-12.2695422946
314000000.0	-15.1547145616
316000000.0	-6.32649864499
318000000.0	7.06644598669
320000000.0	13.5874315392
322000000.0	9.45369698608
324000000.0	-1.58329621383
326000000.0	-8.30126155446
328000000.0	-8.25320597208
330000000.0	-2.78791741857
332000000.0	2.74212820671
334000000.0	5.55681349097
336000000.0	4.05068023091
338000000.0	0.943229044444
340000000.0	-2.10436916669
342000000.0	-3.7703012373
344000000.0	-3.54976038332
346000000.0	-1.10009624335
348000000.0	3.01356998904
350000000.0	4.27633254079
352000000.0	2.72884985654
354000000.0	-1.15680686354
356000000.0	-4.19591275592
358000000.0	-3.91203378859
360000000.0	-0.710064646615
362000000.0	2.53645338503
364000000.0	3.65341523433
366000000.0	2.00154372325
368000000.0	-0.449733527613
370000000.0	-2.50326958835
372000000.0	-2.83836771072
374000000.0	-1.33757265455
376000000.0	0.598449014796
378000000.0	2.3654053408
380000000.0	2.36268910772
382000000.0	1.54319787138
384000000.0	-1.05398206213
386000000.0	-2.24359244244
388000000.0	-2.54610598067
390000000.0	-0.685000871033
392000000.0	1.1604807009
394000000.0	1.89788943126
396000000.0	1.19570739318
398000000.0	0.115429626377
400000000.0	-1.48691102967
402000000.0	-1.25499707309
404000000.0	-0.571379783665
406000000.0	0.339677429914
408000000.0	0.924875581116
410000000.0	0.503357866097
412000000.0	-0.219426149299
414000000.0	-0.66236692451
416000000.0	-0.838933683337
418000000.0	-0.266634933911
420000000.0	0.478848071563
422000000.0	0.997998576523
424000000.0	0.547346088396
426000000.0	0.165516561741
428000000.0	-0.900579293373
430000000.0	-0.991809541978
432000000.0	-0.565071179103
434000000.0	0.299500963717
436000000.0	0.979368732338
438000000.0	0.913022160463
440000000.0	-0.0792992244407
442000000.0	-0.570588401259
444000000.0	-0.80446667292
446000000.0	-0.33900079765
448000000.0	0.023778263245
450000000.0	0.618343654713
452000000.0	0.474871714786
454000000.0	-0.0342232424919
456000000.0	-0.554029298968
458000000.0	-0.476769332459
460000000.0	-0.352740529306
462000000.0	0.470005567944
464000000.0	0.671780383942
466000000.0	0.473599217683
468000000.0	0.0157909068465
470000000.0	-0.77626844014
472000000.0	-1.14273561944
474000000.0	-0.31081133567
476000000.0	0.177762122371
478000000.0	0.854224065414
480000000.0	0.857014593314
482000000.0	0.349802718261
484000000.0	-0.573358482169
486000000.0	-0.769142204715
488000000.0	-0.764269336257
490000000.0	-0.274331026991
492000000.0	0.591292512653
494000000.0	0.694122255973
496000000.0	0.846525366867
498000000.0	-0.0891605046871
500000000.0	-0.566056563183
502000000.0	-0.512359249269
504000000.0	-0.0758475769468
506000000.0	0.398457973899
508000000.0	0.90281250473
510000000.0	0.36589741162
512000000.0	0.0721934171375
514000000.0	-0.667355086723
516000000.0	-0.750872988509
518000000.0	-0.375722158239
520000000.0	0.421861001428
522000000.0	0.322955860607
524000000.0	0.247680985174
526000000.0	0.290880714615
528000000.0	-0.215790014593
530000000.0	-0.720378169186
532000000.0	-0.329316642418
534000000.0	0.167959005654
536000000.0	0.283181432548
538000000.0	0.653724948387
540000000.0	0.656667309995
542000000.0	-0.260086673968
544000000.0	-0.751440702653
546000000.0	-0.786865226987
548000000.0	0.0932789018981
550000000.0	-0.233283306603
552000000.0	0.799146305528
554000000.0	0.371204317787
556000000.0	-0.0850880654954
558000000.0	-0.491360055267
560000000.0	-0.274685796123
562000000.0	-0.554071002836
564000000.0	0.415512536244
566000000.0	0.196967642417
568000000.0	0.0698430172505
570000000.0	0.0894721917306
572000000.0	-0.343650020985
574000000.0	-0.128227571531
576000000.0	-0.533781583972
578000000.0	-0.0400128076731
580000000.0	0.551156359437
582000000.0	0.347044660128
584000000.0	0.162036054136
586000000.0	-0.594795483618
588000000.0	-0.732557699497
590000000.0	-0.361182227814
592000000.0	0.0905633883923
594000000.0	0.623719707733
596000000.0	0.651982607793
598000000.0	0.208154696992
600000000.0	-0.704981506492
602000000.0	-0.161776045588
604000000.0	-0.475445612864
606000000.0	-0.286362514885
608000000.0	0.152486227776
610000000.0	0.643005383356
612000000.0	0.206873900038
614000000.0	-0.0531190483526
616000000.0	-0.268679140547
618000000.0	-0.345236460523
620000000.0	-0.24089395039
622000000.0	0.564806586864
624000000.0	0.701632687288
626000000.0	0.00733632703504
628000000.0	-0.0273512058872
630000000.0	-0.284758768369
632000000.0	-0.463152974977
634000000.0	-0.142849500451
636000000.0	0.282220162921
638000000.0	0.037790212687
640000000.0	0.466585149687
642000000.0	0.0736496967058
644000000.0	-0.141446278043
646000000.0	-0.443606541733
648000000.0	-0.35398613938
650000000.0	-0.269041897105
652000000.0	0.732762093869
654000000.0	0.458218147868
656000000.0	0.0689426042648
658000000.0	0.104411540509
660000000.0	-0.409317076779
662000000.0	-0.563950585544
664000000.0	0.0494087913483
666000000.0	0.282787707948
668000000.0	0.527648891272
670000000.0	0.70566930696
672000000.0	-0.0340054661795
674000000.0	-0.699409999309
676000000.0	-0.542986599642
678000000.0	-0.406467410244
680000000.0	0.472770713689
682000000.0	0.684008481463
684000000.0	0.304043616418
686000000.0	-0.370775342169
688000000.0	-0.262797509286
690000000.0	-0.463114902865
692000000.0	-0.475393628282
694000000.0	0.222593746964
696000000.0	0.844081013602
698000000.0	0.974563542366
700000000.0	-1.6692582352
702000000.0	0.610114104777
704000000.0	-0.199797267009
706000000.0	-0.242230473538
708000000.0	-0.282036869822
710000000.0	-0.0349461823336
712000000.0	0.347431699271
714000000.0	0.510385014839
716000000.0	-0.202009436431
718000000.0	-0.228058583348
720000000.0	-0.332964070389
722000000.0	0.185701057452
724000000.0	0.450173731009
726000000.0	0.558708429654
728000000.0	0.154476312516
730000000.0	-0.206120282467
732000000.0	0.0311220274825
734000000.0	-0.285308156715
736000000.0	0.0470935813282
738000000.0	0.328065876842
740000000.0	0.332876669405
742000000.0	0.269899077701
744000000.0	-0.123944507691
746000000.0	-0.443832399694
748000000.0	-0.411167263784
750000000.0	0.445751899864
752000000.0	0.0460100863778
754000000.0	0.303247637273
756000000.0	0.399405721592
758000000.0	0.166125497815
760000000.0	-0.660365181707
762000000.0	-0.354211877441
764000000.0	-0.158808139261
766000000.0	0.165288782623
768000000.0	0.352869321233
770000000.0	0.20024100177
772000000.0	-0.0623749651764
774000000.0	-0.260745126134
776000000.0	-0.759182751521
778000000.0	-0.256852105499
780000000.0	0.419460100579
782000000.0	0.625813294244
784000000.0	0.568649192924
786000000.0	0.243602023552
788000000.0	-0.616583251472
790000000.0	-0.645429722131
792000000.0	-0.363445422252
794000000.0	-0.0569810342448
796000000.0	0.688778759841
798000000.0	1.19733615905
800000000.0	-0.30961566977
802000000.0	0.0192908094668
804000000.0	-0.704081573365
806000000.0	-0.783185731252
808000000.0	-0.0844878408658
810000000.0	0.359349310037
812000000.0	0.784863776179
814000000.0	1.06275063456
816000000.0	-0.00966392695899
818000000.0	-0.455323624004
820000000.0	-0.997859803553
822000000.0	-0.554908319636
824000000.0	0.115401106897
826000000.0	0.755861376207
828000000.0	1.16262971824
830000000.0	0.290487072864
832000000.0	-0.310431538318
834000000.0	-0.649863169716
836000000.0	-0.908334057924
838000000.0	0.252065924343
840000000.0	0.36856656946
842000000.0	1.0143090041
844000000.0	0.827691045467
846000000.0	-0.28680706554
848000000.0	-1.08852374482
850000000.0	-1.13946125712
852000000.0	-0.224076269227
854000000.0	0.868356411534
856000000.0	1.42306500384
858000000.0	0.713155565643
860000000.0	-0.328894953971
862000000.0	-1.08372326648
864000000.0	-1.10571816005
866000000.0	-0.0620170957449
868000000.0	0.351131983903
870000000.0	0.877699343825
872000000.0	1.08102191917
874000000.0	0.907407810643
876000000.0	-0.0960629121731
878000000.0	-1.68019315226
880000000.0	-2.05360855666
882000000.0	-0.433933664972
884000000.0	2.90405814014
886000000.0	3.18339854959
888000000.0	0.381401213008
890000000.0	-4.20612797405
892000000.0	-5.64153292796
894000000.0	0.102128044859
896000000.0	11.9255851198
898000000.0	22.5779524729
900000000.0	-49.543741923
902000000.0	13.0815510953
904000000.0	7.31317212659
906000000.0	4.31865395041
908000000.0	2.19138102839
910000000.0	-0.668262513773
912000000.0	-3.59335256598
914000000.0	-4.57026425581
916000000.0	-1.86214890091
918000000.0	2.307418664
920000000.0	4.01509337284
922000000.0	3.12734398979
924000000.0	-0.390472641274
926000000.0	-2.27189306496
928000000.0	-2.53150952952
930000000.0	-0.731711911319
932000000.0	1.03275618157
934000000.0	1.42848893053
936000000.0	1.18940843596
938000000.0	0.407342545738
940000000.0	-0.590057674246
942000000.0	-0.941334361005
944000000.0	-1.02938804301
946000000.0	-0.306789060665
948000000.0	0.846098365334
950000000.0	1.12861804268
952000000.0	0.576084350745
954000000.0	-0.384705281769
956000000.0	-1.09007512125
958000000.0	-0.849022793565
960000000.0	-0.111172165713
962000000.0	1.05378155822
964000000.0	1.189194356
966000000.0	0.560546882754
968000000.0	0.0744220316464
970000000.0	-0.85384204209
972000000.0	-0.914172807176
974000000.0	-0.263225784213
976000000.0	0.426532560541
978000000.0	0.391580458647
980000000.0	0.844071285135
982000000.0	0.502195193528
984000000.0	-0.345891245274
986000000.0	-0.798148512236
988000000.0	-0.521611410913
990000000.0	-0.00648069061283
992000000.0	0.471490956051
994000000.0	0.509782541722
996000000.0	0.322890161928
998000000.0	0.13029279561
1000000000.0	0.9875
1002000000.0	-0.309796449531
1004000000.0	-0.367675695514
1006000000.0	0.275689088519
1008000000.0	0.317670574688
1010000000.0	0.22109592877
1012000000.0	-0.297239976897
1014000000.0	-0.250560711735
1016000000.0	-0.411643690924
1018000000.0	0.112589791432
1020000000.0	0.182540589354
1022000000.0	0.593988670359
1024000000.0	-0.0521556244999
1026000000.0	0.0602799315367
1028000000.0	-0.0830218831575
1030000000.0	-0.461176668139
1032000000.0	-0.150934587531
1034000000.0	0.0657960625851
1036000000.0	0.399340229588
1038000000.0	0.225446333145
1040000000.0	-0.351978718342
1042000000.0	-0.151943714842
1044000000.0	-0.114916358845
1046000000.0	-0.206341171509
1048000000.0	0.172192654518
1050000000.0	0.0282625570561
1052000000.0	0.0121792103368
1054000000.0	0.133132041839
1056000000.0	-0.398151786629
1058000000.0	0.0657987548637
1060000000.0	-0.177368354661
1062000000.0	-0.164249679638
1064000000.0	0.455076092846
1066000000.0	0.0184699812496
1068000000.0	-0.123499885134
1070000000.0	-0.440512620492
1072000000.0	-0.526658766507
1074000000.0	0.077658065795
1076000000.0	0.230269701612
1078000000.0	0.466316938316
1080000000.0	0.147220626091
1082000000.0	0.174844857845
1084000000.0	-0.260183924774
1086000000.0	-0.406859606923
1088000000.0	-0.290985373752
1090000000.0	-0.0693015448696
1092000000.0	0.00173805821976
1094000000.0	0.159054019222
1096000000.0	0.405728580996
1098000000.0	-0.144601754301
1100000000.0	0.244142849666
1102000000.0	-0.337910757924
1104000000.0	-0.232502705161
1106000000.0	0.0769166941635
1108000000.0	0.346174868522
1110000000.0	0.108613681215
1112000000.0	0.115392455954
1114000000.0	-0.161153368236
1116000000.0	-0.299521769652
1118000000.0	0.302227600899
1120000000.0	0.123131272105
1122000000.0	0.0833994110402
1124000000.0	0.188379070337
1126000000.0	0.249024921326
1128000000.0	0.130752274473
1130000000.0	-0.0355700359412
1132000000.0	-0.241372441397
1134000000.0	0.133652293737
1136000000.0	0.0967588257405
1138000000.0	-0.10811362633
1140000000.0	0.585727535258
1142000000.0	0.0911089580331
1144000000.0	-0.108708140033
1146000000.0	-0.0325904305053
1148000000.0	0.129486713591
1150000000.0	-0.101669844456
1152000000.0	0.499989473118
1154000000.0	0.102355132237
1156000000.0	-0.228876848552
1158000000.0	-0.194984709908
1160000000.0	-0.0829901379676
1162000000.0	-0.41496705068
1164000000.0	0.230698113131
1166000000.0	0.120832890964
1168000000.0	0.133115682295
1170000000.0	0.305004578705
1172000000.0	-0.110768386506
1174000000.0	-0.419708488274
1176000000.0	0.089894422218
1178000000.0	0.315857963568
1180000000.0	0.320945293764
1182000000.0	0.130862095091
1184000000.0	-0.0194512119744
1186000000.0	-0.100992574847
1188000000.0	-0.548352329167
1190000000.0	-0.0247665851626
1192000000.0	0.171121670605
1194000000.0	0.356800170899
1196000000.0	0.0610242078914
1198000000.0	0.210545406243
1200000000.0	-1.17246397033
1202000000.0	0.379535848442
1204000000.0	0.157808705905
1206000000.0	-0.039266744566
1208000000.0	-0.167949664026
1210000000.0	0.0747238693049
1212000000.0	-0.113470126295
1214000000.0	-0.247255353243
1216000000.0	0.0900248369726
1218000000.0	-0.368993784332
1220000000.0	-0.0827969104448
1222000000.0	0.109012844317
1224000000.0	0.123183247081
1226000000.0	0.256615402832
1228000000.0	-0.0669704580643
1230000000.0	-0.156133058821
1232000000.0	-0.264518440264
1234000000.0	0.1882057079
1236000000.0	0.423965936543
1238000000.0	0.190921147404
1240000000.0	0.165625194954
1242000000.0	-0.125149512786
1244000000.0	-0.194593431443
1246000000.0	-0.213937594564
1248000000.0	-0.00882764956243
1250000000.0	-1.24780727737
1252000000.0	0.453668827775
1254000000.0	0.0406802881173
1256000000.0	-0.0462473417954
1258000000.0	-0.172049581308
1260000000.0	-0.162541708435
1262000000.0	-0.186173411542
1264000000.0	0.0799588707079
1266000000.0	0.148382467852
1268000000.0	0.28567249924
1270000000.0	0.153677144953
1272000000.0	0.213994038454
1274000000.0	-0.294716808315
1276000000.0	-0.101618025812
1278000000.0	-0.138056185977
1280000000.0	0.467530103775
1282000000.0	0.500637173717
1284000000.0	-0.105620615056
1286000000.0	-0.250414594062
1288000000.0	-0.252152431644
1290000000.0	-0.432176314781
1292000000.0	-0.32041009829
1294000000.0	0.504904826418
1296000000.0	1.25174073201
1298000000.0	1.13722775539
1300000000.0	-4.42966274207
1302000000.0	1.61548680426
1304000000.0	0.747026822005
1306000000.0	-0.0940488178358
1308000000.0	-0.28325882654
1310000000.0	0.0154989366345
1312000000.0	0.0473940695467
1314000000.0	0.0355094353564
1316000000.0	-0.127873813675
1318000000.0	-0.0386347871741
1320000000.0	0.139238065917
1322000000.0	0.101850595598
1324000000.0	0.169472729166
1326000000.0	0.0547634283679
1328000000.0	-0.351302898972
1330000000.0	-0.0666507905122
1332000000.0	0.0932708988583
1334000000.0	-0.0795910108848
1336000000.0	-0.100696968897
1338000000.0	0.210267526119
1340000000.0	0.00911735594705
1342000000.0	0.0430987685502
1344000000.0	0.104735586934
1346000000.0	-0.332855034327
1348000000.0	-0.0435070803679
1350000000.0	0.15020947869
1352000000.0	0.1333550701
1354000000.0	0.13816868037
1356000000.0	0.268448908654
1358000000.0	-0.347355792848
1360000000.0	-0.138502783875
1362000000.0	-0.198195117522
1364000000.0	-0.150868972429
1366000000.0	-0.0841946154572
1368000000.0	-0.126398507976
1370000000.0	0.310725812659
1372000000.0	0.031194291376
1374000000.0	0.475025617097
1376000000.0	-0.57812291381
1378000000.0	-0.349412149356
1380000000.0	0.0975909321129
1382000000.0	0.20186543793
1384000000.0	-0.0955902651365
1386000000.0	0.335752521347
1388000000.0	-0.0707937338224
1390000000.0	-0.120227374188
1392000000.0	-0.535607827348
1394000000.0	0.235287720169
1396000000.0	0.272282698591
1398000000.0	0.634101436792
1400000000.0	-0.819948267016
1402000000.0	0.206604669394
1404000000.0	0.0725472730408
1406000000.0	-0.449315615445
1408000000.0	-0.321569061296
1410000000.0	0.141878168851
1412000000.0	0.126253305552
1414000000.0	0.0287306580421
1416000000.0	-0.0822485194921
1418000000.0	-0.284596258879
1420000000.0	-0.0461259270284
1422000000.0	-0.0730660896035
1424000000.0	-0.182682630254
1426000000.0	0.345510469126
1428000000.0	0.162369729283
1430000000.0	0.141886304601
1432000000.0	-0.226221605727
1434000000.0	-0.17926895152
1436000000.0	-0.0690298488532
1438000000.0	0.08186429037
1440000000.0	0.0568933636904
1442000000.0	0.539198122362
1444000000.0	0.335687246572
1446000000.0	-0.219919217358
1448000000.0	-0.359002139418
1450000000.0	-0.164423791445
1452000000.0	-0.650717787009
1454000000.0	0.475544082085
1456000000.0	0.725828110906
1458000000.0	0.374214167487
1460000000.0	-0.294978408946
1462000000.0	-0.626978798162
1464000000.0	-0.0498925504956
1466000000.0	0.182759106508
1468000000.0	0.381693544684
1470000000.0	0.441490569852
1472000000.0	0.327544118485
1474000000.0	0.0273574835184
1476000000.0	-0.0711142180512
1478000000.0	-0.678370265493
1480000000.0	-0.706907937816
1482000000.0	-0.154919256431
1484000000.0	1.08716172642
1486000000.0	1.139806994
1488000000.0	-0.188044367353
1490000000.0	-2.11093903139
1492000000.0	-2.33592810588
1494000000.0	0.463395614773
1496000000.0	5.35479195185
1498000000.0	10.8443087575
1500000000.0	-24.4839434368
1502000000.0	6.6617440237
1504000000.0	3.7925559496
1506000000.0	2.11907508299
1508000000.0	1.07258927755
1510000000.0	-0.731875523138
1512000000.0	-1.5638327226
1514000000.0	-1.84749927695
1516000000.0	-0.993623657964
1518000000.0	1.11462570996
1520000000.0	2.05808175088
1522000000.0	1.14579486066
1524000000.0	-0.344513394509
1526000000.0	-1.38899095568
1528000000.0	-0.914901741388
1530000000.0	-0.545484405791
1532000000.0	0.505433227298
1534000000.0	0.676478858655
1536000000.0	0.656958414622
1538000000.0	0.210283158578
1540000000.0	-0.300886895367
1542000000.0	-0.284688711039
1544000000.0	-0.35694720301
1546000000.0	-0.167774984858
1548000000.0	0.242673210367
1550000000.0	0.47527849589
1552000000.0	0.432927374453
1554000000.0	-0.116520060562
1556000000.0	-0.427006153612
1558000000.0	-0.475710455765
1560000000.0	-0.169302347515
1562000000.0	0.630165216495
1564000000.0	0.403904890126
1566000000.0	0.288332113826
1568000000.0	-0.0607004146875
1570000000.0	-0.111952337898
1572000000.0	-0.374044260055
1574000000.0	-0.259989640336
1576000000.0	-0.0220835571928
1578000000.0	0.318231226371
1580000000.0	0.371817439219
1582000000.0	0.12423018622
1584000000.0	-0.0500090509793
1586000000.0	-0.18507821259
1588000000.0	-0.0628905327627
1590000000.0	-0.138495833784
1592000000.0	0.0272764105687
1594000000.0	0.273393903961
1596000000.0	0.100898406734
1598000000.0	0.0130880292023
1600000000.0	-0.51225933023
1602000000.0	0.0437700025132
1604000000.0	0.109890956093
1606000000.0	0.163726979474
1608000000.0	0.336274132038
1610000000.0	0.165583994454
1612000000.0	0.0433328301892
1614000000.0	-0.026992607387
1616000000.0	-0.100919600892
1618000000.0	0.01752524441
1620000000.0	0.13265617847
1622000000.0	0.317555550748
1624000000.0	-0.17159129634
1626000000.0	0.167561746369
1628000000.0	-0.23217899167
1630000000.0	-0.541999109559
1632000000.0	0.0845713985709
1634000000.0	-0.237219541902
1636000000.0	0.0656528171149
1638000000.0	0.276989243077
1640000000.0	-0.113395527772
1642000000.0	-0.137129533703
1644000000.0	-0.107567698375
1646000000.0	-0.0769059515782
1648000000.0	0.154713279929
1650000000.0	0.12643023876
1652000000.0	-0.107638499739
1654000000.0	0.138793855914
1656000000.0	-0.223375096968
1658000000.0	-0.285551246592
1660000000.0	0.0619744794614
1662000000.0	-0.0809531438381
1664000000.0	0.146829244042
1666000000.0	-0.0942128870652
1668000000.0	-0.189468384162
1670000000.0	-0.142821001311
1672000000.0	-0.483253757573
1674000000.0	-0.0333962296947
1676000000.0	-0.0938630744
1678000000.0	-0.104795329473
1680000000.0	0.139504594213
1682000000.0	0.0840114524238
1684000000.0	-0.222550246748
1686000000.0	-0.131602179504
1688000000.0	-0.0550718352512
1690000000.0	0.00343947690347
1692000000.0	0.204030671545
1694000000.0	-0.0428723814358
1696000000.0	-0.248489359537
1698000000.0	0.0285790773491
1700000000.0	0.45092293943
1702000000.0	-0.0376041442675
1704000000.0	-0.318209409229
1706000000.0	-0.179780533515
1708000000.0	0.0905856665315
1710000000.0	0.0766525920018
1712000000.0	0.249180031453
1714000000.0	-0.217450141159
1716000000.0	-0.0097539815932
1718000000.0	0.025235569085
1720000000.0	-0.0558183343599
1722000000.0	-0.10283659046
1724000000.0	0.0398254123939
1726000000.0	0.0400645854783
1728000000.0	-0.121808935389
1730000000.0	-0.011622067584
1732000000.0	-0.469871784852
1734000000.0	0.384379949928
1736000000.0	0.303783811577
1738000000.0	-0.154349248047
1740000000.0	0.194056272667
1742000000.0	-0.0233735736888
1744000000.0	-0.194744251997
1746000000.0	0.292155956865
1748000000.0	0.249383672723
1750000000.0	-0.0497775908203
1752000000.0	0.214749717465
1754000000.0	0.116117524438
1756000000.0	0.146421875285
1758000000.0	-0.0726911432639
1760000000.0	0.015224998196
1762000000.0	-0.0847583514459
1764000000.0	0.259808520905
1766000000.0	0.0838140982243
1768000000.0	-0.37752291399
1770000000.0	0.0531234619927
1772000000.0	-0.0617685981639
1774000000.0	0.0820157922373
1776000000.0	-0.162795078317
1778000000.0	-0.16996465966
1780000000.0	0.178536387553
1782000000.0	0.124603321676
1784000000.0	-0.068668050693
1786000000.0	-0.108763573661
1788000000.0	-0.0205740304618
1790000000.0	-0.296803371041
1792000000.0	0.0561364228283
1794000000.0	0.192626820763
1796000000.0	-0.0550021786309
1798000000.0	0.212190030289
1800000000.0	-0.461776592336
1802000000.0	0.192367190444
1804000000.0	-0.0698926467073
1806000000.0	0.273904805776
1808000000.0	0.0238680713467
1810000000.0	-0.0787999735618
1812000000.0	-0.100232983168
1814000000.0	-0.0677120119046
1816000000.0	-0.121439374087
1818000000.0	0.0438162523073
1820000000.0	0.131935255982
1822000000.0	0.102380242367
1824000000.0	0.126081859515
1826000000.0	-0.279871443022
1828000000.0	0.11708565452
1830000000.0	0.0426918558489
1832000000.0	-0.0353390298454
1834000000.0	-0.0991001328332
1836000000.0	0.129375410148
1838000000.0	-0.0600904932697
1840000000.0	0.192516737212
1842000000.0	-0.218010696371
1844000000.0	-0.145899218352
1846000000.0	-0.296573474179
1848000000.0	-0.0300170583057
1850000000.0	0.012514939627
1852000000.0	0.419738734821
1854000000.0	-0.188754835578
1856000000.0	-0.249589970907
1858000000.0	-0.0679431926042
1860000000.0	0.00081466116084
1862000000.0	-0.0862468512566
1864000000.0	-0.0856801765989
1866000000.0	0.164686668111
1868000000.0	0.192330405922
1870000000.0	-0.167143995774
1872000000.0	-0.54806301348
1874000000.0	-0.25006636667
1876000000.0	-0.183845414175
1878000000.0	0.121036184418
1880000000.0	0.776629813711
1882000000.0	0.489757904128
1884000000.0	-0.224058030149
1886000000.0	-0.509488340915
1888000000.0	-0.619474169113
1890000000.0	-0.395676578361
1892000000.0	-0.0985128850617
1894000000.0	0.661828630269
1896000000.0	1.55389346112
1898000000.0	2.95940740282
1900000000.0	-10.250373767
1902000000.0	4.25403583108
1904000000.0	2.1407796282
1906000000.0	0.151879159283
1908000000.0	-0.801453593018
1910000000.0	-0.78738232562
1912000000.0	0.00472235469635
1914000000.0	0.0717002898152
1916000000.0	0.190197664325
1918000000.0	0.156245239279
1920000000.0	-0.190759373846
1922000000.0	-0.0604608333311
1924000000.0	-0.0192825204468
1926000000.0	-0.0895649138168
1928000000.0	-0.00852831053316
1930000000.0	0.0266667692841
1932000000.0	0.220108526002
1934000000.0	-0.0995983557514
1936000000.0	0.0487756882925
1938000000.0	-0.143907410869
1940000000.0	-0.28131189162
1942000000.0	0.0757091638803
1944000000.0	0.00836147497164
1946000000.0	-0.134809989726
1948000000.0	-0.140456274471
1950000000.0	0.318486392774
1952000000.0	-0.236300717436
1954000000.0	-0.274484794918
1956000000.0	0.140811690035
1958000000.0	0.275271840952
1960000000.0	-0.153572728882
1962000000.0	0.00777436685696
1964000000.0	-0.0815215723002
1966000000.0	-0.145861154556
1968000000.0	-0.0147477574338
1970000000.0	0.0304170907799
1972000000.0	0.0646548097469
1974000000.0	0.213799425718
1976000000.0	-0.204025134127
1978000000.0	-0.0955538392435
1980000000.0	-0.212330520658
1982000000.0	0.207302588482
1984000000.0	-0.0152736950204
1986000000.0	0.0333265815484
1988000000.0	0.0530919472679
1990000000.0	-0.122584104421
1992000000.0	-0.0744203889946
1994000000.0	0.113327148535
1996000000.0	0.347368485141
1998000000.0	0.570697396989
2000000000.0	-1.4
