0.0	-2.945323
2000000.0	-0.0372200847125
4000000.0	0.0399673676763
6000000.0	-0.548687666921
8000000.0	-0.47441319992
10000000.0	-0.240243039825
12000000.0	0.0565431329904
14000000.0	0.662905852959
16000000.0	1.7445919979
18000000.0	2.13651802397
20000000.0	2.41567445824
22000000.0	1.79945055481
24000000.0	0.600874703795
26000000.0	-0.953419575216
28000000.0	-2.33841820001
30000000.0	-2.95032384309
32000000.0	-2.51269084159
34000000.0	-0.93507489592
36000000.0	1.17832023735
38000000.0	2.29994116849
40000000.0	2.2217227026
42000000.0	1.80889427169
44000000.0	0.604167298472
46000000.0	-0.675262925054
48000000.0	-1.28193510341
50000000.0	-1.14058308117
52000000.0	-0.332184961456
54000000.0	0.35567001492
56000000.0	0.601183912637
58000000.0	0.370031964617
60000000.0	-0.182979793862
62000000.0	-0.522441757043
64000000.0	-0.388493503097
66000000.0	0.143637805373
68000000.0	0.654543497662
70000000.0	0.781887530886
72000000.0	0.324301204321
74000000.0	-0.459395263937
76000000.0	-0.921943811521
78000000.0	-1.0534864169
80000000.0	-0.489485599469
82000000.0	0.223464196549
84000000.0	0.880373166329
86000000.0	1.06615543873
88000000.0	0.649377706896
90000000.0	-0.109197335986
92000000.0	-0.813778566107
94000000.0	-0.971903215314
96000000.0	-0.730180616662
98000000.0	-0.165302956405
100000000.0	0.456929791483
102000000.0	0.593862644483
104000000.0	0.579369927254
106000000.0	0.128223239279
108000000.0	-0.122940630616
110000000.0	-0.291364222947
112000000.0	-0.339033106004
114000000.0	-0.2589594143
116000000.0	-0.25078775733
118000000.0	-0.15856641427
120000000.0	-0.108110098457
122000000.0	0.0406540309889
124000000.0	-0.00139334486126
126000000.0	0.468595787779
128000000.0	0.441859650556
130000000.0	0.272125187799
132000000.0	-0.0745353435523
134000000.0	-0.393315513762
136000000.0	-0.573846061416
138000000.0	-0.498873685806
140000000.0	-0.150865558856
142000000.0	0.387997911063
144000000.0	0.709403542343
146000000.0	0.774219898607
148000000.0	0.26314047834
150000000.0	-0.200560655516
152000000.0	-0.674933242705
154000000.0	-0.813563719346
156000000.0	-0.565192343916
158000000.0	0.00487036079855
160000000.0	0.520593919523
162000000.0	0.702805409391
164000000.0	0.604959977378
166000000.0	0.0993678138995
168000000.0	-0.442898359253
170000000.0	-0.597168126249
172000000.0	-0.63300306825
174000000.0	-0.207149649441
176000000.0	0.324476822129
178000000.0	0.61047538539
180000000.0	0.620445235776
182000000.0	0.337310288271
184000000.0	-0.219150486406
186000000.0	-0.512886832955
188000000.0	-0.512930598503
190000000.0	-0.276804081962
192000000.0	-0.0346136459087
194000000.0	0.243882878153
196000000.0	0.281431735389
198000000.0	0.239469620157
200000000.0	0.00164099134991
202000000.0	-0.0101899528184
204000000.0	-0.0625211720629
206000000.0	-0.220462780549
208000000.0	-0.181921646209
210000000.0	-0.265797933539
212000000.0	-0.131090471066
214000000.0	-0.143963133121
216000000.0	0.141358924343
218000000.0	0.294650376406
220000000.0	0.471263017366
222000000.0	0.339820835508
224000000.0	0.0474834184591
226000000.0	-0.324555239158
228000000.0	-0.719999152474
230000000.0	-0.625092355023
232000000.0	-0.307728761491
234000000.0	0.418833183503
236000000.0	0.893415814759
238000000.0	0.972933098107
240000000.0	0.603069682987
242000000.0	-0.201336002215
244000000.0	-0.961591061219
246000000.0	-1.2934087324
248000000.0	-1.02260441181
250000000.0	-0.0294146836683
252000000.0	0.923987780214
254000000.0	1.3945978781
256000000.0	1.248798299
258000000.0	0.194327248891
260000000.0	-0.805924728915
262000000.0	-1.62764470964
264000000.0	-1.55486462392
266000000.0	-0.574500091377
268000000.0	0.746250614315
270000000.0	1.72121026072
272000000.0	1.71686379945
274000000.0	0.706022497891
276000000.0	-0.611291101772
278000000.0	-1.58964586531
280000000.0	-1.82984376443
282000000.0	-1.10695557654
284000000.0	0.339724522695
286000000.0	1.59880623099
288000000.0	1.92788039782
290000000.0	0.942899069418
292000000.0	-0.519341892012
294000000.0	-1.23231820263
296000000.0	-0.622617033557
298000000.0	0.982929829192
300000000.0	-6.58543505381
302000000.0	2.65268206819
304000000.0	3.23232783137
306000000.0	2.7763524913
308000000.0	0.930011892758
310000000.0	-1.29364951591
312000000.0	-2.77810123506
314000000.0	-2.55161478039
316000000.0	-0.900869940693
318000000.0	1.05817218951
320000000.0	2.27699299258
322000000.0	2.21869142294
324000000.0	1.00155737473
326000000.0	-0.781046372345
328000000.0	-1.99027001562
330000000.0	-2.02339166839
332000000.0	-0.979596365843
334000000.0	0.490351259686
336000000.0	1.65547208786
338000000.0	1.70918490431
340000000.0	0.999589001142
342000000.0	-0.402430149547
344000000.0	-1.27479502549
346000000.0	-1.37183881915
348000000.0	-0.864801946703
350000000.0	0.16738095865
352000000.0	0.963702617951
354000000.0	1.14813317602
356000000.0	0.65831585701
358000000.0	-0.0934193383934
360000000.0	-0.739272595312
362000000.0	-0.850572265639
364000000.0	-0.436222989191
366000000.0	0.127523868764
368000000.0	0.516721980218
370000000.0	0.451536321964
372000000.0	0.231455995374
374000000.0	-0.281608533167
376000000.0	-0.186369821333
378000000.0	-0.262133032061
380000000.0	-0.0221516912383
382000000.0	0.203104155137
384000000.0	0.154333486892
386000000.0	0.0444368459778
388000000.0	-0.204892797372
390000000.0	-0.299618318382
392000000.0	-0.0248173797064
394000000.0	0.156206302006
396000000.0	0.448164258005
398000000.0	0.284415993357
400000000.0	0.00205126434863
402000000.0	-0.319687847026
404000000.0	-0.50280511334
406000000.0	-0.314792989015
408000000.0	-0.0122164557238
410000000.0	0.350606305498
412000000.0	0.63882420099
414000000.0	0.377210937784
416000000.0	-0.0150175179879
418000000.0	-0.409830380184
420000000.0	-0.530901590961
422000000.0	-0.364930817567
424000000.0	0.0745006564525
426000000.0	0.401826316034
428000000.0	0.480886926979
430000000.0	0.397825243947
432000000.0	-0.00325875439593
434000000.0	-0.2936221523
436000000.0	-0.440338898233
438000000.0	-0.353553819834
440000000.0	0.0184115192863
442000000.0	0.257460468014
444000000.0	0.300453241827
446000000.0	0.246706016923
448000000.0	0.0470494052992
450000000.0	-0.26961858277
452000000.0	-0.269975370047
454000000.0	-0.0821137920896
456000000.0	0.0813073094952
458000000.0	0.120430704009
460000000.0	0.115447290747
462000000.0	-0.0718378554263
464000000.0	-0.230787225652
466000000.0	-0.0709963716091
468000000.0	-0.0995093129447
470000000.0	0.195421082923
472000000.0	0.170038010054
474000000.0	0.0395034288666
476000000.0	-0.0969878874125
478000000.0	-0.126107283756
480000000.0	-0.134889540099
482000000.0	-0.059432455942
484000000.0	0.0590138236973
486000000.0	0.283919952002
488000000.0	0.224310610939
490000000.0	0.0219031518316
492000000.0	-0.199829311214
494000000.0	-0.283704492757
496000000.0	-0.251070311211
498000000.0	-0.0404085907778
500000000.0	0.138889649692
502000000.0	0.305338096729
504000000.0	0.26136204248
506000000.0	0.131174673059
508000000.0	-0.203487174299
510000000.0	-0.270243347966
512000000.0	-0.216559412041
514000000.0	-0.0960380758416
516000000.0	0.0786150259201
518000000.0	0.190435067142
520000000.0	0.193231848789
522000000.0	0.0555491325325
524000000.0	-0.184686838578
526000000.0	-0.0633649745315
528000000.0	-0.129749950236
530000000.0	0.0559909163982
532000000.0	0.016470898152
534000000.0	0.139885041085
536000000.0	-0.0105314286773
538000000.0	0.0353939384327
540000000.0	-0.0637998866183
542000000.0	0.0756113174276
544000000.0	0.00526485599185
546000000.0	0.121075313083
548000000.0	0.00979065667865
550000000.0	-0.07885957274
552000000.0	-0.104288100453
554000000.0	-0.132294300424
556000000.0	0.0258724003775
558000000.0	0.135505930789
560000000.0	0.0722300477402
562000000.0	0.205679171624
564000000.0	0.0915150973888
566000000.0	-0.169612102746
568000000.0	-0.181738341903
570000000.0	-0.137934628208
572000000.0	-0.0327594237156
574000000.0	0.0570471383543
576000000.0	0.27572314552
578000000.0	0.176455670145
580000000.0	0.0534168522025
582000000.0	-0.0409616334516
584000000.0	-0.274917243485
586000000.0	-0.154465084505
588000000.0	-0.0749193683549
590000000.0	0.0625168221521
592000000.0	0.139581826462
594000000.0	0.286187924383
596000000.0	0.127059177817
598000000.0	0.123294412322
600000000.0	-0.652959901082
602000000.0	-0.00319674286288
604000000.0	0.14404104491
606000000.0	0.116829309905
608000000.0	-0.0116717117523
610000000.0	0.0571485788211
612000000.0	-0.0545274263279
614000000.0	-0.126760948243
616000000.0	-0.100087211705
618000000.0	-0.012056664686
620000000.0	-0.0403820008569
622000000.0	-0.0146246604115
624000000.0	-0.0751665004864
626000000.0	0.0220467115963
628000000.0	-0.0755575661766
630000000.0	-0.0319915547544
632000000.0	0.14802100183
634000000.0	0.187736270422
636000000.0	0.0307686765362
638000000.0	0.0566740308586
640000000.0	-0.0519057436382
642000000.0	-0.167860504891
644000000.0	-0.109993897943
646000000.0	0.00295668917606
648000000.0	0.0936190902861
650000000.0	0.154074077654
652000000.0	0.201060708595
654000000.0	0.0546311404483
656000000.0	-0.0410502449733
658000000.0	-0.113693550336
660000000.0	-0.122462210314
662000000.0	0.0580749040237
664000000.0	0.0695365335455
666000000.0	0.194372634041
668000000.0	0.1218681835
670000000.0	0.0583353709909
672000000.0	-0.0320360398547
674000000.0	-0.0794864113757
676000000.0	-0.0919444918359
678000000.0	-0.0045699113134
680000000.0	0.0192022258184
682000000.0	0.0270729488851
684000000.0	0.0215721937738
686000000.0	-0.0573945842922
688000000.0	-0.0404279550881
690000000.0	0.0136844580166
692000000.0	-0.0380989326689
694000000.0	0.0104217612787
696000000.0	-0.0838788000972
698000000.0	-0.0725551385926
700000000.0	0.217771116648
702000000.0	-0.122812235698
704000000.0	-0.0953663227687
706000000.0	0.0435704713463
708000000.0	0.0811554929001
710000000.0	0.246638896379
712000000.0	-0.0239461923608
714000000.0	-0.03939149024
716000000.0	-0.155203043029
718000000.0	-0.140607637685
720000000.0	-0.0431867284582
722000000.0	0.115912219086
724000000.0	0.145746364933
726000000.0	0.122419496423
728000000.0	0.0273865148349
730000000.0	-0.0447503687108
732000000.0	-0.17535940894
734000000.0	-0.171041718387
736000000.0	0.0594876280824
738000000.0	-0.0380723305664
740000000.0	0.125277540728
742000000.0	0.0741753159234
744000000.0	-0.0286965538462
746000000.0	0.00542934871447
748000000.0	-0.0534632496416
750000000.0	0.00927842820344
752000000.0	-0.0267618063314
754000000.0	0.0166314728638
756000000.0	-0.00305238560421
758000000.0	0.120834663471
760000000.0	-0.0136812494271
762000000.0	-0.0232879518376
764000000.0	0.08094922446
766000000.0	-0.0274529303801
768000000.0	0.0974672075451
770000000.0	0.0119005167806
772000000.0	-0.0557670380389
774000000.0	-0.126754057366
776000000.0	0.0156129972767
778000000.0	0.000128663544414
780000000.0	0.140250459167
782000000.0	0.146044246955
784000000.0	0.103906249718
786000000.0	-0.0230027121693
788000000.0	-0.136671740109
790000000.0	-0.209297414989
792000000.0	-0.113432287689
794000000.0	0.0673913956915
796000000.0	0.166233247719
798000000.0	0.205458776836
800000000.0	-0.0882367595707
802000000.0	0.0474345895671
804000000.0	-0.0918103509174
806000000.0	-0.112929790335
808000000.0	-0.131012977084
810000000.0	-0.0335824650474
812000000.0	0.111969560353
814000000.0	0.188466428866
816000000.0	0.0552147658542
818000000.0	-0.040601529111
820000000.0	-0.0847749443777
822000000.0	-0.0830736126415
824000000.0	-0.0473403865253
826000000.0	-0.0868996063998
828000000.0	0.0234123086319
830000000.0	0.0579078732853
832000000.0	0.0179999308484
834000000.0	0.0599986997471
836000000.0	0.0201816223141
838000000.0	0.049528235701
840000000.0	0.0341344247627
842000000.0	0.0103016160305
844000000.0	-0.0437402331123
846000000.0	-0.121406361325
848000000.0	-0.241292903091
850000000.0	-0.0128161204485
852000000.0	0.129784011563
854000000.0	0.274152344342
856000000.0	0.338278854353
858000000.0	0.135193843197
860000000.0	-0.0649526113649
862000000.0	-0.465269293086
864000000.0	-0.415244115696
866000000.0	-0.176009289289
868000000.0	0.179413446225
870000000.0	0.499468663898
872000000.0	0.643055089925
874000000.0	0.454453877308
876000000.0	-0.264701057838
878000000.0	-0.570771147202
880000000.0	-0.852768676002
882000000.0	-0.561964375707
884000000.0	0.0118951859965
886000000.0	0.730309258401
888000000.0	1.19910447378
890000000.0	0.827027645322
892000000.0	-0.108178388295
894000000.0	-1.30235528263
896000000.0	-2.28860717879
898000000.0	-2.91274030358
900000000.0	8.62385319303
902000000.0	-2.27628476377
904000000.0	-1.22671904134
906000000.0	-0.286309389589
908000000.0	0.107552308003
910000000.0	0.103989826197
912000000.0	-0.121664710994
914000000.0	-0.230330660745
916000000.0	-0.144349153248
918000000.0	0.153774804783
920000000.0	0.25733241731
922000000.0	0.344796071733
924000000.0	0.222101169658
926000000.0	-0.148107987886
928000000.0	-0.390088151653
930000000.0	-0.446701049572
932000000.0	-0.310608114039
934000000.0	0.0503105106326
936000000.0	0.31757624873
938000000.0	0.342845231807
940000000.0	0.243131584585
942000000.0	-0.118360577314
944000000.0	-0.336155936827
946000000.0	-0.326534145558
948000000.0	-0.228467135234
950000000.0	0.126929665775
952000000.0	0.308487833534
954000000.0	0.244612338535
956000000.0	0.15517263749
958000000.0	-0.0765210611616
960000000.0	-0.148182921628
962000000.0	-0.256020961409
964000000.0	-0.102375938089
966000000.0	0.0627901390953
968000000.0	0.147944235191
970000000.0	0.110262154296
972000000.0	0.061354418677
974000000.0	0.0132841429162
976000000.0	-0.068854097938
978000000.0	-0.126162665643
980000000.0	-0.0459574814898
982000000.0	0.0394770679646
984000000.0	0.0339156049111
986000000.0	0.0888097108608
988000000.0	0.021819119921
990000000.0	0.00960564805494
992000000.0	0.0159535312118
994000000.0	0.0576098979854
996000000.0	0.0052109618995
998000000.0	0.126801065927
1000000000.0	-0.2656345
1002000000.0	-0.0918907167717
1004000000.0	-0.09938499022
1006000000.0	0.0143458200212
1008000000.0	0.015431405767
1010000000.0	0.170172752478
1012000000.0	0.0386845175236
1014000000.0	0.0276166501068
1016000000.0	-0.0621075244096
1018000000.0	-0.173057966115
1020000000.0	-0.129530830349
1022000000.0	-0.0197071487671
1024000000.0	0.0151924953236
1026000000.0	0.131924716571
1028000000.0	0.0982084746673
1030000000.0	0.0109995430564
1032000000.0	-0.0867332741062
1034000000.0	-0.137358633214
1036000000.0	0.0128786031932
1038000000.0	-0.00237675214499
1040000000.0	0.00342609260736
1042000000.0	0.0894456046099
1044000000.0	0.0675970889786
1046000000.0	0.119836243595
1048000000.0	0.0264667516914
1050000000.0	-0.0581475130622
1052000000.0	-0.0368214579647
1054000000.0	-0.00114093435136
1056000000.0	0.0597739914673
1058000000.0	-0.0254050666848
1060000000.0	0.00227517270273
1062000000.0	0.0213630142905
1064000000.0	-0.0215931253545
1066000000.0	-0.066169358105
1068000000.0	0.0382698655884
1070000000.0	0.00631615404153
1072000000.0	-0.00997501988953
1074000000.0	-0.035470992431
1076000000.0	-0.121874764466
1078000000.0	-0.00287655500969
1080000000.0	-0.0128810638099
1082000000.0	0.0346248656453
1084000000.0	-0.0115426120525
1086000000.0	0.0539823370789
1088000000.0	0.0350404870052
1090000000.0	-0.0648122171504
1092000000.0	-0.116774027626
1094000000.0	-0.0433742451339
1096000000.0	0.0985769513769
1098000000.0	0.105153690875
1100000000.0	-0.00106663506542
1102000000.0	0.145429870493
1104000000.0	0.0639497915352
1106000000.0	-0.0731915139187
1108000000.0	-0.110209988426
1110000000.0	-0.0444083046663
1112000000.0	-0.0245059161046
1114000000.0	0.0207401503348
1116000000.0	0.0478009954726
1118000000.0	0.106955015342
1120000000.0	0.0564842422532
1122000000.0	0.0429386546233
1124000000.0	-0.0165707280244
1126000000.0	-0.124813121911
1128000000.0	-0.0793678702407
1130000000.0	-0.0649680218587
1132000000.0	0.0679886565251
1134000000.0	-0.0191485661421
1136000000.0	0.0787724301903
1138000000.0	-0.0770411960493
1140000000.0	-0.0126853237881
1142000000.0	-0.0116407339744
1144000000.0	0.00715014136264
1146000000.0	0.00693197192804
1148000000.0	-0.00166908954234
1150000000.0	-0.0863307113404
1152000000.0	0.0419754012289
1154000000.0	-0.0459717386608
1156000000.0	0.0247628268293
1158000000.0	0.0584838914247
1160000000.0	0.0604691184849
1162000000.0	-0.0194042267701
1164000000.0	-0.00831456600443
1166000000.0	-0.0421585576164
1168000000.0	0.00456933765573
1170000000.0	-0.0489208852857
1172000000.0	0.012472917192
1174000000.0	0.06692931958
1176000000.0	0.113956066458
1178000000.0	-0.0385816995338
1180000000.0	0.0572488352582
1182000000.0	-0.0285441622236
1184000000.0	-0.0180311854332
1186000000.0	-0.00139561306404
1188000000.0	0.00569551656728
1190000000.0	0.00607438052712
1192000000.0	0.00193886455155
1194000000.0	0.0133980820494
1196000000.0	0.11690329164
1198000000.0	0.202401118902
1200000000.0	-0.562206514349
1202000000.0	0.118991904073
1204000000.0	0.142692100902
1206000000.0	0.0129864791672
1208000000.0	0.013103885534
1210000000.0	-0.0612112169811
1212000000.0	-0.0317714235382
1214000000.0	0.0025354665799
1216000000.0	0.00830411280931
1218000000.0	-0.102093408632
1220000000.0	0.0420433798861
1222000000.0	0.0510017101796
1224000000.0	-0.0681625628853
1226000000.0	-0.0566290260089
1228000000.0	0.0322112235149
1230000000.0	-0.00685932571672
1232000000.0	0.123129264876
1234000000.0	0.0950010559757
1236000000.0	-0.0307405749109
1238000000.0	-0.143431285567
1240000000.0	-0.0424433142461
1242000000.0	-0.0798515147819
1244000000.0	0.0116327438788
1246000000.0	0.0830524735624
1248000000.0	0.0386840290147
1250000000.0	-0.0409706522801
1252000000.0	0.0332800092721
1254000000.0	-0.0160234222351
1256000000.0	-0.0047463590408
1258000000.0	-0.00497417872509
1260000000.0	0.0170892981631
1262000000.0	-0.0326594485628
1264000000.0	0.0393256532436
1266000000.0	-0.0373743308686
1268000000.0	0.0196161986852
1270000000.0	-0.0152382891443
1272000000.0	-0.0262361172195
1274000000.0	0.0357998820544
1276000000.0	-0.0235968253187
1278000000.0	0.0371840488503
1280000000.0	-0.00956762392722
1282000000.0	0.00309820013871
1284000000.0	-0.0584467457964
1286000000.0	0.0161240221872
1288000000.0	0.021651154876
1290000000.0	0.0200372865412
1292000000.0	0.00229765314482
1294000000.0	-0.0774017507392
1296000000.0	-0.0989258548636
1298000000.0	-0.15592901685
1300000000.0	0.588520951489
1302000000.0	-0.275754746771
1304000000.0	-0.0767763184797
1306000000.0	-0.00843221255204
1308000000.0	0.0892193120942
1310000000.0	0.123267295908
1312000000.0	-0.0768465959728
1314000000.0	0.0286952109089
1316000000.0	-0.063223648034
1318000000.0	-0.0250812187939
1320000000.0	-0.0231373048878
1322000000.0	0.0649942518835
1324000000.0	0.0507897072024
1326000000.0	-0.0102676699796
1328000000.0	-0.00609607348792
1330000000.0	-0.11334127843
1332000000.0	-0.0749838297537
1334000000.0	-0.0378992651453
1336000000.0	0.000733195330125
1338000000.0	0.0184893528626
1340000000.0	-0.00788784232781
1342000000.0	0.0615206345884
1344000000.0	-0.0544625231411
1346000000.0	-0.0355257163158
1348000000.0	-0.0387686504738
1350000000.0	-0.0202502971272
1352000000.0	0.0624786724348
1354000000.0	0.097022995097
1356000000.0	0.062524630313
1358000000.0	-0.0380783569011
1360000000.0	0.00918234839121
1362000000.0	-0.0190666653391
1364000000.0	0.078104680958
1366000000.0	0.0435696317392
1368000000.0	0.0289960381594
1370000000.0	0.0292349289755
1372000000.0	0.000996712424803
1374000000.0	0.28530330486
1376000000.0	-0.272744709492
1378000000.0	-0.148752781992
1380000000.0	0.0224816674819
1382000000.0	-0.00306739172285
1384000000.0	0.0479592707766
1386000000.0	-0.0243832687693
1388000000.0	-0.10096820738
1390000000.0	0.00738801279479
1392000000.0	-0.0860341420727
1394000000.0	0.0647132290124
1396000000.0	0.0846328306847
1398000000.0	0.0360594030098
1400000000.0	-0.195523488834
1402000000.0	-0.0135997919751
1404000000.0	-0.0406828118932
1406000000.0	-0.0631582958048
1408000000.0	-0.0692019438506
1410000000.0	0.0481329632772
1412000000.0	0.0512927400867
1414000000.0	0.00976969942221
1416000000.0	0.0496249764031
1418000000.0	0.0346878643789
1420000000.0	-0.0321169240337
1422000000.0	-0.0668127983988
1424000000.0	0.0112703185531
1426000000.0	0.00845940730651
1428000000.0	0.0880086125541
1430000000.0	0.00286569352285
1432000000.0	-0.00400211294178
1434000000.0	-0.0277989566409
1436000000.0	-0.0222723353925
1438000000.0	-0.0397333113615
1440000000.0	0.0471470892967
1442000000.0	-0.0443343541931
1444000000.0	0.0259333717586
1446000000.0	-0.0406409899632
1448000000.0	-0.121355974983
1450000000.0	-0.00158277175345
1452000000.0	0.00910456640868
1454000000.0	0.0456434909326
1456000000.0	0.13449454386
1458000000.0	0.0987437983217
1460000000.0	0.0323245305262
1462000000.0	-0.0441021650684
1464000000.0	-0.177161130466
1466000000.0	-0.0666541807339
1468000000.0	-0.0324965357103
1470000000.0	0.09815570672
1472000000.0	0.214867258677
1474000000.0	0.0480780103933
1476000000.0	-0.123070687681
1478000000.0	-0.20700344961
1480000000.0	-0.273196621706
1482000000.0	-0.206892553914
1484000000.0	0.0953287152927
1486000000.0	0.365420325775
1488000000.0	0.547943022999
1490000000.0	0.3550150144
1492000000.0	-0.0797056326007
1494000000.0	-0.672833241614
1496000000.0	-1.29236536391
1498000000.0	-1.79700805712
1500000000.0	5.73608035031
1502000000.0	-1.46801710627
1504000000.0	-1.05781214508
1506000000.0	-0.479417944205
1508000000.0	-0.0529165172662
1510000000.0	0.196388796393
1512000000.0	0.173241871167
1514000000.0	0.0678977022741
1516000000.0	-0.00998864798215
1518000000.0	0.00481811487639
1520000000.0	-0.0690219419368
1522000000.0	-0.0143987846758
1524000000.0	0.0502188869948
1526000000.0	-0.0379598584307
1528000000.0	-0.0737836848498
1530000000.0	-0.0624607780274
1532000000.0	-0.0867645207663
1534000000.0	-0.00443479709449
1536000000.0	0.0947584785241
1538000000.0	0.0885812127089
1540000000.0	0.00611242709938
1542000000.0	-0.0393304902693
1544000000.0	-0.00628935244625
1546000000.0	-0.17921261638
1548000000.0	-0.0180997537836
1550000000.0	-0.00418358057394
1552000000.0	0.110133028902
1554000000.0	0.0996789058937
1556000000.0	0.092777307143
1558000000.0	-0.0518371268421
1560000000.0	-0.0838442318299
1562000000.0	-0.10015020579
1564000000.0	0.0337201520847
1566000000.0	0.0206291418593
1568000000.0	0.00221568124843
1570000000.0	0.0551911077927
1572000000.0	0.0844214656925
1574000000.0	-0.00329394635449
1576000000.0	0.02126819212
1578000000.0	-0.0737361374071
1580000000.0	-0.0246893834672
1582000000.0	0.0499324943809
1584000000.0	0.0204367566766
1586000000.0	0.00902166988791
1588000000.0	0.00695198749475
1590000000.0	0.00468967738553
1592000000.0	0.0257726031692
1594000000.0	-0.0277851407197
1596000000.0	0.0564523150108
1598000000.0	-0.0318699254742
1600000000.0	0.0218320095707
1602000000.0	0.00483944442813
1604000000.0	0.0361231503606
1606000000.0	-0.0308872662356
1608000000.0	-0.042179512583
1610000000.0	0.0347206328283
1612000000.0	0.0260297339023
1614000000.0	-0.0211865261525
1616000000.0	-0.0440629111262
1618000000.0	-0.0305103555891
1620000000.0	-0.00846821198717
1622000000.0	0.0272049683322
1624000000.0	0.0798865551196
1626000000.0	-0.0734905469466
1628000000.0	0.0296927920313
1630000000.0	0.00412987549486
1632000000.0	-0.0978143742704
1634000000.0	-0.0388715745914
1636000000.0	0.0113338710493
1638000000.0	-0.0757603663364
1640000000.0	-0.0508734656044
1642000000.0	0.0705512335051
1644000000.0	0.0200478168106
1646000000.0	-0.0283125746011
1648000000.0	0.0077345084488
1650000000.0	-0.0458492170384
1652000000.0	-0.0544274606335
1654000000.0	0.00866241430386
1656000000.0	-0.0538358148384
1658000000.0	0.0143017886592
1660000000.0	0.0106786742285
1662000000.0	0.0430514155773
1664000000.0	-0.0374364825931
1666000000.0	0.0288541730075
1668000000.0	-0.00314344687586
1670000000.0	0.00191763115009
1672000000.0	0.00375399154069
1674000000.0	-0.0435204433902
1676000000.0	0.00398192629919
1678000000.0	0.0250008335971
1680000000.0	0.0180947992247
1682000000.0	0.0665326652252
1684000000.0	-0.011525427453
1686000000.0	0.0440109319107
1688000000.0	0.0215157038838
1690000000.0	0.00387547796556
1692000000.0	-0.117189561987
1694000000.0	-0.0693013475307
1696000000.0	0.0672805525758
1698000000.0	0.0603637134286
1700000000.0	-0.118416071464
1702000000.0	0.0616966833173
1704000000.0	0.0855965058986
1706000000.0	-0.0148430933885
1708000000.0	-0.0377645384874
1710000000.0	-0.0349025775827
1712000000.0	-0.0156681087124
1714000000.0	0.0159048377937
1716000000.0	-0.0025303019682
1718000000.0	0.0318102011834
1720000000.0	-0.0850200215842
1722000000.0	0.00388213302771
1724000000.0	-0.0599832569995
1726000000.0	0.0682118151397
1728000000.0	-0.0536844680267
1730000000.0	0.0149563299206
1732000000.0	-0.0432858761338
1734000000.0	0.0188848406619
1736000000.0	0.0184362853349
1738000000.0	-0.0347179942145
1740000000.0	-0.105335496424
1742000000.0	-0.0666616278274
1744000000.0	0.0441653819882
1746000000.0	-0.00427122419605
1748000000.0	-0.00377928282483
1750000000.0	0.086100907745
1752000000.0	0.0541765789054
1754000000.0	0.0666943969287
1756000000.0	0.0470917623011
1758000000.0	0.0415467674596
1760000000.0	-0.0149028510645
1762000000.0	-0.0785919371198
1764000000.0	0.032288775455
1766000000.0	-0.0380383273858
1768000000.0	-0.00345052057396
1770000000.0	-0.0124878548963
1772000000.0	-0.0342361868713
1774000000.0	0.0609607864374
1776000000.0	0.00225177018004
1778000000.0	-0.0207468807538
1780000000.0	-0.0841985971516
1782000000.0	-0.0345452339987
1784000000.0	0.0608086669404
1786000000.0	-0.0306587268024
1788000000.0	-0.0502425648902
1790000000.0	-0.00181089104973
1792000000.0	-0.00574229510176
1794000000.0	0.0250374686187
1796000000.0	0.0945137874914
1798000000.0	0.137762456795
1800000000.0	-0.301585601434
1802000000.0	0.0936125823273
1804000000.0	0.117687671339
1806000000.0	0.0176232138256
1808000000.0	-0.01215086148
1810000000.0	0.0232735440521
1812000000.0	-0.0184648067497
1814000000.0	-0.0133539414355
1816000000.0	0.0142853932249
1818000000.0	0.011128364075
1820000000.0	0.00684107981361
1822000000.0	0.0453166954736
1824000000.0	0.00915667873041
1826000000.0	-0.00469668883873
1828000000.0	0.0752010681542
1830000000.0	0.0134497197235
1832000000.0	-0.00416145959945
1834000000.0	0.019868159274
1836000000.0	-0.0755577289557
1838000000.0	-0.0278656680998
1840000000.0	-0.0367000250837
1842000000.0	-0.0569343119139
1844000000.0	0.00627435734868
1846000000.0	-0.0145982975758
1848000000.0	-0.00413516652493
1850000000.0	-0.00745300648829
1852000000.0	0.0120734921174
1854000000.0	0.0211157619045
1856000000.0	-0.0119780950209
1858000000.0	-0.00668691077171
1860000000.0	0.00232496436644
1862000000.0	0.0221964770688
1864000000.0	-0.0381400619094
1866000000.0	-0.00911222087011
1868000000.0	0.0129527648569
1870000000.0	0.0113744126874
1872000000.0	-0.0394356487706
1874000000.0	-0.0514584386688
1876000000.0	-0.0710660682206
1878000000.0	0.00807465555612
1880000000.0	-0.0230173664045
1882000000.0	-0.0137810000333
1884000000.0	0.021394576648
1886000000.0	0.0372519052187
1888000000.0	0.158219143718
1890000000.0	0.101265183429
1892000000.0	-0.101633890524
1894000000.0	-0.182210791752
1896000000.0	-0.31704407689
1898000000.0	-0.584266338555
1900000000.0	1.8491227077
1902000000.0	-0.61085432514
1904000000.0	-0.454322608699
1906000000.0	-0.183489545923
1908000000.0	0.0248930513137
1910000000.0	0.130480874825
1912000000.0	0.128717402754
1914000000.0	0.00917721909333
1916000000.0	0.0139534444941
1918000000.0	-0.0460572679162
1920000000.0	-0.0456720633001
1922000000.0	0.0346530005844
1924000000.0	-0.0248702121629
1926000000.0	0.00422978252496
1928000000.0	0.049330742175
1930000000.0	0.0222104462648
1932000000.0	0.0303201121683
1934000000.0	-0.0230466158512
1936000000.0	-0.0365686308712
1938000000.0	-0.0499210471407
1940000000.0	-0.0695562988293
1942000000.0	0.00137209719069
1944000000.0	-0.0174529664402
1946000000.0	0.0460288848386
1948000000.0	0.034139865964
1950000000.0	0.0466064079495
1952000000.0	-0.0302622084878
1954000000.0	0.00132643544074
1956000000.0	0.0506820604761
1958000000.0	-0.0196014203311
1960000000.0	-0.0582456593526
1962000000.0	-0.00262346786076
1964000000.0	0.0228767716487
1966000000.0	0.0107430952242
1968000000.0	-0.00320425536399
1970000000.0	0.101669116772
1972000000.0	0.00576890124146
1974000000.0	-0.014385517743
1976000000.0	0.0134311958163
1978000000.0	-0.0579943192725
1980000000.0	-0.0286690622728
1982000000.0	-0.0138718066481
1984000000.0	0.0555829487624
1986000000.0	-0.0341537072893
1988000000.0	0.0239911459669
1990000000.0	-0.0435711731711
1992000000.0	0.0293573014998
1994000000.0	-0.000975176245474
1996000000.0	-0.00877196644032
1998000000.0	-0.0973229809976
2000000000.0	0.151568
