0.0	-50.96875
2000000.0	2.89533320726
4000000.0	5.53349957972
6000000.0	1.92463156655
8000000.0	-3.08520908605
10000000.0	-4.88274614352
12000000.0	-6.0705564199
14000000.0	-1.77590511902
16000000.0	5.11973047697
18000000.0	10.1546121205
20000000.0	12.4651738813
22000000.0	3.53054895989
24000000.0	-8.07812867183
26000000.0	-16.1012852749
28000000.0	-12.4442230369
30000000.0	-0.70040452668
32000000.0	10.0177978927
34000000.0	11.833540769
36000000.0	6.31991704523
38000000.0	-0.830740388456
40000000.0	-6.87491194207
42000000.0	-8.54326575797
44000000.0	-4.52333394706
46000000.0	0.784335619263
48000000.0	4.17572443502
50000000.0	3.13538100208
52000000.0	0.114562694378
54000000.0	-2.36607282883
56000000.0	-2.43005646941
58000000.0	0.25461989443
60000000.0	2.32995172999
62000000.0	2.64534376515
64000000.0	1.89777606874
66000000.0	-0.973224743279
68000000.0	-2.98533352206
70000000.0	-1.25058567621
72000000.0	2.09632070991
74000000.0	3.50894989269
76000000.0	1.44312901913
78000000.0	-1.40989873519
80000000.0	-3.53972484851
82000000.0	-1.84567402883
84000000.0	0.885016396676
86000000.0	4.87646254574
88000000.0	4.32538613813
90000000.0	0.325015198114
92000000.0	-4.16576582227
94000000.0	-4.51073129339
96000000.0	-1.88022364816
98000000.0	1.98383542685
100000000.0	4.2902453423
102000000.0	4.11740378391
104000000.0	-0.74116264597
106000000.0	-3.70224861099
108000000.0	-4.06859641706
110000000.0	-1.40466586936
112000000.0	2.27873261255
114000000.0	3.19403970645
116000000.0	2.25799664659
118000000.0	-0.57464195615
120000000.0	-2.32447673488
122000000.0	-2.20302473568
124000000.0	0.569702310723
126000000.0	2.2550025127
128000000.0	2.09758813155
130000000.0	0.160868490921
132000000.0	-1.73652044661
134000000.0	-2.35533018281
136000000.0	0.256552454262
138000000.0	1.94871017389
140000000.0	2.06730436973
142000000.0	1.51924825441
144000000.0	-1.64066482778
146000000.0	-4.21696735595
148000000.0	-2.68304827783
150000000.0	0.755642600577
152000000.0	3.77791862004
154000000.0	4.24059937303
156000000.0	1.49731091711
158000000.0	-2.34431718652
160000000.0	-3.79654675109
162000000.0	-2.50490328184
164000000.0	0.696875187344
166000000.0	1.99465613508
168000000.0	3.00226198477
170000000.0	-0.271970998724
172000000.0	-2.35288838172
174000000.0	-2.15201855133
176000000.0	-0.633604813017
178000000.0	2.66253388322
180000000.0	2.26855815214
182000000.0	0.716755755504
184000000.0	-1.77241601684
186000000.0	-3.09686941578
188000000.0	-0.854902728344
190000000.0	1.64582367813
192000000.0	3.28610559838
194000000.0	2.09122231242
196000000.0	-0.252196504949
198000000.0	-2.55290093401
200000000.0	-3.26982998418
202000000.0	-1.22203359133
204000000.0	2.64962488207
206000000.0	4.98922304109
208000000.0	3.08248598739
210000000.0	-0.80430086624
212000000.0	-3.9607425183
214000000.0	-3.15760381508
216000000.0	-0.0434172611004
218000000.0	3.72151979144
220000000.0	4.60954052268
222000000.0	0.495395877421
224000000.0	-2.49460569822
226000000.0	-3.51652346702
228000000.0	-1.91966107702
230000000.0	2.54163127038
232000000.0	4.08248698732
234000000.0	2.13670607815
236000000.0	-2.19538113414
238000000.0	-3.68786568942
240000000.0	-3.46681093946
242000000.0	1.58436658614
244000000.0	4.58333677052
246000000.0	4.22361039828
248000000.0	-0.167412257564
250000000.0	-5.87824681388
252000000.0	-5.24359976105
254000000.0	-1.73903192277
256000000.0	3.01522304349
258000000.0	5.36253141282
260000000.0	3.95887289271
262000000.0	-0.558720374305
264000000.0	-6.98787094988
266000000.0	-7.88768982469
268000000.0	-4.2769283047
270000000.0	4.00662869688
272000000.0	9.64893155806
274000000.0	9.03829069652
276000000.0	-0.280082548352
278000000.0	-9.14344613321
280000000.0	-12.681137701
282000000.0	-3.05117359554
284000000.0	10.3269425876
286000000.0	14.1866344424
288000000.0	-0.524726152545
290000000.0	-22.037779781
292000000.0	-27.4214188532
294000000.0	8.60491812646
296000000.0	82.3920744239
298000000.0	162.253498332
300000000.0	-431.418549708
302000000.0	154.601332236
304000000.0	87.4901146559
306000000.0	23.6047272704
308000000.0	-14.8419763569
310000000.0	-25.0095831122
312000000.0	-17.5542547886
314000000.0	-4.13715505797
316000000.0	5.50016877769
318000000.0	8.1655618493
320000000.0	5.75504138912
322000000.0	0.394777895777
324000000.0	-4.28279493154
326000000.0	-4.41974103141
328000000.0	-0.500587095516
330000000.0	2.84250614922
332000000.0	3.7870050861
334000000.0	0.0191810578067
336000000.0	-3.72462689507
338000000.0	-4.66311948842
340000000.0	-2.06261728053
342000000.0	3.20999236338
344000000.0	5.4377104745
346000000.0	3.09764653096
348000000.0	-2.05716252067
350000000.0	-5.26326822278
352000000.0	-2.63725008526
354000000.0	1.33051364355
356000000.0	4.82227279311
358000000.0	4.00628758778
360000000.0	0.752910901672
362000000.0	-3.55383689864
364000000.0	-4.02698185905
366000000.0	-1.93710103576
368000000.0	2.30932905624
370000000.0	3.56881710394
372000000.0	2.94568908051
374000000.0	0.829099066485
376000000.0	-2.87721232481
378000000.0	-1.75751454295
380000000.0	-0.35863962203
382000000.0	1.00457061007
384000000.0	0.16139340841
386000000.0	-0.26801959784
388000000.0	-1.6255154925
390000000.0	-1.75823134003
392000000.0	0.624265084674
394000000.0	1.83140385885
396000000.0	2.38942663793
398000000.0	1.85258304391
400000000.0	-1.65415163709
402000000.0	-3.06959004065
404000000.0	-1.79323718296
406000000.0	-0.191392998904
408000000.0	1.32407558984
410000000.0	1.6580309509
412000000.0	0.907890482549
414000000.0	-0.787487381985
416000000.0	-1.13555257368
418000000.0	-0.761322438764
420000000.0	-0.229271949531
422000000.0	0.660716197802
424000000.0	1.44578777814
426000000.0	-0.419910838336
428000000.0	-0.661063293637
430000000.0	-1.05845507179
432000000.0	-0.0358877876539
434000000.0	1.49807408347
436000000.0	1.7048690047
438000000.0	1.08663319589
440000000.0	-0.169801118382
442000000.0	-0.337770080906
444000000.0	-0.533090207249
446000000.0	-0.362883020256
448000000.0	0.187647602096
450000000.0	0.474133999152
452000000.0	-0.240992159656
454000000.0	-1.02595213672
456000000.0	-0.635566099889
458000000.0	0.271982997865
460000000.0	1.59707387883
462000000.0	1.04063417604
464000000.0	1.82593234298
466000000.0	-0.302236303604
468000000.0	-1.71425152528
470000000.0	-0.411672289179
472000000.0	-0.300232597098
474000000.0	0.314710373692
476000000.0	1.02771264672
478000000.0	-0.070679416826
480000000.0	-0.52671690427
482000000.0	0.147175364228
484000000.0	-0.671037969888
486000000.0	0.434444132798
488000000.0	0.659772469841
490000000.0	0.263897134013
492000000.0	-0.496611846
494000000.0	-1.18358475769
496000000.0	-1.51645379837
498000000.0	0.878068512579
500000000.0	1.26670671216
502000000.0	0.685629995745
504000000.0	0.216157463374
506000000.0	-0.648449462046
508000000.0	-0.938062250075
510000000.0	-1.00540502235
512000000.0	-0.108673700887
514000000.0	0.931431588318
516000000.0	0.556609850457
518000000.0	0.0235127287744
520000000.0	-0.567266192434
522000000.0	-0.945096850295
524000000.0	1.15050520256
526000000.0	0.566162634989
528000000.0	0.427017343109
530000000.0	0.779955930272
532000000.0	0.174235636581
534000000.0	-1.22155325
536000000.0	-0.37310534345
538000000.0	0.0566213468555
540000000.0	0.622600526226
542000000.0	0.736110435663
544000000.0	0.174187046362
546000000.0	-0.513565815615
548000000.0	-0.138576622861
550000000.0	0.559135917973
552000000.0	1.34024718299
554000000.0	0.282576690252
556000000.0	0.428102059715
558000000.0	-0.171432413015
560000000.0	-0.910563568858
562000000.0	-0.61883420348
564000000.0	0.789829414439
566000000.0	0.407975768766
568000000.0	-0.199670372653
570000000.0	0.090611015253
572000000.0	-0.522239815877
574000000.0	-0.305155541411
576000000.0	-0.123264122968
578000000.0	-0.0265752262116
580000000.0	0.347336380062
582000000.0	0.583234004934
584000000.0	0.434542889928
586000000.0	0.0152177485563
588000000.0	-0.211439137838
590000000.0	0.442351855409
592000000.0	1.09573136146
594000000.0	0.81244677112
596000000.0	0.04973434057
598000000.0	-1.01761145744
600000000.0	0.501220660862
602000000.0	-0.518727395304
604000000.0	0.338088760925
606000000.0	0.386412131476
608000000.0	0.0627528857049
610000000.0	0.376927189274
612000000.0	-0.0742875861489
614000000.0	0.0241285227744
616000000.0	0.668207599718
618000000.0	0.750283053148
620000000.0	0.915893475892
622000000.0	1.16443880116
624000000.0	0.912350513122
626000000.0	-2.36323758441
628000000.0	-0.338094893343
630000000.0	-0.404540466119
632000000.0	-0.289114172691
634000000.0	-0.497116465624
636000000.0	0.244218173231
638000000.0	-0.623564127143
640000000.0	0.0551760707559
642000000.0	0.471708222086
644000000.0	0.377085755521
646000000.0	0.300778865673
648000000.0	0.12860220381
650000000.0	0.115263460393
652000000.0	-0.864048373037
654000000.0	-0.259400127217
656000000.0	0.507333367046
658000000.0	0.358876249053
660000000.0	0.820254932047
662000000.0	-0.863114550072
664000000.0	-0.725089397738
666000000.0	-0.765822984918
668000000.0	-0.561850821958
670000000.0	-0.134585954805
672000000.0	0.426677953602
674000000.0	-0.263736296878
676000000.0	0.208433973324
678000000.0	-0.50074071654
680000000.0	-1.24643967416
682000000.0	-0.603895372852
684000000.0	-0.0575998280208
686000000.0	0.645219075229
688000000.0	0.159948780985
690000000.0	-1.52246560128
692000000.0	-1.06898245931
694000000.0	0.165993431604
696000000.0	1.06897746107
698000000.0	0.840396801136
700000000.0	0.00485714664944
702000000.0	0.435834560638
704000000.0	0.599651506898
706000000.0	-0.062773108107
708000000.0	0.0319093060863
710000000.0	0.680821108155
712000000.0	0.362182289259
714000000.0	-0.0233879623728
716000000.0	-1.42728086466
718000000.0	0.246538598637
720000000.0	0.482249349122
722000000.0	0.124665265288
724000000.0	0.891193184247
726000000.0	-0.061828821675
728000000.0	0.419533605276
730000000.0	-0.440923370662
732000000.0	-0.950734505602
734000000.0	0.48667367333
736000000.0	1.16882796588
738000000.0	0.642230589929
740000000.0	-0.0430386668467
742000000.0	-0.533162616904
744000000.0	-0.159955831093
746000000.0	-0.767622122569
748000000.0	0.290255920436
750000000.0	1.40313194057
752000000.0	0.383106715395
754000000.0	-0.232898314238
756000000.0	-1.14181241388
758000000.0	0.275098249168
760000000.0	-0.560018398904
762000000.0	0.924950667863
764000000.0	0.744821897738
766000000.0	0.510339791551
768000000.0	-0.132408727272
770000000.0	-0.0835111004399
772000000.0	0.273397539525
774000000.0	0.5548163389
776000000.0	0.407036211142
778000000.0	0.228908546512
780000000.0	-0.911454112422
782000000.0	-1.19953580614
784000000.0	-1.15989320881
786000000.0	-0.0195563792948
788000000.0	1.60592163368
790000000.0	0.599628666469
792000000.0	0.194763684393
794000000.0	-0.999971576216
796000000.0	-0.860872561886
798000000.0	0.516942343796
800000000.0	0.244134559336
802000000.0	-0.0061148874372
804000000.0	0.202625043437
806000000.0	0.0372361670141
808000000.0	-0.963048278803
810000000.0	0.0719989034329
812000000.0	0.30963783711
814000000.0	0.6971449738
816000000.0	0.742955626742
818000000.0	-0.265493845399
820000000.0	-0.140162693062
822000000.0	-0.759767013799
824000000.0	-0.782699829099
826000000.0	-0.161963626135
828000000.0	0.950463176158
830000000.0	0.487464649262
832000000.0	-0.0699145850274
834000000.0	0.141315480452
836000000.0	-1.66657851218
838000000.0	-0.76704550833
840000000.0	0.344186255725
842000000.0	0.896898261182
844000000.0	1.33455351427
846000000.0	-0.161215157304
848000000.0	-1.24600180323
850000000.0	-1.80062620603
852000000.0	0.622280899722
854000000.0	1.03504640224
856000000.0	1.07555460519
858000000.0	0.71525739571
860000000.0	-1.12277104818
862000000.0	-1.39524460936
864000000.0	-0.0108505015298
866000000.0	1.39636736377
868000000.0	2.3620142806
870000000.0	0.404594348313
872000000.0	-1.74811726434
874000000.0	-2.28636390433
876000000.0	-1.89471788842
878000000.0	1.74500210037
880000000.0	3.56135972949
882000000.0	3.13464364976
884000000.0	0.196308178644
886000000.0	-3.56971046044
888000000.0	-5.89248311294
890000000.0	-4.79829928613
892000000.0	-1.5275298715
894000000.0	5.62871833133
896000000.0	15.2390686572
898000000.0	25.8044466569
900000000.0	-72.5451929882
902000000.0	27.3846451417
904000000.0	12.8477116862
906000000.0	-0.184124637252
908000000.0	-6.23076563472
910000000.0	-4.3544656866
912000000.0	2.59785367499
914000000.0	4.96717178126
916000000.0	2.17003740233
918000000.0	-1.042422443
920000000.0	-4.82209371975
922000000.0	-2.89371456366
924000000.0	0.744524245568
926000000.0	3.77065944577
928000000.0	2.77362033954
930000000.0	0.866487386322
932000000.0	-2.05454277507
934000000.0	-2.10542861929
936000000.0	-2.04226943559
938000000.0	0.587946596044
940000000.0	1.3706316668
942000000.0	1.55802823611
944000000.0	-0.0624729167565
946000000.0	-1.1595939566
948000000.0	-0.723315043631
950000000.0	-0.845577796799
952000000.0	0.464211175388
954000000.0	1.31194716933
956000000.0	0.296749542995
958000000.0	0.43907618222
960000000.0	-0.614607145941
962000000.0	-1.52113179874
964000000.0	0.275860047655
966000000.0	0.659831887563
968000000.0	-0.0110758232478
970000000.0	-0.18314328927
972000000.0	-0.642260652856
974000000.0	-0.558478502111
976000000.0	-0.460089325267
978000000.0	0.852969067286
980000000.0	0.668491095874
982000000.0	0.523188889658
984000000.0	-0.445932209338
986000000.0	-0.678995865385
988000000.0	-0.850660980216
990000000.0	0.16239940244
992000000.0	0.675966765729
994000000.0	0.572524482856
996000000.0	0.198895793097
998000000.0	0.218859288153
1000000000.0	-1.828125
1002000000.0	0.376165653228
1004000000.0	0.32212017414
1006000000.0	0.300275273235
1008000000.0	0.446266312464
1010000000.0	-0.554504337388
1012000000.0	-0.598869315003
1014000000.0	-0.465192841384
1016000000.0	0.060638377488
1018000000.0	0.685279178282
1020000000.0	0.623058975928
1022000000.0	-0.0953420286493
1024000000.0	-0.372974672863
1026000000.0	-0.342730977364
1028000000.0	0.210765408877
1030000000.0	0.0546967269921
1032000000.0	0.969937058971
1034000000.0	-0.2009488135
1036000000.0	0.0800544010534
1038000000.0	-0.232270485985
1040000000.0	-0.2994193547
1042000000.0	-0.314258521144
1044000000.0	0.441136578954
1046000000.0	-0.316215890875
1048000000.0	0.675922052668
1050000000.0	-0.0506853685947
1052000000.0	-0.374276229664
1054000000.0	-0.152576509875
1056000000.0	0.163774829467
1058000000.0	1.19927434897
1060000000.0	0.515901280468
1062000000.0	-0.19484644573
1064000000.0	0.10090725238
1066000000.0	-0.565700755486
1068000000.0	0.11426582375
1070000000.0	0.779918006043
1072000000.0	0.532631163263
1074000000.0	0.358247580364
1076000000.0	-0.506098573578
1078000000.0	-0.682994792556
1080000000.0	0.109270470163
1082000000.0	0.45395125379
1084000000.0	-0.706813654686
1086000000.0	-0.648167934352
1088000000.0	0.377284598121
1090000000.0	0.457631895735
1092000000.0	0.368771338144
1094000000.0	0.107140669246
1096000000.0	0.564135598315
1098000000.0	-0.0250728708984
1100000000.0	1.17497785946
1102000000.0	-1.17229482163
1104000000.0	0.60536197802
1106000000.0	-0.143878289311
1108000000.0	-0.457775287232
1110000000.0	0.232837927217
1112000000.0	1.04411268894
1114000000.0	0.501236880683
1116000000.0	-0.0114439244907
1118000000.0	-0.451659209751
1120000000.0	-1.39142881644
1122000000.0	0.146031214085
1124000000.0	0.664413543446
1126000000.0	-0.0116418092091
1128000000.0	-0.597509364904
1130000000.0	-0.7362726069
1132000000.0	-0.41432192946
1134000000.0	0.543742190516
1136000000.0	0.578554810162
1138000000.0	0.367170750554
1140000000.0	0.902550639717
1142000000.0	-0.220191106205
1144000000.0	0.182609127681
1146000000.0	-0.211413317093
1148000000.0	-0.594167373152
1150000000.0	0.151140914412
1152000000.0	-0.277193190802
1154000000.0	-0.0581249922662
1156000000.0	-0.312567362086
1158000000.0	-0.0157066776196
1160000000.0	0.160505194884
1162000000.0	0.13994376701
1164000000.0	-0.014651920227
1166000000.0	0.260514562742
1168000000.0	-0.402605733045
1170000000.0	-0.478461686175
1172000000.0	-0.288711837663
1174000000.0	0.00418136312703
1176000000.0	0.58514564629
1178000000.0	0.982800976829
1180000000.0	-0.43523703836
1182000000.0	-0.165381435847
1184000000.0	-0.186507001197
1186000000.0	0.0698608941847
1188000000.0	0.400339309349
1190000000.0	0.614250466783
1192000000.0	-0.350002900089
1194000000.0	-0.717111465146
1196000000.0	-0.309989620784
1198000000.0	-1.33096061175
1200000000.0	2.15415163709
1202000000.0	-0.65274071189
1204000000.0	-0.716872045648
1206000000.0	-0.194337511971
1208000000.0	0.780016849913
1210000000.0	0.42897008695
1212000000.0	-0.757161061613
1214000000.0	-0.360606338248
1216000000.0	0.307150077764
1218000000.0	0.765264154553
1220000000.0	0.49105204529
1222000000.0	-0.52289461546
1224000000.0	-1.44215632288
1226000000.0	-0.82544412311
1228000000.0	0.744148613596
1230000000.0	-0.0258765609938
1232000000.0	-0.441127413422
1234000000.0	-0.113000541025
1236000000.0	-0.427431037347
1238000000.0	0.0627796507467
1240000000.0	0.262675029563
1242000000.0	0.29206017988
1244000000.0	-0.0986716656131
1246000000.0	0.684156201437
1248000000.0	0.470112516866
1250000000.0	1.25989227109
1252000000.0	-0.671136674426
1254000000.0	0.186232896119
1256000000.0	0.632517422549
1258000000.0	1.23502365426
1260000000.0	-0.345898367255
1262000000.0	0.163217611001
1264000000.0	0.311287672073
1266000000.0	0.864707125765
1268000000.0	0.178461784513
1270000000.0	0.433050764153
1272000000.0	-0.282988640229
1274000000.0	-0.440325534362
1276000000.0	-0.0464863817091
1278000000.0	0.335400060095
1280000000.0	-0.285055970694
1282000000.0	-0.610887570704
1284000000.0	-0.186989356523
1286000000.0	0.567189963547
1288000000.0	-0.468300601168
1290000000.0	-0.638975558465
1292000000.0	0.0845884924514
1294000000.0	0.162541837723
1296000000.0	-0.181917157307
1298000000.0	0.824099932821
1300000000.0	-2.41202399513
1302000000.0	0.0845054712954
1304000000.0	1.3946244683
1306000000.0	0.98224331244
1308000000.0	0.0400363595098
1310000000.0	-0.570516842221
1312000000.0	0.486212259694
1314000000.0	-0.0774225560535
1316000000.0	-0.137959870846
1318000000.0	0.766373094039
1320000000.0	-0.0912358344975
1322000000.0	0.487579942897
1324000000.0	-0.648295982799
1326000000.0	0.505056835612
1328000000.0	0.138859625982
1330000000.0	-0.248354523237
1332000000.0	0.563833511308
1334000000.0	1.16604434264
1336000000.0	-0.579156884607
1338000000.0	0.0158706675911
1340000000.0	-0.556829207909
1342000000.0	0.220738441574
1344000000.0	-0.152892386249
1346000000.0	0.0123538295309
1348000000.0	0.0939020087158
1350000000.0	-0.201454556894
1352000000.0	-0.361948372098
1354000000.0	0.646906942031
1356000000.0	-0.441123712035
1358000000.0	-0.305689841986
1360000000.0	0.265871770476
1362000000.0	-1.10287217914
1364000000.0	0.947860814084
1366000000.0	-1.32067239724
1368000000.0	-0.379193683775
1370000000.0	-0.726261573011
1372000000.0	0.316267854485
1374000000.0	-1.17235464569
1376000000.0	2.4975493976
1378000000.0	0.324138792241
1380000000.0	0.108517125458
1382000000.0	0.418201190241
1384000000.0	-0.0952893770865
1386000000.0	0.697853760669
1388000000.0	0.521151960553
1390000000.0	-0.596164651563
1392000000.0	-0.00427792530474
1394000000.0	-1.03769688173
1396000000.0	-0.0935867026651
1398000000.0	1.13159789894
1400000000.0	-0.0641017836162
1402000000.0	0.702440118929
1404000000.0	-0.498551613987
1406000000.0	0.303867070586
1408000000.0	-0.803071452653
1410000000.0	0.452430762705
1412000000.0	0.763385839189
1414000000.0	-0.212351213023
1416000000.0	-0.735719659281
1418000000.0	0.442980858218
1420000000.0	-0.767830609202
1422000000.0	0.258034666659
1424000000.0	0.256347838882
1426000000.0	0.314856935163
1428000000.0	-0.12144277773
1430000000.0	-0.031358833019
1432000000.0	-0.246647398712
1434000000.0	-0.985974327535
1436000000.0	0.17446079394
1438000000.0	-0.0995690588038
1440000000.0	0.494184772346
1442000000.0	0.426122979588
1444000000.0	-1.25491299715
1446000000.0	-0.824087675602
1448000000.0	0.714723736838
1450000000.0	0.549553564561
1452000000.0	-0.0109127752747
1454000000.0	0.180930488342
1456000000.0	0.144259102418
1458000000.0	-0.286906852544
1460000000.0	-1.66304471887
1462000000.0	-0.275447741217
1464000000.0	-0.470394340842
1466000000.0	1.00157248094
1468000000.0	0.574041170323
1470000000.0	-0.73118247945
1472000000.0	-1.37507508854
1474000000.0	-1.19245672005
1476000000.0	-0.159740038808
1478000000.0	0.694404945815
1480000000.0	1.49520057756
1482000000.0	0.431485156381
1484000000.0	-0.894666303131
1486000000.0	-0.932334088575
1488000000.0	0.0525636525726
1490000000.0	3.05096105765
1492000000.0	2.56847892433
1494000000.0	-0.766506403707
1496000000.0	-8.07159242128
1498000000.0	-17.0130423992
1500000000.0	39.2957932878
1502000000.0	-14.0227453473
1504000000.0	-7.86136340629
1506000000.0	-1.713460017
1508000000.0	1.43342213144
1510000000.0	2.36917281638
1512000000.0	1.88602221994
1514000000.0	0.665149475848
1516000000.0	-0.505968509082
1518000000.0	-1.23785747569
1520000000.0	-1.20660756462
1522000000.0	-1.09823138841
1524000000.0	0.511507441911
1526000000.0	0.752842543344
1528000000.0	0.908426269995
1530000000.0	-0.238703153647
1532000000.0	-0.496624276263
1534000000.0	-0.10888973877
1536000000.0	-0.333347475553
1538000000.0	0.398263057022
1540000000.0	0.572463573088
1542000000.0	-0.366832589052
1544000000.0	-0.261877737257
1546000000.0	-1.49736102132
1548000000.0	-0.313077630375
1550000000.0	0.48055093347
1552000000.0	0.640018586632
1554000000.0	0.0495224245859
1556000000.0	-0.339683338481
1558000000.0	-0.309982822367
1560000000.0	0.718896959667
1562000000.0	0.29670820958
1564000000.0	1.30731228389
1566000000.0	-0.265105897308
1568000000.0	-0.0887514199845
1570000000.0	0.159437956426
1572000000.0	-0.854802187831
1574000000.0	-0.0190484434881
1576000000.0	0.640871116822
1578000000.0	-0.233428519625
1580000000.0	-0.821566609927
1582000000.0	0.0516962439186
1584000000.0	-0.0831635559641
1586000000.0	1.00288042147
1588000000.0	-0.594355328339
1590000000.0	-0.29977656407
1592000000.0	-0.0801804298331
1594000000.0	-0.069107092133
1596000000.0	-0.68244625081
1598000000.0	0.610117892132
1600000000.0	-0.384759559336
1602000000.0	0.747652543094
1604000000.0	0.526096566155
1606000000.0	-0.377365181691
1608000000.0	-0.63744795528
1610000000.0	0.285197372778
1612000000.0	-0.542869360384
1614000000.0	-0.214399705739
1616000000.0	-0.0516104759395
1618000000.0	-0.591366129657
1620000000.0	0.00676673949221
1622000000.0	0.105500789816
1624000000.0	0.184337331509
1626000000.0	-0.238790506276
1628000000.0	-0.0974177027746
1630000000.0	0.439951495986
1632000000.0	0.140728845003
1634000000.0	0.54826375782
1636000000.0	0.00719282640456
1638000000.0	-0.0280794225305
1640000000.0	0.297522060306
1642000000.0	0.479816849283
1644000000.0	-0.713130530058
1646000000.0	0.033357801915
1648000000.0	0.516067515492
1650000000.0	0.400304822603
1652000000.0	0.128206276815
1654000000.0	-0.22820917608
1656000000.0	0.201811895304
1658000000.0	0.141153268774
1660000000.0	0.383992001111
1662000000.0	0.33095027032
1664000000.0	-0.147607453055
1666000000.0	0.58481186184
1668000000.0	0.344735844982
1670000000.0	0.567205064653
1672000000.0	0.0583383016239
1674000000.0	-0.714445506908
1676000000.0	0.513895401173
1678000000.0	0.447790409561
1680000000.0	0.0795826107364
1682000000.0	0.245535994234
1684000000.0	0.480983269177
1686000000.0	0.171074424992
1688000000.0	0.474592101671
1690000000.0	-0.107694978736
1692000000.0	0.325766654258
1694000000.0	-0.129233556427
1696000000.0	0.265455289713
1698000000.0	-0.52268825575
1700000000.0	0.230998116407
1702000000.0	-0.163693203971
1704000000.0	0.138413383283
1706000000.0	-0.0125676571123
1708000000.0	0.457247171595
1710000000.0	-0.0408648741836
1712000000.0	-0.409206820185
1714000000.0	-0.21790924423
1716000000.0	-0.385638450272
1718000000.0	0.331793444899
1720000000.0	0.454059415783
1722000000.0	0.296931386514
1724000000.0	0.233170016947
1726000000.0	-0.513325708039
1728000000.0	0.222826781086
1730000000.0	0.299947598398
1732000000.0	0.653344253168
1734000000.0	-0.268168460115
1736000000.0	-0.201895607893
1738000000.0	-0.109188586467
1740000000.0	-0.256930327385
1742000000.0	0.330570128835
1744000000.0	-0.180381091692
1746000000.0	-0.169207754756
1748000000.0	0.466244856231
1750000000.0	2.84022260222
1752000000.0	0.331468247872
1754000000.0	0.955836279055
1756000000.0	-0.236129781217
1758000000.0	0.109564903903
1760000000.0	-0.113556829708
1762000000.0	-0.37818860363
1764000000.0	-0.129789408976
1766000000.0	-0.636516020813
1768000000.0	-0.141320477123
1770000000.0	0.199572958496
1772000000.0	-0.149459713911
1774000000.0	0.451233213998
1776000000.0	0.00371578944848
1778000000.0	0.293930227258
1780000000.0	-0.153353788513
1782000000.0	-0.00881938168754
1784000000.0	0.279588188527
1786000000.0	-0.155195836304
1788000000.0	-0.280770866146
1790000000.0	-0.285569246302
1792000000.0	-0.395953115584
1794000000.0	0.515124814335
1796000000.0	0.577031218435
1798000000.0	0.743511218177
1800000000.0	-2.05791389307
1802000000.0	0.426739528911
1804000000.0	0.400674456467
1806000000.0	0.251546197913
1808000000.0	-0.295122423965
1810000000.0	0.38141428066
1812000000.0	0.00142656695378
1814000000.0	0.229643432589
1816000000.0	0.0665589559228
1818000000.0	-0.131813019976
1820000000.0	-0.0745630720051
1822000000.0	-0.513362027608
1824000000.0	-0.748067575909
1826000000.0	0.244040208268
1828000000.0	0.221285600915
1830000000.0	0.326228697339
1832000000.0	-0.435406119884
1834000000.0	0.933621062582
1836000000.0	-0.196597698003
1838000000.0	0.134660772853
1840000000.0	-0.317499683676
1842000000.0	0.22470878018
1844000000.0	0.122373392558
1846000000.0	-0.563823900463
1848000000.0	0.0773668319416
1850000000.0	-0.530164258843
1852000000.0	0.164793350804
1854000000.0	0.408592823516
1856000000.0	-0.263704835004
1858000000.0	-0.591435921468
1860000000.0	-0.278012999437
1862000000.0	0.18000281153
1864000000.0	-0.0597122071175
1866000000.0	-0.256716352137
1868000000.0	-0.061967696505
1870000000.0	-0.465750272226
1872000000.0	-1.11080695992
1874000000.0	-0.855452451084
1876000000.0	0.566132129926
1878000000.0	0.160852377846
1880000000.0	0.528748058158
1882000000.0	0.160111371064
1884000000.0	0.607890592731
1886000000.0	-0.510017852126
1888000000.0	-0.501392852974
1890000000.0	1.25913551473
1892000000.0	0.00163004967279
1894000000.0	0.827979579019
1896000000.0	-0.700700649037
1898000000.0	-1.90439352664
1900000000.0	5.58093822682
1902000000.0	-0.89438440707
1904000000.0	-1.26648124027
1906000000.0	-0.976964612882
1908000000.0	0.637554115885
1910000000.0	0.0865837953241
1912000000.0	0.349859853656
1914000000.0	0.458347683403
1916000000.0	0.306399820179
1918000000.0	-0.611612367862
1920000000.0	0.0719476859187
1922000000.0	-0.0776082913762
1924000000.0	0.161089839595
1926000000.0	0.380296641296
1928000000.0	0.0502379350332
1930000000.0	0.489568288141
1932000000.0	-0.35270922841
1934000000.0	-0.451537574352
1936000000.0	-0.548526197337
1938000000.0	0.173422477252
1940000000.0	0.455214235655
1942000000.0	-0.313249678385
1944000000.0	0.0337207578004
1946000000.0	-0.236848000816
1948000000.0	-0.0766231865896
1950000000.0	-0.054330805283
1952000000.0	-0.33389892765
1954000000.0	0.597653429538
1956000000.0	-0.308103944033
1958000000.0	0.419523958353
1960000000.0	0.0727813925996
1962000000.0	0.42045437658
1964000000.0	-0.501491015529
1966000000.0	-0.490055974491
1968000000.0	-0.00485268503826
1970000000.0	-0.222379745313
1972000000.0	-0.0852910313563
1974000000.0	-0.39902360564
1976000000.0	-0.472780093543
1978000000.0	0.443669348642
1980000000.0	0.0887719909538
1982000000.0	0.134171948005
1984000000.0	0.267328688308
1986000000.0	-0.203174512337
1988000000.0	0.0178386210859
1990000000.0	-0.203218721051
1992000000.0	-0.545310864795
1994000000.0	-0.145886018693
1996000000.0	0.0327530895289
1998000000.0	-0.337392958106
2000000000.0	1.5
