0.0	-2.84686
2000000.0	0.579387103862
4000000.0	0.839771591253
6000000.0	-0.155465355085
8000000.0	-0.094428891593
10000000.0	0.0962713932679
12000000.0	0.165466812097
14000000.0	0.681973455909
16000000.0	1.82684226447
18000000.0	2.95511891188
20000000.0	2.95229401331
22000000.0	1.87845764966
24000000.0	0.134673894794
26000000.0	-1.3784199865
28000000.0	-2.54312476188
30000000.0	-2.92069348922
32000000.0	-2.40326710908
34000000.0	-0.346776802445
36000000.0	2.08300393785
38000000.0	3.06002859119
40000000.0	2.40925738889
42000000.0	1.63139534595
44000000.0	0.207247948669
46000000.0	-1.08980740756
48000000.0	-1.70605944041
50000000.0	-1.5128787074
52000000.0	-0.70683887059
54000000.0	0.600635789874
56000000.0	1.15193676485
58000000.0	0.863302225876
60000000.0	0.182740824369
62000000.0	-0.646474656179
64000000.0	-0.762983795334
66000000.0	-0.560896214521
68000000.0	-0.109106492954
70000000.0	0.333613353434
72000000.0	0.375038434091
74000000.0	0.180228306621
76000000.0	-0.396374690942
78000000.0	-0.720649444407
80000000.0	-0.654314933302
82000000.0	-0.25025507665
84000000.0	0.172745724641
86000000.0	0.331260520826
88000000.0	0.225885652993
90000000.0	-0.1509676988
92000000.0	-0.657217745449
94000000.0	-0.582626201935
96000000.0	-0.336088062686
98000000.0	0.138224139007
100000000.0	0.370972870948
102000000.0	0.481755200093
104000000.0	0.128299749823
106000000.0	-0.320615237815
108000000.0	-0.693474783428
110000000.0	-0.702871550574
112000000.0	-0.316117743629
114000000.0	0.165363313068
116000000.0	0.467343877947
118000000.0	0.442532926506
120000000.0	0.25011088047
122000000.0	-0.0635586328771
124000000.0	-0.257911701638
126000000.0	-0.145111320608
128000000.0	-0.109873106352
130000000.0	-0.046602814911
132000000.0	-0.0626859037054
134000000.0	-0.150614671842
136000000.0	-0.0698391407051
138000000.0	-0.0905086174586
140000000.0	-0.0337739906053
142000000.0	0.337990622645
144000000.0	0.44377975162
146000000.0	0.235208005395
148000000.0	-0.0659725046158
150000000.0	-0.38541898552
152000000.0	-0.682971409085
154000000.0	-0.540188072825
156000000.0	-0.261246510213
158000000.0	0.184111147437
160000000.0	0.696078300991
162000000.0	0.842776035196
164000000.0	0.565819951077
166000000.0	-0.0683557232184
168000000.0	-0.661022021423
170000000.0	-0.75555249523
172000000.0	-0.717755973185
174000000.0	-0.183117504087
176000000.0	0.185297627914
178000000.0	0.666767498341
180000000.0	0.628524125409
182000000.0	0.366090958621
184000000.0	-0.040276862399
186000000.0	-0.450076553699
188000000.0	-0.512915420982
190000000.0	-0.462539691767
192000000.0	-0.243814441088
194000000.0	0.0622255785331
196000000.0	0.315649424118
198000000.0	0.355713775545
200000000.0	0.203546251482
202000000.0	0.133701450985
204000000.0	-0.0901525067457
206000000.0	-0.0927503592127
208000000.0	-0.24029087404
210000000.0	-0.248823769222
212000000.0	-0.203299289737
214000000.0	-0.0307009982752
216000000.0	0.190474076167
218000000.0	0.231313516028
220000000.0	0.379553623627
222000000.0	0.32446428104
224000000.0	0.0344850239351
226000000.0	-0.339191113523
228000000.0	-0.573157044703
230000000.0	-0.628886732326
232000000.0	-0.334925970215
234000000.0	0.199962348428
236000000.0	0.768977216835
238000000.0	0.89489515367
240000000.0	0.590182319594
242000000.0	-0.183828422385
244000000.0	-0.982297618758
246000000.0	-1.17750148992
248000000.0	-0.90858543059
250000000.0	-0.250608255858
252000000.0	0.797257007779
254000000.0	1.45458659975
256000000.0	1.33893585329
258000000.0	0.410465261599
260000000.0	-0.782088628925
262000000.0	-1.72214270117
264000000.0	-1.74281563882
266000000.0	-0.588075721153
268000000.0	0.905594883946
270000000.0	1.57888220665
272000000.0	1.55860884245
274000000.0	0.816516460784
276000000.0	-0.455684758453
278000000.0	-1.48057672353
280000000.0	-1.83932264582
282000000.0	-1.04472321005
284000000.0	0.599390528375
286000000.0	1.9304387386
288000000.0	1.66328737238
290000000.0	-0.316726247894
292000000.0	-1.7014115546
294000000.0	-0.380007016222
296000000.0	3.27590728787
298000000.0	7.12926933087
300000000.0	-21.1873437565
302000000.0	5.75786374378
304000000.0	5.09743603515
306000000.0	4.24413847014
308000000.0	2.06822310113
310000000.0	-1.32795747265
312000000.0	-3.84585104719
314000000.0	-3.99893184004
316000000.0	-1.31516032309
318000000.0	1.78788605777
320000000.0	3.3201789646
322000000.0	2.8359535831
324000000.0	0.789653119721
326000000.0	-1.11079457174
328000000.0	-2.35106741452
330000000.0	-2.29465839232
332000000.0	-0.981966864108
334000000.0	0.702406412867
336000000.0	2.05622788514
338000000.0	1.99340238763
340000000.0	0.781948111033
342000000.0	-0.737974876885
344000000.0	-1.5645980283
346000000.0	-1.52337449364
348000000.0	-0.55579052899
350000000.0	0.499004008215
352000000.0	1.06175920399
354000000.0	1.04776779115
356000000.0	0.329143518274
358000000.0	-0.406097410773
360000000.0	-0.851578755402
362000000.0	-0.674954043313
364000000.0	-0.0472920104197
366000000.0	0.484428286808
368000000.0	0.574353752814
370000000.0	0.18155505172
372000000.0	-0.277747125882
374000000.0	-0.589953627935
376000000.0	-0.311186602081
378000000.0	0.18433949193
380000000.0	0.458248600937
382000000.0	0.427157008579
384000000.0	0.144063364949
386000000.0	-0.34969759484
388000000.0	-0.524303294232
390000000.0	-0.44870343606
392000000.0	-0.0663886330238
394000000.0	0.598861637225
396000000.0	0.739557395813
398000000.0	0.589013629491
400000000.0	-0.20267156913
402000000.0	-0.501060161353
404000000.0	-0.804980667706
406000000.0	-0.506006831919
408000000.0	0.0652097665
410000000.0	0.568870848795
412000000.0	0.847491346262
414000000.0	0.441054002824
416000000.0	-0.124477255935
418000000.0	-0.719317062349
420000000.0	-0.755248407928
422000000.0	-0.394492025254
424000000.0	0.159572981142
426000000.0	0.53912684326
428000000.0	0.575073303011
430000000.0	0.292174818545
432000000.0	-0.16599111674
434000000.0	-0.423144322056
436000000.0	-0.420775380531
438000000.0	-0.208786384581
440000000.0	0.140712296914
442000000.0	0.348501053236
444000000.0	0.32843167127
446000000.0	0.0443000367599
448000000.0	-0.225553411263
450000000.0	-0.353243061101
452000000.0	-0.160667809806
454000000.0	0.118538655492
456000000.0	0.261383550919
458000000.0	0.237289472277
460000000.0	-0.0840230277208
462000000.0	-0.308920412224
464000000.0	-0.278053270031
466000000.0	-0.166595733778
468000000.0	0.102231021093
470000000.0	0.355405500178
472000000.0	0.274435587661
474000000.0	0.00513334742699
476000000.0	-0.306689990627
478000000.0	-0.437861474827
480000000.0	-0.347688898545
482000000.0	6.80584435462e-05
484000000.0	0.353622089721
486000000.0	0.407934316222
488000000.0	0.311393256548
490000000.0	0.0107849339065
492000000.0	-0.382578771426
494000000.0	-0.316397467213
496000000.0	-0.32489853273
498000000.0	0.065002883638
500000000.0	0.300378900893
502000000.0	0.454812142418
504000000.0	0.387296278725
506000000.0	0.0264996881265
508000000.0	-0.320518795042
510000000.0	-0.268210603877
512000000.0	-0.161668747397
514000000.0	-0.0541868135118
516000000.0	0.25448328591
518000000.0	0.207157908105
520000000.0	0.045249201883
522000000.0	-0.0309419139331
524000000.0	-0.07711432648
526000000.0	-0.0868514067622
528000000.0	0.0188060622771
530000000.0	0.174489442723
532000000.0	0.0958700920603
534000000.0	0.0604691468153
536000000.0	-0.101876968555
538000000.0	-0.189836702085
540000000.0	-0.058968277334
542000000.0	0.0923697417374
544000000.0	0.180722885138
546000000.0	0.240082070919
548000000.0	0.0157023190704
550000000.0	0.0523521474494
552000000.0	-0.257341833234
554000000.0	-0.172655827717
556000000.0	-0.0222381645486
558000000.0	0.199749095708
560000000.0	0.263692125222
562000000.0	0.271924026286
564000000.0	-0.018839005634
566000000.0	-0.101707276232
568000000.0	-0.254630879284
570000000.0	-0.234733062673
572000000.0	-0.0286839092991
574000000.0	0.123667408608
576000000.0	0.237245055113
578000000.0	0.213600373062
580000000.0	-0.0340540641969
582000000.0	-0.100643462584
584000000.0	-0.15057811496
586000000.0	-0.270138477376
588000000.0	0.0108647646369
590000000.0	0.0815273013656
592000000.0	0.197778341202
594000000.0	0.199183023604
596000000.0	0.0547434310127
598000000.0	0.125374343578
600000000.0	-0.764998982579
602000000.0	0.224710062829
604000000.0	0.245091930775
606000000.0	0.120083373943
608000000.0	0.0221902093234
610000000.0	-0.0477718136275
612000000.0	-0.095329869916
614000000.0	-0.0680049189804
616000000.0	-0.00468844997814
618000000.0	0.132364163022
620000000.0	0.200975501951
622000000.0	0.0858814244854
624000000.0	-0.0172908081241
626000000.0	-0.311451237834
628000000.0	-0.186722948874
630000000.0	-0.0171982355996
632000000.0	0.0707248585774
634000000.0	0.222978974184
636000000.0	0.065524126392
638000000.0	-0.0462709039208
640000000.0	-0.111024301287
642000000.0	-0.151010214089
644000000.0	-0.101183609496
646000000.0	-0.0914545380087
648000000.0	0.107192244917
650000000.0	0.175576759416
652000000.0	0.114818586463
654000000.0	0.0125263076794
656000000.0	-0.19429511002
658000000.0	-0.145350909575
660000000.0	-0.0858086015837
662000000.0	-0.00129652525702
664000000.0	0.155247640097
666000000.0	0.139873733232
668000000.0	-0.0461496442733
670000000.0	-0.0929641576291
672000000.0	-0.103269487166
674000000.0	0.0296255959526
676000000.0	-0.174354209424
678000000.0	0.126852146123
680000000.0	0.104794948264
682000000.0	-0.0202035467047
684000000.0	0.0135063362303
686000000.0	-0.17107932845
688000000.0	-0.0205539426734
690000000.0	0.0371411076484
692000000.0	0.172252879879
694000000.0	0.145628695346
696000000.0	0.0799456000113
698000000.0	-0.0502344127793
700000000.0	-0.153906130098
702000000.0	-0.117514806549
704000000.0	-0.0358846184899
706000000.0	0.226595589065
708000000.0	0.228511628608
710000000.0	0.149758908494
712000000.0	0.00649705395942
714000000.0	-0.160295832256
716000000.0	-0.295651018348
718000000.0	-0.150264350676
720000000.0	-0.00131640555519
722000000.0	0.0849279388932
724000000.0	0.17478999485
726000000.0	0.0869266860376
728000000.0	-0.0735034631414
730000000.0	-0.0505441910419
732000000.0	-0.168780216159
734000000.0	-0.0702415911654
736000000.0	-0.0448024954659
738000000.0	0.103747141533
740000000.0	0.110458294074
742000000.0	-0.0131211098989
744000000.0	-0.0218733085477
746000000.0	-0.148467624609
748000000.0	0.00965146573627
750000000.0	-0.00113603279207
752000000.0	0.013264559207
754000000.0	0.0536402458242
756000000.0	-0.0239023754708
758000000.0	-0.127273376094
760000000.0	-0.101606405289
762000000.0	-0.050843252068
764000000.0	0.107855396088
766000000.0	0.154887320834
768000000.0	0.0757333735507
770000000.0	-0.00311746148181
772000000.0	-0.142708232088
774000000.0	-0.236600500207
776000000.0	-0.1552365719
778000000.0	0.042323741692
780000000.0	0.17813777598
782000000.0	0.246193795982
784000000.0	0.150883142035
786000000.0	-0.0824799246253
788000000.0	-0.152759604857
790000000.0	-0.349938534688
792000000.0	-0.215465594298
794000000.0	-0.000308279881772
796000000.0	0.247451489112
798000000.0	0.261650327549
800000000.0	0.0872312560865
802000000.0	0.0148238058199
804000000.0	-0.120092486267
806000000.0	-0.154784715917
808000000.0	-0.170968122755
810000000.0	0.0297622123239
812000000.0	0.281057450012
814000000.0	0.119787149739
816000000.0	0.059336886891
818000000.0	-0.0671546220615
820000000.0	-0.127342958368
822000000.0	-0.0653244966402
824000000.0	-0.0350838308796
826000000.0	0.124460826946
828000000.0	0.081404572274
830000000.0	-0.00568087310418
832000000.0	-0.126308159523
834000000.0	-0.138350111897
836000000.0	0.0496217945794
838000000.0	0.181422364664
840000000.0	0.191837082426
842000000.0	0.12175581416
844000000.0	-0.117007685798
846000000.0	-0.278316930774
848000000.0	-0.325124896791
850000000.0	-0.221929324155
852000000.0	0.0450052591813
854000000.0	0.297834914067
856000000.0	0.566157219805
858000000.0	0.325733176543
860000000.0	-0.168101769026
862000000.0	-0.473159190191
864000000.0	-0.573742856108
866000000.0	-0.320726932883
868000000.0	0.226114368012
870000000.0	0.605549779271
872000000.0	0.636239065895
874000000.0	0.483075007854
876000000.0	-0.158121321414
878000000.0	-0.678544623579
880000000.0	-0.940900924541
882000000.0	-0.59842295704
884000000.0	0.274425726106
886000000.0	0.912481218557
888000000.0	0.96121128085
890000000.0	0.322758601319
892000000.0	-0.474405886241
894000000.0	-0.746653160497
896000000.0	-0.542440916322
898000000.0	-0.217337191958
900000000.0	0.837078783355
902000000.0	-0.412354147589
904000000.0	0.205896142243
906000000.0	0.684584788382
908000000.0	0.505384190042
910000000.0	-0.0984739404392
912000000.0	-0.740067190054
914000000.0	-0.872259961043
916000000.0	-0.100767170981
918000000.0	0.464053513
920000000.0	0.671599302784
922000000.0	0.587764159107
924000000.0	0.0807868622681
926000000.0	-0.262297116441
928000000.0	-0.50389348496
930000000.0	-0.565506603763
932000000.0	-0.188549541663
934000000.0	0.212865599017
936000000.0	0.477569124433
938000000.0	0.397339852838
940000000.0	0.107976756573
942000000.0	-0.243615226178
944000000.0	-0.320412237097
946000000.0	-0.388785818482
948000000.0	-0.107614300944
950000000.0	0.0982060532752
952000000.0	0.258212652319
954000000.0	0.22800640128
956000000.0	0.129739767044
958000000.0	-0.130154769332
960000000.0	-0.245315214625
962000000.0	-0.0947741483965
964000000.0	-0.0711935198523
966000000.0	0.117533226715
968000000.0	0.0934800078681
970000000.0	-0.0244744092487
972000000.0	0.0210348088804
974000000.0	0.00399770776444
976000000.0	-0.0863856694894
978000000.0	-0.0285913792098
980000000.0	0.0635865008296
982000000.0	-6.31319906022e-05
984000000.0	-0.0871066082378
986000000.0	-0.135323305921
988000000.0	-0.0984566727408
990000000.0	-0.0510991523333
992000000.0	0.148830001696
994000000.0	0.187955088988
996000000.0	0.11827116036
998000000.0	-0.00717208160634
1000000000.0	-0.032815
1002000000.0	-0.137504957891
1004000000.0	-0.0981246703861
1006000000.0	-0.0720220292608
1008000000.0	0.0886719468585
1010000000.0	0.241466985143
1012000000.0	0.0363623198222
1014000000.0	0.0672333118947
1016000000.0	-0.0829505208179
1018000000.0	-0.16021565033
1020000000.0	-0.158464374675
1022000000.0	0.0883692839757
1024000000.0	0.0493111319941
1026000000.0	0.146522498807
1028000000.0	0.0647568097655
1030000000.0	0.0499787202219
1032000000.0	-0.0276743809197
1034000000.0	-0.0951834974169
1036000000.0	-0.0189793935668
1038000000.0	-0.0790229378041
1040000000.0	0.0235415128862
1042000000.0	-0.029401418424
1044000000.0	0.0184915396592
1046000000.0	0.0318856899528
1048000000.0	-0.0740923848104
1050000000.0	0.0272953289254
1052000000.0	0.0234126663741
1054000000.0	-0.0361616726271
1056000000.0	0.0648721730559
1058000000.0	-0.00157681865794
1060000000.0	-0.174325823193
1062000000.0	0.0281379962403
1064000000.0	0.0540484126506
1066000000.0	0.00973482695315
1068000000.0	0.0869336579534
1070000000.0	0.0205447291225
1072000000.0	0.0114418365589
1074000000.0	-0.0723783107598
1076000000.0	-0.0049250307347
1078000000.0	-0.0128246233402
1080000000.0	-0.0266848442445
1082000000.0	0.0542496020146
1084000000.0	0.163726383618
1086000000.0	0.0865483135688
1088000000.0	0.0323215908632
1090000000.0	0.0149218881341
1092000000.0	-0.142159838465
1094000000.0	-0.0519030134296
1096000000.0	-0.0146598405384
1098000000.0	0.0928223439288
1100000000.0	-0.145831982524
1102000000.0	0.135821381796
1104000000.0	0.0163468607576
1106000000.0	-0.0496751204542
1108000000.0	-0.0775771277335
1110000000.0	-0.066256476206
1112000000.0	-0.0579328431774
1114000000.0	-0.0472921211002
1116000000.0	-0.0209107498695
1118000000.0	0.0427253008891
1120000000.0	-0.0394634490678
1122000000.0	0.0306882445418
1124000000.0	-0.0192829525396
1126000000.0	0.0465177572976
1128000000.0	0.02816458881
1130000000.0	0.00177641250105
1132000000.0	-0.120905762377
1134000000.0	-0.0398930224148
1136000000.0	0.0378541321868
1138000000.0	0.0103247900976
1140000000.0	0.0647279385654
1142000000.0	0.0375998190976
1144000000.0	0.0427494016665
1146000000.0	-0.00580335011846
1148000000.0	-0.145980048748
1150000000.0	-0.0215492479398
1152000000.0	-0.0724342843536
1154000000.0	0.0385802991268
1156000000.0	0.00626990475502
1158000000.0	0.0170335570506
1160000000.0	0.0308544029421
1162000000.0	-0.0343314509939
1164000000.0	-0.0780451959101
1166000000.0	-0.0169218370837
1168000000.0	-0.0596066313155
1170000000.0	-0.043209954446
1172000000.0	0.0262933166141
1174000000.0	0.0510730124401
1176000000.0	0.0317166563798
1178000000.0	-0.0129673254301
1180000000.0	-0.00871255343768
1182000000.0	0.0448193999784
1184000000.0	-0.0581374140924
1186000000.0	-0.0496861427586
1188000000.0	-0.0167901900127
1190000000.0	0.0112106943509
1192000000.0	-0.011326003519
1194000000.0	0.0772912970436
1196000000.0	0.106587407425
1198000000.0	0.21931393006
1200000000.0	-0.58874268087
1202000000.0	0.238752432433
1204000000.0	0.152557549969
1206000000.0	-0.00836820477325
1208000000.0	-0.00809981069532
1210000000.0	0.0197242778009
1212000000.0	0.0719771230273
1214000000.0	0.0562645444023
1216000000.0	0.0335803796368
1218000000.0	0.120732047414
1220000000.0	-0.0144391770508
1222000000.0	0.00825270001349
1224000000.0	-0.119551987345
1226000000.0	-0.0730901728704
1228000000.0	0.0362974272352
1230000000.0	0.0178515685222
1232000000.0	0.111780596329
1234000000.0	0.0592179377147
1236000000.0	-0.0836509589211
1238000000.0	-0.00521063901997
1240000000.0	-0.0158120775484
1242000000.0	-0.0788770598985
1244000000.0	-0.00883563952228
1246000000.0	0.0133642896157
1248000000.0	0.0342754885742
1250000000.0	-0.0768389991142
1252000000.0	-0.0129512218751
1254000000.0	-0.0163741526134
1256000000.0	-0.00481966247197
1258000000.0	-0.0344663663317
1260000000.0	0.0212124580383
1262000000.0	0.0238489719957
1264000000.0	0.0137809586173
1266000000.0	-0.00154401909811
1268000000.0	-0.0761127131675
1270000000.0	-0.075209143688
1272000000.0	0.0446503840917
1274000000.0	0.0795272740689
1276000000.0	-0.00340383473785
1278000000.0	0.030377181989
1280000000.0	0.0204829924866
1282000000.0	-0.0432490085809
1284000000.0	-0.0405997777801
1286000000.0	-0.0798816433247
1288000000.0	-0.0220522379812
1290000000.0	0.0674220793888
1292000000.0	0.0279597856976
1294000000.0	-0.0134593132838
1296000000.0	0.0046307762566
1298000000.0	-0.0810318497655
1300000000.0	-0.148191729895
1302000000.0	0.0438731352178
1304000000.0	0.000224942412416
1306000000.0	0.0693407687116
1308000000.0	-0.0122091032317
1310000000.0	0.0809560729401
1312000000.0	-0.079914347201
1314000000.0	-0.0212301356616
1316000000.0	-0.046784531077
1318000000.0	-0.00934379640338
1320000000.0	0.0390862275641
1322000000.0	-0.0747276407031
1324000000.0	-0.0828538660529
1326000000.0	0.00734102342749
1328000000.0	-0.118061353942
1330000000.0	-0.0512346196834
1332000000.0	-0.104485613139
1334000000.0	-0.0882873251141
1336000000.0	0.0450861182637
1338000000.0	0.00773343922775
1340000000.0	0.0124226302935
1342000000.0	0.00702363801385
1344000000.0	-0.0523831758633
1346000000.0	-0.0353080396492
1348000000.0	0.0539180710046
1350000000.0	0.00143512804822
1352000000.0	-0.025780845827
1354000000.0	0.0167280928605
1356000000.0	-0.0878017369722
1358000000.0	-0.0956442815673
1360000000.0	-0.0341256785063
1362000000.0	0.00925455204124
1364000000.0	0.0446863254186
1366000000.0	0.0158550776754
1368000000.0	-0.0564545089937
1370000000.0	-0.0417038186026
1372000000.0	-0.240448354546
1374000000.0	-0.222252551322
1376000000.0	0.147714887498
1378000000.0	0.146117589927
1380000000.0	0.0246511132875
1382000000.0	0.162898115481
1384000000.0	0.155585851079
1386000000.0	-0.121067941985
1388000000.0	-0.0095911298414
1390000000.0	-0.0546192452091
1392000000.0	-0.102461302623
1394000000.0	0.00586377641723
1396000000.0	0.11034743868
1398000000.0	0.0266027197238
1400000000.0	0.0353883479454
1402000000.0	-0.000682633860848
1404000000.0	-0.0911856924904
1406000000.0	-0.0276040415569
1408000000.0	-0.040905438172
1410000000.0	0.0827801957547
1412000000.0	0.0770669158599
1414000000.0	-0.00148708654856
1416000000.0	0.0242398861451
1418000000.0	-0.0299790278841
1420000000.0	-0.039245301015
1422000000.0	-0.00359902327266
1424000000.0	0.0159987605789
1426000000.0	-0.0418300257163
1428000000.0	0.00579093187184
1430000000.0	0.0336257358477
1432000000.0	-0.105890624293
1434000000.0	-0.0178867789716
1436000000.0	-0.00837954965499
1438000000.0	0.150721470995
1440000000.0	0.0920794635005
1442000000.0	-6.35996559978e-05
1444000000.0	-0.0662563822238
1446000000.0	-0.147296131621
1448000000.0	-0.0835801333656
1450000000.0	-0.0283780158611
1452000000.0	-0.0279616744876
1454000000.0	0.176851683693
1456000000.0	0.158702233013
1458000000.0	0.117091241599
1460000000.0	-0.0720911485571
1462000000.0	-0.222963130772
1464000000.0	-0.26145418934
1466000000.0	-0.0930948123482
1468000000.0	0.0753822936288
1470000000.0	0.215111119898
1472000000.0	0.19750881167
1474000000.0	0.141136272512
1476000000.0	-0.00641022001435
1478000000.0	-0.292931819489
1480000000.0	-0.386302187166
1482000000.0	-0.237722207831
1484000000.0	0.10361596719
1486000000.0	0.313363002693
1488000000.0	0.408505667051
1490000000.0	0.127076845665
1492000000.0	-0.195539346086
1494000000.0	-0.478621831763
1496000000.0	-0.448797572995
1498000000.0	-0.669516875313
1500000000.0	1.56212609911
1502000000.0	-0.55217825092
1504000000.0	-0.253658294884
1506000000.0	0.0977674333843
1508000000.0	0.257474989341
1510000000.0	-0.0100652672768
1512000000.0	-0.0446532923676
1514000000.0	-0.168816110721
1516000000.0	-0.0853264820918
1518000000.0	0.121239883033
1520000000.0	0.194606427826
1522000000.0	0.174830946001
1524000000.0	-0.0556924599177
1526000000.0	0.0654545098436
1528000000.0	-0.219069476211
1530000000.0	-0.184467319225
1532000000.0	-0.145984312295
1534000000.0	-0.0166039560013
1536000000.0	0.252596170137
1538000000.0	0.107516405388
1540000000.0	0.103306554925
1542000000.0	-0.0280501836034
1544000000.0	-0.0538445039576
1546000000.0	-0.153149856752
1548000000.0	-0.115685654598
1550000000.0	0.00634526692174
1552000000.0	0.0995444505001
1554000000.0	0.0918675651839
1556000000.0	0.10482493931
1558000000.0	0.0181755003824
1560000000.0	-0.116104240409
1562000000.0	-0.0544551973691
1564000000.0	-0.0268805191027
1566000000.0	-0.0418404801036
1568000000.0	0.041684110415
1570000000.0	0.0807412182747
1572000000.0	0.0190179066823
1574000000.0	0.00794593602053
1576000000.0	-0.0633258799284
1578000000.0	0.00659729336408
1580000000.0	-0.031090420094
1582000000.0	0.0165647777353
1584000000.0	-0.00586139900098
1586000000.0	0.0327849084461
1588000000.0	0.0465319856032
1590000000.0	-0.00264829007149
1592000000.0	0.0346093383973
1594000000.0	0.0556490142727
1596000000.0	0.0284356200427
1598000000.0	0.0857446783735
1600000000.0	-0.152080006086
1602000000.0	0.0403410287994
1604000000.0	0.0074507231929
1606000000.0	0.0238293039909
1608000000.0	0.00235240115816
1610000000.0	0.0430251210332
1612000000.0	-0.0458413974002
1614000000.0	0.0548221545284
1616000000.0	0.058868617557
1618000000.0	-0.00504875297583
1620000000.0	-0.00266182052774
1622000000.0	0.000575936124874
1624000000.0	0.0842750816327
1626000000.0	-0.0751351441601
1628000000.0	-0.110615959228
1630000000.0	0.0252775819807
1632000000.0	0.0127204580011
1634000000.0	-0.057813371317
1636000000.0	-0.0418784522384
1638000000.0	-0.0331370465855
1640000000.0	-0.0788794916199
1642000000.0	0.0057247876983
1644000000.0	-0.0243441751431
1646000000.0	-0.00111174299273
1648000000.0	-0.0131840695925
1650000000.0	-0.0324502319519
1652000000.0	0.0435344875344
1654000000.0	-0.0422109081727
1656000000.0	-0.0475064358878
1658000000.0	-0.073356762906
1660000000.0	-0.012723154316
1662000000.0	-0.0216927167125
1664000000.0	0.00135862234075
1666000000.0	-0.0337065093372
1668000000.0	0.017730470006
1670000000.0	-0.0173116794647
1672000000.0	0.0374919798876
1674000000.0	-0.0757522104856
1676000000.0	-0.00675255685726
1678000000.0	-0.0776940857244
1680000000.0	-0.0470112325868
1682000000.0	0.0172754343671
1684000000.0	-0.000151063182463
1686000000.0	-0.00815694322565
1688000000.0	-0.0277260998068
1690000000.0	0.0438223848005
1692000000.0	-0.0503898775669
1694000000.0	-0.030732857842
1696000000.0	0.00261863243838
1698000000.0	0.104495210883
1700000000.0	-0.169473115283
1702000000.0	0.0756300919561
1704000000.0	0.105382143192
1706000000.0	0.0186530666614
1708000000.0	0.0132460076477
1710000000.0	0.0463700040934
1712000000.0	0.00375848627541
1714000000.0	-0.00230933949593
1716000000.0	0.048037276413
1718000000.0	0.0351752813446
1720000000.0	-0.00113055667689
1722000000.0	0.00753189356511
1724000000.0	0.0103357322924
1726000000.0	-0.00852941047145
1728000000.0	0.00399787706959
1730000000.0	-0.0382194692682
1732000000.0	0.0501980221559
1734000000.0	0.0198361224773
1736000000.0	0.0234342581382
1738000000.0	0.0526081137468
1740000000.0	-0.00541779520355
1742000000.0	0.0013912896525
1744000000.0	-0.0200190903486
1746000000.0	-0.00345904840701
1748000000.0	-0.0307453279862
1750000000.0	0.203583287764
1752000000.0	0.084358075971
1754000000.0	0.0162138607905
1756000000.0	0.0470994364403
1758000000.0	0.00921261441137
1760000000.0	0.0110481223304
1762000000.0	-0.0334697629508
1764000000.0	-0.0177344769688
1766000000.0	0.00501930739425
1768000000.0	-0.0567496353527
1770000000.0	0.00791608604444
1772000000.0	-0.0136152352012
1774000000.0	-0.0639713825252
1776000000.0	-0.0232786194354
1778000000.0	-0.0222115965256
1780000000.0	0.00899438835462
1782000000.0	0.0638144783548
1784000000.0	0.00335690092611
1786000000.0	-0.0304789632588
1788000000.0	-0.0372696158328
1790000000.0	0.00776263579199
1792000000.0	0.0826884944452
1794000000.0	-0.0330252596382
1796000000.0	0.0547518689396
1798000000.0	0.0454302793411
1800000000.0	-0.402070616848
1802000000.0	0.0943975868801
1804000000.0	0.0683107897852
1806000000.0	0.0337242878512
1808000000.0	-0.0195793883111
1810000000.0	0.00395151418665
1812000000.0	0.00959345260465
1814000000.0	-0.0037343801197
1816000000.0	-0.00428349698538
1818000000.0	-0.0246762700899
1820000000.0	0.0569093625829
1822000000.0	-0.00225499863357
1824000000.0	-0.00874693470148
1826000000.0	-0.122656098269
1828000000.0	-0.0539157056667
1830000000.0	-0.00772075191469
1832000000.0	-0.0212464827047
1834000000.0	-0.00113218185448
1836000000.0	-0.0446828577563
1838000000.0	0.0237184397963
1840000000.0	-0.0037319610374
1842000000.0	0.0114699423938
1844000000.0	0.0263373198725
1846000000.0	-0.0268782627903
1848000000.0	0.00260250920869
1850000000.0	-0.0112597991145
1852000000.0	0.0111376264959
1854000000.0	-0.0258640762471
1856000000.0	-0.000815179979751
1858000000.0	-0.0312306392643
1860000000.0	0.0452426828187
1862000000.0	0.0682036009453
1864000000.0	0.075266249225
1866000000.0	0.0167889362277
1868000000.0	-0.00120812527951
1870000000.0	-0.0132297629346
1872000000.0	-0.0693677127361
1874000000.0	0.145868762873
1876000000.0	-0.0618199178901
1878000000.0	0.014611685546
1880000000.0	0.0173647192984
1882000000.0	0.028423449792
1884000000.0	-0.0580300964516
1886000000.0	-0.130491246063
1888000000.0	-0.0182694642896
1890000000.0	-0.0270895152914
1892000000.0	0.0375280807206
1894000000.0	0.073533699995
1896000000.0	-0.0985820543816
1898000000.0	-0.199131184942
1900000000.0	0.624815060046
1902000000.0	-0.20031764772
1904000000.0	-0.150600914432
1906000000.0	-0.0768303250359
1908000000.0	-0.0296393646424
1910000000.0	0.0485335298912
1912000000.0	0.0450367076855
1914000000.0	0.0702240210125
1916000000.0	-0.00115317863644
1918000000.0	-0.0688853159878
1920000000.0	-0.169784730384
1922000000.0	-0.0482071022117
1924000000.0	0.0430672938518
1926000000.0	0.0355897916696
1928000000.0	0.00198592806886
1930000000.0	0.0342812778372
1932000000.0	-0.0621383326263
1934000000.0	-0.00835296940636
1936000000.0	-0.0819983668646
1938000000.0	-0.0895584806371
1940000000.0	-0.0246167334643
1942000000.0	0.0613025305723
1944000000.0	-0.0106848494607
1946000000.0	-0.0616786926737
1948000000.0	0.036159754984
1950000000.0	0.0506426807926
1952000000.0	-0.0335492499756
1954000000.0	-0.0220932307794
1956000000.0	-0.0448679186524
1958000000.0	-0.0769825990686
1960000000.0	0.00871725273735
1962000000.0	-0.0247790433132
1964000000.0	0.0868571742104
1966000000.0	0.0242256499535
1968000000.0	-0.000540793282354
1970000000.0	-0.0275670944075
1972000000.0	-0.0112656716289
1974000000.0	-0.0283379959324
1976000000.0	0.0339802495996
1978000000.0	-0.00423864308732
1980000000.0	0.0256617702613
1982000000.0	-0.0311179288673
1984000000.0	-0.00230694081111
1986000000.0	0.0564990670309
1988000000.0	0.00471387559465
1990000000.0	-0.0256749006898
1992000000.0	-0.069965147802
1994000000.0	-0.036521058435
1996000000.0	-0.0270963695449
1998000000.0	-0.029557114322
2000000000.0	0.262536
