0.0	-50.796935
2000000.0	5.26476660413
4000000.0	8.05494844228
6000000.0	3.20907003306
8000000.0	-3.36274021951
10000000.0	-11.6362392555
12000000.0	-10.8692074272
14000000.0	-6.52791814254
16000000.0	3.79290965475
18000000.0	17.6117079394
20000000.0	19.4388480005
22000000.0	9.20161454641
24000000.0	-10.7963932501
26000000.0	-23.8985076359
28000000.0	-19.7930646882
30000000.0	-3.05900778734
32000000.0	15.6480633877
34000000.0	19.6363353889
36000000.0	9.53234461516
38000000.0	-0.185916711814
40000000.0	-13.1526361449
42000000.0	-14.3260052191
44000000.0	-5.63234949835
46000000.0	3.93419285662
48000000.0	9.06931287507
50000000.0	5.22949849867
52000000.0	-0.782366842112
54000000.0	-6.32344281132
56000000.0	-4.43193778938
58000000.0	0.676161567431
60000000.0	6.04874282544
62000000.0	5.47611621268
64000000.0	0.28575138308
66000000.0	-4.64345476726
68000000.0	-6.74528372237
70000000.0	-2.02369429112
72000000.0	4.22984801908
74000000.0	7.9025069195
76000000.0	4.62534068375
78000000.0	-3.11892267964
80000000.0	-8.260544571
82000000.0	-7.4136156838
84000000.0	0.937601779532
86000000.0	7.73458556551
88000000.0	8.60317368083
90000000.0	2.39954682957
92000000.0	-5.70241863201
94000000.0	-9.20532712785
96000000.0	-5.69247438972
98000000.0	2.79508509312
100000000.0	7.03235158271
102000000.0	6.77205713039
104000000.0	0.215327550691
106000000.0	-6.22696257776
108000000.0	-7.42450812119
110000000.0	-3.12441389092
112000000.0	3.58750048147
114000000.0	6.73883330155
116000000.0	4.14528044349
118000000.0	-0.974464734694
120000000.0	-6.17040472448
122000000.0	-5.41554994729
124000000.0	-2.88331088618
126000000.0	5.22085024712
128000000.0	5.78066466118
130000000.0	2.19018489162
132000000.0	-1.86489338975
134000000.0	-5.25707221555
136000000.0	-1.95159657559
138000000.0	2.95227486847
140000000.0	5.36426379356
142000000.0	3.1172071191
144000000.0	-2.12483850896
146000000.0	-6.44170479392
148000000.0	-5.2218612281
150000000.0	0.403589560902
152000000.0	5.28800576595
154000000.0	7.60824894485
156000000.0	3.36618322918
158000000.0	-4.02231650447
160000000.0	-6.90654011203
162000000.0	-4.65183326133
164000000.0	0.107870835976
166000000.0	6.08138834575
168000000.0	5.9727661712
170000000.0	2.01470526159
172000000.0	-3.99630334511
174000000.0	-5.63140143411
176000000.0	-2.50176154828
178000000.0	2.65405844637
180000000.0	4.96873764745
182000000.0	2.67370730872
184000000.0	-1.00961263245
186000000.0	-5.34538931933
188000000.0	-4.39469533611
190000000.0	1.08128628392
192000000.0	5.06928693843
194000000.0	5.27792341921
196000000.0	0.906659295447
198000000.0	-6.49710650758
200000000.0	-7.60989793533
202000000.0	-2.64885936645
204000000.0	4.75531859363
206000000.0	8.11053661828
208000000.0	5.69110507686
210000000.0	-1.56001558182
212000000.0	-8.00073054346
214000000.0	-8.7180595645
216000000.0	-1.15372624175
218000000.0	5.72361089512
220000000.0	8.8758442495
222000000.0	5.34161583395
224000000.0	-2.11491472201
226000000.0	-7.26099576208
228000000.0	-4.15276996387
230000000.0	1.15748829138
232000000.0	6.75616852847
234000000.0	4.95197429614
236000000.0	0.0103063985062
238000000.0	-4.82145688277
240000000.0	-5.23697160485
242000000.0	-0.149775817083
244000000.0	6.26188107077
246000000.0	7.32321074265
248000000.0	2.35700980371
250000000.0	-4.58127385065
252000000.0	-10.008671285
254000000.0	-6.52140243272
256000000.0	2.59151983118
258000000.0	10.9616227496
260000000.0	13.456686543
262000000.0	5.46679403315
264000000.0	-10.3331100461
266000000.0	-19.6142857509
268000000.0	-14.1704229956
270000000.0	5.62831896217
272000000.0	22.7964159803
274000000.0	23.8403067655
276000000.0	4.00463373391
278000000.0	-22.511232919
280000000.0	-30.3488306468
282000000.0	-12.2255233868
284000000.0	21.0489911566
286000000.0	35.5952844665
288000000.0	12.8112462717
290000000.0	-33.1006703796
292000000.0	-53.6660408302
294000000.0	-5.31363740523
296000000.0	112.687975419
298000000.0	239.469798545
300000000.0	-585.964764015
302000000.0	206.19598225
304000000.0	116.038723373
306000000.0	37.260282318
308000000.0	-15.903911968
310000000.0	-35.720036412
312000000.0	-33.2775960487
314000000.0	-16.3706253478
316000000.0	5.7298619055
318000000.0	19.9187424362
320000000.0	21.2534707154
322000000.0	8.52356862497
324000000.0	-8.84152012667
326000000.0	-16.9440641644
328000000.0	-10.0652008934
330000000.0	2.99834136801
332000000.0	11.7077674562
334000000.0	9.24023379927
336000000.0	-1.39958659514
338000000.0	-9.40938946022
340000000.0	-8.53081975602
342000000.0	3.27750016175
344000000.0	8.74152708756
346000000.0	7.64372802323
348000000.0	-0.988390240321
350000000.0	-8.51135364208
352000000.0	-7.82514056403
354000000.0	0.667208772229
356000000.0	7.8547715945
358000000.0	7.87987170138
360000000.0	1.55493027341
362000000.0	-4.72162981211
364000000.0	-8.58359459006
366000000.0	-4.66883810075
368000000.0	2.21799227414
370000000.0	5.71728769657
372000000.0	6.35051159477
374000000.0	0.963281351681
376000000.0	-2.43868588315
378000000.0	-4.42087917604
380000000.0	-3.11395156899
382000000.0	-0.140301511721
384000000.0	3.6537372411
386000000.0	2.54007829159
388000000.0	0.909136852701
390000000.0	-1.90445304842
392000000.0	-1.8783762872
394000000.0	-1.07625287219
396000000.0	2.66397446832
398000000.0	1.61431160691
400000000.0	-0.472608232679
402000000.0	-2.71668916666
404000000.0	-3.45216721625
406000000.0	-1.53168817395
408000000.0	1.8270336097
410000000.0	3.84015673501
412000000.0	4.05424421469
414000000.0	-0.0136639736459
416000000.0	-2.96541407676
418000000.0	-3.93501390263
420000000.0	-1.70613998481
422000000.0	1.98261202618
424000000.0	3.07815110364
426000000.0	1.84195194161
428000000.0	-0.255372697042
430000000.0	-2.49864039402
432000000.0	-2.32224011928
434000000.0	0.407840445338
436000000.0	2.16521808819
438000000.0	1.3167912196
440000000.0	0.221475611198
442000000.0	-1.40471592702
444000000.0	-1.91133327051
446000000.0	-0.504209852522
448000000.0	1.30113247401
450000000.0	1.88194363871
452000000.0	0.484180159135
454000000.0	-1.88789438525
456000000.0	-1.98456312935
458000000.0	-1.28529110287
460000000.0	0.593693149771
462000000.0	1.61887924446
464000000.0	1.88385773658
466000000.0	-0.126141892883
468000000.0	-1.59103507376
470000000.0	-2.37279719624
472000000.0	-0.95415394504
474000000.0	0.817947635906
476000000.0	1.65865757451
478000000.0	1.32406110916
480000000.0	1.05778581625
482000000.0	-1.07706112559
484000000.0	-1.84724029625
486000000.0	-0.378207388423
488000000.0	0.483402627508
490000000.0	0.667346516535
492000000.0	0.113536587316
494000000.0	0.0467503065956
496000000.0	-1.4675037099
498000000.0	-0.0659999676522
500000000.0	0.613872398931
502000000.0	2.45236983251
504000000.0	1.09709698781
506000000.0	-0.527543095304
508000000.0	-1.22963775144
510000000.0	-1.87713084993
512000000.0	-0.301089456559
514000000.0	1.36996432312
516000000.0	1.80747453148
518000000.0	0.829125020763
520000000.0	-0.533165166596
522000000.0	-1.40417945434
524000000.0	-0.765569183619
526000000.0	-0.47243098037
528000000.0	0.842905665129
530000000.0	1.26331707176
532000000.0	0.142039846186
534000000.0	-1.27944044907
536000000.0	-1.8167596357
538000000.0	-0.0160342611431
540000000.0	0.597452710303
542000000.0	1.22127954299
544000000.0	0.385118696824
546000000.0	-0.044677993183
548000000.0	-0.637519881046
550000000.0	-2.12151545402
552000000.0	0.200376192573
554000000.0	1.34765210985
556000000.0	1.23567382106
558000000.0	0.544826134864
560000000.0	-0.551247303486
562000000.0	-1.58769873602
564000000.0	-0.821680803346
566000000.0	0.767430726585
568000000.0	0.766172912069
570000000.0	0.951135629237
572000000.0	0.805086763342
574000000.0	-1.07349881747
576000000.0	-1.58349188331
578000000.0	-0.515954968098
580000000.0	1.05869867903
582000000.0	1.59960740931
584000000.0	0.56686947653
586000000.0	-0.823039917405
588000000.0	0.0118608201989
590000000.0	0.294684903279
592000000.0	1.03726590012
594000000.0	1.3786449689
596000000.0	0.431835326775
598000000.0	-1.58815917987
600000000.0	2.76081001142
602000000.0	-1.01445735345
604000000.0	-1.71121479342
606000000.0	-0.197447708039
608000000.0	0.952330288356
610000000.0	0.237689488562
612000000.0	-0.00878935016876
614000000.0	-2.25230285471
616000000.0	-0.324980686854
618000000.0	-0.0484090182949
620000000.0	1.68369318186
622000000.0	0.359448759491
624000000.0	-1.0014738697
626000000.0	0.629840823477
628000000.0	-0.70868463865
630000000.0	0.301887670037
632000000.0	-0.246096321203
634000000.0	1.81355972011
636000000.0	0.560542663637
638000000.0	0.905006405271
640000000.0	-1.54037183896
642000000.0	-0.622337949016
644000000.0	0.190469672411
646000000.0	1.29047155399
648000000.0	1.07116395445
650000000.0	-0.231530306839
652000000.0	-0.457119932946
654000000.0	-1.41831598859
656000000.0	-0.284123477563
658000000.0	0.26084397497
660000000.0	1.58222813996
662000000.0	0.355195447038
664000000.0	0.146383083295
666000000.0	-0.488091570388
668000000.0	-0.692367003895
670000000.0	0.185241143844
672000000.0	0.446847407144
674000000.0	1.82430641802
676000000.0	0.630280952044
678000000.0	-0.616766474665
680000000.0	-1.59078905557
682000000.0	-0.0661541988934
684000000.0	0.694143136872
686000000.0	0.402819522754
688000000.0	0.141947243351
690000000.0	0.522117442849
692000000.0	-1.24088657487
694000000.0	-0.554863458742
696000000.0	-0.607002865966
698000000.0	0.357049075308
700000000.0	2.1896499014
702000000.0	-0.136181670219
704000000.0	-0.145098277459
706000000.0	-0.658781477326
708000000.0	-0.370892805521
710000000.0	-0.380369038679
712000000.0	0.594597251777
714000000.0	0.685287872705
716000000.0	0.52491091797
718000000.0	-0.439456195809
720000000.0	0.00115214482653
722000000.0	-0.166877797214
724000000.0	0.350761496564
726000000.0	0.744649467118
728000000.0	0.755153074117
730000000.0	-0.493228175182
732000000.0	-0.861898465146
734000000.0	-1.19617271837
736000000.0	0.188472365674
738000000.0	0.963437978006
740000000.0	0.720303869114
742000000.0	0.771810055833
744000000.0	0.0865336734127
746000000.0	-0.914832495072
748000000.0	-0.916091404377
750000000.0	1.43299948971
752000000.0	0.993682095603
754000000.0	0.739316937973
756000000.0	0.370496548061
758000000.0	-1.6558010137
760000000.0	-1.42006640627
762000000.0	0.228927035352
764000000.0	1.05212930499
766000000.0	1.25691850909
768000000.0	1.01384626478
770000000.0	0.0112520438079
772000000.0	-0.750209096627
774000000.0	-1.18749831806
776000000.0	-0.221187163283
778000000.0	0.148579421469
780000000.0	1.15795160009
782000000.0	-0.0897455222751
784000000.0	-0.986384402283
786000000.0	-1.12342771719
788000000.0	-0.547967354033
790000000.0	1.29145649462
792000000.0	1.24986704852
794000000.0	0.229658738471
796000000.0	-0.160501484669
798000000.0	-0.850130689315
800000000.0	-3.21591012293
802000000.0	0.107226623051
804000000.0	2.06880832062
806000000.0	1.59671077843
808000000.0	0.97856102723
810000000.0	-0.35007974659
812000000.0	-2.2182895604
814000000.0	-1.91706107675
816000000.0	1.01016917053
818000000.0	1.48234317828
820000000.0	1.58027007546
822000000.0	0.261948622665
824000000.0	-1.7292048317
826000000.0	-1.95068904259
828000000.0	-0.198875266184
830000000.0	1.53140539864
832000000.0	1.58523422657
834000000.0	0.355295336122
836000000.0	-1.87814268691
838000000.0	-2.31480223643
840000000.0	-0.0999277662398
842000000.0	1.14544686681
844000000.0	3.08509167308
846000000.0	1.27630163134
848000000.0	-1.23673988236
850000000.0	-3.08931732479
852000000.0	-2.77277581664
854000000.0	-0.177748009829
856000000.0	3.04681146021
858000000.0	3.35661544332
860000000.0	0.953517497405
862000000.0	-1.07887788888
864000000.0	-3.88507579967
866000000.0	-2.73989030269
868000000.0	-0.982219837005
870000000.0	1.22137729247
872000000.0	3.76780536648
874000000.0	2.85584416402
876000000.0	-0.63490797751
878000000.0	-3.46469655908
880000000.0	-3.71884671053
882000000.0	0.31302598432
884000000.0	5.76512142624
886000000.0	5.5237331734
888000000.0	-3.03706723942
890000000.0	-14.9387149253
892000000.0	-15.9575015563
894000000.0	5.25368346296
896000000.0	48.8444389184
898000000.0	100.975609194
900000000.0	-256.312744114
902000000.0	93.4208992659
904000000.0	49.8055212167
906000000.0	9.31571309527
908000000.0	-13.4379640143
910000000.0	-16.1440513775
912000000.0	-5.16149772527
914000000.0	2.72274409615
916000000.0	4.89296563157
918000000.0	2.84835431421
920000000.0	-0.45469062804
922000000.0	-1.82699963025
924000000.0	-1.13810859204
926000000.0	-0.572570406388
928000000.0	0.985323048387
930000000.0	1.97793257238
932000000.0	0.429486096338
934000000.0	-0.0707363468029
936000000.0	-1.94900140513
938000000.0	-1.31361318931
940000000.0	-0.249016106345
942000000.0	1.7891907797
944000000.0	2.65470495254
946000000.0	0.919564032961
948000000.0	-2.69324639968
950000000.0	-2.92337341293
952000000.0	-1.82099097578
954000000.0	1.18677024276
956000000.0	2.33711991229
958000000.0	2.39816099953
960000000.0	0.164078863585
962000000.0	-1.81555607533
964000000.0	-2.30932665104
966000000.0	-0.537005835395
968000000.0	1.11241592822
970000000.0	1.54199490186
972000000.0	0.12684858012
974000000.0	0.0994814338125
976000000.0	-0.929289649195
978000000.0	-0.933618256294
980000000.0	-0.0994066566293
982000000.0	0.727366513459
984000000.0	1.15660288661
986000000.0	-0.33383062566
988000000.0	-0.493971936084
990000000.0	-0.918010004081
992000000.0	0.0369801950325
994000000.0	1.53816000822
996000000.0	1.61838648326
998000000.0	0.218951220869
1000000000.0	3.265745
1002000000.0	-1.64164528568
1004000000.0	-0.718982150507
1006000000.0	0.33870584919
1008000000.0	1.12655936548
1010000000.0	1.31270032822
1012000000.0	0.274433285373
1014000000.0	-0.473927657018
1016000000.0	-0.878076831114
1018000000.0	-0.443125010122
1020000000.0	0.537919564018
1022000000.0	0.822588515584
1024000000.0	0.316075570582
1026000000.0	0.44825035285
1028000000.0	-0.574074037273
1030000000.0	-0.389798223526
1032000000.0	-0.394320360221
1034000000.0	1.15556408179
1036000000.0	0.37620027623
1038000000.0	0.0554033457623
1040000000.0	-1.0665192582
1042000000.0	-0.291188504021
1044000000.0	-0.0590318367104
1046000000.0	0.26575363391
1048000000.0	0.627255257312
1050000000.0	0.882406229698
1052000000.0	0.078468026295
1054000000.0	-0.0852131657102
1056000000.0	-1.15156105138
1058000000.0	0.277785544077
1060000000.0	0.574776044238
1062000000.0	1.43383986975
1064000000.0	0.672555848007
1066000000.0	-0.661044179793
1068000000.0	0.0329319922087
1070000000.0	-0.588448862035
1072000000.0	-0.0827406367205
1074000000.0	0.877571709608
1076000000.0	0.635841177555
1078000000.0	0.587660926628
1080000000.0	-0.417363394068
1082000000.0	-0.9640890374
1084000000.0	0.133541982087
1086000000.0	0.377692901403
1088000000.0	0.448405840551
1090000000.0	0.4050747542
1092000000.0	-0.214599998154
1094000000.0	0.166016460898
1096000000.0	-0.487940854381
1098000000.0	0.591051238556
1100000000.0	0.0833952623328
1102000000.0	0.265731365112
1104000000.0	0.599513597081
1106000000.0	-0.191452501573
1108000000.0	-1.11792017884
1110000000.0	-0.351167514817
1112000000.0	-0.204294282338
1114000000.0	0.526888035472
1116000000.0	0.562634793238
1118000000.0	0.0233742184895
1120000000.0	0.215779958937
1122000000.0	0.384508161179
1124000000.0	0.0689815882502
1126000000.0	1.26703957911
1128000000.0	0.896335759907
1130000000.0	0.0469445593727
1132000000.0	-0.157290523762
1134000000.0	-0.926908516957
1136000000.0	-0.381529269491
1138000000.0	0.363813941699
1140000000.0	0.371400658889
1142000000.0	0.311325711727
1144000000.0	-0.24806756851
1146000000.0	-0.122898363589
1148000000.0	0.0660312332789
1150000000.0	0.158220133554
1152000000.0	0.389477730149
1154000000.0	0.889782637531
1156000000.0	-1.12395086046
1158000000.0	-0.472771746949
1160000000.0	-1.21024412226
1162000000.0	0.191302244028
1164000000.0	0.373359957437
1166000000.0	-0.112287642936
1168000000.0	-0.147561141827
1170000000.0	0.259675373419
1172000000.0	-0.401382869977
1174000000.0	-0.431640164427
1176000000.0	-0.203128098082
1178000000.0	0.581525415165
1180000000.0	0.860881767686
1182000000.0	0.848005844072
1184000000.0	-0.0664243352154
1186000000.0	-1.2715214488
1188000000.0	-0.00182228549802
1190000000.0	0.150258315464
1192000000.0	1.37699548371
1194000000.0	0.791364695645
1196000000.0	-1.6712083253
1198000000.0	-3.04328925792
1200000000.0	5.81628823268
1202000000.0	-3.34823575723
1204000000.0	-1.45890429998
1206000000.0	0.133700315575
1208000000.0	0.711524944413
1210000000.0	0.79651140286
1212000000.0	-0.528921633398
1214000000.0	-0.363569664882
1216000000.0	0.398505107472
1218000000.0	0.626734391951
1220000000.0	-0.823479022328
1222000000.0	0.000566874078878
1224000000.0	0.281370520413
1226000000.0	0.235491596714
1228000000.0	-0.102509123325
1230000000.0	0.0875860279378
1232000000.0	-0.0412221608659
1234000000.0	0.755035419443
1236000000.0	-0.053521325668
1238000000.0	0.498681348922
1240000000.0	0.0041748837109
1242000000.0	-0.172123595185
1244000000.0	-0.116434647389
1246000000.0	0.175099554191
1248000000.0	0.452375156886
1250000000.0	-1.76364078266
1252000000.0	0.157488370424
1254000000.0	-0.243255715807
1256000000.0	-0.533376941671
1258000000.0	-0.39454634048
1260000000.0	-0.267938556662
1262000000.0	0.290530354738
1264000000.0	0.440647155596
1266000000.0	-0.500140958306
1268000000.0	-0.231673751459
1270000000.0	-0.363160750993
1272000000.0	-0.091704195912
1274000000.0	0.506640137958
1276000000.0	0.185312554851
1278000000.0	-1.00065406566
1280000000.0	0.206757315833
1282000000.0	0.700557415569
1284000000.0	-0.135270995461
1286000000.0	-0.383795845408
1288000000.0	0.384410305118
1290000000.0	0.329157359283
1292000000.0	0.0836152821348
1294000000.0	-0.911691821467
1296000000.0	-0.0596204866665
1298000000.0	-1.52775957574
1300000000.0	5.64107425306
1302000000.0	-2.8920412287
1304000000.0	-1.16216860583
1306000000.0	-0.408649932285
1308000000.0	0.434247968057
1310000000.0	1.0890074004
1312000000.0	-0.47935907731
1314000000.0	-0.300887822614
1316000000.0	-0.790854419699
1318000000.0	0.636291435315
1320000000.0	-0.313439611825
1322000000.0	-0.208033657178
1324000000.0	0.114177716549
1326000000.0	-0.316212064506
1328000000.0	0.393989308506
1330000000.0	-0.466492629516
1332000000.0	0.277369947735
1334000000.0	0.668598586081
1336000000.0	-0.206178436778
1338000000.0	0.455689017223
1340000000.0	-0.244844799614
1342000000.0	-0.482785547433
1344000000.0	-0.0260431140857
1346000000.0	0.130199629281
1348000000.0	0.0480326282385
1350000000.0	0.262219656695
1352000000.0	-0.13534556448
1354000000.0	0.588461951754
1356000000.0	-0.17587182885
1358000000.0	-0.406238023538
1360000000.0	-0.0424171391139
1362000000.0	0.887373469066
1364000000.0	0.938388039706
1366000000.0	0.264780927502
1368000000.0	-0.185044363368
1370000000.0	-0.496683248587
1372000000.0	0.260201179866
1374000000.0	-0.438663421795
1376000000.0	1.22546821049
1378000000.0	-0.142981177082
1380000000.0	0.0144414728767
1382000000.0	-0.477028543289
1384000000.0	-0.282412043
1386000000.0	0.424471509241
1388000000.0	0.0631054141682
1390000000.0	0.277787385106
1392000000.0	-0.114808975701
1394000000.0	-0.00484711576106
1396000000.0	-0.243154156025
1398000000.0	-0.0647188961843
1400000000.0	-1.46268104847
1402000000.0	1.13119449852
1404000000.0	0.673326160927
1406000000.0	0.424750712428
1408000000.0	-0.727936511946
1410000000.0	0.414650343124
1412000000.0	-0.0858884311729
1414000000.0	0.715983359737
1416000000.0	1.39140878626
1418000000.0	0.0453359770379
1420000000.0	-0.88497507561
1422000000.0	0.362334966928
1424000000.0	-0.722433325385
1426000000.0	0.294931705933
1428000000.0	0.305751301258
1430000000.0	1.57517798229
1432000000.0	0.291939614988
1434000000.0	-0.101624098513
1436000000.0	-0.424233400839
1438000000.0	-0.710837158516
1440000000.0	0.260291915735
1442000000.0	1.65617781071
1444000000.0	0.647156905799
1446000000.0	0.535997339021
1448000000.0	-0.732262237207
1450000000.0	-1.72743888596
1452000000.0	-0.189606607566
1454000000.0	0.913919965884
1456000000.0	1.23132561458
1458000000.0	1.22620724509
1460000000.0	-0.437834481666
1462000000.0	-0.488305552552
1464000000.0	-0.522628883175
1466000000.0	-0.448541174621
1468000000.0	0.685895039127
1470000000.0	0.201428909138
1472000000.0	-0.537101645838
1474000000.0	-1.18616925529
1476000000.0	-1.39498627234
1478000000.0	0.0612386705235
1480000000.0	1.74127656384
1482000000.0	1.38554853892
1484000000.0	1.49582233265
1486000000.0	0.272501005915
1488000000.0	-3.33005089119
1490000000.0	-4.22913456704
1492000000.0	-3.78508033451
1494000000.0	2.43434122919
1496000000.0	15.7587141758
1498000000.0	31.2376863205
1500000000.0	-79.8641423989
1502000000.0	30.5268698925
1504000000.0	15.8497906381
1506000000.0	0.967063607736
1508000000.0	-5.26950289606
1510000000.0	-5.09123817896
1512000000.0	-0.577167250559
1514000000.0	2.69722125394
1516000000.0	2.85136029033
1518000000.0	-0.255024599309
1520000000.0	-2.86395743181
1522000000.0	-2.41923954106
1524000000.0	-0.491358593942
1526000000.0	-0.0766041722066
1528000000.0	1.94135242308
1530000000.0	0.355989131299
1532000000.0	-1.11426100457
1534000000.0	-1.53878583971
1536000000.0	-1.26825444369
1538000000.0	0.600720484653
1540000000.0	0.592495021536
1542000000.0	0.139106991945
1544000000.0	0.374350752046
1546000000.0	0.292937044312
1548000000.0	-0.783919836589
1550000000.0	-0.780894076614
1552000000.0	-0.489753352684
1554000000.0	0.935085729436
1556000000.0	0.620244440718
1558000000.0	-0.162227206367
1560000000.0	-0.0788164125082
1562000000.0	-0.97898590499
1564000000.0	0.307898610471
1566000000.0	-0.701279990319
1568000000.0	0.598417663057
1570000000.0	-0.0575354940826
1572000000.0	0.122447109604
1574000000.0	-0.0393314009402
1576000000.0	-0.22526245324
1578000000.0	-0.0285258424609
1580000000.0	0.97782534138
1582000000.0	0.619009132219
1584000000.0	0.166231765823
1586000000.0	-0.336592041816
1588000000.0	0.00615091131292
1590000000.0	-0.128259069606
1592000000.0	0.000148520964563
1594000000.0	0.506444371775
1596000000.0	0.8015667098
1598000000.0	-0.850415080008
1600000000.0	1.46579012293
1602000000.0	-1.1748871707
1604000000.0	-0.675301843881
1606000000.0	0.358938193891
1608000000.0	-0.236114776311
1610000000.0	0.423089011261
1612000000.0	-0.107566436729
1614000000.0	0.322502948875
1616000000.0	-0.499826001512
1618000000.0	0.360373795941
1620000000.0	-0.459214129256
1622000000.0	-0.0324791480596
1624000000.0	-0.601215095727
1626000000.0	-0.48234804196
1628000000.0	-0.576588040421
1630000000.0	0.498743864664
1632000000.0	0.439696687989
1634000000.0	0.74629535013
1636000000.0	-0.554440800117
1638000000.0	-1.00892780309
1640000000.0	-0.169633669668
1642000000.0	0.329469834924
1644000000.0	0.38507141379
1646000000.0	0.826585034416
1648000000.0	0.629152265588
1650000000.0	0.109189975762
1652000000.0	-0.322728875678
1654000000.0	0.0163035483136
1656000000.0	-0.596939937634
1658000000.0	0.122082473781
1660000000.0	-0.157644524611
1662000000.0	0.266554502974
1664000000.0	-0.0201788401452
1666000000.0	-0.359203032856
1668000000.0	-0.332740083664
1670000000.0	0.45194786362
1672000000.0	-0.129556603638
1674000000.0	-0.816906844644
1676000000.0	-0.0552395799485
1678000000.0	-0.537361059896
1680000000.0	-0.362351597048
1682000000.0	-0.197534959472
1684000000.0	-0.655650801584
1686000000.0	0.331446300133
1688000000.0	0.474069389023
1690000000.0	0.177974998847
1692000000.0	0.396543617688
1694000000.0	-0.357360210666
1696000000.0	-0.497342379272
1698000000.0	-0.254297953687
1700000000.0	1.01731719726
1702000000.0	-0.19978954615
1704000000.0	-0.932444335466
1706000000.0	-0.39240813861
1708000000.0	0.333059232318
1710000000.0	0.0366223836794
1712000000.0	-0.0836099959465
1714000000.0	0.181945376125
1716000000.0	-0.286102732544
1718000000.0	0.242002389146
1720000000.0	0.72232726548
1722000000.0	0.139128538194
1724000000.0	0.571780790905
1726000000.0	0.288872295225
1728000000.0	0.285503771276
1730000000.0	-0.196753108556
1732000000.0	-0.0978418229221
1734000000.0	0.326084726988
1736000000.0	-0.0306643112591
1738000000.0	0.693661693373
1740000000.0	0.820982828543
1742000000.0	-0.114502833789
1744000000.0	0.267313783188
1746000000.0	0.480516006819
1748000000.0	-0.394137443548
1750000000.0	-0.212964856403
1752000000.0	0.0555429330183
1754000000.0	-0.40383266583
1756000000.0	0.0781818586016
1758000000.0	0.23494378694
1760000000.0	0.0174889553121
1762000000.0	0.19588084599
1764000000.0	0.29483631747
1766000000.0	0.54401570367
1768000000.0	0.116930702118
1770000000.0	0.478859537388
1772000000.0	-0.582624771121
1774000000.0	-0.532922542924
1776000000.0	-0.408103171453
1778000000.0	-0.250085658172
1780000000.0	0.530670219307
1782000000.0	-0.261040005734
1784000000.0	-0.341960305766
1786000000.0	0.439998934852
1788000000.0	-0.0782332283212
1790000000.0	0.254194990514
1792000000.0	-0.102214490782
1794000000.0	0.397204398037
1796000000.0	-0.859428915378
1798000000.0	-0.845110596448
1800000000.0	2.96844897237
1802000000.0	-1.29962759242
1804000000.0	-0.233362177993
1806000000.0	0.245807360735
1808000000.0	0.424371848368
1810000000.0	0.300911749399
1812000000.0	-0.296672961332
1814000000.0	-0.233419638199
1816000000.0	0.117976920463
1818000000.0	-0.135843690624
1820000000.0	0.831781303202
1822000000.0	0.0187577521183
1824000000.0	0.0072320455557
1826000000.0	-0.263474927333
1828000000.0	0.387728196156
1830000000.0	0.154304954477
1832000000.0	0.0416309092007
1834000000.0	0.00897445305195
1836000000.0	0.00185105768814
1838000000.0	-0.538539389615
1840000000.0	-0.359121528797
1842000000.0	-0.366410573954
1844000000.0	-0.139320957565
1846000000.0	-0.0249072493732
1848000000.0	-0.169564042944
1850000000.0	0.0258434181956
1852000000.0	0.234076143742
1854000000.0	-0.574441627954
1856000000.0	-0.159507928777
1858000000.0	0.220280754668
1860000000.0	0.101251875164
1862000000.0	0.238268259987
1864000000.0	-0.0591117752984
1866000000.0	0.152857300333
1868000000.0	-0.208043922081
1870000000.0	0.536426823737
1872000000.0	0.406914254845
1874000000.0	-0.0233652007342
1876000000.0	-0.0862589831553
1878000000.0	-0.696755696876
1880000000.0	-0.626034092304
1882000000.0	-0.0803846812188
1884000000.0	0.048262173917
1886000000.0	1.26715929818
1888000000.0	0.391204047291
1890000000.0	-0.410387702595
1892000000.0	-0.0576743910019
1894000000.0	-0.0949760331992
1896000000.0	0.742510826463
1898000000.0	0.965491236251
1900000000.0	-1.31266006787
1902000000.0	-0.503060112617
1904000000.0	-0.286737213264
1906000000.0	0.64302390554
1908000000.0	0.486805023525
1910000000.0	-0.0686969154803
1912000000.0	-0.0882006443406
1914000000.0	0.137503499314
1916000000.0	-0.666172066041
1918000000.0	0.124081314743
1920000000.0	-0.0803415901
1922000000.0	0.208589609444
1924000000.0	-0.07581154666
1926000000.0	-1.01247339833
1928000000.0	-0.564502097764
1930000000.0	-0.305238369053
1932000000.0	0.520393098687
1934000000.0	0.578862284421
1936000000.0	-0.140240657923
1938000000.0	-0.646366675077
1940000000.0	-0.0905735402388
1942000000.0	-0.583219446839
1944000000.0	0.180953764632
1946000000.0	0.53024168787
1948000000.0	0.502268613775
1950000000.0	-0.692308008951
1952000000.0	0.637953502055
1954000000.0	-0.422084607397
1956000000.0	-0.227485405268
1958000000.0	0.136866367232
1960000000.0	0.467182243915
1962000000.0	0.246796200901
1964000000.0	-0.0469582456356
1966000000.0	-0.012114217184
1968000000.0	-0.0687096699946
1970000000.0	0.758984086761
1972000000.0	-0.379602072423
1974000000.0	-0.236223607716
1976000000.0	0.351193670661
1978000000.0	0.0685782208541
1980000000.0	-0.354619856559
1982000000.0	-0.0443118537588
1984000000.0	-0.893476583014
1986000000.0	0.427013301684
1988000000.0	0.0406843025643
1990000000.0	0.15758256282
1992000000.0	0.434769547882
1994000000.0	-0.320838035914
1996000000.0	-0.135500003962
1998000000.0	0.613536899981
2000000000.0	-2.484335
