0.0	-48.453125
2000000.0	3.38959109641
4000000.0	7.08697226204
6000000.0	1.83160181926
8000000.0	-3.37951022844
10000000.0	-7.85573244292
12000000.0	-7.54330953732
14000000.0	-5.77505966011
16000000.0	3.60191895176
18000000.0	11.9915567661
20000000.0	14.8942044269
22000000.0	8.51019691457
24000000.0	-6.28686610953
26000000.0	-16.2328478969
28000000.0	-14.4246358926
30000000.0	-2.42835478109
32000000.0	9.37124241678
34000000.0	11.7792399904
36000000.0	6.41765726362
38000000.0	1.99997198004
40000000.0	-6.43703652466
42000000.0	-9.37255828829
44000000.0	-5.47449111931
46000000.0	0.474969900947
48000000.0	4.74391440566
50000000.0	2.93745344687
52000000.0	-0.58868924453
54000000.0	-3.58466738807
56000000.0	-3.38804906613
58000000.0	-0.141006789616
60000000.0	2.67515731371
62000000.0	3.92464236481
64000000.0	1.3803473638
66000000.0	-1.90812254198
68000000.0	-2.4929353673
70000000.0	-2.4983509839
72000000.0	1.82058689649
74000000.0	4.47560683423
76000000.0	1.61664151275
78000000.0	-1.77843952289
80000000.0	-3.56740956916
82000000.0	-2.27948547324
84000000.0	2.30258248693
86000000.0	4.86709685391
88000000.0	4.42932712732
90000000.0	1.09423125127
92000000.0	-4.19740161145
94000000.0	-5.6493741197
96000000.0	-3.62217508109
98000000.0	1.84687499344
100000000.0	5.87201231209
102000000.0	4.72972541182
104000000.0	1.91191673658
106000000.0	-3.45498095552
108000000.0	-5.00449114749
110000000.0	-1.76712723082
112000000.0	0.557448416553
114000000.0	3.93353682814
116000000.0	2.30270451311
118000000.0	1.14671532991
120000000.0	-0.258204713232
122000000.0	-1.1238698942
124000000.0	2.03784804066
126000000.0	-0.919527300422
128000000.0	-0.00478721955969
130000000.0	-0.576575037309
132000000.0	-2.05603777923
134000000.0	-2.12307817809
136000000.0	-0.0197623039131
138000000.0	1.64071490987
140000000.0	3.93834170658
142000000.0	1.90145262326
144000000.0	-1.44017788611
146000000.0	-4.30103037959
148000000.0	-3.7547158063
150000000.0	0.0619666209169
152000000.0	3.84706605033
154000000.0	4.20892180444
156000000.0	0.974188770048
158000000.0	-1.79670274906
160000000.0	-3.23316162069
162000000.0	-2.44899878961
164000000.0	-0.410924423903
166000000.0	1.47391274421
168000000.0	2.22363042868
170000000.0	0.900629009026
172000000.0	-1.34807801604
174000000.0	-1.94670960871
176000000.0	-0.553027933995
178000000.0	1.34444353951
180000000.0	2.98679047851
182000000.0	-0.325017419388
184000000.0	-2.26427276609
186000000.0	-3.15069112982
188000000.0	-0.817360379909
190000000.0	1.81350343878
192000000.0	3.26662554374
194000000.0	2.72562133027
196000000.0	-1.01807056816
198000000.0	-3.46693292649
200000000.0	-3.92286900919
202000000.0	-0.843936787089
204000000.0	2.23831104514
206000000.0	3.8235101735
208000000.0	1.77041330191
210000000.0	-1.5511868394
212000000.0	-2.81545321244
214000000.0	-2.23537839693
216000000.0	0.151833822478
218000000.0	2.82114814975
220000000.0	2.71020813323
222000000.0	0.222420409519
224000000.0	-2.62272620882
226000000.0	-2.75480787222
228000000.0	0.107612187885
230000000.0	1.92171671361
232000000.0	3.33322818199
234000000.0	1.40265999751
236000000.0	-2.04935298183
238000000.0	-4.31963677755
240000000.0	-2.09487741077
242000000.0	2.83197857664
244000000.0	5.9540526124
246000000.0	3.85298467158
248000000.0	-1.41775177476
250000000.0	-4.26891844955
252000000.0	-5.71550747634
254000000.0	-0.037360926273
256000000.0	4.62681820432
258000000.0	7.54046934107
260000000.0	4.48276799739
262000000.0	-1.84188314897
264000000.0	-6.86750096821
266000000.0	-7.72354991433
268000000.0	-2.71208268353
270000000.0	4.15456509234
272000000.0	8.61598497769
274000000.0	7.92089556893
276000000.0	-0.820358040332
278000000.0	-8.04864283355
280000000.0	-10.4235368002
282000000.0	-1.55665881483
284000000.0	11.564244171
286000000.0	13.3372186333
288000000.0	-3.90166504916
290000000.0	-29.4731995888
292000000.0	-32.2344474033
294000000.0	13.4475384705
296000000.0	104.269276474
298000000.0	203.367927341
300000000.0	-541.573765244
302000000.0	193.135791351
304000000.0	108.541017958
306000000.0	27.4035121142
308000000.0	-21.3377642742
310000000.0	-31.4242509501
312000000.0	-19.603643316
314000000.0	-2.51258502838
316000000.0	7.65837014233
318000000.0	9.97969016087
320000000.0	6.09400532966
322000000.0	-1.13586799559
324000000.0	-4.16542186833
326000000.0	-4.66240495522
328000000.0	-0.0103633437807
330000000.0	4.26553551259
332000000.0	4.90236406366
334000000.0	0.148258892054
336000000.0	-4.39835345743
338000000.0	-6.43976802877
340000000.0	-2.0787810363
342000000.0	4.75456071901
344000000.0	7.09570613188
346000000.0	2.88833865473
348000000.0	-2.87358539614
350000000.0	-5.70614051694
352000000.0	-4.09270895814
354000000.0	1.57832910506
356000000.0	6.35961060292
358000000.0	4.90568337201
360000000.0	-0.51160479687
362000000.0	-5.14700996491
364000000.0	-6.19582894562
366000000.0	-2.5921838681
368000000.0	1.84807372984
370000000.0	3.70152718546
372000000.0	3.58765795241
374000000.0	-1.23009093738
376000000.0	-2.23726310987
378000000.0	-2.60652956065
380000000.0	-0.28789931846
382000000.0	1.61327426632
384000000.0	0.789126508897
386000000.0	-0.174859245544
388000000.0	-0.787840013129
390000000.0	-1.42993130686
392000000.0	-0.728513777342
394000000.0	1.05750162363
396000000.0	2.08227421241
398000000.0	1.0890542962
400000000.0	-1.08748844144
402000000.0	-2.89528560766
404000000.0	-3.24191624345
406000000.0	-0.390321763287
408000000.0	1.18082185212
410000000.0	2.95246184103
412000000.0	1.28547142193
414000000.0	0.205948098253
416000000.0	-1.85291672747
418000000.0	-1.56135151467
420000000.0	-0.810161775338
422000000.0	0.721962726042
424000000.0	1.73813055264
426000000.0	-0.016687981197
428000000.0	-0.581581632756
430000000.0	-0.892343018803
432000000.0	-0.394306351198
434000000.0	0.0310702634664
436000000.0	1.98181868031
438000000.0	1.94121135648
440000000.0	-0.0411651883126
442000000.0	-1.33555214012
444000000.0	-1.27897829598
446000000.0	-0.850792139533
448000000.0	0.426899933393
450000000.0	2.06281581465
452000000.0	0.436747097437
454000000.0	-0.17321934038
456000000.0	-1.09184210588
458000000.0	0.192788940122
460000000.0	0.0860374059835
462000000.0	1.92253489861
464000000.0	1.29715602771
466000000.0	0.502836884773
468000000.0	-1.44476504958
470000000.0	-1.92893449065
472000000.0	-1.02986341188
474000000.0	0.0304354060899
476000000.0	1.02794569453
478000000.0	0.863088281709
480000000.0	0.118187532823
482000000.0	-0.583236249535
484000000.0	-1.27726946372
486000000.0	-0.457463851838
488000000.0	0.5046034355
490000000.0	0.390809553873
492000000.0	-0.159882986906
494000000.0	0.124507090594
496000000.0	-1.40142866207
498000000.0	-1.07801299629
500000000.0	2.08270938802
502000000.0	1.62534952986
504000000.0	-0.165904721731
506000000.0	0.323755100619
508000000.0	-0.269244520877
510000000.0	-0.75094678718
512000000.0	-0.578760431821
514000000.0	-0.125110073873
516000000.0	0.542184031562
518000000.0	0.173024176234
520000000.0	-0.596845224113
522000000.0	-0.45689421453
524000000.0	-0.919666257849
526000000.0	-0.372321591343
528000000.0	0.763588121215
530000000.0	1.1728614179
532000000.0	-0.289775652334
534000000.0	-0.425680668298
536000000.0	-0.76219553896
538000000.0	-0.094933640414
540000000.0	0.416722162534
542000000.0	0.850824992783
544000000.0	-0.0779192759275
546000000.0	0.116280958448
548000000.0	-0.311102257677
550000000.0	-0.574830814336
552000000.0	0.274189774845
554000000.0	0.475027432984
556000000.0	0.205895936867
558000000.0	-0.00764692112321
560000000.0	-0.449890324835
562000000.0	-0.643742863478
564000000.0	-0.287800550307
566000000.0	0.894497243617
568000000.0	0.325637564626
570000000.0	0.295412537135
572000000.0	-0.444872939768
574000000.0	0.355150344089
576000000.0	0.0458349954087
578000000.0	-0.598129614999
580000000.0	-0.0383675701793
582000000.0	0.352996802725
584000000.0	0.305704822256
586000000.0	0.034281408007
588000000.0	0.471746142199
590000000.0	-0.205390194904
592000000.0	0.50308439369
594000000.0	-0.138593432515
596000000.0	-0.742110751862
598000000.0	-1.36310093375
600000000.0	1.52165184422
602000000.0	-0.441044621806
604000000.0	-1.25308441714
606000000.0	-0.986583935278
608000000.0	0.295040848726
610000000.0	-0.088412836724
612000000.0	-0.626255966383
614000000.0	0.557762363174
616000000.0	-0.318644288498
618000000.0	-0.125842612018
620000000.0	-0.90725639637
622000000.0	0.569293582805
624000000.0	-1.39317419625
626000000.0	1.14960028792
628000000.0	0.365014531341
630000000.0	0.326931498535
632000000.0	0.205847128889
634000000.0	0.505087651664
636000000.0	0.909445159574
638000000.0	0.773849589152
640000000.0	0.103708154364
642000000.0	0.248984406358
644000000.0	-1.4027996477
646000000.0	0.593055747537
648000000.0	-0.55094531817
650000000.0	-0.0129537077368
652000000.0	-0.159300171284
654000000.0	0.506889924999
656000000.0	0.331665517151
658000000.0	0.325913377546
660000000.0	0.358657475745
662000000.0	-0.554226078854
664000000.0	-0.254975465251
666000000.0	-0.356074193005
668000000.0	0.109090944624
670000000.0	-0.457311469571
672000000.0	-0.345759367097
674000000.0	0.120709836818
676000000.0	0.519900590431
678000000.0	0.121737839315
680000000.0	0.664787347266
682000000.0	0.0541160997322
684000000.0	-0.407913218369
686000000.0	-0.207935826424
688000000.0	-0.693298123333
690000000.0	-0.372784517163
692000000.0	-0.385734636634
694000000.0	-0.572061958699
696000000.0	-0.000949259601086
698000000.0	0.0923631072253
700000000.0	0.149195067272
702000000.0	0.387948824544
704000000.0	-0.151827997426
706000000.0	0.330257328602
708000000.0	0.343662488237
710000000.0	-0.0921226369708
712000000.0	-0.185650388285
714000000.0	-0.206260771967
716000000.0	1.11581631748
718000000.0	-0.101746358015
720000000.0	0.818267238675
722000000.0	1.24084344734
724000000.0	0.192510543052
726000000.0	-0.507621015313
728000000.0	-0.839333056228
730000000.0	0.584455587866
732000000.0	-0.218348345389
734000000.0	0.0390777701002
736000000.0	-0.256338415658
738000000.0	-0.481019199759
740000000.0	-0.338984930458
742000000.0	0.207446282565
744000000.0	0.194348268659
746000000.0	0.209789342102
748000000.0	0.729455538544
750000000.0	-0.69643520007
752000000.0	-0.321059259762
754000000.0	-0.135920008125
756000000.0	-0.715356020174
758000000.0	0.0239292088415
760000000.0	0.70190628522
762000000.0	0.833483190261
764000000.0	0.54593573144
766000000.0	-0.35366581284
768000000.0	-0.0518232547935
770000000.0	-0.878322666629
772000000.0	0.92510682411
774000000.0	-0.0734476595708
776000000.0	0.393903445079
778000000.0	-0.230806699242
780000000.0	-0.798073878071
782000000.0	-1.08663439535
784000000.0	-0.526907755716
786000000.0	0.380637300931
788000000.0	0.330088119513
790000000.0	0.464031159001
792000000.0	-0.513243752596
794000000.0	-0.267460997043
796000000.0	-0.271404724343
798000000.0	0.679187768366
800000000.0	-1.02870126624
802000000.0	0.222278340867
804000000.0	0.0401526137572
806000000.0	-0.535508888291
808000000.0	-0.973331293651
810000000.0	0.135663736334
812000000.0	0.598483211689
814000000.0	0.893639704502
816000000.0	0.244356465537
818000000.0	-0.116630872246
820000000.0	-1.04982824433
822000000.0	-0.377993544903
824000000.0	-0.655387699476
826000000.0	0.687355250228
828000000.0	1.30815499423
830000000.0	0.283395052635
832000000.0	-0.194916495903
834000000.0	-0.958346293671
836000000.0	-0.0129829412685
838000000.0	0.659650459405
840000000.0	0.123686826916
842000000.0	0.977627378749
844000000.0	0.429590603724
846000000.0	0.00804475860561
848000000.0	-1.95597370954
850000000.0	-0.949616446661
852000000.0	0.456173309565
854000000.0	0.869593578378
856000000.0	1.22903737101
858000000.0	-1.40284286038
860000000.0	-1.39744092426
862000000.0	-0.89853692672
864000000.0	0.219840503539
866000000.0	3.13494827744
868000000.0	3.72867077676
870000000.0	-0.25727219955
872000000.0	-2.62088962741
874000000.0	-3.83634816201
876000000.0	-2.79047480526
878000000.0	2.97676070421
880000000.0	5.86785514162
882000000.0	4.0721578857
884000000.0	-0.766496407523
886000000.0	-6.48582259093
888000000.0	-6.2520436881
890000000.0	-2.38358819214
892000000.0	3.07058843227
894000000.0	5.33560607255
896000000.0	5.62951605807
898000000.0	7.5528376454
900000000.0	-27.7050746363
902000000.0	11.7246668088
904000000.0	4.65779616811
906000000.0	-2.33137677754
908000000.0	-4.77577124347
910000000.0	-0.707789465447
912000000.0	3.6695602845
914000000.0	5.91652464749
916000000.0	1.96108252927
918000000.0	-3.31923534134
920000000.0	-5.10473340692
922000000.0	-2.49984693197
924000000.0	1.45103495555
926000000.0	4.11738309009
928000000.0	3.02387764206
930000000.0	0.358640966248
932000000.0	-1.83037110707
934000000.0	-3.26895112457
936000000.0	-1.28515639125
938000000.0	0.662272603024
940000000.0	2.07723959815
942000000.0	0.44535029003
944000000.0	0.379132573136
946000000.0	-0.13810223426
948000000.0	-0.608784510018
950000000.0	-0.114791892533
952000000.0	0.562838476212
954000000.0	-0.035985226964
956000000.0	0.116086734347
958000000.0	-0.318847460301
960000000.0	-0.279866274756
962000000.0	-0.453245934795
964000000.0	0.881954412273
966000000.0	0.644687503206
968000000.0	0.931675860878
970000000.0	-0.756762671991
972000000.0	-1.43692112106
974000000.0	-1.02306483397
976000000.0	-0.0386361481811
978000000.0	0.810672122905
980000000.0	1.44645215579
982000000.0	0.244742902072
984000000.0	-0.185436661654
986000000.0	-0.285173106056
988000000.0	-0.959294592095
990000000.0	0.104799975505
992000000.0	0.580300353679
994000000.0	0.524812486232
996000000.0	-0.348443434388
998000000.0	-0.54284741929
1000000000.0	-3.90625
1002000000.0	-0.326276235888
1004000000.0	-0.501532588832
1006000000.0	0.262254428597
1008000000.0	0.521568651246
1010000000.0	-0.568004310194
1012000000.0	0.574664600385
1014000000.0	-0.99954822473
1016000000.0	0.602260221693
1018000000.0	0.056179060513
1020000000.0	0.930303372642
1022000000.0	-0.280489383108
1024000000.0	-0.440523877958
1026000000.0	-1.00193685762
1028000000.0	0.342711272099
1030000000.0	0.329761989547
1032000000.0	-0.0877261961846
1034000000.0	0.765144622725
1036000000.0	-0.339395878744
1038000000.0	-1.17461404218
1040000000.0	-0.65081650786
1042000000.0	-0.129679442653
1044000000.0	-0.624115328186
1046000000.0	0.389003983716
1048000000.0	0.0113363111494
1050000000.0	-0.11262934412
1052000000.0	-0.749226727969
1054000000.0	0.292679016192
1056000000.0	0.402046403662
1058000000.0	-0.685313789308
1060000000.0	0.495502227571
1062000000.0	0.185691493686
1064000000.0	-0.646321078073
1066000000.0	0.64596025181
1068000000.0	-0.190410872707
1070000000.0	0.442426531899
1072000000.0	0.331988185393
1074000000.0	0.454685162858
1076000000.0	-0.270152314903
1078000000.0	-0.251699323229
1080000000.0	-0.227813074744
1082000000.0	0.649900677141
1084000000.0	-0.0338283834747
1086000000.0	0.775112304185
1088000000.0	-0.300935058813
1090000000.0	-0.449766835899
1092000000.0	-0.673948508873
1094000000.0	0.290130297569
1096000000.0	-0.495089584786
1098000000.0	0.667557835733
1100000000.0	-0.65342359291
1102000000.0	0.212236509848
1104000000.0	-0.0110538427699
1106000000.0	0.300119636564
1108000000.0	0.0904535222181
1110000000.0	0.390106206
1112000000.0	0.363387240579
1114000000.0	-0.100450710943
1116000000.0	-0.0069925270753
1118000000.0	-0.166107840273
1120000000.0	0.765571567982
1122000000.0	0.290828529891
1124000000.0	-0.310513803042
1126000000.0	-0.522082654614
1128000000.0	-0.159085754709
1130000000.0	-0.589011070333
1132000000.0	-0.215829883317
1134000000.0	-0.389298799582
1136000000.0	-0.245825665637
1138000000.0	1.02508238925
1140000000.0	0.400519319655
1142000000.0	-0.168225391423
1144000000.0	0.199136051499
1146000000.0	0.0459676331225
1148000000.0	0.244297592317
1150000000.0	-0.489355706816
1152000000.0	1.01008738812
1154000000.0	0.272312472845
1156000000.0	-0.75356617197
1158000000.0	-1.0572960136
1160000000.0	0.0805085067801
1162000000.0	-0.365098083794
1164000000.0	-0.22293772359
1166000000.0	0.637122576868
1168000000.0	-0.0306420148725
1170000000.0	-0.0483962921002
1172000000.0	0.178212829913
1174000000.0	-0.229202537964
1176000000.0	1.05923407778
1178000000.0	-0.00908097014721
1180000000.0	0.112306300234
1182000000.0	-0.624786164586
1184000000.0	-0.176445574657
1186000000.0	0.970401877345
1188000000.0	0.889512270073
1190000000.0	0.791680058187
1192000000.0	0.0936643134061
1194000000.0	0.00720860685319
1196000000.0	-0.802256908691
1198000000.0	-0.157985618339
1200000000.0	1.23592594144
1202000000.0	-0.593090615992
1204000000.0	0.246139639085
1206000000.0	-0.140015644534
1208000000.0	-0.31063967142
1210000000.0	0.401580085361
1212000000.0	-0.216473695548
1214000000.0	-0.214525779541
1216000000.0	0.154056262733
1218000000.0	0.682615701676
1220000000.0	0.510600423664
1222000000.0	0.415510438741
1224000000.0	-1.16170354334
1226000000.0	0.328827285552
1228000000.0	0.196944028908
1230000000.0	0.362285196163
1232000000.0	0.215596405947
1234000000.0	0.832293418166
1236000000.0	0.121576679742
1238000000.0	-0.429283322422
1240000000.0	0.19422375089
1242000000.0	-0.400657930735
1244000000.0	0.149844899245
1246000000.0	0.0922277082073
1248000000.0	0.274730338272
1250000000.0	1.37895458862
1252000000.0	-0.413706840159
1254000000.0	-0.583101603231
1256000000.0	0.482907410944
1258000000.0	-0.850015957006
1260000000.0	-0.161268294945
1262000000.0	0.321647822542
1264000000.0	-0.26766268198
1266000000.0	0.478308830317
1268000000.0	0.437779680683
1270000000.0	-0.139029271166
1272000000.0	-0.36065792882
1274000000.0	0.324268219065
1276000000.0	-0.376707210573
1278000000.0	-0.214467573149
1280000000.0	0.063946355643
1282000000.0	0.196098093309
1284000000.0	0.779880844867
1286000000.0	-0.548443842826
1288000000.0	0.268310228666
1290000000.0	-0.708568998486
1292000000.0	-0.059112886956
1294000000.0	0.790416325693
1296000000.0	0.995807205961
1298000000.0	0.858503436679
1300000000.0	-3.56182388921
1302000000.0	1.72713828922
1304000000.0	0.450559009626
1306000000.0	0.0603768247946
1308000000.0	-0.564784787374
1310000000.0	-0.795982210044
1312000000.0	-0.790974087622
1314000000.0	0.100349050417
1316000000.0	-0.0587390444382
1318000000.0	0.343959214968
1320000000.0	0.130909404313
1322000000.0	-0.100596846165
1324000000.0	0.404477540388
1326000000.0	-0.264905130593
1328000000.0	0.175618186081
1330000000.0	0.23228323585
1332000000.0	0.282269280694
1334000000.0	0.0861115541596
1336000000.0	-0.35558323139
1338000000.0	-0.272198274209
1340000000.0	0.520959224848
1342000000.0	-0.314357000233
1344000000.0	0.51974353381
1346000000.0	-0.183202840019
1348000000.0	0.848375263392
1350000000.0	-0.612757648977
1352000000.0	-0.730220665001
1354000000.0	-0.141559246594
1356000000.0	-0.0561466713527
1358000000.0	0.755617879223
1360000000.0	-0.566854053701
1362000000.0	-0.77804539917
1364000000.0	-0.0673635911962
1366000000.0	0.328688760169
1368000000.0	0.443165225535
1370000000.0	0.455703266735
1372000000.0	-1.19395792491
1374000000.0	-1.71252458728
1376000000.0	1.85400226003
1378000000.0	1.15575727897
1380000000.0	-0.0991059682892
1382000000.0	0.0132177843205
1384000000.0	0.669685330646
1386000000.0	-0.740361609205
1388000000.0	0.023236720418
1390000000.0	-0.166308404634
1392000000.0	0.120220589248
1394000000.0	-0.135240299498
1396000000.0	0.601046103586
1398000000.0	0.576394086152
1400000000.0	-0.178410007894
1402000000.0	-0.211982272549
1404000000.0	0.193368426234
1406000000.0	-0.741218777576
1408000000.0	0.0995919505464
1410000000.0	-0.13855680761
1412000000.0	-0.0810279457667
1414000000.0	-0.102737368592
1416000000.0	-0.287784440325
1418000000.0	-0.998150640948
1420000000.0	0.485951454029
1422000000.0	-0.751660058037
1424000000.0	-0.278814024565
1426000000.0	0.448549432441
1428000000.0	-0.28665677171
1430000000.0	-0.110050498009
1432000000.0	-0.819259811521
1434000000.0	0.741695942172
1436000000.0	0.746395645479
1438000000.0	0.171532469483
1440000000.0	0.459472007559
1442000000.0	-0.653713583191
1444000000.0	-0.91036579065
1446000000.0	0.226156921192
1448000000.0	0.571523085246
1450000000.0	0.54601717538
1452000000.0	1.07921982658
1454000000.0	-0.0526978545817
1456000000.0	-0.44950860749
1458000000.0	-0.768751988145
1460000000.0	0.17062981479
1462000000.0	0.15453036075
1464000000.0	0.376939793454
1466000000.0	-0.0286270690203
1468000000.0	-1.06892524973
1470000000.0	-0.778361490002
1472000000.0	0.482590850051
1474000000.0	-0.435320920973
1476000000.0	0.410137310674
1478000000.0	1.88433552397
1480000000.0	0.300876718498
1482000000.0	-0.373923364699
1484000000.0	-1.28908050891
1486000000.0	0.22932388845
1488000000.0	1.33275054559
1490000000.0	3.00442539555
1492000000.0	3.04045204503
1494000000.0	-1.36823238595
1496000000.0	-11.5438444674
1498000000.0	-23.6391056564
1500000000.0	63.667290612
1502000000.0	-20.6413930076
1504000000.0	-12.2834899099
1506000000.0	-2.20445207679
1508000000.0	2.98354744012
1510000000.0	3.38996611902
1512000000.0	1.47352807218
1514000000.0	-0.183293568757
1516000000.0	-1.26092322732
1518000000.0	-0.674704737188
1520000000.0	0.650307920464
1522000000.0	0.770100838074
1524000000.0	0.662348030745
1526000000.0	-0.320641381438
1528000000.0	0.296280803778
1530000000.0	0.103259197114
1532000000.0	-0.423981004188
1534000000.0	0.339729981006
1536000000.0	0.525239768493
1538000000.0	0.454332220444
1540000000.0	-0.113637838728
1542000000.0	0.0594592834718
1544000000.0	-0.659862658764
1546000000.0	0.082207605948
1548000000.0	1.25987924735
1550000000.0	0.788863784103
1552000000.0	0.841676335277
1554000000.0	0.0826787982207
1556000000.0	-0.742132482214
1558000000.0	0.142863348939
1560000000.0	-0.278440504968
1562000000.0	0.487710505098
1564000000.0	0.449303983767
1566000000.0	0.31162194276
1568000000.0	0.40002108491
1570000000.0	-0.0639750675268
1572000000.0	-0.266524046012
1574000000.0	0.249941277089
1576000000.0	0.391374404029
1578000000.0	0.670167557311
1580000000.0	0.236083656326
1582000000.0	-0.713146326729
1584000000.0	0.311863873073
1586000000.0	0.669158744443
1588000000.0	-0.200933257173
1590000000.0	-0.220186983747
1592000000.0	-0.0862828329587
1594000000.0	0.0192191431657
1596000000.0	-0.644110297741
1598000000.0	0.0288408803334
1600000000.0	-1.15098623376
1602000000.0	-0.28267267531
1604000000.0	0.974238425325
1606000000.0	0.262381641984
1608000000.0	-0.258615898005
1610000000.0	0.0979193568648
1612000000.0	0.130739388319
1614000000.0	0.0394531475852
1616000000.0	0.902489743881
1618000000.0	0.0909166695146
1620000000.0	0.156799838141
1622000000.0	0.167213642418
1624000000.0	-0.124682136929
1626000000.0	0.335356458442
1628000000.0	0.397341836595
1630000000.0	0.0623664022581
1632000000.0	-0.367849509283
1634000000.0	-0.450506351961
1636000000.0	-0.391023281218
1638000000.0	-0.0457830596709
1640000000.0	0.36955856635
1642000000.0	0.971513880748
1644000000.0	-0.489401805822
1646000000.0	-0.384375954164
1648000000.0	-0.004063827809
1650000000.0	0.375379875415
1652000000.0	0.404893591357
1654000000.0	0.338789374938
1656000000.0	0.228835721879
1658000000.0	0.190542212844
1660000000.0	0.295444604289
1662000000.0	-0.431023087665
1664000000.0	-0.0921705947206
1666000000.0	0.561053094986
1668000000.0	0.23533839308
1670000000.0	0.318000545532
1672000000.0	0.156396045518
1674000000.0	-0.1008514422
1676000000.0	0.650615660368
1678000000.0	-0.477246366314
1680000000.0	-0.191340374815
1682000000.0	-0.0380617433917
1684000000.0	-0.256368775219
1686000000.0	-0.0159965577259
1688000000.0	-0.350942650185
1690000000.0	0.658920259436
1692000000.0	-0.215983309558
1694000000.0	0.283196154096
1696000000.0	0.422681517435
1698000000.0	-0.0379687128169
1700000000.0	-0.613423513387
1702000000.0	0.282980950735
1704000000.0	-0.0581123648714
1706000000.0	-0.819032462852
1708000000.0	0.561042279968
1710000000.0	0.338633240884
1712000000.0	-0.405826370145
1714000000.0	-0.227835109486
1716000000.0	-0.0727535612374
1718000000.0	0.169748087136
1720000000.0	0.363222066518
1722000000.0	0.543312653249
1724000000.0	-0.308376297739
1726000000.0	0.320062973329
1728000000.0	-0.14751928618
1730000000.0	-0.596474945932
1732000000.0	0.52599649613
1734000000.0	0.413996255776
1736000000.0	0.519256266031
1738000000.0	-0.077306208659
1740000000.0	-0.961669660038
1742000000.0	-0.259133698729
1744000000.0	-0.150923934098
1746000000.0	0.634974940297
1748000000.0	0.639030015281
1750000000.0	2.211399061
1752000000.0	0.153016899148
1754000000.0	0.0130397852373
1756000000.0	0.251291792112
1758000000.0	-0.00615217958744
1760000000.0	0.316198012287
1762000000.0	0.280267385729
1764000000.0	0.520022636593
1766000000.0	0.37941747222
1768000000.0	-0.3168416244
1770000000.0	0.0175442184793
1772000000.0	-0.0891118879437
1774000000.0	0.0349828396514
1776000000.0	0.0749511114337
1778000000.0	-0.458131613591
1780000000.0	0.35421670437
1782000000.0	-0.00187200937071
1784000000.0	0.315117261777
1786000000.0	0.156052708643
1788000000.0	0.0650402059409
1790000000.0	-0.0729330662138
1792000000.0	0.299587513851
1794000000.0	0.406688496354
1796000000.0	0.408003604306
1798000000.0	0.768535870828
1800000000.0	-2.42037282713
1802000000.0	1.0431383434
1804000000.0	0.661946013433
1806000000.0	0.463665781717
1808000000.0	0.456439917343
1810000000.0	-0.161372282576
1812000000.0	0.568843233178
1814000000.0	-0.117146589692
1816000000.0	0.17401228713
1818000000.0	0.430126879328
1820000000.0	-0.845977666515
1822000000.0	-0.321650474606
1824000000.0	-0.121406452928
1826000000.0	0.700659476717
1828000000.0	-0.186787062409
1830000000.0	-0.230169264148
1832000000.0	-0.153262837076
1834000000.0	-0.115630173205
1836000000.0	-0.245854885289
1838000000.0	0.19330456083
1840000000.0	0.614445440383
1842000000.0	0.222777796017
1844000000.0	-0.147201301286
1846000000.0	-0.0407304329112
1848000000.0	-0.556748929954
1850000000.0	-0.369090780211
1852000000.0	-0.428240249071
1854000000.0	0.49668425277
1856000000.0	1.13169644136
1858000000.0	-0.337737473547
1860000000.0	-0.46649617074
1862000000.0	0.261000771712
1864000000.0	0.351714578703
1866000000.0	0.022063356644
1868000000.0	0.787435250469
1870000000.0	-0.276021667144
1872000000.0	-0.675358443832
1874000000.0	-0.135688698822
1876000000.0	-0.194947458575
1878000000.0	-0.209001109346
1880000000.0	0.501358508695
1882000000.0	0.340812806043
1884000000.0	0.299989557504
1886000000.0	-0.584127062247
1888000000.0	-1.36273058942
1890000000.0	0.673168746806
1892000000.0	-0.359611969424
1894000000.0	0.886679491219
1896000000.0	0.859584631426
1898000000.0	1.76294113672
1900000000.0	-4.69494650369
1902000000.0	1.85925483007
1904000000.0	0.846417915731
1906000000.0	-0.347717730887
1908000000.0	-0.948233362716
1910000000.0	-0.466201898496
1912000000.0	0.264336347798
1914000000.0	0.945002225528
1916000000.0	0.607199937391
1918000000.0	-0.00701071812325
1920000000.0	-0.853373564868
1922000000.0	-0.190837839691
1924000000.0	-0.470116803276
1926000000.0	0.815376384524
1928000000.0	0.2815628534
1930000000.0	0.0953227225105
1932000000.0	-0.727217915906
1934000000.0	-0.308029780243
1936000000.0	-0.0664857054309
1938000000.0	0.19137575678
1940000000.0	0.117969114185
1942000000.0	0.199980254777
1944000000.0	-0.541539721943
1946000000.0	0.0931422449791
1948000000.0	-0.358098842712
1950000000.0	-0.517829859004
1952000000.0	0.165872056216
1954000000.0	0.136545934689
1956000000.0	0.121599297579
1958000000.0	0.162333737493
1960000000.0	0.0577172525847
1962000000.0	-0.00437150304691
1964000000.0	0.547325993904
1966000000.0	-0.103771802396
1968000000.0	0.0281173117627
1970000000.0	-0.110937980684
1972000000.0	-0.270411589341
1974000000.0	0.729638953764
1976000000.0	0.0547215940287
1978000000.0	0.00669378206377
1980000000.0	-0.0361652362084
1982000000.0	0.240279924651
1984000000.0	-0.23873581751
1986000000.0	-1.00520140361
1988000000.0	-0.0341457555755
1990000000.0	-0.057024649476
1992000000.0	-0.385480176951
1994000000.0	0.311641794882
1996000000.0	0.760825532112
1998000000.0	0.376563076126
2000000000.0	0.015625
