0.0	-45.65625
2000000.0	2.55915807829
4000000.0	9.59260877865
6000000.0	4.07793956659
8000000.0	-10.1797965461
10000000.0	-21.7561016758
12000000.0	-19.0769369222
14000000.0	-0.401354448065
16000000.0	18.1822414724
18000000.0	27.9504335076
20000000.0	16.9414313165
22000000.0	-5.9237276775
24000000.0	-26.7156554256
26000000.0	-28.3644488049
28000000.0	-11.6792918023
30000000.0	13.0830477845
32000000.0	26.2831502367
34000000.0	16.988372312
36000000.0	-8.14184669701
38000000.0	-20.1136405462
40000000.0	-13.9047727553
42000000.0	0.380166472276
44000000.0	12.2058989593
46000000.0	11.3229829972
48000000.0	-0.613128686323
50000000.0	-11.4721160288
52000000.0	-9.820849202
54000000.0	3.0640013141
56000000.0	15.7958121419
58000000.0	15.4039569406
60000000.0	3.00564204229
62000000.0	-11.1819754983
64000000.0	-16.3358925476
66000000.0	-6.62581788515
68000000.0	6.00739641485
70000000.0	11.616351362
72000000.0	8.90662677665
74000000.0	-2.21326942331
76000000.0	-9.96771683644
78000000.0	-6.37419314572
80000000.0	2.75283408083
82000000.0	8.28064405163
84000000.0	3.14406029886
86000000.0	-4.46435964062
88000000.0	-10.0608897764
90000000.0	-5.69288600701
92000000.0	2.78347154486
94000000.0	10.5132803726
96000000.0	9.23167453578
98000000.0	0.138303034242
100000000.0	-6.04497879746
102000000.0	-7.96154382576
104000000.0	-1.63797409423
106000000.0	3.33730212625
108000000.0	7.94368935864
110000000.0	0.616306202362
112000000.0	-3.55865973596
114000000.0	-7.18349248904
116000000.0	-0.963684493512
118000000.0	4.53958038988
120000000.0	8.46256798581
122000000.0	4.07386300265
124000000.0	0.407160595381
126000000.0	-9.4771904186
128000000.0	-8.83075768485
130000000.0	-0.599823260206
132000000.0	4.12941674045
134000000.0	4.7044816393
136000000.0	2.590306349
138000000.0	-1.33096316583
140000000.0	-1.27158621097
142000000.0	-1.8207446936
144000000.0	-0.470436659116
146000000.0	0.392901806288
148000000.0	0.0370512870898
150000000.0	-2.89965820991
152000000.0	0.489678747896
154000000.0	1.57151217661
156000000.0	2.74670481045
158000000.0	2.37738760076
160000000.0	-0.0651302083027
162000000.0	-4.76183395233
164000000.0	-3.54408165667
166000000.0	-2.72743558777
168000000.0	-0.160949884266
170000000.0	2.93688039209
172000000.0	4.51704872667
174000000.0	2.17672987598
176000000.0	-0.522381213986
178000000.0	-1.73873944407
180000000.0	-3.99546460507
182000000.0	-1.67353251262
184000000.0	-1.86711333276
186000000.0	0.88797032963
188000000.0	0.829859970784
190000000.0	2.19862461493
192000000.0	0.252171879991
194000000.0	0.678628019423
196000000.0	1.00643346376
198000000.0	0.821198437975
200000000.0	1.27429966508
202000000.0	-2.88157182497
204000000.0	-3.45295577033
206000000.0	-4.95719088892
208000000.0	-0.598275270162
210000000.0	3.96374803048
212000000.0	7.89653235215
214000000.0	5.67033698399
216000000.0	-1.12850801804
218000000.0	-5.35447427428
220000000.0	-5.43758365886
222000000.0	-2.06108264918
224000000.0	3.32270221807
226000000.0	4.6621299205
228000000.0	0.787900714767
230000000.0	-4.4251056498
232000000.0	-2.94141710149
234000000.0	2.39527483886
236000000.0	7.99518234626
238000000.0	6.86864269048
240000000.0	-2.86066733056
242000000.0	-11.1898009151
244000000.0	-12.9940642005
246000000.0	-3.71157273969
248000000.0	8.42941807245
250000000.0	17.9352584177
252000000.0	7.55355850592
254000000.0	-6.74353230813
256000000.0	-14.7998485129
258000000.0	-7.57786644553
260000000.0	6.42943065775
262000000.0	10.8241713606
264000000.0	4.48769872924
266000000.0	-8.84335029644
268000000.0	-16.135912431
270000000.0	-3.81746683906
272000000.0	18.8799309745
274000000.0	29.3180631327
276000000.0	16.3290786475
278000000.0	-20.1393129975
280000000.0	-46.7332418303
282000000.0	-37.5751846752
284000000.0	6.40463741344
286000000.0	48.9502596066
288000000.0	51.9695086241
290000000.0	7.93811607528
292000000.0	-46.2621645707
294000000.0	-42.6223884055
296000000.0	35.5813460326
298000000.0	129.636578781
300000000.0	-331.076526112
302000000.0	126.062940261
304000000.0	94.0147180787
306000000.0	52.0318682629
308000000.0	-2.13282686462
310000000.0	-44.8972678859
312000000.0	-56.0247361042
314000000.0	-27.2757934796
316000000.0	13.5926015562
318000000.0	36.3493375393
320000000.0	29.5521758986
322000000.0	3.42185133497
324000000.0	-16.9836432066
326000000.0	-19.2296775349
328000000.0	-3.5583179932
330000000.0	12.2752306547
332000000.0	10.1388055221
334000000.0	-2.96164456073
336000000.0	-13.4871815502
338000000.0	-8.74646746521
340000000.0	2.03233168066
342000000.0	14.0732480679
344000000.0	14.2157316864
346000000.0	1.70529328884
348000000.0	-13.4924431635
350000000.0	-15.0502730485
352000000.0	-6.00199694805
354000000.0	9.37925234876
356000000.0	14.4071644706
358000000.0	7.69542065204
360000000.0	-5.72924696083
362000000.0	-10.0349183209
364000000.0	-6.10833511759
366000000.0	4.39806597961
368000000.0	9.01211228822
370000000.0	3.83996640648
372000000.0	-6.09778372926
374000000.0	-9.32770339305
376000000.0	-4.60049348592
378000000.0	6.66008853595
380000000.0	11.883328526
382000000.0	6.11743730462
384000000.0	-2.69681824387
386000000.0	-10.4674451437
388000000.0	-7.1975480399
390000000.0	-0.183003498308
392000000.0	5.74544826352
394000000.0	5.56321443493
396000000.0	-0.312763915464
398000000.0	-6.14051051681
400000000.0	-2.59351445318
402000000.0	1.72140546312
404000000.0	6.52648257051
406000000.0	5.66476790409
408000000.0	-1.58650439949
410000000.0	-6.42612318676
412000000.0	-6.70562282754
414000000.0	0.463867060222
416000000.0	5.19063182782
418000000.0	6.7381721372
420000000.0	1.60743309506
422000000.0	-4.54088232853
424000000.0	-5.66143097744
426000000.0	-0.598173349766
428000000.0	3.16005376738
430000000.0	3.05527795614
432000000.0	1.84216327598
434000000.0	-1.95700770324
436000000.0	-4.18668379146
438000000.0	-1.65824560113
440000000.0	3.85063025769
442000000.0	4.94249181266
444000000.0	1.80562727673
446000000.0	-3.4798375819
448000000.0	-5.16870271972
450000000.0	-3.65389293877
452000000.0	1.62861645446
454000000.0	4.95538077769
456000000.0	2.41862924664
458000000.0	-1.50526867839
460000000.0	-3.29071033095
462000000.0	-2.395988888
464000000.0	1.51837078145
466000000.0	4.81603976544
468000000.0	2.0112926217
470000000.0	-1.4540563461
472000000.0	-3.43631393278
474000000.0	-1.69424583955
476000000.0	1.11322783538
478000000.0	3.79747836824
480000000.0	4.03392325934
482000000.0	-0.082258677372
484000000.0	-2.58414607955
486000000.0	-3.69957609918
488000000.0	-0.00145212484408
490000000.0	2.52367772732
492000000.0	3.89088615384
494000000.0	-0.194769122403
496000000.0	-2.30927729625
498000000.0	-2.29924333903
500000000.0	2.91751217791
502000000.0	1.13491629423
504000000.0	2.15992585422
506000000.0	1.58314726168
508000000.0	-2.13101851631
510000000.0	-2.5559805698
512000000.0	-1.95382433231
514000000.0	2.54917668864
516000000.0	1.19075905733
518000000.0	2.0013434056
520000000.0	-1.41049567788
522000000.0	-3.17790911713
524000000.0	-2.26863397537
526000000.0	1.10950021665
528000000.0	1.57754391147
530000000.0	1.9435946808
532000000.0	-0.346475434082
534000000.0	-3.3735628523
536000000.0	-0.700488910709
538000000.0	0.33613147513
540000000.0	2.59070618343
542000000.0	1.93497420858
544000000.0	-1.20192609932
546000000.0	-1.88927044272
548000000.0	-1.17623627989
550000000.0	0.175810125721
552000000.0	1.97963320681
554000000.0	2.14955717759
556000000.0	1.10256810798
558000000.0	-3.00027726082
560000000.0	-3.050438047
562000000.0	-0.820703764385
564000000.0	0.340421013307
566000000.0	1.27467560218
568000000.0	1.62747718594
570000000.0	-0.745310201612
572000000.0	-1.78901409563
574000000.0	-0.774140551164
576000000.0	1.96742730779
578000000.0	2.18080546683
580000000.0	0.952670267557
582000000.0	-1.35615601151
584000000.0	-2.21851529725
586000000.0	-1.14458276276
588000000.0	0.668519212081
590000000.0	2.50247305051
592000000.0	2.22059428657
594000000.0	-0.72213790644
596000000.0	-4.02205671059
598000000.0	-3.3919297345
600000000.0	11.9381071783
602000000.0	-3.28783052164
604000000.0	-3.04196166657
606000000.0	-1.64198263037
608000000.0	-0.690912550454
610000000.0	-0.377746026341
612000000.0	0.537710670319
614000000.0	1.77619199493
616000000.0	0.69861790751
618000000.0	-0.952663012765
620000000.0	-2.01564306189
622000000.0	-3.70656612252
624000000.0	-2.57045469712
626000000.0	3.92214125156
628000000.0	2.18679521405
630000000.0	1.54502393172
632000000.0	-1.21148025971
634000000.0	-0.564192363588
636000000.0	-0.446501898648
638000000.0	2.81260035554
640000000.0	1.97768019234
642000000.0	-2.72151452487
644000000.0	-0.666464403542
646000000.0	-0.648642688324
648000000.0	0.424082928845
650000000.0	2.69303526105
652000000.0	1.07679748084
654000000.0	1.22387182125
656000000.0	-1.57178935823
658000000.0	-0.833095451516
660000000.0	-1.83342319137
662000000.0	1.42448680439
664000000.0	1.5434479341
666000000.0	-0.372609047319
668000000.0	-2.76684129239
670000000.0	-1.7646020432
672000000.0	1.20499537856
674000000.0	1.74144021784
676000000.0	1.00231148519
678000000.0	0.559763897999
680000000.0	-1.15243836924
682000000.0	-3.19055466285
684000000.0	-0.717393537976
686000000.0	1.20522671667
688000000.0	1.4478703394
690000000.0	2.59145957899
692000000.0	-0.561180247655
694000000.0	-0.879451604615
696000000.0	-1.43624730238
698000000.0	-1.72451469493
700000000.0	6.61747299421
702000000.0	-2.15164951618
704000000.0	-2.56180497062
706000000.0	-2.2862401565
708000000.0	0.09285723595
710000000.0	0.420000108179
712000000.0	2.48542031692
714000000.0	-0.0549751772874
716000000.0	0.00735310067661
718000000.0	-2.06439745498
720000000.0	-2.01145288912
722000000.0	-0.236238818526
724000000.0	2.29444003009
726000000.0	1.21076376731
728000000.0	0.918977611868
730000000.0	-1.16670493301
732000000.0	-1.26047027758
734000000.0	0.609645175757
736000000.0	1.32238376802
738000000.0	1.9529420536
740000000.0	1.05746624647
742000000.0	-1.16277326224
744000000.0	-1.746973643
746000000.0	-0.655342675748
748000000.0	0.95115301738
750000000.0	1.18485665705
752000000.0	1.96989071001
754000000.0	-1.10267428106
756000000.0	-1.28336221514
758000000.0	-1.35629335074
760000000.0	-0.166011277272
762000000.0	1.22346987615
764000000.0	1.43776340392
766000000.0	-0.132986519419
768000000.0	-2.0866838937
770000000.0	-2.0279169062
772000000.0	1.4315327938
774000000.0	3.14164775432
776000000.0	1.64981925186
778000000.0	-0.897435471385
780000000.0	-2.87540634634
782000000.0	-2.67567860058
784000000.0	-0.00953554770477
786000000.0	3.87188192821
788000000.0	1.69157619865
790000000.0	1.35928511488
792000000.0	-1.45455427168
794000000.0	-1.67258244105
796000000.0	-0.480410885307
798000000.0	1.89954678716
800000000.0	3.50310188287
802000000.0	-0.292563520709
804000000.0	-1.96983455604
806000000.0	-2.88649581189
808000000.0	-0.946177974122
810000000.0	1.47457271756
812000000.0	4.15388086913
814000000.0	1.9982325156
816000000.0	-0.62483829539
818000000.0	-3.84772585432
820000000.0	-3.31233303651
822000000.0	-0.201209244016
824000000.0	2.6071097363
826000000.0	2.31981515389
828000000.0	-0.215478060929
830000000.0	-2.08675327202
832000000.0	-0.598443605921
834000000.0	0.509087001661
836000000.0	3.07655909271
838000000.0	3.02727968837
840000000.0	-1.28227184261
842000000.0	-3.78647947086
844000000.0	-4.21626753849
846000000.0	-0.377518420912
848000000.0	3.66239910813
850000000.0	5.78065059784
852000000.0	1.96519258134
854000000.0	-2.47447921012
856000000.0	-5.76651754001
858000000.0	-1.93055053431
860000000.0	2.12090822932
862000000.0	5.2620061428
864000000.0	2.78979935838
866000000.0	-2.58046715156
868000000.0	-5.49692586734
870000000.0	-1.94813456274
872000000.0	5.98784454401
874000000.0	10.2973806179
876000000.0	3.86116761094
878000000.0	-5.34936260953
880000000.0	-12.5382946007
882000000.0	-11.1773697348
884000000.0	2.5825490456
886000000.0	12.1771057806
888000000.0	13.4049333521
890000000.0	2.05630169069
892000000.0	-13.4122094524
894000000.0	-12.2752904264
896000000.0	5.31635345506
898000000.0	19.8723648933
900000000.0	-41.8654834995
902000000.0	12.6597828416
904000000.0	12.44914907
906000000.0	10.6676664144
908000000.0	2.89795076759
910000000.0	-5.44291983321
912000000.0	-13.7695759765
914000000.0	-9.33985252046
916000000.0	0.794769187091
918000000.0	7.81752265268
920000000.0	9.58016958399
922000000.0	2.19787387422
924000000.0	-4.07661240469
926000000.0	-6.47827067503
928000000.0	-3.73160271652
930000000.0	2.06885832397
932000000.0	4.97983505594
934000000.0	0.972417066544
936000000.0	-2.69593583809
938000000.0	-4.29063753746
940000000.0	-1.11420569668
942000000.0	4.37476235268
944000000.0	5.43455079163
946000000.0	2.22076881229
948000000.0	-1.80384074752
950000000.0	-3.77102972706
952000000.0	-3.93195879993
954000000.0	0.776806240805
956000000.0	3.84127779546
958000000.0	3.87840402811
960000000.0	-1.38602442583
962000000.0	-1.71520367778
964000000.0	-2.53454196302
966000000.0	0.569147004615
968000000.0	2.02077565447
970000000.0	1.28785139605
972000000.0	0.140214062382
974000000.0	-1.42210104262
976000000.0	-1.82969236371
978000000.0	-0.535408724234
980000000.0	2.17934304384
982000000.0	2.59558742076
984000000.0	1.38590812891
986000000.0	-1.57629668698
988000000.0	-3.48705951187
990000000.0	-1.89613280357
992000000.0	1.97040776957
994000000.0	2.53307536074
996000000.0	2.12473720038
998000000.0	-0.994856188499
1000000000.0	-7.34375
1002000000.0	-0.871964906473
1004000000.0	0.998316095674
1006000000.0	1.59658762233
1008000000.0	0.965919424085
1010000000.0	-0.333532367037
1012000000.0	-2.72727944064
1014000000.0	-1.55680293936
1016000000.0	-0.0484616100282
1018000000.0	2.40869677974
1020000000.0	0.116926550618
1022000000.0	0.0951574973629
1024000000.0	-1.99599005793
1026000000.0	-0.63074767267
1028000000.0	0.854192689491
1030000000.0	1.13176747228
1032000000.0	0.654478479422
1034000000.0	-0.99073012907
1036000000.0	-1.46700006016
1038000000.0	-1.63726443231
1040000000.0	0.642047145662
1042000000.0	-0.0294550374905
1044000000.0	1.55226408095
1046000000.0	0.251095690717
1048000000.0	0.53642748277
1050000000.0	-2.01477296619
1052000000.0	-1.2008392955
1054000000.0	0.224814074308
1056000000.0	1.07333609055
1058000000.0	0.993974324995
1060000000.0	-0.465116898168
1062000000.0	-1.19041958895
1064000000.0	-1.89639957928
1066000000.0	-1.12762827838
1068000000.0	0.807985506088
1070000000.0	0.702642685127
1072000000.0	-0.597175817845
1074000000.0	-0.662234155994
1076000000.0	-0.236635867703
1078000000.0	0.370087043712
1080000000.0	1.66016647969
1082000000.0	0.91042144879
1084000000.0	-0.341979945433
1086000000.0	-1.09325568361
1088000000.0	-1.06928520198
1090000000.0	-0.692719298367
1092000000.0	1.73121176679
1094000000.0	1.07545631131
1096000000.0	-0.25255323906
1098000000.0	-2.0433362627
1100000000.0	1.83390170117
1102000000.0	-1.63395435689
1104000000.0	-0.204904997565
1106000000.0	1.19103795903
1108000000.0	-0.267737347145
1110000000.0	0.125245965494
1112000000.0	-2.28307754239
1114000000.0	1.58406473103
1116000000.0	-1.29379377016
1118000000.0	1.34791951277
1120000000.0	0.739148237588
1122000000.0	-0.241096313287
1124000000.0	-0.722024184671
1126000000.0	-0.20668827139
1128000000.0	0.29605804619
1130000000.0	0.547736228464
1132000000.0	-1.3289809545
1134000000.0	0.328123141395
1136000000.0	0.261904366552
1138000000.0	-1.0286495567
1140000000.0	-0.404856374263
1142000000.0	1.21317622212
1144000000.0	1.76354084748
1146000000.0	1.4086715454
1148000000.0	-0.798370444045
1150000000.0	-1.40385115219
1152000000.0	-1.1572320755
1154000000.0	1.37785929855
1156000000.0	0.360384692481
1158000000.0	0.889065864941
1160000000.0	0.983442630563
1162000000.0	-0.0858914209413
1164000000.0	-0.306064776891
1166000000.0	-0.00393317830456
1168000000.0	0.777945151733
1170000000.0	1.36600957174
1172000000.0	-0.647923258388
1174000000.0	-1.42124722202
1176000000.0	-0.842070921585
1178000000.0	0.0831541634207
1180000000.0	0.0157036128391
1182000000.0	-0.525005878297
1184000000.0	0.168012807634
1186000000.0	-0.430901266186
1188000000.0	-2.1820367399
1190000000.0	-0.563614662325
1192000000.0	-0.0491638095204
1194000000.0	1.77478617893
1196000000.0	1.15271252767
1198000000.0	3.96160239978
1200000000.0	-11.9221105468
1202000000.0	5.73522488483
1204000000.0	0.97025574917
1206000000.0	1.64285280379
1208000000.0	-1.4108468451
1210000000.0	-1.50019075033
1212000000.0	-0.255068424793
1214000000.0	1.24129719962
1216000000.0	1.93849330471
1218000000.0	-0.293278288587
1220000000.0	-0.27004151564
1222000000.0	-0.41947480621
1224000000.0	-0.407847557245
1226000000.0	0.0184176089956
1228000000.0	0.794052012433
1230000000.0	-0.00460360422146
1232000000.0	-0.969835293446
1234000000.0	-1.33565804777
1236000000.0	-0.352982120788
1238000000.0	0.531927465856
1240000000.0	0.568219312098
1242000000.0	0.477892838445
1244000000.0	0.656749819934
1246000000.0	-1.94595265728
1248000000.0	0.156442293705
1250000000.0	0.379036753982
1252000000.0	0.726399770449
1254000000.0	0.336958189059
1256000000.0	0.168975427371
1258000000.0	0.738968803717
1260000000.0	-1.64864719248
1262000000.0	-1.06861332255
1264000000.0	1.32426365225
1266000000.0	1.51825362067
1268000000.0	0.101321822617
1270000000.0	-1.37997404658
1272000000.0	-0.610132569825
1274000000.0	1.33654711977
1276000000.0	-1.74720143471
1278000000.0	0.530291919753
1280000000.0	0.342245315758
1282000000.0	0.665467390917
1284000000.0	0.0572690163155
1286000000.0	-1.2561617031
1288000000.0	-1.25961581989
1290000000.0	1.15752872321
1292000000.0	-0.100886466087
1294000000.0	0.743365400421
1296000000.0	-0.0433959752578
1298000000.0	-0.494140414842
1300000000.0	-1.43565886788
1302000000.0	-0.0606525212053
1304000000.0	1.02848276062
1306000000.0	-0.849102678662
1308000000.0	0.431875364157
1310000000.0	-1.33301755991
1312000000.0	0.236138420611
1314000000.0	1.67339563723
1316000000.0	-0.248391668452
1318000000.0	-0.959672642342
1320000000.0	-1.49946376636
1322000000.0	-0.413172802022
1324000000.0	0.353674745423
1326000000.0	1.06952665113
1328000000.0	0.550511785564
1330000000.0	0.242519035017
1332000000.0	0.0981688563239
1334000000.0	-0.127573992745
1336000000.0	0.998593960131
1338000000.0	0.254994767431
1340000000.0	1.32761249791
1342000000.0	-0.331375751306
1344000000.0	-1.18449670604
1346000000.0	-1.50363198025
1348000000.0	-0.424250936702
1350000000.0	0.418254721941
1352000000.0	1.12807886601
1354000000.0	-0.835709294469
1356000000.0	-1.60277026144
1358000000.0	-2.10304693698
1360000000.0	-0.1857365338
1362000000.0	2.01018668236
1364000000.0	-0.485900619522
1366000000.0	-1.17411670296
1368000000.0	0.448132480705
1370000000.0	-1.01977524249
1372000000.0	-1.7415835862
1374000000.0	-3.37380042198
1376000000.0	6.50815906827
1378000000.0	2.05467911453
1380000000.0	-0.621133166283
1382000000.0	0.00395097066621
1384000000.0	0.431091500174
1386000000.0	-0.496141608614
1388000000.0	0.47852548802
1390000000.0	-0.535058815777
1392000000.0	0.646274883393
1394000000.0	-1.23528490767
1396000000.0	0.40900637358
1398000000.0	0.699569906801
1400000000.0	3.55457567799
1402000000.0	-1.05527367254
1404000000.0	-0.554918605925
1406000000.0	-0.289913431111
1408000000.0	0.487351011769
1410000000.0	-0.165460367201
1412000000.0	1.89134668047
1414000000.0	0.645108132801
1416000000.0	1.14679307414
1418000000.0	-2.65813790579
1420000000.0	-0.989768591308
1422000000.0	-0.739241621924
1424000000.0	-1.12310010012
1426000000.0	2.43510985741
1428000000.0	-0.186419062183
1430000000.0	-0.676457117958
1432000000.0	0.18314282464
1434000000.0	-0.369547384134
1436000000.0	0.78262773357
1438000000.0	2.55378567817
1440000000.0	0.599892514076
1442000000.0	-0.696105907683
1444000000.0	-2.09098970735
1446000000.0	-2.38172715847
1448000000.0	1.53651857962
1450000000.0	2.20265316451
1452000000.0	2.21605776528
1454000000.0	0.052233569163
1456000000.0	-2.23645228259
1458000000.0	-1.49606064822
1460000000.0	1.0933286045
1462000000.0	1.1978720231
1464000000.0	0.711659789952
1466000000.0	0.152284534976
1468000000.0	-3.43347088658
1470000000.0	-2.65941975598
1472000000.0	0.246026283995
1474000000.0	3.51959120467
1476000000.0	1.33214843204
1478000000.0	-1.2256550148
1480000000.0	-5.31605611704
1482000000.0	-4.00480916597
1484000000.0	1.02827405201
1486000000.0	5.49071672171
1488000000.0	5.76846192618
1490000000.0	2.3429411372
1492000000.0	-2.03042289127
1494000000.0	-4.01945158757
1496000000.0	-1.25848900958
1498000000.0	2.8503566339
1500000000.0	6.89498782209
1502000000.0	-1.32573112207
1504000000.0	1.72662126835
1506000000.0	5.13442972122
1508000000.0	3.71172682496
1510000000.0	-0.441154088591
1512000000.0	-4.501292913
1514000000.0	-4.31157032397
1516000000.0	-0.876219301786
1518000000.0	2.80253855186
1520000000.0	3.3902264341
1522000000.0	3.21617025773
1524000000.0	-1.23069980645
1526000000.0	-2.68233565208
1528000000.0	-1.063495686
1530000000.0	0.718994844581
1532000000.0	1.14980544432
1534000000.0	1.60211378092
1536000000.0	0.393278580828
1538000000.0	-2.2151236991
1540000000.0	-0.199569978328
1542000000.0	1.002486444
1544000000.0	1.76856436596
1546000000.0	1.80036939885
1548000000.0	-1.08843339973
1550000000.0	-1.95569740716
1552000000.0	-1.79217171807
1554000000.0	0.962888136639
1556000000.0	2.67125008536
1558000000.0	1.15233302887
1560000000.0	0.329843279087
1562000000.0	-0.800574733932
1564000000.0	-1.4307965364
1566000000.0	1.38726431889
1568000000.0	0.00860337676873
1570000000.0	1.48619019158
1572000000.0	0.819015954615
1574000000.0	1.68940533162
1576000000.0	-1.09149242234
1578000000.0	0.118055265186
1580000000.0	1.44267049939
1582000000.0	1.71288084433
1584000000.0	0.211709624499
1586000000.0	-0.909350825256
1588000000.0	-1.62383238137
1590000000.0	0.489888739417
1592000000.0	-0.234201758268
1594000000.0	1.52265061227
1596000000.0	0.879961637499
1598000000.0	-0.0247309235107
1600000000.0	-1.14372688287
1602000000.0	0.508052261169
1604000000.0	1.46900038199
1606000000.0	0.738956835019
1608000000.0	-0.13716600091
1610000000.0	0.294484755109
1612000000.0	-1.17455591822
1614000000.0	0.437570423323
1616000000.0	0.509116983577
1618000000.0	2.50629947181
1620000000.0	0.618848634974
1622000000.0	-0.238028979034
1624000000.0	-3.32754156872
1626000000.0	0.479266186202
1628000000.0	1.12600836359
1630000000.0	-0.175252492774
1632000000.0	-0.0324144271662
1634000000.0	-1.18582061463
1636000000.0	0.544257843582
1638000000.0	-1.01990443098
1640000000.0	0.358856442628
1642000000.0	0.0494174216797
1644000000.0	-0.213973723105
1646000000.0	0.929650804976
1648000000.0	-1.16962154381
1650000000.0	0.173740067145
1652000000.0	-1.0354812717
1654000000.0	1.85345005964
1656000000.0	-0.0356184141636
1658000000.0	0.482838696765
1660000000.0	1.37354527743
1662000000.0	-0.899478984246
1664000000.0	-0.413779883147
1666000000.0	0.813586429785
1668000000.0	-0.289815918066
1670000000.0	-0.264061112229
1672000000.0	0.130125936439
1674000000.0	0.525986488828
1676000000.0	-0.147559791025
1678000000.0	-0.464014395767
1680000000.0	0.940881826535
1682000000.0	0.758401722068
1684000000.0	-0.662329548477
1686000000.0	-0.0281940033351
1688000000.0	0.451110884738
1690000000.0	-0.0992873614261
1692000000.0	0.333735783169
1694000000.0	0.362575417652
1696000000.0	-0.47663518624
1698000000.0	-0.808668273522
1700000000.0	3.72069248284
1702000000.0	0.679083794904
1704000000.0	-0.275390472012
1706000000.0	-0.545457558437
1708000000.0	0.00326455018501
1710000000.0	0.84986186582
1712000000.0	-0.36603668206
1714000000.0	-0.33398470791
1716000000.0	-0.111039519159
1718000000.0	0.694366626877
1720000000.0	-0.182165446523
1722000000.0	-0.55817139432
1724000000.0	-0.605993970414
1726000000.0	-0.305869829444
1728000000.0	0.230378352321
1730000000.0	0.239750189762
1732000000.0	-0.524330356888
1734000000.0	0.714094174644
1736000000.0	0.710580467273
1738000000.0	-0.602659330817
1740000000.0	0.284192051823
1742000000.0	-0.570336207799
1744000000.0	-0.0064936629948
1746000000.0	0.329814222352
1748000000.0	0.36168217191
1750000000.0	3.25084817129
1752000000.0	1.86465057976
1754000000.0	0.131466058732
1756000000.0	0.209843217577
1758000000.0	0.830398278355
1760000000.0	0.874205677029
1762000000.0	-1.93304328298
1764000000.0	-0.260450559665
1766000000.0	-0.508406526747
1768000000.0	-0.0110343119858
1770000000.0	-0.00399992398791
1772000000.0	0.473532922239
1774000000.0	0.991958034442
1776000000.0	0.311809657815
1778000000.0	1.12596079421
1780000000.0	0.240112068786
1782000000.0	0.555376767247
1784000000.0	0.412201701923
1786000000.0	0.091342932107
1788000000.0	-0.892731968027
1790000000.0	-0.058649495991
1792000000.0	0.22450341339
1794000000.0	1.54673495841
1796000000.0	0.241057869513
1798000000.0	2.16253978243
1800000000.0	-1.92323252137
1802000000.0	0.830734269149
1804000000.0	-1.62815496504
1806000000.0	0.812855159178
1808000000.0	0.426056124816
1810000000.0	0.494011202649
1812000000.0	-1.50858887496
1814000000.0	1.05247887006
1816000000.0	0.746301733325
1818000000.0	0.178988388887
1820000000.0	-0.132039716865
1822000000.0	0.298575820375
1824000000.0	0.391482887517
1826000000.0	0.0683813033518
1828000000.0	-1.0339747824
1830000000.0	-0.023422832746
1832000000.0	-0.96699216909
1834000000.0	0.336272723616
1836000000.0	0.551476751375
1838000000.0	-0.415513954337
1840000000.0	-0.438775085961
1842000000.0	0.337288671866
1844000000.0	-0.0166174658738
1846000000.0	-0.359511699294
1848000000.0	-0.0768202301987
1850000000.0	0.539746214805
1852000000.0	0.558523861373
1854000000.0	1.45497977838
1856000000.0	-0.0659175303102
1858000000.0	1.16736100227
1860000000.0	-0.607031781436
1862000000.0	-0.183315587808
1864000000.0	-0.307822618216
1866000000.0	0.161820405316
1868000000.0	-0.485963517084
1870000000.0	-0.736999938972
1872000000.0	-0.437267521121
1874000000.0	0.952241073704
1876000000.0	0.0674375581064
1878000000.0	0.571024237403
1880000000.0	1.2656385133
1882000000.0	0.393739651815
1884000000.0	-0.893903816888
1886000000.0	-1.5446049683
1888000000.0	-0.973183975392
1890000000.0	0.454571902297
1892000000.0	1.30305188501
1894000000.0	1.34271751607
1896000000.0	0.465155900519
1898000000.0	0.073959808802
1900000000.0	-3.43691990099
1902000000.0	0.00931443340605
1904000000.0	0.603665844018
1906000000.0	-1.23085125722
1908000000.0	-1.5410530076
1910000000.0	0.406377339921
1912000000.0	-0.0113481577122
1914000000.0	1.58348474882
1916000000.0	0.0502970801368
1918000000.0	-2.17244794708
1920000000.0	-1.74624146065
1922000000.0	-0.7172122811
1924000000.0	-0.188865394037
1926000000.0	1.05507747329
1928000000.0	1.81283009568
1930000000.0	-0.0949130086875
1932000000.0	-1.07065132871
1934000000.0	-0.71418124175
1936000000.0	-0.267605104258
1938000000.0	0.580582180699
1940000000.0	1.17367045414
1942000000.0	-0.433061035326
1944000000.0	-0.669738420661
1946000000.0	-0.856940318935
1948000000.0	1.15222235893
1950000000.0	1.2374013256
1952000000.0	0.229284701459
1954000000.0	-1.00577972014
1956000000.0	0.541485415281
1958000000.0	-1.01419001181
1960000000.0	0.629129558512
1962000000.0	-0.559353493237
1964000000.0	0.324071018685
1966000000.0	0.93382817866
1968000000.0	-0.65823809314
1970000000.0	-1.65530922355
1972000000.0	-0.302347201795
1974000000.0	-0.0613079900051
1976000000.0	-0.016711213637
1978000000.0	0.377779414102
1980000000.0	-0.502740187845
1982000000.0	-0.479896571372
1984000000.0	-0.81116835213
1986000000.0	1.10846168275
1988000000.0	0.398800207294
1990000000.0	1.20873891846
1992000000.0	0.630913379008
1994000000.0	0.549944337375
1996000000.0	0.00190926275455
1998000000.0	-0.247792229056
2000000000.0	-1.28125
