0.0	-2.215625
2000000.0	1.02742576683
4000000.0	1.11722521127
6000000.0	-0.207661446477
8000000.0	0.0738063575405
10000000.0	0.631117592365
12000000.0	1.26366187642
14000000.0	1.78826270652
16000000.0	3.75123243243
18000000.0	4.88969687396
20000000.0	4.59755706342
22000000.0	2.42518300534
24000000.0	-0.0307905763074
26000000.0	-1.96012568216
28000000.0	-3.69402641005
30000000.0	-4.28783505767
32000000.0	-3.18002069092
34000000.0	-0.478977333989
36000000.0	2.92541592414
38000000.0	4.18681497297
40000000.0	3.84476082193
42000000.0	2.66402252415
44000000.0	0.70179051028
46000000.0	-1.14971406666
48000000.0	-2.45843272099
50000000.0	-2.63383207131
52000000.0	-1.21613933546
54000000.0	0.706713908354
56000000.0	1.86203038144
58000000.0	1.65494990296
60000000.0	0.583425126971
62000000.0	-0.722608023613
64000000.0	-1.25669848111
66000000.0	-1.2247839635
68000000.0	-0.5440283643
70000000.0	0.372480738653
72000000.0	0.652309581651
74000000.0	0.218086332518
76000000.0	-0.297894455578
78000000.0	-0.798613854869
80000000.0	-0.922392071225
82000000.0	-0.463001199151
84000000.0	0.0987100227366
86000000.0	0.478355745134
88000000.0	-0.0356376598036
90000000.0	-0.282954585572
92000000.0	-0.901530481892
94000000.0	-0.713990853186
96000000.0	-0.392635492568
98000000.0	0.321712092812
100000000.0	0.978509141775
102000000.0	0.405469049406
104000000.0	-0.168138647731
106000000.0	-0.802420378952
108000000.0	-1.26591832297
110000000.0	-1.04932786736
112000000.0	-0.305070899286
114000000.0	0.602888420227
116000000.0	1.02722044918
118000000.0	0.728753557208
120000000.0	0.333208900501
122000000.0	-0.386879749998
124000000.0	-0.777528296802
126000000.0	-0.824406111809
128000000.0	-0.222224221442
130000000.0	0.385209495731
132000000.0	0.528200812388
134000000.0	0.128429557951
136000000.0	-0.330542411025
138000000.0	-0.379352257008
140000000.0	-0.221239062086
142000000.0	0.135389774048
144000000.0	0.666349391257
146000000.0	0.448507176734
148000000.0	0.00329380246019
150000000.0	-0.469172146219
152000000.0	-0.788262775009
154000000.0	-0.787472866134
156000000.0	-0.118124771157
158000000.0	0.540866411582
160000000.0	0.943618385955
162000000.0	0.917871933064
164000000.0	0.215625309215
166000000.0	-0.650270639894
168000000.0	-1.14844590108
170000000.0	-0.655108824622
172000000.0	-0.166604510147
174000000.0	0.50997318098
176000000.0	0.702795723601
178000000.0	0.609802357472
180000000.0	-0.117584081191
182000000.0	-0.618521314106
184000000.0	-0.806167148234
186000000.0	-0.276944751318
188000000.0	0.26111486956
190000000.0	0.677519675874
192000000.0	0.572426507694
194000000.0	0.0487451364606
196000000.0	-0.687594470763
198000000.0	-0.859172685244
200000000.0	-0.712420477721
202000000.0	0.235301467719
204000000.0	0.788302271495
206000000.0	0.927855876514
208000000.0	0.496250699557
210000000.0	-0.300587360233
212000000.0	-1.12364480958
214000000.0	-0.994619716742
216000000.0	-0.537051589603
218000000.0	0.5290055044
220000000.0	1.10722545526
222000000.0	1.13458338128
224000000.0	0.17513738965
226000000.0	-0.697572439724
228000000.0	-1.20868781238
230000000.0	-1.0609011613
232000000.0	-0.105807780806
234000000.0	0.753942777828
236000000.0	1.15540718157
238000000.0	0.812530574581
240000000.0	-0.0246252087261
242000000.0	-0.90773087924
244000000.0	-1.20759796304
246000000.0	-0.686537164582
248000000.0	0.500389398123
250000000.0	0.919690507775
252000000.0	1.19587865049
254000000.0	0.0814290636596
256000000.0	-1.04483277792
258000000.0	-1.45879040323
260000000.0	-0.836255119684
262000000.0	0.384431820777
264000000.0	1.55135945361
266000000.0	1.8024948337
268000000.0	0.79545744698
270000000.0	-0.960954504173
272000000.0	-2.93194049332
274000000.0	-3.22751105953
276000000.0	-0.776049777609
278000000.0	2.89574932851
280000000.0	5.26446932387
282000000.0	4.07616662792
284000000.0	-0.309903020688
286000000.0	-5.31971914477
288000000.0	-8.0771122997
290000000.0	-7.03413737243
292000000.0	-1.27036904524
294000000.0	11.0288829497
296000000.0	28.6098761811
298000000.0	46.4674302518
300000000.0	-142.41945452
302000000.0	45.7588445942
304000000.0	28.609379748
306000000.0	10.7312331134
308000000.0	-1.33213938721
310000000.0	-7.07721032023
312000000.0	-7.45213466295
314000000.0	-4.66493719103
316000000.0	-0.300200653476
318000000.0	3.40154091413
320000000.0	4.63836591081
322000000.0	2.64285284458
324000000.0	-0.400251134989
326000000.0	-2.39948064292
328000000.0	-2.32385673875
330000000.0	-1.04043671593
332000000.0	0.482152934015
334000000.0	1.10885024542
336000000.0	0.854161873575
338000000.0	0.353897062341
340000000.0	-0.327998553102
342000000.0	-0.572186881562
344000000.0	-0.451324858304
346000000.0	0.0964071484785
348000000.0	0.750811159865
350000000.0	0.532377703307
352000000.0	-0.200030265598
354000000.0	-0.774033036209
356000000.0	-0.865024310116
358000000.0	-0.236975681315
360000000.0	0.452337578946
362000000.0	1.06817058384
364000000.0	0.883003981543
366000000.0	0.194914173366
368000000.0	-0.641366112118
370000000.0	-1.20336430986
372000000.0	-1.10801695527
374000000.0	-0.250190554089
376000000.0	0.598541085608
378000000.0	1.25106192846
380000000.0	1.22202240337
382000000.0	0.320122549465
384000000.0	-0.673503997095
386000000.0	-1.24192900845
388000000.0	-0.932230606994
390000000.0	-0.395390429858
392000000.0	0.469438016641
394000000.0	1.00948276713
396000000.0	1.04765801557
398000000.0	0.275339904332
400000000.0	-0.322000187416
402000000.0	-0.813011437444
404000000.0	-0.835999580865
406000000.0	-0.502250710414
408000000.0	0.156071716477
410000000.0	0.629543939024
412000000.0	0.696052461877
414000000.0	0.320791102232
416000000.0	-0.225529779273
418000000.0	-0.453841146735
420000000.0	-0.61400694162
422000000.0	-0.197069244981
424000000.0	0.0652542592343
426000000.0	-0.0593649219273
428000000.0	0.259428558649
430000000.0	-0.017122773498
432000000.0	0.0506957039579
434000000.0	0.0213658477922
436000000.0	0.0608161827273
438000000.0	0.00296087454578
440000000.0	-0.0780211880396
442000000.0	-0.161251154656
444000000.0	-0.315036928282
446000000.0	-0.136319891912
448000000.0	-0.10326817853
450000000.0	0.331323682634
452000000.0	0.484401605332
454000000.0	0.331247909472
456000000.0	0.0659679623629
458000000.0	-0.318225305433
460000000.0	-0.461722729052
462000000.0	-0.474193830876
464000000.0	-0.201829970916
466000000.0	0.155813060516
468000000.0	0.546115983355
470000000.0	0.486345610737
472000000.0	0.274006833774
474000000.0	-0.235784025863
476000000.0	-0.396630563337
478000000.0	-0.485788168726
480000000.0	-0.340556546764
482000000.0	0.11165932796
484000000.0	0.408505750058
486000000.0	0.493662297666
488000000.0	0.300914694979
490000000.0	-0.0404120886179
492000000.0	-0.481983932947
494000000.0	-0.551964906954
496000000.0	-0.345215071855
498000000.0	0.038299504107
500000000.0	-0.00674040183713
502000000.0	0.235101103279
504000000.0	0.142827463216
506000000.0	0.10464891434
508000000.0	-0.0335145472822
510000000.0	-0.242377912399
512000000.0	-0.123329506063
514000000.0	-0.0600657558475
516000000.0	0.0153192544657
518000000.0	-0.00602481277267
520000000.0	-0.0474755935883
522000000.0	0.0470271420801
524000000.0	-0.0474295521699
526000000.0	0.154558160266
528000000.0	0.0300817027835
530000000.0	-0.121521781499
532000000.0	-0.268802880343
534000000.0	-0.0444017461051
536000000.0	-0.323709651074
538000000.0	-0.0657657402711
540000000.0	0.173809049375
542000000.0	0.070458570194
544000000.0	0.238828683096
546000000.0	0.0886321384391
548000000.0	-0.0375442332296
550000000.0	-0.187214973317
552000000.0	-0.459739927027
554000000.0	-0.1938492834
556000000.0	0.0965209719723
558000000.0	0.162187745647
560000000.0	0.225284398774
562000000.0	0.319619261294
564000000.0	-0.0664684822904
566000000.0	-0.299194167298
568000000.0	-0.233891552168
570000000.0	-0.252595647962
572000000.0	-0.153966270735
574000000.0	0.16731867147
576000000.0	0.206434199733
578000000.0	0.226541144864
580000000.0	-0.0732633659884
582000000.0	-0.262905874882
584000000.0	-0.0918129960686
586000000.0	-0.143188415718
588000000.0	-0.109126611823
590000000.0	0.0283318949226
592000000.0	0.153755066649
594000000.0	0.06829598216
596000000.0	-0.0708252590091
598000000.0	-0.25559831277
600000000.0	0.685394904466
602000000.0	-0.316325332613
604000000.0	-0.287261017222
606000000.0	-0.0650564998845
608000000.0	0.0106762686211
610000000.0	-0.027773273569
612000000.0	-0.0287609856683
614000000.0	0.118052691443
616000000.0	0.174081529151
618000000.0	0.135811109152
620000000.0	-0.145796261758
622000000.0	-0.308667722383
624000000.0	-0.262822771252
626000000.0	-0.176075104654
628000000.0	-0.106795592485
630000000.0	0.197555306925
632000000.0	-0.000415207152181
634000000.0	0.216384331468
636000000.0	0.090839969842
638000000.0	-0.141513983063
640000000.0	-0.213628124659
642000000.0	-0.171850451909
644000000.0	-0.204554597794
646000000.0	0.0870887209768
648000000.0	0.0847658222798
650000000.0	0.473315488759
652000000.0	0.252245828955
654000000.0	-0.0860187076243
656000000.0	-0.112400734463
658000000.0	-0.295961060523
660000000.0	-0.0883709335149
662000000.0	-0.0731579815056
664000000.0	0.035553083344
666000000.0	0.194754067546
668000000.0	0.174606589969
670000000.0	0.0267794711155
672000000.0	0.0050351084902
674000000.0	-0.106386526438
676000000.0	-0.222046334099
678000000.0	-0.146654665112
680000000.0	-0.0356703161886
682000000.0	0.182838553298
684000000.0	0.198390080024
686000000.0	-0.0717913497614
688000000.0	0.0570710669572
690000000.0	-0.114849336479
692000000.0	-0.0929281762743
694000000.0	-0.0933498817854
696000000.0	0.0588760265715
698000000.0	0.000458994137614
700000000.0	-0.313318821162
702000000.0	0.192970009373
704000000.0	0.186380525881
706000000.0	0.175899087378
708000000.0	0.0648458247276
710000000.0	0.125486418853
712000000.0	0.00190164416626
714000000.0	-0.186632203481
716000000.0	-0.178716776231
718000000.0	-0.173479362742
720000000.0	-0.0466662615165
722000000.0	0.231751073453
724000000.0	0.167282008118
726000000.0	0.196898520257
728000000.0	-0.143355127094
730000000.0	-0.202027667586
732000000.0	-0.389368026749
734000000.0	-0.180041456089
736000000.0	-0.0577909265177
738000000.0	0.0589662484734
740000000.0	0.174879141377
742000000.0	0.122611766557
744000000.0	0.0678835292811
746000000.0	0.0308244676792
748000000.0	-0.236655896249
750000000.0	-0.439295592754
752000000.0	-0.0326722979285
754000000.0	0.0900511091776
756000000.0	0.16245276814
758000000.0	0.244122275357
760000000.0	0.0785359867187
762000000.0	-0.07652242977
764000000.0	-0.201794455517
766000000.0	-0.0167826549221
768000000.0	0.0919732457411
770000000.0	-0.0718918912898
772000000.0	0.0851101043314
774000000.0	0.0633911292783
776000000.0	0.00533576050425
778000000.0	0.069277995341
780000000.0	0.0404962848985
782000000.0	6.45116634089e-05
784000000.0	-0.0876486522131
786000000.0	-0.0620691233129
788000000.0	-0.14849887709
790000000.0	-0.162763118588
792000000.0	-0.142053112571
794000000.0	0.14384209397
796000000.0	0.207494601608
798000000.0	0.247031280439
800000000.0	0.436964845064
802000000.0	-0.156555714109
804000000.0	-0.29045240447
806000000.0	-0.422552350856
808000000.0	-0.262599829405
810000000.0	0.0146456047461
812000000.0	0.359438989046
814000000.0	0.401978723211
816000000.0	0.301875558463
818000000.0	-0.020978062124
820000000.0	-0.378889754896
822000000.0	-0.475306817552
824000000.0	-0.22858475378
826000000.0	-0.0676292556841
828000000.0	0.219023303923
830000000.0	0.378887295942
832000000.0	0.233447288309
834000000.0	0.0396662044216
836000000.0	-0.147327314474
838000000.0	-0.405613538535
840000000.0	-0.324143232213
842000000.0	0.0390395755386
844000000.0	0.235465893743
846000000.0	0.381480895275
848000000.0	0.208384558623
850000000.0	-0.160410696157
852000000.0	-0.220760828526
854000000.0	-0.141229795783
856000000.0	0.0285176138848
858000000.0	0.267894284502
860000000.0	0.141636172103
862000000.0	0.0248379897982
864000000.0	-0.191189039756
866000000.0	-0.207039065529
868000000.0	-0.230035575144
870000000.0	0.199205266305
872000000.0	0.547553104842
874000000.0	0.748106552837
876000000.0	0.00390687112607
878000000.0	-0.791649417107
880000000.0	-1.0159275772
882000000.0	-0.863102305371
884000000.0	-0.026215467334
886000000.0	0.83301300642
888000000.0	1.68901908898
890000000.0	1.82097673743
892000000.0	0.780926637467
894000000.0	-2.36424912292
896000000.0	-7.22824330177
898000000.0	-12.524947644
900000000.0	36.2701419384
902000000.0	-11.1745581907
904000000.0	-7.10384977842
906000000.0	-3.1094750567
908000000.0	-0.120558632048
910000000.0	1.66793304802
912000000.0	2.1185234976
914000000.0	1.47376898101
916000000.0	0.227420808934
918000000.0	-0.987210363493
920000000.0	-1.46588978703
922000000.0	-0.970240504768
924000000.0	0.176406705075
926000000.0	0.696368426153
928000000.0	0.741348884154
930000000.0	0.422330622256
932000000.0	-0.159800547174
934000000.0	-0.358502956165
936000000.0	-0.506953108813
938000000.0	-0.29577172696
940000000.0	0.143741780901
942000000.0	0.487113650316
944000000.0	0.460537390438
946000000.0	0.086776842024
948000000.0	-0.129193625734
950000000.0	-0.224774679687
952000000.0	-0.234072648239
954000000.0	-0.0167733602859
956000000.0	0.30781119402
958000000.0	0.286519816629
960000000.0	0.0346955331286
962000000.0	-0.136396327864
964000000.0	-0.192782120475
966000000.0	-0.215844135139
968000000.0	0.00133743093076
970000000.0	0.229235040783
972000000.0	0.1144182762
974000000.0	0.119656601839
976000000.0	-0.032990832414
978000000.0	-0.240718414484
980000000.0	-0.200690039107
982000000.0	-0.275396247013
984000000.0	0.0886483512912
986000000.0	0.333407824474
988000000.0	0.194064452265
990000000.0	0.0997492894062
992000000.0	-0.0898658163722
994000000.0	-0.270857647844
996000000.0	-0.299481035815
998000000.0	-0.0927402578351
1000000000.0	0.728125
1002000000.0	0.124188438786
1004000000.0	0.163822604081
1006000000.0	-0.0505712915595
1008000000.0	-0.208889048369
1010000000.0	-0.218810412242
1012000000.0	-0.058502808265
1014000000.0	-0.0421230647291
1016000000.0	0.0812080468751
1018000000.0	0.14833769513
1020000000.0	0.131450426998
1022000000.0	0.0762381184201
1024000000.0	-0.168106848751
1026000000.0	-0.200497178836
1028000000.0	-0.194746886682
1030000000.0	0.0785900181836
1032000000.0	0.139193174828
1034000000.0	0.0296147277586
1036000000.0	0.0747047692548
1038000000.0	0.0338171663144
1040000000.0	-0.0940025794362
1042000000.0	-0.294219337549
1044000000.0	-0.0634583119229
1046000000.0	0.120960650003
1048000000.0	0.167697635791
1050000000.0	0.00396339292358
1052000000.0	-0.0234443020644
1054000000.0	-0.0914216779679
1056000000.0	-0.0316135675577
1058000000.0	-0.0440519808521
1060000000.0	-0.126288658347
1062000000.0	0.118556048649
1064000000.0	0.045121922935
1066000000.0	-0.00915509400651
1068000000.0	-0.153219756084
1070000000.0	-0.0853247077155
1072000000.0	-0.0882041244844
1074000000.0	-4.272351956e-05
1076000000.0	0.0389632362882
1078000000.0	0.0595425495516
1080000000.0	0.105318593106
1082000000.0	0.060761002039
1084000000.0	-0.128618044892
1086000000.0	-0.154458235746
1088000000.0	-0.109154787464
1090000000.0	0.0843878414601
1092000000.0	0.129969939203
1094000000.0	0.169957066602
1096000000.0	0.0913972726276
1098000000.0	-0.0463966900448
1100000000.0	-0.39730576198
1102000000.0	-0.104507661387
1104000000.0	-0.0489464422885
1106000000.0	-0.0113914942937
1108000000.0	0.0326394126
1110000000.0	0.0889673381584
1112000000.0	0.0942359370546
1114000000.0	0.0164961748111
1116000000.0	0.0115023168557
1118000000.0	-0.0343690429303
1120000000.0	0.00329490020348
1122000000.0	0.0957476554935
1124000000.0	0.105680157575
1126000000.0	-0.157157789314
1128000000.0	0.171164884035
1130000000.0	0.0225334753871
1132000000.0	-0.130907503355
1134000000.0	-0.0541280023297
1136000000.0	-0.0625383322465
1138000000.0	-0.0537513947708
1140000000.0	-0.0924890023933
1142000000.0	-0.0640956104777
1144000000.0	-0.016584440178
1146000000.0	0.0640318339194
1148000000.0	-0.0105364530661
1150000000.0	-0.116001384302
1152000000.0	-0.018198123951
1154000000.0	0.0610504058296
1156000000.0	-0.145442029503
1158000000.0	-0.107969192295
1160000000.0	-0.0441058653615
1162000000.0	-0.103777955021
1164000000.0	0.0261428744077
1166000000.0	0.00480690040953
1168000000.0	0.00231208520473
1170000000.0	-0.0244478358004
1172000000.0	-0.0546194372787
1174000000.0	-0.15633215166
1176000000.0	0.0364989673782
1178000000.0	-0.145837138802
1180000000.0	-0.0384946888487
1182000000.0	0.107436230432
1184000000.0	0.000608918986561
1186000000.0	-0.0158635198668
1188000000.0	-0.142683190425
1190000000.0	-0.172302851047
1192000000.0	-0.0878207191043
1194000000.0	0.0191444933073
1196000000.0	0.171536391367
1198000000.0	0.324817025249
1200000000.0	-0.926437312584
1202000000.0	0.237830981084
1204000000.0	0.220109561951
1206000000.0	0.0596153710666
1208000000.0	0.0380403151052
1210000000.0	-0.12711874848
1212000000.0	-0.197079062612
1214000000.0	-0.00711481450947
1216000000.0	0.0507027049639
1218000000.0	-0.0662730057826
1220000000.0	-0.00806043227258
1222000000.0	-0.104154835094
1224000000.0	-0.0348041133746
1226000000.0	-0.0122596571475
1228000000.0	-0.0722417835166
1230000000.0	-0.0765233644419
1232000000.0	-0.0658748544446
1234000000.0	-0.0918913189905
1236000000.0	0.0833758239082
1238000000.0	-0.0187521000491
1240000000.0	0.119449364265
1242000000.0	-0.0403594864883
1244000000.0	-0.10072280501
1246000000.0	-0.000409353685219
1248000000.0	-0.0304531405418
1250000000.0	-0.334438848351
1252000000.0	-0.0642853665432
1254000000.0	-0.0630164180407
1256000000.0	-0.0734110234982
1258000000.0	-0.000196443045426
1260000000.0	0.0449885038189
1262000000.0	0.0117589997996
1264000000.0	-0.119452519979
1266000000.0	-0.0795822187138
1268000000.0	-0.104779469995
1270000000.0	-0.149762384224
1272000000.0	-0.0167398101673
1274000000.0	0.010396543705
1276000000.0	-0.0146816874309
1278000000.0	0.0402525925932
1280000000.0	-0.0739081019732
1282000000.0	-0.0254676953687
1284000000.0	-0.0167777854622
1286000000.0	-0.00671519637604
1288000000.0	0.0373366555694
1290000000.0	0.0468936595241
1292000000.0	-0.106720350432
1294000000.0	0.112564908337
1296000000.0	-0.00137565861988
1298000000.0	0.0511154171442
1300000000.0	-0.431913664837
1302000000.0	0.209511594567
1304000000.0	0.204587477766
1306000000.0	-0.156669089341
1308000000.0	-0.019416786562
1310000000.0	-0.00663474919192
1312000000.0	0.0494396506362
1314000000.0	0.0799337072457
1316000000.0	-0.017817105855
1318000000.0	0.0962101565745
1320000000.0	-0.163695442845
1322000000.0	-0.068129957108
1324000000.0	-0.215895251626
1326000000.0	0.099036951864
1328000000.0	0.0589465096083
1330000000.0	-0.0606050118649
1332000000.0	0.140417159924
1334000000.0	-0.0550624391516
1336000000.0	-0.0152596779512
1338000000.0	-0.00546009873619
1340000000.0	-0.0080374698378
1342000000.0	-0.0130541380633
1344000000.0	0.0432198392426
1346000000.0	0.0175785971959
1348000000.0	0.191470003513
1350000000.0	0.077611961896
1352000000.0	-0.0284085229742
1354000000.0	-0.189894912149
1356000000.0	0.0205433136563
1358000000.0	-0.0965882078839
1360000000.0	0.114430249138
1362000000.0	0.0276846742791
1364000000.0	-0.00478844130727
1366000000.0	0.0313908124983
1368000000.0	-0.0769673485769
1370000000.0	0.067025918753
1372000000.0	-0.167848941874
1374000000.0	0.0398168083744
1376000000.0	-0.199905438673
1378000000.0	0.0829542967697
1380000000.0	0.01078417023
1382000000.0	0.0257124964937
1384000000.0	0.0446067596693
1386000000.0	-0.0673736779975
1388000000.0	0.0232834953597
1390000000.0	0.0704696968516
1392000000.0	-0.0867219708168
1394000000.0	-0.0242405992089
1396000000.0	-0.0110790031872
1398000000.0	-0.00279890930499
1400000000.0	-0.181342338634
1402000000.0	0.168755334603
1404000000.0	0.043784684882
1406000000.0	0.168640290934
1408000000.0	0.165997068722
1410000000.0	-0.0796284699962
1412000000.0	-0.0853306852535
1414000000.0	-0.154724260399
1416000000.0	-0.169364311911
1418000000.0	0.00045190366264
1420000000.0	0.0514858020296
1422000000.0	0.0741009693036
1424000000.0	0.074294026281
1426000000.0	-0.24926954485
1428000000.0	-0.171504889873
1430000000.0	-0.15000166496
1432000000.0	-0.110523765222
1434000000.0	-0.0810661535566
1436000000.0	0.024210617885
1438000000.0	0.115581850181
1440000000.0	0.0970495872073
1442000000.0	-0.103940423057
1444000000.0	-0.203838325866
1446000000.0	-0.0637085670381
1448000000.0	-0.145892689077
1450000000.0	0.110060380537
1452000000.0	0.169053021703
1454000000.0	0.327877815147
1456000000.0	0.219385769098
1458000000.0	-0.0785454612441
1460000000.0	-0.201564124161
1462000000.0	-0.279694556763
1464000000.0	-0.0373147408773
1466000000.0	0.143153828566
1468000000.0	0.114145227134
1470000000.0	0.0630351816793
1472000000.0	-0.0189936409828
1474000000.0	-0.145391411655
1476000000.0	-0.209726728021
1478000000.0	0.159000436008
1480000000.0	0.158034550952
1482000000.0	0.106478376247
1484000000.0	0.0771549941456
1486000000.0	-0.094924431229
1488000000.0	-0.336858753477
1490000000.0	-0.420749727492
1492000000.0	-0.372767222175
1494000000.0	0.646954610488
1496000000.0	2.14848996798
1498000000.0	4.00483682027
1500000000.0	-10.4807595982
1502000000.0	3.32362216006
1504000000.0	2.18477122529
1506000000.0	1.13709827661
1508000000.0	0.276062131408
1510000000.0	-0.403757844902
1512000000.0	-0.803277219602
1514000000.0	-0.722228391192
1516000000.0	-0.206336372796
1518000000.0	0.294916039928
1520000000.0	0.647326989986
1522000000.0	0.327430471665
1524000000.0	-0.158275436872
1526000000.0	-0.147411452086
1528000000.0	-0.341612804108
1530000000.0	-0.330397562884
1532000000.0	-0.161589876909
1534000000.0	0.261904750155
1536000000.0	0.232372260314
1538000000.0	0.279511301037
1540000000.0	-0.135458575158
1542000000.0	-0.063388915258
1544000000.0	-0.159535706893
1546000000.0	-0.0519592120385
1548000000.0	0.0101296010994
1550000000.0	0.0728425977022
1552000000.0	0.103605219138
1554000000.0	0.0352304401955
1556000000.0	0.0357390737384
1558000000.0	-0.0328307843654
1560000000.0	-0.0490718288835
1562000000.0	0.0117858175232
1564000000.0	0.0841988537172
1566000000.0	0.0629272365518
1568000000.0	0.0454590622935
1570000000.0	-0.171740714124
1572000000.0	-0.117803145512
1574000000.0	-0.107680110474
1576000000.0	-0.106616691744
1578000000.0	0.0730287510707
1580000000.0	0.160166466665
1582000000.0	0.101422138994
1584000000.0	-0.0994219755174
1586000000.0	-0.155919478927
1588000000.0	-0.160312723622
1590000000.0	-0.0160708543094
1592000000.0	-0.0714225664963
1594000000.0	0.0599180392626
1596000000.0	0.177921651183
1598000000.0	0.107599422238
1600000000.0	0.0770976549356
1602000000.0	0.0464590426198
1604000000.0	-0.0405728127814
1606000000.0	-0.183636940346
1608000000.0	-0.0475445274819
1610000000.0	0.0441425208472
1612000000.0	0.0156359372784
1614000000.0	0.0815788329576
1616000000.0	0.087276874544
1618000000.0	0.0193457480736
1620000000.0	-0.0412203749613
1622000000.0	-0.0613671535522
1624000000.0	-0.0206892751318
1626000000.0	0.238834621824
1628000000.0	0.070834388132
1630000000.0	0.0028388367776
1632000000.0	-0.0656512705415
1634000000.0	-0.0214243954862
1636000000.0	0.00964468897147
1638000000.0	-0.109639573992
1640000000.0	0.0510168530975
1642000000.0	0.0824592106303
1644000000.0	0.114035937468
1646000000.0	-0.125916016205
1648000000.0	-0.0166845041042
1650000000.0	-0.180259503749
1652000000.0	-0.0489559006923
1654000000.0	0.0145337394586
1656000000.0	-0.037086203358
1658000000.0	0.0460481976814
1660000000.0	0.0341825330759
1662000000.0	0.0300902218157
1664000000.0	-0.201506180547
1666000000.0	-0.021347252894
1668000000.0	0.0150871414368
1670000000.0	-0.00177338136714
1672000000.0	0.0326665656805
1674000000.0	-0.0288653940109
1676000000.0	-0.0665331339191
1678000000.0	0.0208878992209
1680000000.0	0.00879020947106
1682000000.0	-0.0769365825415
1684000000.0	-0.123848860851
1686000000.0	-0.0308388081667
1688000000.0	-0.0265433261799
1690000000.0	0.201518505838
1692000000.0	0.0450157958769
1694000000.0	-0.143440760512
1696000000.0	-0.0374253476496
1698000000.0	-0.059538479246
1700000000.0	0.071955909731
1702000000.0	-0.0505995985307
1704000000.0	0.130672184791
1706000000.0	-0.068940129216
1708000000.0	0.0968946936944
1710000000.0	-0.00811647086092
1712000000.0	0.0431968532176
1714000000.0	-0.000967391329005
1716000000.0	0.0114357449955
1718000000.0	-0.0636011000555
1720000000.0	-0.0270401209042
1722000000.0	-0.0353314319867
1724000000.0	-0.066394201085
1726000000.0	0.0103837391234
1728000000.0	-0.0388449969533
1730000000.0	0.0205755094073
1732000000.0	0.0691721166077
1734000000.0	-0.0597863987982
1736000000.0	-0.0685746481585
1738000000.0	-0.0150672504538
1740000000.0	-0.0305404158016
1742000000.0	-0.0229238339489
1744000000.0	-0.017958785869
1746000000.0	-0.00147224657908
1748000000.0	0.0817993580416
1750000000.0	0.66654393333
1752000000.0	-0.0982092985352
1754000000.0	-0.100780326114
1756000000.0	0.00309413028026
1758000000.0	0.017263444362
1760000000.0	0.0021204163169
1762000000.0	0.0354524973714
1764000000.0	0.0822817497181
1766000000.0	-0.0571284178299
1768000000.0	-0.0292055201682
1770000000.0	0.0317610170315
1772000000.0	-0.12910690484
1774000000.0	-0.0146854870951
1776000000.0	-0.0319930532394
1778000000.0	0.00998380712671
1780000000.0	0.0205648717512
1782000000.0	-0.0671449127971
1784000000.0	0.0563318786162
1786000000.0	0.0257835765373
1788000000.0	-0.054596566855
1790000000.0	-0.0167321185714
1792000000.0	0.0328395041316
1794000000.0	-0.0350822722226
1796000000.0	-0.105381229348
1798000000.0	-0.181970100763
1800000000.0	0.63649291189
1802000000.0	-0.243929438349
1804000000.0	-0.111958498611
1806000000.0	-0.0790649767801
1808000000.0	0.0143107593279
1810000000.0	0.0996460096319
1812000000.0	0.138298542664
1814000000.0	-0.0171689818877
1816000000.0	0.0884212807958
1818000000.0	-0.107866361212
1820000000.0	0.0429253782031
1822000000.0	-0.0140939611718
1824000000.0	-0.0968909929845
1826000000.0	-0.00657374155231
1828000000.0	0.0239508520553
1830000000.0	-0.0237604180078
1832000000.0	-0.0695716795653
1834000000.0	0.0808979620195
1836000000.0	0.00226909389325
1838000000.0	-0.00569308509287
1840000000.0	0.092156850739
1842000000.0	-0.124357107779
1844000000.0	-0.0725962285209
1846000000.0	-0.0505248918039
1848000000.0	-0.0945489189823
1850000000.0	0.0180319121221
1852000000.0	0.0216342211607
1854000000.0	0.167673060443
1856000000.0	0.127966819634
1858000000.0	-0.0118791933457
1860000000.0	-0.141218346642
1862000000.0	-0.102492885436
1864000000.0	-0.146176945297
1866000000.0	0.0832876997576
1868000000.0	-0.0445086015719
1870000000.0	0.0755133383272
1872000000.0	0.112577770402
1874000000.0	0.130450016093
1876000000.0	-0.0705262064655
1878000000.0	-0.0815452419019
1880000000.0	-0.124948670019
1882000000.0	-0.0546811080503
1884000000.0	0.107724375181
1886000000.0	0.0729158348979
1888000000.0	0.278823222115
1890000000.0	0.118569506151
1892000000.0	-0.108067668188
1894000000.0	-0.175564509736
1896000000.0	-0.392962340714
1898000000.0	-0.56002125992
1900000000.0	2.19763577789
1902000000.0	-0.845036710877
1904000000.0	-0.559407853186
1906000000.0	-0.0656867230504
1908000000.0	0.122197051293
1910000000.0	0.027684877332
1912000000.0	0.0239136973572
1914000000.0	0.00942038376922
1916000000.0	-0.0489719553868
1918000000.0	0.0778272838934
1920000000.0	-0.0441769602281
1922000000.0	-0.0671702362234
1924000000.0	0.0545396130231
1926000000.0	0.0398882596733
1928000000.0	-0.0602094937379
1930000000.0	-0.0447264981616
1932000000.0	-0.162018060477
1934000000.0	0.0178826476101
1936000000.0	0.153378521127
1938000000.0	0.130701584076
1940000000.0	0.111350905167
1942000000.0	0.0419619302753
1944000000.0	-0.188110727315
1946000000.0	-0.0406111881172
1948000000.0	-0.190941489054
1950000000.0	-0.147861665138
1952000000.0	0.00575097980663
1954000000.0	0.013851378751
1956000000.0	0.0125070128246
1958000000.0	0.0371081440963
1960000000.0	0.0154300716927
1962000000.0	-0.140223304177
1964000000.0	-0.0284774025242
1966000000.0	-0.0184837783912
1968000000.0	0.0607146315267
1970000000.0	-0.187773033326
1972000000.0	0.107349705114
1974000000.0	-0.0133722318506
1976000000.0	-0.00740162150567
1978000000.0	-0.099399556527
1980000000.0	0.0277473948054
1982000000.0	0.102982386995
1984000000.0	-0.112245246275
1986000000.0	0.026047522106
1988000000.0	0.0805715859596
1990000000.0	-0.0341834757264
1992000000.0	-0.0275118765091
1994000000.0	0.0265680830754
1996000000.0	0.025798959984
1998000000.0	-0.248012477707
2000000000.0	0.309375
