0.0	-2.909389
2000000.0	0.366777286131
4000000.0	0.985911556563
6000000.0	-0.0371500026145
8000000.0	-0.0580658322888
10000000.0	0.024988875214
12000000.0	0.349551452399
14000000.0	0.554685762913
16000000.0	1.62740061047
18000000.0	2.95896724266
20000000.0	2.88436353023
22000000.0	1.8697527095
24000000.0	0.327498474211
26000000.0	-1.01786880884
28000000.0	-2.18028968652
30000000.0	-3.00473594709
32000000.0	-2.39262229494
34000000.0	-0.663803352648
36000000.0	1.76533994793
38000000.0	2.74093039351
40000000.0	2.40013961038
42000000.0	1.83014177091
44000000.0	0.554796700988
46000000.0	-0.707581085348
48000000.0	-1.62417668008
50000000.0	-1.71505189686
52000000.0	-0.774745622864
54000000.0	0.405813737678
56000000.0	1.09607777628
58000000.0	0.882467237029
60000000.0	0.15281769842
62000000.0	-0.636680150833
64000000.0	-0.80947808264
66000000.0	-0.486096885368
68000000.0	0.0233475004696
70000000.0	0.505717207888
72000000.0	0.503017658821
74000000.0	0.0802304161451
76000000.0	-0.401789729922
78000000.0	-0.905730481382
80000000.0	-0.719902216104
82000000.0	-0.224134680357
84000000.0	0.457285014122
86000000.0	0.82233869635
88000000.0	0.433925452217
90000000.0	-0.390898820447
92000000.0	-0.953561922673
94000000.0	-1.04219294407
96000000.0	-0.568987025336
98000000.0	0.150418135866
100000000.0	0.92548588373
102000000.0	1.04157035983
104000000.0	0.415766459997
106000000.0	-0.468358002799
108000000.0	-1.008574332
110000000.0	-1.13485604333
112000000.0	-0.627843568843
114000000.0	0.057452478636
116000000.0	0.629017352826
118000000.0	0.76683047708
120000000.0	0.585479607973
122000000.0	-0.050037557471
124000000.0	-0.652536930626
126000000.0	-0.421285590722
128000000.0	-0.230828124294
130000000.0	0.110605008257
132000000.0	0.235219293879
134000000.0	0.085921355018
136000000.0	-0.0948468822548
138000000.0	-0.279593990006
140000000.0	-0.178101835942
142000000.0	0.295166422313
144000000.0	0.619555024387
146000000.0	0.600194855841
148000000.0	0.265596682837
150000000.0	-0.274923090873
152000000.0	-0.949763894472
154000000.0	-0.88294299269
156000000.0	-0.448708720964
158000000.0	0.361865588752
160000000.0	0.910004424798
162000000.0	1.01782517967
164000000.0	0.621889215052
166000000.0	-0.166903155181
168000000.0	-0.831728499589
170000000.0	-0.900579106565
172000000.0	-0.743345465227
174000000.0	0.0724739552587
176000000.0	0.652323583977
178000000.0	0.76041157348
180000000.0	0.488999786944
182000000.0	-0.1167873836
184000000.0	-0.459083002224
186000000.0	-0.492265201808
188000000.0	-0.193455418701
190000000.0	0.184997291309
192000000.0	0.414809194116
194000000.0	0.205178775211
196000000.0	-0.21215308365
198000000.0	-0.343170534635
200000000.0	-0.410143228862
202000000.0	0.00530536377952
204000000.0	0.271667974621
206000000.0	0.638984722146
208000000.0	0.302652008911
210000000.0	-0.0787068589503
212000000.0	-0.61317104294
214000000.0	-0.835068357364
216000000.0	-0.502892663777
218000000.0	0.238761510447
220000000.0	0.881692508458
222000000.0	0.949641739695
224000000.0	0.440284724456
226000000.0	-0.424598595686
228000000.0	-0.991878518819
230000000.0	-1.10842554373
232000000.0	-0.478576105332
234000000.0	0.29914730266
236000000.0	1.06123270984
238000000.0	1.24704252244
240000000.0	0.669296958806
242000000.0	-0.399527659097
244000000.0	-1.32732116748
246000000.0	-1.28502425452
248000000.0	-0.548802014389
250000000.0	0.534729852023
252000000.0	1.14327930184
254000000.0	1.09514846604
256000000.0	0.480159711915
258000000.0	-0.487513894752
260000000.0	-0.933559435028
262000000.0	-1.09480144487
264000000.0	-0.241943510997
266000000.0	0.63673207482
268000000.0	1.04371012661
270000000.0	0.548100957621
272000000.0	-0.612934795303
274000000.0	-1.09445736068
276000000.0	-0.775526486659
278000000.0	0.635643671726
280000000.0	1.6010615646
282000000.0	1.65187832368
284000000.0	0.351485965261
286000000.0	-1.67469582249
288000000.0	-3.61302909813
290000000.0	-4.30739273987
292000000.0	-1.66259565034
294000000.0	6.12015614742
296000000.0	18.2167697744
298000000.0	29.5462542349
300000000.0	-91.414452316
302000000.0	27.8928274117
304000000.0	18.9038797426
306000000.0	9.06100058038
308000000.0	0.831626711443
310000000.0	-4.5518703985
312000000.0	-6.7045186978
314000000.0	-5.16829316279
316000000.0	-1.08360365913
318000000.0	2.86490428849
320000000.0	4.54183209886
322000000.0	3.22021289205
324000000.0	0.394512134797
326000000.0	-1.97022178916
328000000.0	-2.58679769088
330000000.0	-1.95533007588
332000000.0	-0.563050193386
334000000.0	0.862619571752
336000000.0	1.694961543
338000000.0	1.44509882567
340000000.0	0.460903209281
342000000.0	-0.60425566342
344000000.0	-1.06402396169
346000000.0	-0.878805627517
348000000.0	-0.125002129453
350000000.0	0.420769852758
352000000.0	0.450707590434
354000000.0	0.208362292195
356000000.0	-0.0312187366008
358000000.0	-0.150097823096
360000000.0	-0.126067602542
362000000.0	0.0507796437518
364000000.0	0.363523148157
366000000.0	0.1929546957
368000000.0	0.000949882897817
370000000.0	-0.526341921006
372000000.0	-0.518523569986
374000000.0	-0.386176544407
376000000.0	0.320345394842
378000000.0	0.600443275015
380000000.0	0.685201876148
382000000.0	0.232426365874
384000000.0	-0.277590176265
386000000.0	-0.71849683302
388000000.0	-0.742394976635
390000000.0	-0.321180910844
392000000.0	0.290848823026
394000000.0	0.7559689197
396000000.0	0.839376589495
398000000.0	0.364500335967
400000000.0	-0.208283701557
402000000.0	-0.789187688835
404000000.0	-0.812509238263
406000000.0	-0.435259585331
408000000.0	0.191457573217
410000000.0	0.70726284461
412000000.0	0.755895715327
414000000.0	0.463270572487
416000000.0	-0.140171270483
418000000.0	-0.529676426722
420000000.0	-0.669634632326
422000000.0	-0.440293146881
424000000.0	0.0358269259412
426000000.0	0.407722261402
428000000.0	0.488757094806
430000000.0	0.266436664352
432000000.0	0.0179684681689
434000000.0	-0.211051976907
436000000.0	-0.414951987484
438000000.0	-0.0887679380685
440000000.0	0.0530054260859
442000000.0	0.215899931049
444000000.0	0.131797459484
446000000.0	0.0600664900069
448000000.0	-0.0314352821818
450000000.0	-0.00506639367382
452000000.0	0.0826540768094
454000000.0	-0.0064699398127
456000000.0	0.152299047013
458000000.0	-0.0602602828334
460000000.0	-0.134810455769
462000000.0	-0.21668701584
464000000.0	-0.135321028181
466000000.0	0.061246869283
468000000.0	0.194174497589
470000000.0	0.390393431189
472000000.0	0.270903392754
474000000.0	-0.103819831995
476000000.0	-0.331891469498
478000000.0	-0.479260627855
480000000.0	-0.346049453018
482000000.0	0.0765635816166
484000000.0	0.321836854929
486000000.0	0.382767573476
488000000.0	0.359303035969
490000000.0	-0.0249329790919
492000000.0	-0.246156779584
494000000.0	-0.50900066181
496000000.0	-0.382805169336
498000000.0	-0.0208306178156
500000000.0	0.233523476607
502000000.0	0.354955527207
504000000.0	0.379477586798
506000000.0	0.158139800696
508000000.0	-0.135808027813
510000000.0	-0.315509884444
512000000.0	-0.359614410675
514000000.0	-0.0929919638897
516000000.0	0.00596633992493
518000000.0	0.275801241446
520000000.0	0.179736132767
522000000.0	0.0893121449119
524000000.0	-0.0740074081546
526000000.0	-0.14032586247
528000000.0	-0.197106590995
530000000.0	-0.159393944014
532000000.0	-0.00841507814008
534000000.0	0.00426244114274
536000000.0	0.0129612516964
538000000.0	0.0487386433311
540000000.0	-0.0786401288738
542000000.0	-0.0201677818762
544000000.0	0.0190157881518
546000000.0	-0.0026534263239
548000000.0	-0.000573215606524
550000000.0	-0.130988314793
552000000.0	-0.0355562889597
554000000.0	-0.0831227710284
556000000.0	0.0117846303899
558000000.0	0.0893236045284
560000000.0	0.161767789526
562000000.0	0.195959181784
564000000.0	-0.0189152233699
566000000.0	-0.16723223301
568000000.0	-0.288821032173
570000000.0	-0.215045781594
572000000.0	-0.140350794434
574000000.0	0.117029427749
576000000.0	0.374610760569
578000000.0	0.321482384542
580000000.0	-0.0236240981214
582000000.0	-0.145204351597
584000000.0	-0.271700005305
586000000.0	-0.267516087184
588000000.0	-0.223185336122
590000000.0	0.0777851666356
592000000.0	0.178618821259
594000000.0	0.260589155459
596000000.0	0.0753850410204
598000000.0	-0.209484702292
600000000.0	-0.0459947069224
602000000.0	-0.309359713861
604000000.0	-0.1696575672
606000000.0	-0.0586490696978
608000000.0	0.102974923618
610000000.0	0.101478682373
612000000.0	0.172876394566
614000000.0	-0.0128733906518
616000000.0	-0.020191165631
618000000.0	-0.180245340044
620000000.0	-0.117889031617
622000000.0	-0.0351660985254
624000000.0	-0.0431306789953
626000000.0	0.0463995376333
628000000.0	-0.00218837495824
630000000.0	0.0135570185854
632000000.0	0.0123632884005
634000000.0	0.0218693254966
636000000.0	0.10713351273
638000000.0	-0.0638041865836
640000000.0	0.0201308277706
642000000.0	-0.0628815147447
644000000.0	-0.0777252967042
646000000.0	-0.0574831671952
648000000.0	0.0445965014437
650000000.0	0.113236427369
652000000.0	0.197173233659
654000000.0	0.122348082325
656000000.0	-0.0471371597146
658000000.0	-0.132635645988
660000000.0	-0.130360529535
662000000.0	-0.0601616909402
664000000.0	0.0809211749193
666000000.0	0.180483034801
668000000.0	0.192032046451
670000000.0	0.247143092043
672000000.0	-0.0192837185805
674000000.0	-0.145210637922
676000000.0	-0.275700270335
678000000.0	-0.128044942413
680000000.0	0.0251839234399
682000000.0	0.244385287085
684000000.0	0.270908994914
686000000.0	0.130039937607
688000000.0	-0.00610207943119
690000000.0	-0.199294710302
692000000.0	-0.170673225289
694000000.0	-0.054912069122
696000000.0	0.054819177587
698000000.0	0.204753983281
700000000.0	-0.122972124666
702000000.0	0.11617101901
704000000.0	0.0656013599254
706000000.0	-0.0260405061097
708000000.0	-0.0920018643827
710000000.0	-0.118773858627
712000000.0	0.0445554878571
714000000.0	0.0373269310115
716000000.0	0.0943463168193
718000000.0	-0.0295852955513
720000000.0	-0.0129855829924
722000000.0	-0.0514581681217
724000000.0	0.00596490361942
726000000.0	0.0424972976886
728000000.0	0.0535123471605
730000000.0	0.0730154796808
732000000.0	-0.0370648282616
734000000.0	-0.119036943399
736000000.0	-0.0508329922501
738000000.0	-0.00737671379904
740000000.0	0.112643383582
742000000.0	0.176452216734
744000000.0	0.0807762496374
746000000.0	-0.00476740976032
748000000.0	-0.127599895054
750000000.0	0.0219830927623
752000000.0	-0.109013059965
754000000.0	0.0792249444377
756000000.0	0.112286889205
758000000.0	0.134936682727
760000000.0	0.130501317189
762000000.0	0.00138574136524
764000000.0	-0.0666020194904
766000000.0	-0.269268719722
768000000.0	-0.0996556793116
770000000.0	-0.058875675806
772000000.0	0.25908767281
774000000.0	0.172266208261
776000000.0	0.0702910398035
778000000.0	0.0701869307996
780000000.0	-0.216627775726
782000000.0	-0.246098210047
784000000.0	-0.181273527947
786000000.0	-0.0633253777311
788000000.0	0.133277257032
790000000.0	0.207254602553
792000000.0	0.105942237951
794000000.0	0.0755671329822
796000000.0	-0.158818751202
798000000.0	-0.153946926213
800000000.0	-0.315177777634
802000000.0	0.0873998507985
804000000.0	0.151960722805
806000000.0	0.206092579545
808000000.0	-0.00141656356297
810000000.0	-0.0335259337058
812000000.0	-0.150909725947
814000000.0	-0.201600858479
816000000.0	-0.0288240349207
818000000.0	0.0569964182358
820000000.0	0.224733823983
822000000.0	0.0528203655396
824000000.0	-0.0243230654052
826000000.0	-0.0510411792879
828000000.0	-0.207421461892
830000000.0	-0.00611868616906
832000000.0	0.0401546955163
834000000.0	0.15140136913
836000000.0	0.0882973344372
838000000.0	-0.0314271585071
840000000.0	-0.148679665369
842000000.0	-0.216395534074
844000000.0	-0.138260507048
846000000.0	0.0664311626327
848000000.0	0.250864596945
850000000.0	0.28228606236
852000000.0	0.088343701868
854000000.0	-0.148146352407
856000000.0	-0.327257409638
858000000.0	-0.38011879906
860000000.0	-0.0541467616514
862000000.0	0.305698797173
864000000.0	0.579795236173
866000000.0	0.432078384737
868000000.0	0.0238539836766
870000000.0	-0.412026623456
872000000.0	-0.776601776907
874000000.0	-0.602457563693
876000000.0	-0.0681747257308
878000000.0	0.742821543418
880000000.0	1.22108328216
882000000.0	0.93661515119
884000000.0	-0.173771385239
886000000.0	-1.29542995595
888000000.0	-1.81889208409
890000000.0	-1.41996869094
892000000.0	0.0743753002767
894000000.0	2.3014160484
896000000.0	5.37843483806
898000000.0	8.48136706811
900000000.0	-26.3130795227
902000000.0	8.13874547884
904000000.0	5.18897577177
906000000.0	1.92616966442
908000000.0	-0.341191444843
910000000.0	-1.18611105544
912000000.0	-1.14982756841
914000000.0	-0.545504654162
916000000.0	-0.0730814604329
918000000.0	0.356003798314
920000000.0	0.593397429251
922000000.0	0.346987729998
924000000.0	0.106168469976
926000000.0	-0.418711883926
928000000.0	-0.238388008626
930000000.0	-0.0570716098529
932000000.0	0.134353044249
934000000.0	0.0732848914413
936000000.0	-0.0515292878808
938000000.0	-0.0615323491001
940000000.0	-0.158158955924
942000000.0	-0.0295739004129
944000000.0	0.219890631057
946000000.0	0.171303271279
948000000.0	0.182414889715
950000000.0	-0.0470628552657
952000000.0	-0.19254907474
954000000.0	-0.258893192363
956000000.0	-0.255244382779
958000000.0	-0.0084774901252
960000000.0	0.208766731261
962000000.0	0.318805373992
964000000.0	0.229196581125
966000000.0	0.0120786058714
968000000.0	-0.209069356789
970000000.0	-0.367973654675
972000000.0	-0.236044404981
974000000.0	0.0428000221763
976000000.0	0.103933647385
978000000.0	0.285430737769
980000000.0	0.160649696735
982000000.0	0.0311777627274
984000000.0	-0.1352971681
986000000.0	-0.284012221323
988000000.0	-0.189846527797
990000000.0	-0.0444063775524
992000000.0	0.137673233095
994000000.0	0.179795570407
996000000.0	0.262612923693
998000000.0	-0.0296153226837
1000000000.0	0.3468785
1002000000.0	-0.0883221502685
1004000000.0	-0.123302994249
1006000000.0	-0.00661396770892
1008000000.0	0.0557143267197
1010000000.0	0.139656929956
1012000000.0	0.0713686340075
1014000000.0	0.110877728586
1016000000.0	0.0290135283963
1018000000.0	-0.0635762610778
1020000000.0	-0.0504539863366
1022000000.0	-0.047150469813
1024000000.0	-0.00323044836673
1026000000.0	-0.0311524176927
1028000000.0	0.0267947863143
1030000000.0	0.00389768863365
1032000000.0	0.00950857190885
1034000000.0	0.017325897898
1036000000.0	0.080749601906
1038000000.0	0.0938566333673
1040000000.0	-0.000819673795318
1042000000.0	-0.0997991789924
1044000000.0	-0.0252212922862
1046000000.0	-0.0360760301384
1048000000.0	0.0286411885408
1050000000.0	-0.000948285395443
1052000000.0	0.108221916094
1054000000.0	0.0678257899741
1056000000.0	0.0208683850612
1058000000.0	-0.114660876287
1060000000.0	-0.145013134606
1062000000.0	-0.12729879103
1064000000.0	-0.0844758381603
1066000000.0	0.0338263537584
1068000000.0	0.11380360926
1070000000.0	0.15144815142
1072000000.0	-0.0156629933622
1074000000.0	-0.0217220469093
1076000000.0	-0.0826197496249
1078000000.0	-0.0700235622905
1080000000.0	-0.0462611656473
1082000000.0	0.0780330367342
1084000000.0	0.103558181906
1086000000.0	0.0139473795556
1088000000.0	0.0268605273037
1090000000.0	0.0419877293409
1092000000.0	-0.0170171106071
1094000000.0	-0.0605764562842
1096000000.0	0.00462609499679
1098000000.0	0.0441045829278
1100000000.0	-0.198750074818
1102000000.0	0.0813355340074
1104000000.0	0.02425121317
1106000000.0	-0.0074090480556
1108000000.0	-0.0113704225002
1110000000.0	-0.00461556308491
1112000000.0	-0.0126646961666
1114000000.0	-0.0336320550339
1116000000.0	-0.0305913941193
1118000000.0	-0.0074644807786
1120000000.0	-0.00850986395925
1122000000.0	0.0093886805927
1124000000.0	0.0284524626063
1126000000.0	0.158787915361
1128000000.0	0.0922478759168
1130000000.0	0.0543369617941
1132000000.0	-0.0171727640486
1134000000.0	-0.0643281449838
1136000000.0	-0.0762915404362
1138000000.0	-0.0647164560599
1140000000.0	0.0739027320655
1142000000.0	0.10122727384
1144000000.0	0.0712931227446
1146000000.0	0.0581151529952
1148000000.0	0.0881861183067
1150000000.0	-0.0335762713851
1152000000.0	-0.0160233803662
1154000000.0	-0.0500239301634
1156000000.0	0.0656561425689
1158000000.0	0.02958970369
1160000000.0	0.0497642537363
1162000000.0	0.00815914535579
1164000000.0	0.00551460673575
1166000000.0	-0.0444583770185
1168000000.0	-0.148185658248
1170000000.0	-0.0101279228575
1172000000.0	0.0024598390711
1174000000.0	0.0336218651085
1176000000.0	0.0707249505969
1178000000.0	-0.0361585975401
1180000000.0	-0.0529104726009
1182000000.0	-0.0980273844699
1184000000.0	-0.125305430586
1186000000.0	-0.0260420377225
1188000000.0	-0.0356111539524
1190000000.0	0.0818369008296
1192000000.0	0.0257787548722
1194000000.0	-0.0301493284145
1196000000.0	-0.0874012846202
1198000000.0	-0.241393225483
1200000000.0	0.762988201557
1202000000.0	-0.180669788443
1204000000.0	-0.147265209127
1206000000.0	-0.0012693769383
1208000000.0	-0.026993714337
1210000000.0	0.0057484462648
1212000000.0	0.0498342634593
1214000000.0	-0.0765817201839
1216000000.0	0.0788164081942
1218000000.0	0.047273608509
1220000000.0	-0.0284673344925
1222000000.0	-0.0367295093449
1224000000.0	-0.0700379180069
1226000000.0	-0.0397817220252
1228000000.0	-0.0855352599033
1230000000.0	-0.0497954760718
1232000000.0	0.109009890187
1234000000.0	0.0460675637163
1236000000.0	-0.00748472075319
1238000000.0	-0.0652412241296
1240000000.0	-0.0609744338503
1242000000.0	-0.0881003243293
1244000000.0	-0.0772786624264
1246000000.0	-0.0758526115473
1248000000.0	0.0366293520028
1250000000.0	-0.127428113724
1252000000.0	0.0629939625072
1254000000.0	-0.101709475105
1256000000.0	-0.140576341714
1258000000.0	-0.026802573411
1260000000.0	-0.02738484541
1262000000.0	0.0190890770183
1264000000.0	-0.012261715846
1266000000.0	0.0144727798079
1268000000.0	-0.00434015737759
1270000000.0	0.0445406846509
1272000000.0	0.0283287636105
1274000000.0	0.0770895513387
1276000000.0	-0.113594101119
1278000000.0	0.0531872732681
1280000000.0	-0.0126466119146
1282000000.0	-0.0239417636718
1284000000.0	0.0496042407108
1286000000.0	-0.0149669027277
1288000000.0	0.00391670718548
1290000000.0	0.0689496032165
1292000000.0	-0.0491973413786
1294000000.0	0.0373033317515
1296000000.0	0.0158601762071
1298000000.0	-0.0134367124817
1300000000.0	-0.163727983041
1302000000.0	0.0434975740943
1304000000.0	0.0271706787122
1306000000.0	0.0168832599114
1308000000.0	-0.0147419403215
1310000000.0	0.00130925577745
1312000000.0	-0.0158875157279
1314000000.0	-0.0165095228279
1316000000.0	-0.0170316210248
1318000000.0	-0.0783754774839
1320000000.0	-0.0320791747727
1322000000.0	-0.00772929056367
1324000000.0	0.111112407961
1326000000.0	0.0541388886935
1328000000.0	-0.00557337904677
1330000000.0	-0.0527943019004
1332000000.0	-0.137471597646
1334000000.0	-0.139215536463
1336000000.0	-0.163485785099
1338000000.0	0.0037486747691
1340000000.0	0.0824349142598
1342000000.0	0.0609751990671
1344000000.0	0.0693743443174
1346000000.0	-0.0504781674652
1348000000.0	-0.123915011461
1350000000.0	-0.115982617545
1352000000.0	-0.0508056426085
1354000000.0	-0.0538783450208
1356000000.0	0.0645820647971
1358000000.0	0.0966724581479
1360000000.0	0.0418658118859
1362000000.0	-0.0185107236088
1364000000.0	-0.0608523443372
1366000000.0	-0.192528473226
1368000000.0	0.0120007074767
1370000000.0	-0.0220347229384
1372000000.0	0.0680216214567
1374000000.0	-0.0395137239812
1376000000.0	-0.0106590062643
1378000000.0	0.0380436282258
1380000000.0	-0.0467872703486
1382000000.0	0.0268668552816
1384000000.0	-0.0499216036139
1386000000.0	0.0929111674997
1388000000.0	-0.0438694641889
1390000000.0	-0.0338423679823
1392000000.0	-0.0181413392525
1394000000.0	0.000848901807002
1396000000.0	0.129486362303
1398000000.0	-0.0363532707682
1400000000.0	-0.0202096348083
1402000000.0	0.0161913563208
1404000000.0	0.000433058040692
1406000000.0	-0.201283787882
1408000000.0	0.0095256126723
1410000000.0	-0.0959271981329
1412000000.0	0.0154719764611
1414000000.0	0.0834361201999
1416000000.0	0.0887838802473
1418000000.0	0.0209074495498
1420000000.0	-0.131536843195
1422000000.0	-0.0885995099006
1424000000.0	-0.0238739529509
1426000000.0	0.0103388467653
1428000000.0	0.0864929197023
1430000000.0	0.103783344592
1432000000.0	0.104264645713
1434000000.0	0.0147940447914
1436000000.0	-0.0704342408182
1438000000.0	-0.101027676038
1440000000.0	-0.092598042517
1442000000.0	-0.0879836397548
1444000000.0	0.0485132805783
1446000000.0	0.0669137030775
1448000000.0	0.143723106772
1450000000.0	-0.0207247844724
1452000000.0	0.0235947595873
1454000000.0	-0.189672872796
1456000000.0	-0.123416643084
1458000000.0	-0.115770261653
1460000000.0	0.123305709676
1462000000.0	0.0402478451625
1464000000.0	0.155579479842
1466000000.0	0.0593158489122
1468000000.0	-0.0616442989893
1470000000.0	-0.111967017424
1472000000.0	-0.106191774832
1474000000.0	-0.0975714937859
1476000000.0	-0.0495939324377
1478000000.0	0.114611482842
1480000000.0	0.0700222210243
1482000000.0	-0.00206924824881
1484000000.0	-0.103668365846
1486000000.0	-0.065623500909
1488000000.0	-0.00266596624341
1490000000.0	0.131934412646
1492000000.0	0.181486876699
1494000000.0	-0.0642041706319
1496000000.0	-0.654861677512
1498000000.0	-1.1277777708
1500000000.0	3.45086852339
1502000000.0	-0.865207242357
1504000000.0	-0.677717164182
1506000000.0	-0.452003544894
1508000000.0	-0.154245915384
1510000000.0	0.16023156451
1512000000.0	0.473631552165
1514000000.0	0.353912372862
1516000000.0	0.0607568424546
1518000000.0	-0.236935842871
1520000000.0	-0.272436633465
1522000000.0	-0.252576609984
1524000000.0	-0.0739088852207
1526000000.0	0.0982188571368
1528000000.0	0.29668763425
1530000000.0	0.193195315388
1532000000.0	0.0963053352762
1534000000.0	-0.0256604938874
1536000000.0	-0.205774227333
1538000000.0	-0.0973678421074
1540000000.0	-0.15380688675
1542000000.0	0.090160834475
1544000000.0	0.0950902584752
1546000000.0	0.156354690266
1548000000.0	-0.000183439673269
1550000000.0	-0.122104276637
1552000000.0	-0.162912916445
1554000000.0	-0.133928915993
1556000000.0	-0.00133988865774
1558000000.0	0.0181114214418
1560000000.0	0.0483048262106
1562000000.0	0.0648913236509
1564000000.0	0.0227796461951
1566000000.0	-0.00961719745619
1568000000.0	-0.101410340712
1570000000.0	-0.0580229491613
1572000000.0	-0.0414710700725
1574000000.0	0.0911642115768
1576000000.0	-0.0338852686376
1578000000.0	0.0684050277671
1580000000.0	0.0520187078554
1582000000.0	-0.0191738242085
1584000000.0	-0.00397767379967
1586000000.0	-0.0331256337643
1588000000.0	0.00633826857914
1590000000.0	-0.0121224571787
1592000000.0	0.0164733396211
1594000000.0	0.0301470082788
1596000000.0	-0.0404812283862
1598000000.0	0.0668788098818
1600000000.0	-0.0426402223662
1602000000.0	0.0847477415773
1604000000.0	0.0870520618771
1606000000.0	0.0479248216885
1608000000.0	-0.0516726861445
1610000000.0	-0.106265000089
1612000000.0	0.0370836235456
1614000000.0	0.0263433039392
1616000000.0	0.000581499328182
1618000000.0	0.00551660476605
1620000000.0	-0.041808188781
1622000000.0	-0.00358479474428
1624000000.0	-0.0934968451486
1626000000.0	0.0144309155437
1628000000.0	0.0181041150102
1630000000.0	-0.0879982923618
1632000000.0	0.0438070354288
1634000000.0	0.00757795187858
1636000000.0	0.122395286231
1638000000.0	0.0507243941007
1640000000.0	-0.0251592075969
1642000000.0	-0.0587369914353
1644000000.0	-0.0302437860668
1646000000.0	-0.0665586309543
1648000000.0	-0.00047987478695
1650000000.0	0.0559825571761
1652000000.0	-0.0192605537611
1654000000.0	0.0332521375895
1656000000.0	0.00206751587477
1658000000.0	-0.0499195061104
1660000000.0	-0.0721472294718
1662000000.0	-0.0248724180455
1664000000.0	-0.0477571643022
1666000000.0	0.0120735000277
1668000000.0	0.0677311383307
1670000000.0	-0.0911650747628
1672000000.0	0.0111810218332
1674000000.0	-0.0342242764548
1676000000.0	0.0871171857709
1678000000.0	0.0585900208248
1680000000.0	0.00940573272093
1682000000.0	0.0249630567928
1684000000.0	0.00172222880969
1686000000.0	-0.0258633550138
1688000000.0	-0.00752277800043
1690000000.0	-0.00730762059843
1692000000.0	0.0718868237592
1694000000.0	0.0507342102005
1696000000.0	0.055392781569
1698000000.0	-0.0669260089083
1700000000.0	0.0858487671281
1702000000.0	-0.0676196983519
1704000000.0	-0.0284670867073
1706000000.0	-0.0267478253498
1708000000.0	0.0285037581867
1710000000.0	-0.0298360813951
1712000000.0	0.0617790095809
1714000000.0	-0.00483029732395
1716000000.0	-0.0232802491893
1718000000.0	-0.086245330388
1720000000.0	-0.00916546004617
1722000000.0	0.0146695218052
1724000000.0	-0.0143897080286
1726000000.0	0.0586543365099
1728000000.0	0.100383466949
1730000000.0	-0.0128001305562
1732000000.0	-0.0264428181571
1734000000.0	-0.0824907707827
1736000000.0	-0.0267024103254
1738000000.0	0.0254373295055
1740000000.0	-0.0531460108212
1742000000.0	0.0432660650735
1744000000.0	0.0044683439428
1746000000.0	-0.00791629528544
1748000000.0	-0.065946465916
1750000000.0	0.133223168939
1752000000.0	-0.0617186244246
1754000000.0	-0.0299475141736
1756000000.0	-0.0121075369254
1758000000.0	0.0097013340622
1760000000.0	0.0339457082967
1762000000.0	-0.0577922768356
1764000000.0	-0.072372096135
1766000000.0	0.00218898580111
1768000000.0	-0.000888950086967
1770000000.0	0.0443013734811
1772000000.0	0.0184808941045
1774000000.0	-0.0274027727436
1776000000.0	-0.0383691390188
1778000000.0	-0.00148278520294
1780000000.0	-0.0657876731506
1782000000.0	-0.0250894129912
1784000000.0	0.00233131686027
1786000000.0	-0.0263409465078
1788000000.0	0.0223376149093
1790000000.0	-0.063203407353
1792000000.0	-0.107819177714
1794000000.0	-0.00722516556364
1796000000.0	0.0476460871398
1798000000.0	0.0449827269031
1800000000.0	-0.0892959294073
1802000000.0	0.0446990935291
1804000000.0	-0.0529883793814
1806000000.0	0.0193344027737
1808000000.0	-0.0218557194125
1810000000.0	-0.0433567255689
1812000000.0	-0.00251478007469
1814000000.0	0.0138899293329
1816000000.0	0.0266032846743
1818000000.0	0.0484377276166
1820000000.0	0.0356606083732
1822000000.0	-0.0297538665495
1824000000.0	-0.0616352341429
1826000000.0	-0.0273118809459
1828000000.0	0.0305261368358
1830000000.0	0.00544418716776
1832000000.0	0.0162973045001
1834000000.0	0.013376620263
1836000000.0	-0.0411796940296
1838000000.0	-0.00799952542636
1840000000.0	0.00815453126144
1842000000.0	-0.0709557578891
1844000000.0	-0.0387871394475
1846000000.0	0.0349784863207
1848000000.0	0.0341230746762
1850000000.0	0.00284498263757
1852000000.0	-0.0540850829894
1854000000.0	-0.0586092552278
1856000000.0	-0.0169477099412
1858000000.0	-0.00843885317824
1860000000.0	0.00171307357123
1862000000.0	0.00259883347285
1864000000.0	0.01494359083
1866000000.0	-0.0203916274851
1868000000.0	-0.0288307756323
1870000000.0	0.00569899347934
1872000000.0	0.0159298526848
1874000000.0	0.135080460482
1876000000.0	0.049530332374
1878000000.0	-0.0810731247415
1880000000.0	-0.130905744284
1882000000.0	-0.105079864558
1884000000.0	-0.0391566643254
1886000000.0	0.0828488964691
1888000000.0	0.218547069128
1890000000.0	0.112912118217
1892000000.0	-0.0103226098063
1894000000.0	-0.275726535599
1896000000.0	-0.590511296678
1898000000.0	-0.902639770687
1900000000.0	2.81411037034
1902000000.0	-0.963759483326
1904000000.0	-0.619379217867
1906000000.0	-0.242803610139
1908000000.0	0.0424194978239
1910000000.0	0.143246800086
1912000000.0	0.154944317543
1914000000.0	0.0668930665255
1916000000.0	-0.0234013930615
1918000000.0	-0.0965600115101
1920000000.0	-0.0634758195742
1922000000.0	-0.0662116052364
1924000000.0	-0.01194695938
1926000000.0	0.0521368904647
1928000000.0	0.0655146681655
1930000000.0	0.013507245687
1932000000.0	-0.0208448847615
1934000000.0	-0.0698992316427
1936000000.0	-0.0515234003239
1938000000.0	-0.0167590765086
1940000000.0	0.0937317181416
1942000000.0	-0.0271259040136
1944000000.0	0.023652802625
1946000000.0	-0.0297811354719
1948000000.0	0.00808214098004
1950000000.0	-0.0649090953951
1952000000.0	-0.0403451747003
1954000000.0	-0.0879351617894
1956000000.0	0.0434441339823
1958000000.0	-0.0172439490648
1960000000.0	0.0614111414499
1962000000.0	-0.03784886387
1964000000.0	-0.0340675242965
1966000000.0	0.0801534534719
1968000000.0	-0.0896508006532
1970000000.0	0.0102238773008
1972000000.0	-0.028318860043
1974000000.0	-0.104709164611
1976000000.0	0.00590927407399
1978000000.0	-0.00237245319175
1980000000.0	-0.059324461247
1982000000.0	-0.00494684884676
1984000000.0	-0.00619462577124
1986000000.0	0.0460275799161
1988000000.0	-0.0375663185777
1990000000.0	-0.0906877654592
1992000000.0	-0.0162362191291
1994000000.0	-0.105757210451
1996000000.0	0.0231787569119
1998000000.0	0.0511116622457
2000000000.0	-0.078144
