0.0	-2.6109145
2000000.0	0.36322007296
4000000.0	0.841292701449
6000000.0	-0.0739273847092
8000000.0	-0.104746234799
10000000.0	0.0942908612559
12000000.0	0.168941914507
14000000.0	0.608188569549
16000000.0	1.77516642016
18000000.0	2.802723785
20000000.0	3.00154187188
22000000.0	1.91988005002
24000000.0	0.464530988697
26000000.0	-0.995467204364
28000000.0	-2.07937333325
30000000.0	-2.73218751082
32000000.0	-2.54737676268
34000000.0	-0.867798387825
36000000.0	1.61805722716
38000000.0	2.66147616992
40000000.0	2.47903258819
42000000.0	2.00628252852
44000000.0	0.743066690102
46000000.0	-0.526575485487
48000000.0	-1.69263509878
50000000.0	-1.58666939929
52000000.0	-0.815503921964
54000000.0	0.426676582296
56000000.0	1.14582888156
58000000.0	1.04711780635
60000000.0	0.156976336204
62000000.0	-0.589433421592
64000000.0	-0.750287718012
66000000.0	-0.521376408087
68000000.0	0.0562185528352
70000000.0	0.513815852312
72000000.0	0.532957267046
74000000.0	0.349933376534
76000000.0	-0.493904953693
78000000.0	-1.0046565065
80000000.0	-0.87927686693
82000000.0	-0.224190546497
84000000.0	0.589245496191
86000000.0	0.895070587732
88000000.0	0.473446602587
90000000.0	-0.182474536256
92000000.0	-0.891056650965
94000000.0	-1.19650121278
96000000.0	-0.626115900409
98000000.0	0.0332555580484
100000000.0	0.780665668591
102000000.0	1.15524307135
104000000.0	0.662462901219
106000000.0	-0.157017929382
108000000.0	-0.87421285105
110000000.0	-1.14114880496
112000000.0	-0.865341448755
114000000.0	-0.126571984865
116000000.0	0.602686035036
118000000.0	0.827492889692
120000000.0	0.653784997188
122000000.0	0.221749789854
124000000.0	-0.295383556639
126000000.0	-0.674210819787
128000000.0	-0.401156562074
130000000.0	0.0111035925961
132000000.0	0.126401797539
134000000.0	0.118540812547
136000000.0	-0.177836917857
138000000.0	-0.300853770263
140000000.0	-0.225900553711
142000000.0	0.0935679748769
144000000.0	0.513263685022
146000000.0	0.669256953041
148000000.0	0.269122269374
150000000.0	-0.243151022096
152000000.0	-0.768272627918
154000000.0	-1.00322432554
156000000.0	-0.604462283402
158000000.0	0.0307864028456
160000000.0	0.864026155755
162000000.0	1.11066040456
164000000.0	0.841522264893
166000000.0	0.0880383568753
168000000.0	-0.713929793778
170000000.0	-1.09090389196
172000000.0	-0.849819234214
174000000.0	-0.295668681094
176000000.0	0.562743355418
178000000.0	0.898203702966
180000000.0	0.745456128353
182000000.0	0.30678646743
184000000.0	-0.371838379573
186000000.0	-0.649522796784
188000000.0	-0.512430707068
190000000.0	-0.170485651416
192000000.0	0.335122688613
194000000.0	0.43970661539
196000000.0	0.151392577715
198000000.0	-0.191278858334
200000000.0	-0.161820786564
202000000.0	-0.316893113778
204000000.0	-0.0653931996028
206000000.0	0.260308670049
208000000.0	0.34993788353
210000000.0	0.115043105238
212000000.0	-0.248113833554
214000000.0	-0.537444600889
216000000.0	-0.460713839913
218000000.0	0.00777842260609
220000000.0	0.53726820539
222000000.0	0.757933787887
224000000.0	0.444380953765
226000000.0	-0.131674093099
228000000.0	-0.714861006393
230000000.0	-1.02515166959
232000000.0	-0.702990486247
234000000.0	0.164214659214
236000000.0	0.901486395243
238000000.0	1.32271579856
240000000.0	0.868449335073
242000000.0	-0.183482298378
244000000.0	-1.23814312841
246000000.0	-1.49543387566
248000000.0	-0.973670610436
250000000.0	-0.0711203766347
252000000.0	1.14321684174
254000000.0	1.61546110789
256000000.0	1.00476267766
258000000.0	-0.00389950868659
260000000.0	-1.13005983136
262000000.0	-1.78234886464
264000000.0	-1.24488891977
266000000.0	-0.0907590457628
268000000.0	1.26487859704
270000000.0	1.56773905309
272000000.0	0.951246246715
274000000.0	-0.0972005063033
276000000.0	-0.923108007596
278000000.0	-1.03168571616
280000000.0	-0.742768449165
282000000.0	0.0229154171723
284000000.0	0.800327535405
286000000.0	1.14168335463
288000000.0	-0.0878800321784
290000000.0	-1.79214904685
292000000.0	-2.14948500818
294000000.0	1.3519727299
296000000.0	8.13777226077
298000000.0	14.5344811608
300000000.0	-42.6626593833
302000000.0	12.5519843315
304000000.0	9.12775564983
306000000.0	5.59771999979
308000000.0	1.67410571421
310000000.0	-2.37414080947
312000000.0	-4.85454408884
314000000.0	-4.17906902295
316000000.0	-1.1483963619
318000000.0	2.15991752109
320000000.0	3.62528918428
322000000.0	2.80224986545
324000000.0	0.722487323697
326000000.0	-1.34054602283
328000000.0	-2.37656169149
330000000.0	-2.22522317775
332000000.0	-0.922950582682
334000000.0	0.726757643044
336000000.0	1.88715555187
338000000.0	2.01483413131
340000000.0	0.773544972723
342000000.0	-0.657907310363
344000000.0	-1.45157322322
346000000.0	-1.31519269884
348000000.0	-0.648779317694
350000000.0	0.274527378915
352000000.0	0.876462527477
354000000.0	0.906334792919
356000000.0	0.596228291334
358000000.0	-0.119000660156
360000000.0	-0.58348466635
362000000.0	-0.660732626968
364000000.0	-0.349927749755
366000000.0	0.113929619888
368000000.0	0.376250250922
370000000.0	0.253694826469
372000000.0	0.122589766302
374000000.0	0.031530690219
376000000.0	-0.140977986468
378000000.0	0.014953580847
380000000.0	0.0305073926621
382000000.0	-0.019347029887
384000000.0	-0.0936782517446
386000000.0	-0.153507012022
388000000.0	-0.282965898995
390000000.0	-0.194494405106
392000000.0	0.143194050028
394000000.0	0.416204822911
396000000.0	0.4203528983
398000000.0	0.293441108204
400000000.0	-0.0496179699996
402000000.0	-0.566379775078
404000000.0	-0.63827344655
406000000.0	-0.309082831718
408000000.0	0.0586867005246
410000000.0	0.572400740769
412000000.0	0.634435625787
414000000.0	0.497339626159
416000000.0	-0.125843992568
418000000.0	-0.461898228944
420000000.0	-0.693986290294
422000000.0	-0.426866366539
424000000.0	0.0463932217811
426000000.0	0.472121393245
428000000.0	0.662079661961
430000000.0	0.472786404101
432000000.0	0.018720900385
434000000.0	-0.354512587244
436000000.0	-0.463936542004
438000000.0	-0.313355593896
440000000.0	0.0115113808749
442000000.0	0.239088023719
444000000.0	0.312943384889
446000000.0	0.25057283506
448000000.0	0.101008340142
450000000.0	-0.136240642704
452000000.0	-0.280728419773
454000000.0	-0.194731225749
456000000.0	-0.0654877430973
458000000.0	0.0635847786625
460000000.0	0.0793225203279
462000000.0	0.142434130172
464000000.0	0.0423196045064
466000000.0	-0.0445902429213
468000000.0	-0.0308631422301
470000000.0	-0.037259098099
472000000.0	0.0483370481044
474000000.0	-0.00695155097365
476000000.0	-0.0464096577677
478000000.0	-0.170995907668
480000000.0	-0.103855832303
482000000.0	-0.00998340566222
484000000.0	0.0527566158801
486000000.0	0.306517739102
488000000.0	0.271855246099
490000000.0	-0.0447374160145
492000000.0	-0.235406673624
494000000.0	-0.303047490748
496000000.0	-0.283731288115
498000000.0	-0.0517620703784
500000000.0	0.355218664547
502000000.0	0.308401176397
504000000.0	0.291129164766
506000000.0	0.0455036353604
508000000.0	-0.193192909164
510000000.0	-0.373966226489
512000000.0	-0.347166942995
514000000.0	-0.0820883327088
516000000.0	0.206623860045
518000000.0	0.313494642126
520000000.0	0.241089843671
522000000.0	0.136335846776
524000000.0	-0.0981588704002
526000000.0	-0.269024844723
528000000.0	-0.329768004074
530000000.0	-0.0792021785057
532000000.0	-0.00848798613852
534000000.0	0.203793964366
536000000.0	0.211650494848
538000000.0	0.0788851079591
540000000.0	-0.04480719332
542000000.0	-0.125757819684
544000000.0	-0.133835234681
546000000.0	-0.121298750583
548000000.0	-0.00693261964808
550000000.0	0.101340662003
552000000.0	0.101590412217
554000000.0	-0.000233232763153
556000000.0	-0.0721746780892
558000000.0	0.0414872542368
560000000.0	-0.0613766040158
562000000.0	0.0371386024835
564000000.0	0.112087985044
566000000.0	-0.0121502556273
568000000.0	-0.0532870004065
570000000.0	-0.113021888714
572000000.0	-0.0332311426207
574000000.0	0.00513335493506
576000000.0	0.163187328213
578000000.0	0.175266151113
580000000.0	0.147584116021
582000000.0	-0.108782627598
584000000.0	-0.218345422849
586000000.0	-0.214227884395
588000000.0	-0.0368405994865
590000000.0	0.0189941081907
592000000.0	0.194676213223
594000000.0	0.247507663356
596000000.0	0.177628339771
598000000.0	0.036596313402
600000000.0	-0.519761920442
602000000.0	-0.113408648319
604000000.0	-0.046564191003
606000000.0	0.0999661728956
608000000.0	0.175833608121
610000000.0	0.215703800683
612000000.0	0.0832523710657
614000000.0	-0.125882168539
616000000.0	-0.0774754742142
618000000.0	-0.268629881968
620000000.0	-0.0680415074535
622000000.0	-0.00139312232331
624000000.0	0.122514866215
626000000.0	0.17548491039
628000000.0	0.104855281998
630000000.0	0.000229408555069
632000000.0	-0.125478555332
634000000.0	-0.0944379370788
636000000.0	-0.0349630825602
638000000.0	0.0684933410239
640000000.0	-0.0680285435557
642000000.0	0.102790001472
644000000.0	-0.0359620511131
646000000.0	-0.019943575181
648000000.0	0.0202329537187
650000000.0	-0.0252541058478
652000000.0	0.0470388273872
654000000.0	-0.0216063296292
656000000.0	0.0324416429251
658000000.0	-0.0450423235945
660000000.0	-0.0800959236023
662000000.0	-0.0894995414783
664000000.0	-0.0178579776666
666000000.0	-0.0113467945389
668000000.0	0.0706733776123
670000000.0	0.0945714908088
672000000.0	0.0154060390019
674000000.0	-0.1049103985
676000000.0	0.0390331694318
678000000.0	-0.0930854316994
680000000.0	-0.0655818553556
682000000.0	0.0733746060935
684000000.0	0.0997363117264
686000000.0	0.124528605125
688000000.0	0.0116147058071
690000000.0	-0.0921336690674
692000000.0	-0.113312762863
694000000.0	-0.145378400667
696000000.0	-0.0336052457717
698000000.0	0.104535111326
700000000.0	-0.00999308166332
702000000.0	0.186753894563
704000000.0	0.0728796959142
706000000.0	0.00168173660727
708000000.0	-0.200794077019
710000000.0	-0.0903872737249
712000000.0	-0.0643346138746
714000000.0	0.123936164228
716000000.0	0.208412463323
718000000.0	0.0425086052071
720000000.0	-0.0102405358489
722000000.0	-0.115271918788
724000000.0	-0.0434525660755
726000000.0	-0.155741974217
728000000.0	-0.00310967500428
730000000.0	0.0946287082019
732000000.0	0.177727720391
734000000.0	0.104348419635
736000000.0	-0.0145070424875
738000000.0	-0.0830136372878
740000000.0	-0.127521902583
742000000.0	-0.0272831054917
744000000.0	0.0578245739492
746000000.0	0.0220359401899
748000000.0	0.0654591767231
750000000.0	0.0659837140876
752000000.0	-0.045457407249
754000000.0	-0.0994806373697
756000000.0	-0.0212435424902
758000000.0	0.00326749215215
760000000.0	0.102446938346
762000000.0	0.0236584679365
764000000.0	-0.0306092309472
766000000.0	-0.0845792438193
768000000.0	-0.0166993069243
770000000.0	-0.16041230164
772000000.0	-0.0224271160823
774000000.0	0.0816707862576
776000000.0	0.173111328018
778000000.0	-0.00499842466311
780000000.0	0.00298886381865
782000000.0	0.0517452575692
784000000.0	-0.134284348891
786000000.0	-0.00576569273902
788000000.0	0.04163111407
790000000.0	0.120451303299
792000000.0	0.130336408468
794000000.0	0.048046518943
796000000.0	-0.142423773748
798000000.0	-0.121260326855
800000000.0	-0.0807003370998
802000000.0	-0.049540075805
804000000.0	0.0566975377305
806000000.0	0.144401809088
808000000.0	0.191498534247
810000000.0	-0.00473482579774
812000000.0	-0.0962873248766
814000000.0	-0.292851774096
816000000.0	-0.181341989726
818000000.0	-0.0162823859585
820000000.0	0.152992358332
822000000.0	0.273620958741
824000000.0	0.091485069516
826000000.0	0.058167323894
828000000.0	-0.219076060616
830000000.0	-0.273764524524
832000000.0	-0.159809684703
834000000.0	-0.0306555089289
836000000.0	0.177214095265
838000000.0	0.356219201776
840000000.0	0.146648234058
842000000.0	-0.0706483302046
844000000.0	-0.269752299453
846000000.0	-0.275646815601
848000000.0	-0.238867474474
850000000.0	0.0243600567865
852000000.0	0.218385659225
854000000.0	0.41422577086
856000000.0	0.215281838915
858000000.0	0.0662540922788
860000000.0	-0.194197538026
862000000.0	-0.345069049312
864000000.0	-0.347622976125
866000000.0	-0.0127038620417
868000000.0	0.2989592424
870000000.0	0.311196275383
872000000.0	0.0689553572245
874000000.0	-0.0352876615048
876000000.0	-0.309909347693
878000000.0	-0.131710706426
880000000.0	-0.0338682899178
882000000.0	0.190736776411
884000000.0	0.224622209014
886000000.0	0.0910910605803
888000000.0	-0.435407037154
890000000.0	-0.80617069522
892000000.0	-0.639676879827
894000000.0	0.789189303548
896000000.0	3.326291984
898000000.0	5.68050530399
900000000.0	-16.6266711106
902000000.0	4.93306745215
904000000.0	3.48740345581
906000000.0	1.91706889695
908000000.0	0.448947600503
910000000.0	-0.878376153044
912000000.0	-1.55409060721
914000000.0	-1.29880848975
916000000.0	-0.380477716295
918000000.0	0.643480686751
920000000.0	1.09265428964
922000000.0	0.810038670033
924000000.0	0.180935688047
926000000.0	-0.496692172726
928000000.0	-0.687423436036
930000000.0	-0.621614810553
932000000.0	-0.263352940031
934000000.0	0.242448201501
936000000.0	0.610487442015
938000000.0	0.515206432252
940000000.0	0.180184928669
942000000.0	-0.240134049958
944000000.0	-0.418263852118
946000000.0	-0.33101448657
948000000.0	-0.127704370206
950000000.0	0.0866558815536
952000000.0	0.253345486899
954000000.0	0.245312712128
956000000.0	0.0450807766584
958000000.0	-0.0440550214558
960000000.0	-0.1671971814
962000000.0	-0.112912768561
964000000.0	0.0338783107701
966000000.0	0.0802214671018
968000000.0	0.120512069431
970000000.0	-0.0231895830127
972000000.0	-0.106787274512
974000000.0	0.0420085881359
976000000.0	-0.0377996606932
978000000.0	0.00511044885444
980000000.0	0.0764573359999
982000000.0	0.0666478680146
984000000.0	-0.0462411685415
986000000.0	-0.165862389442
988000000.0	-0.102398736505
990000000.0	-0.0404170519134
992000000.0	0.0355695398728
994000000.0	0.16115546537
996000000.0	0.11351738778
998000000.0	0.0242810644463
1000000000.0	-0.360946
1002000000.0	-0.168353417573
1004000000.0	-0.126022233228
1006000000.0	-0.038113899592
1008000000.0	0.0599512762036
1010000000.0	0.0570883005211
1012000000.0	0.151429916301
1014000000.0	0.120387216772
1016000000.0	-0.0729153666478
1018000000.0	-0.144072806788
1020000000.0	-0.184145493432
1022000000.0	-0.0724794463395
1024000000.0	-0.00392012613896
1026000000.0	0.161403142967
1028000000.0	0.188865388545
1030000000.0	0.111900833225
1032000000.0	-0.0340178023261
1034000000.0	-0.192164494331
1036000000.0	-0.188982928073
1038000000.0	-0.0887034569006
1040000000.0	-0.0478705769676
1042000000.0	0.0695241780562
1044000000.0	0.173259484641
1046000000.0	0.0899947648446
1048000000.0	0.0422981084559
1050000000.0	-0.0312023418732
1052000000.0	-0.0372933917473
1054000000.0	-0.069895094036
1056000000.0	-0.0168551574864
1058000000.0	0.0319373661889
1060000000.0	-0.0265202869898
1062000000.0	-0.0535529877777
1064000000.0	0.0406952442867
1066000000.0	0.0741325893433
1068000000.0	-0.0307835637135
1070000000.0	-0.0233944147828
1072000000.0	-0.0192839905759
1074000000.0	-0.0832346453382
1076000000.0	-0.114720284563
1078000000.0	-0.0772038652352
1080000000.0	-0.00678435164853
1082000000.0	0.0731898438167
1084000000.0	0.0474771971858
1086000000.0	0.109333023297
1088000000.0	0.0887206474817
1090000000.0	0.00934342852286
1092000000.0	-0.120952755428
1094000000.0	-0.15316272604
1096000000.0	-0.0614053061835
1098000000.0	-0.0604439042958
1100000000.0	0.108388973921
1102000000.0	0.0707131737023
1104000000.0	0.0731953917423
1106000000.0	-0.0199390373017
1108000000.0	-0.0477820739749
1110000000.0	-0.139519558851
1112000000.0	0.00091129580448
1114000000.0	0.00160907869318
1116000000.0	0.0120309943503
1118000000.0	0.0746632045075
1120000000.0	0.0315938963079
1122000000.0	0.0402274157437
1124000000.0	-0.0475121911552
1126000000.0	0.0235768925722
1128000000.0	-0.0752902864256
1130000000.0	0.0909862088225
1132000000.0	0.0317856030528
1134000000.0	0.0657909013511
1136000000.0	0.0135878157417
1138000000.0	0.0473668881141
1140000000.0	0.00459128102078
1142000000.0	-0.123426714362
1144000000.0	-0.0322406817851
1146000000.0	-0.0608412551555
1148000000.0	-0.0230215181071
1150000000.0	0.0327118704022
1152000000.0	-0.0212149102494
1154000000.0	0.0318176606374
1156000000.0	0.0310030469887
1158000000.0	0.0647938484581
1160000000.0	0.00123318144309
1162000000.0	-0.0440843951515
1164000000.0	0.0644158091743
1166000000.0	0.0559390709438
1168000000.0	-0.0355543848063
1170000000.0	-0.0316602609012
1172000000.0	-0.0338723229664
1174000000.0	-0.127574310644
1176000000.0	0.075426336662
1178000000.0	0.056994696132
1180000000.0	0.0210837278719
1182000000.0	-0.0233644379619
1184000000.0	0.0183073817649
1186000000.0	-0.100280304337
1188000000.0	-0.0558807200106
1190000000.0	-0.0170535741254
1192000000.0	0.0796229142036
1194000000.0	0.0660069603276
1196000000.0	-0.0112280902546
1198000000.0	0.0667347092582
1200000000.0	-0.15270853
1202000000.0	-0.0179914923392
1204000000.0	-0.0652115288411
1206000000.0	0.0227608272752
1208000000.0	0.0159183279987
1210000000.0	-0.00672009617684
1212000000.0	0.0138901022589
1214000000.0	-0.0559324956707
1216000000.0	0.00641647352567
1218000000.0	-0.0384964462771
1220000000.0	-0.0381925166291
1222000000.0	0.0183228346414
1224000000.0	0.0120236607992
1226000000.0	-0.0251254505727
1228000000.0	0.0246738823749
1230000000.0	0.0868086999507
1232000000.0	-0.0575395001956
1234000000.0	-0.0643833830435
1236000000.0	0.0507844583017
1238000000.0	0.057789419147
1240000000.0	0.0234701394953
1242000000.0	0.0512075513788
1244000000.0	-0.0428840589587
1246000000.0	-0.0278945374369
1248000000.0	-0.0535863608769
1250000000.0	-0.14252999047
1252000000.0	-0.0285168062628
1254000000.0	-0.0239117400611
1256000000.0	0.0124310906472
1258000000.0	-0.00191430427656
1260000000.0	-0.00460645820702
1262000000.0	0.00722033693962
1264000000.0	-0.0232078052966
1266000000.0	0.0322996339984
1268000000.0	0.0898218648362
1270000000.0	-0.00490795100388
1272000000.0	0.00963666532821
1274000000.0	-0.059944222547
1276000000.0	0.078644375221
1278000000.0	-0.00787672630137
1280000000.0	0.0188014948633
1282000000.0	0.061534455818
1284000000.0	0.0956387910782
1286000000.0	0.045352615689
1288000000.0	0.00449411305579
1290000000.0	-0.146132046391
1292000000.0	0.0129824605792
1294000000.0	0.0465869053895
1296000000.0	0.244454349356
1298000000.0	0.222003569552
1300000000.0	-0.860526938409
1302000000.0	0.261552052805
1304000000.0	0.202026150107
1306000000.0	0.0450851903488
1308000000.0	-0.0408280427855
1310000000.0	-0.0723858792648
1312000000.0	-0.0342075909645
1314000000.0	-0.0632211138388
1316000000.0	0.0860695768557
1318000000.0	-0.0345846080245
1320000000.0	0.00352817209752
1322000000.0	0.0128554107519
1324000000.0	-0.0399801504298
1326000000.0	-0.0617416473242
1328000000.0	-0.00582736286338
1330000000.0	0.000878114420198
1332000000.0	0.10093411092
1334000000.0	0.0111948818499
1336000000.0	-0.0467936102697
1338000000.0	-0.0410419791136
1340000000.0	0.102290680231
1342000000.0	-0.0186158361127
1344000000.0	-0.0111924340633
1346000000.0	0.0794535034646
1348000000.0	0.0577955205669
1350000000.0	-0.0610761545005
1352000000.0	-0.100717234103
1354000000.0	0.0212840585169
1356000000.0	-0.0309847797618
1358000000.0	-0.0544557868406
1360000000.0	0.0292671341018
1362000000.0	0.0491839298553
1364000000.0	-0.0643862967356
1366000000.0	-0.00486156796514
1368000000.0	-0.0532755912677
1370000000.0	0.0625169466784
1372000000.0	0.00355730246732
1374000000.0	0.00822535248263
1376000000.0	0.102796533553
1378000000.0	0.0827013479214
1380000000.0	-0.0825482474502
1382000000.0	-0.00488166141986
1384000000.0	-0.09865911642
1386000000.0	-0.0677021131627
1388000000.0	-0.0515031762798
1390000000.0	0.0499361008299
1392000000.0	0.0122370025269
1394000000.0	0.00558624596262
1396000000.0	-0.0848138184957
1398000000.0	-0.0861202168394
1400000000.0	0.0222845520167
1402000000.0	-0.0295861619137
1404000000.0	-0.0547376844872
1406000000.0	0.0434050130075
1408000000.0	0.0474003602268
1410000000.0	-0.0888721959032
1412000000.0	0.0240320145997
1414000000.0	-0.100987164082
1416000000.0	-0.137180850102
1418000000.0	-0.0314865034256
1420000000.0	0.134586882238
1422000000.0	0.12287010355
1424000000.0	-0.0103503624834
1426000000.0	-0.0574497778085
1428000000.0	-0.0656493361249
1430000000.0	-0.128360346848
1432000000.0	-0.0434786157537
1434000000.0	-0.0276344584812
1436000000.0	7.64603002006e-05
1438000000.0	0.14909781055
1440000000.0	0.0586575864863
1442000000.0	-0.031165098447
1444000000.0	-0.0697992954659
1446000000.0	-0.117159618208
1448000000.0	-0.0997376806215
1450000000.0	0.00296024590639
1452000000.0	0.115157476491
1454000000.0	0.065538320487
1456000000.0	0.0957904715018
1458000000.0	-0.0214128836913
1460000000.0	-0.0723634976047
1462000000.0	-0.0641567013168
1464000000.0	-0.0965469889348
1466000000.0	0.0561418865204
1468000000.0	0.128970566646
1470000000.0	-0.0710980304064
1472000000.0	0.0132595851111
1474000000.0	-0.135060357519
1476000000.0	-0.0188807399785
1478000000.0	-0.00254400806881
1480000000.0	0.0740262700496
1482000000.0	0.0947523598239
1484000000.0	-0.0101659329173
1486000000.0	-0.0589841605392
1488000000.0	-0.226320509404
1490000000.0	-0.465820055934
1492000000.0	-0.167506823983
1494000000.0	0.471113996311
1496000000.0	1.54205950498
1498000000.0	2.63129271871
1500000000.0	-7.58647366455
1502000000.0	2.26630704821
1504000000.0	1.63372750395
1506000000.0	0.870712030264
1508000000.0	0.138948042301
1510000000.0	-0.427663994445
1512000000.0	-0.702195886669
1514000000.0	-0.588717095402
1516000000.0	-0.0679178077179
1518000000.0	0.275888705117
1520000000.0	0.432319429623
1522000000.0	0.344832248318
1524000000.0	0.146485700525
1526000000.0	-0.208962741621
1528000000.0	-0.301564552947
1530000000.0	-0.211668934104
1532000000.0	-0.0699246772136
1534000000.0	0.12024576183
1536000000.0	0.198169491712
1538000000.0	0.194395095939
1540000000.0	0.0631618680234
1542000000.0	-0.112749149365
1544000000.0	-0.144076459698
1546000000.0	-0.115002487692
1548000000.0	-0.091573475946
1550000000.0	0.037949615586
1552000000.0	0.216837209137
1554000000.0	0.0875381327476
1556000000.0	-0.0276929800861
1558000000.0	-0.0349946663438
1560000000.0	-0.0839406221708
1562000000.0	-0.0894951439095
1564000000.0	-0.00820927090515
1566000000.0	-0.0415483174737
1568000000.0	-0.00546854963885
1570000000.0	0.0156255503327
1572000000.0	-0.0341999834228
1574000000.0	0.0290895703163
1576000000.0	-0.0575088439558
1578000000.0	0.0204382722245
1580000000.0	0.0680328633125
1582000000.0	-0.00375698668622
1584000000.0	-0.0381930650719
1586000000.0	-0.0711240657436
1588000000.0	-0.10820064723
1590000000.0	0.00260848240109
1592000000.0	0.07036934297
1594000000.0	0.0244899136179
1596000000.0	-0.0167285842285
1598000000.0	-0.0298040699185
1600000000.0	-0.1138511629
1602000000.0	-0.176495751204
1604000000.0	-0.103965764463
1606000000.0	0.0217404524801
1608000000.0	0.0433662591784
1610000000.0	0.107382849861
1612000000.0	0.148084919637
1614000000.0	-0.0348083311707
1616000000.0	-0.0609875228399
1618000000.0	-0.0752751898927
1620000000.0	-0.081033354882
1622000000.0	0.0406118893358
1624000000.0	0.0727532932647
1626000000.0	-0.0748230948768
1628000000.0	-0.0320824123841
1630000000.0	0.0647651557221
1632000000.0	-0.0185956547629
1634000000.0	-0.0819428501627
1636000000.0	-0.102078789727
1638000000.0	-0.0235666961594
1640000000.0	-0.0267450261014
1642000000.0	0.0371364015856
1644000000.0	-0.031723630848
1646000000.0	0.0314071043348
1648000000.0	-0.0338598875624
1650000000.0	-0.0266442901458
1652000000.0	0.0066394294018
1654000000.0	-0.00704279595366
1656000000.0	-0.0571830160888
1658000000.0	-0.0231940740378
1660000000.0	-0.0321962698934
1662000000.0	-0.00498336752813
1664000000.0	0.0456830623397
1666000000.0	-0.00768629743491
1668000000.0	0.00388230287433
1670000000.0	0.0504540177807
1672000000.0	0.0280388620431
1674000000.0	-0.0217986069325
1676000000.0	0.0254064853735
1678000000.0	-0.0572857146601
1680000000.0	0.0185552505203
1682000000.0	0.0122062523859
1684000000.0	-0.00751796858493
1686000000.0	0.0655440485898
1688000000.0	0.0540443942263
1690000000.0	-0.0860157448415
1692000000.0	-0.0637252231325
1694000000.0	-0.064128164297
1696000000.0	0.0289804787632
1698000000.0	-0.130841991524
1700000000.0	0.159050737562
1702000000.0	-0.0493041807086
1704000000.0	0.011036959949
1706000000.0	-0.164443763976
1708000000.0	-0.0621570914626
1710000000.0	-0.0158106522271
1712000000.0	-0.020152435036
1714000000.0	-0.00461385397551
1716000000.0	0.0397980846098
1718000000.0	-0.00268601864758
1720000000.0	-0.053013728008
1722000000.0	-0.0440145912592
1724000000.0	-0.0348251184967
1726000000.0	-0.0106139367019
1728000000.0	0.0140610133269
1730000000.0	0.0140297122434
1732000000.0	0.0340000248219
1734000000.0	0.0443860735259
1736000000.0	0.00595028506636
1738000000.0	-0.0729768397582
1740000000.0	-0.0551894867397
1742000000.0	-0.057904242371
1744000000.0	0.00660016458426
1746000000.0	-0.0331373599073
1748000000.0	-0.0781234085831
1750000000.0	-0.133583346983
1752000000.0	-0.0594304817661
1754000000.0	-0.0207641724977
1756000000.0	-0.0871767099718
1758000000.0	-0.0075168470522
1760000000.0	0.00473257099773
1762000000.0	0.0417690733792
1764000000.0	0.0331320585938
1766000000.0	-0.0670283806771
1768000000.0	-0.0171747120836
1770000000.0	-0.00251589836264
1772000000.0	0.000754394667999
1774000000.0	-0.0430457148443
1776000000.0	0.116874699155
1778000000.0	0.0161569362361
1780000000.0	0.0243111757474
1782000000.0	-0.0629884707433
1784000000.0	-0.0118022806974
1786000000.0	0.0436731003785
1788000000.0	-0.0380249730158
1790000000.0	0.0571315471493
1792000000.0	0.051485088873
1794000000.0	0.000676972250625
1796000000.0	-0.0838946028375
1798000000.0	-0.0494844301642
1800000000.0	0.0905491549895
1802000000.0	-0.0391190669648
1804000000.0	-0.0499612233275
1806000000.0	0.0608759670278
1808000000.0	0.0472764195118
1810000000.0	0.00844499052401
1812000000.0	-0.0461926747678
1814000000.0	-0.0634361973814
1816000000.0	0.000502745095079
1818000000.0	0.0354348055889
1820000000.0	-0.0673731335967
1822000000.0	0.0178792633627
1824000000.0	-0.0455236343587
1826000000.0	0.0589252252912
1828000000.0	0.0205101876068
1830000000.0	0.0325177526202
1832000000.0	0.00606105164292
1834000000.0	-0.00485562001173
1836000000.0	-0.0223945109494
1838000000.0	0.020907790869
1840000000.0	-0.116750775639
1842000000.0	0.0285037755551
1844000000.0	-0.00373042340363
1846000000.0	0.00265145893019
1848000000.0	0.0881678347398
1850000000.0	0.0205815180708
1852000000.0	0.0397419549235
1854000000.0	-0.0779818504663
1856000000.0	0.0167792396771
1858000000.0	-0.0301043488352
1860000000.0	-0.0266433629292
1862000000.0	0.0848199072444
1864000000.0	0.028938095593
1866000000.0	0.0351677598504
1868000000.0	-0.0102709582872
1870000000.0	-0.0238631896826
1872000000.0	-0.132504709424
1874000000.0	-0.0243514442407
1876000000.0	0.0626133198354
1878000000.0	0.0784790658585
1880000000.0	0.0857868726133
1882000000.0	0.0050517654743
1884000000.0	-0.0388000367835
1886000000.0	-0.200245397616
1888000000.0	-0.24703366667
1890000000.0	-0.214440139205
1892000000.0	0.00106574154123
1894000000.0	0.187630009008
1896000000.0	0.468062584761
1898000000.0	0.768644204986
1900000000.0	-2.64137986614
1902000000.0	0.8810950644
1904000000.0	0.581891876404
1906000000.0	0.185194520867
1908000000.0	-0.0791562169687
1910000000.0	-0.203102709289
1912000000.0	-0.0944937113094
1914000000.0	-0.0264002133017
1916000000.0	0.0386229542951
1918000000.0	-0.0312223404826
1920000000.0	0.0289831685651
1922000000.0	0.0147411925617
1924000000.0	0.0337350185011
1926000000.0	-0.129698142459
1928000000.0	-0.0756903347708
1930000000.0	0.0237072332328
1932000000.0	0.0650511413975
1934000000.0	0.0654251900728
1936000000.0	0.0406925280189
1938000000.0	0.0313388838732
1940000000.0	0.0213972122483
1942000000.0	-0.032346280017
1944000000.0	-0.0319176850373
1946000000.0	0.00980199991918
1948000000.0	0.00462062917534
1950000000.0	-0.00210927277046
1952000000.0	0.0261434116047
1954000000.0	-0.0594952106985
1956000000.0	0.0334158474582
1958000000.0	-0.00284674067949
1960000000.0	-0.00134920887415
1962000000.0	0.054711652626
1964000000.0	-0.0375811201977
1966000000.0	-0.0822436677873
1968000000.0	-0.0532084647631
1970000000.0	0.0290787989162
1972000000.0	-0.0939186693173
1974000000.0	0.0692951228117
1976000000.0	0.0535888098754
1978000000.0	0.0488537818122
1980000000.0	0.0361471276345
1982000000.0	-0.00453182016877
1984000000.0	-0.0536712258616
1986000000.0	-0.103320930744
1988000000.0	0.0161668705158
1990000000.0	-0.0393413814646
1992000000.0	0.0565756208923
1994000000.0	0.0279114223153
1996000000.0	-0.0303480789504
1998000000.0	-0.0366324742819
2000000000.0	-0.2671995
