0.0	-2.215625
2000000.0	0.336527002222
4000000.0	0.733936248837
6000000.0	0.0262847740651
8000000.0	0.28353494514
10000000.0	0.0548708079519
12000000.0	-0.764076276284
14000000.0	-1.05538595343
16000000.0	0.52154486052
18000000.0	2.22956501611
20000000.0	3.33428437681
22000000.0	3.43071151808
24000000.0	2.0178049158
26000000.0	-0.095706935478
28000000.0	-2.06913876685
30000000.0	-3.69591954025
32000000.0	-4.31921368745
34000000.0	-2.21086098943
36000000.0	1.31964000063
38000000.0	3.24006486568
40000000.0	3.56271418951
42000000.0	3.18810610188
44000000.0	0.930652164289
46000000.0	-1.02359596078
48000000.0	-2.06897031594
50000000.0	-1.48798935478
52000000.0	-0.173962391146
54000000.0	0.804929267997
56000000.0	1.27680750525
58000000.0	0.598491846178
60000000.0	-0.570970049763
62000000.0	-1.3816205026
64000000.0	-1.15807858379
66000000.0	0.0523427340926
68000000.0	1.27178934238
70000000.0	1.89612189684
72000000.0	1.11991776902
74000000.0	-0.445904588304
76000000.0	-1.57266460407
78000000.0	-2.18433786204
80000000.0	-1.21084278312
82000000.0	0.309126230291
84000000.0	1.4367694234
86000000.0	2.00846211916
88000000.0	1.12949683014
90000000.0	-0.0240214771243
92000000.0	-1.21882166772
94000000.0	-1.68451023884
96000000.0	-1.14979170033
98000000.0	0.0426361229089
100000000.0	1.11838242243
102000000.0	1.29866679102
104000000.0	0.624143562201
106000000.0	-0.128272691559
108000000.0	-0.865378147789
110000000.0	-0.834364941788
112000000.0	-0.352259073991
114000000.0	0.344377565458
116000000.0	0.743521909561
118000000.0	0.466870491801
120000000.0	-0.0858021843447
122000000.0	-0.771774201054
124000000.0	-0.831768656263
126000000.0	-0.220639501541
128000000.0	0.357348440725
130000000.0	0.807838602486
132000000.0	0.687881376799
134000000.0	0.141727812965
136000000.0	-0.676747748415
138000000.0	-0.974979179384
140000000.0	-0.865524493537
142000000.0	0.166848733912
144000000.0	0.742296684722
146000000.0	1.18660743145
148000000.0	0.706364017804
150000000.0	-0.293085479814
152000000.0	-1.05745352128
154000000.0	-1.20833546765
156000000.0	-0.760265759962
158000000.0	0.241163570035
160000000.0	1.03693101388
162000000.0	1.24528365929
164000000.0	0.572176711518
166000000.0	-0.175057175297
168000000.0	-1.14976075912
170000000.0	-1.22299245066
172000000.0	-0.711060778452
174000000.0	0.456173990388
176000000.0	1.02906144191
178000000.0	1.07678388342
180000000.0	0.537002791973
182000000.0	-0.259363816445
184000000.0	-0.768442552278
186000000.0	-0.917124029793
188000000.0	-0.396458169544
190000000.0	0.486497586431
192000000.0	0.827649937228
194000000.0	0.456195542344
196000000.0	-0.112476684634
198000000.0	-0.796487670966
200000000.0	-0.61993536534
202000000.0	-0.299575848494
204000000.0	0.539390569484
206000000.0	0.959828179805
208000000.0	0.784836762419
210000000.0	-0.224733933596
212000000.0	-1.16847600216
214000000.0	-1.20613250413
216000000.0	-0.746909342976
218000000.0	0.334996030436
220000000.0	1.25453491612
222000000.0	1.47664669031
224000000.0	0.898734498782
226000000.0	-0.340067402776
228000000.0	-1.64891561381
230000000.0	-1.90658905199
232000000.0	-1.07022309361
234000000.0	0.60262049752
236000000.0	1.90908865452
238000000.0	1.87933646771
240000000.0	0.686297684595
242000000.0	-0.788700213375
244000000.0	-1.89186783498
246000000.0	-1.7642012156
248000000.0	-0.612975440606
250000000.0	0.392239943272
252000000.0	1.94770068197
254000000.0	1.93458775668
256000000.0	0.613664730699
258000000.0	-1.04922512707
260000000.0	-2.29210118159
262000000.0	-1.7839708411
264000000.0	0.249772720379
266000000.0	2.14437280159
268000000.0	2.36100992547
270000000.0	0.691588156969
272000000.0	-1.86627855407
274000000.0	-2.63199392179
276000000.0	-1.59624667828
278000000.0	0.720603580174
280000000.0	2.36430624263
282000000.0	2.97014512019
284000000.0	2.12741739726
286000000.0	-0.589078773616
288000000.0	-5.21163306905
290000000.0	-9.28737401408
292000000.0	-6.77946371471
294000000.0	7.96716253762
296000000.0	31.5199848397
298000000.0	53.7458058858
300000000.0	-147.814926068
302000000.0	45.5721408479
304000000.0	27.6052832813
306000000.0	11.4208218816
308000000.0	0.773792348956
310000000.0	-5.56571465995
312000000.0	-8.57104161037
314000000.0	-7.42321202828
316000000.0	-2.38479578845
318000000.0	4.01946463491
320000000.0	6.94019902922
322000000.0	5.03546821863
324000000.0	0.530397561319
326000000.0	-3.83140621398
328000000.0	-4.48132473722
330000000.0	-2.23248474816
332000000.0	0.404088328046
334000000.0	2.14176667301
336000000.0	2.48241130213
338000000.0	1.55748125023
340000000.0	0.283168739915
342000000.0	-1.15481771827
344000000.0	-1.95962529234
346000000.0	-1.26822769848
348000000.0	0.247171961017
350000000.0	1.33255415389
352000000.0	1.51241014294
354000000.0	0.366324872721
356000000.0	-0.674738132836
358000000.0	-0.93507805311
360000000.0	-0.791002377013
362000000.0	0.12467662088
364000000.0	0.809452782768
366000000.0	0.57182097403
368000000.0	0.165557660874
370000000.0	-0.370863495114
372000000.0	-0.676349927564
374000000.0	-0.683422298639
376000000.0	-0.276156107576
378000000.0	0.559057888344
380000000.0	1.14376156264
382000000.0	0.891828308253
384000000.0	-0.0287037506188
386000000.0	-0.938421597734
388000000.0	-1.265766154
390000000.0	-0.739668224897
392000000.0	0.177293355351
394000000.0	0.868462402417
396000000.0	1.16751784995
398000000.0	0.702120208082
400000000.0	-0.260098154836
402000000.0	-0.87458120773
404000000.0	-1.06347499975
406000000.0	-0.725595886658
408000000.0	0.0278477996594
410000000.0	0.929988325302
412000000.0	1.13141731713
414000000.0	0.564742711941
416000000.0	-0.117043222998
418000000.0	-0.724262916874
420000000.0	-0.925241922355
422000000.0	-0.416501953519
424000000.0	0.254289960798
426000000.0	0.61334824634
428000000.0	0.67333115663
430000000.0	0.342125417344
432000000.0	-0.300551779106
434000000.0	-0.562486800873
436000000.0	-0.512507543189
438000000.0	-0.292063862777
440000000.0	0.366874710868
442000000.0	0.449123505723
444000000.0	0.367676723628
446000000.0	0.215851906951
448000000.0	-0.232423451735
450000000.0	-0.307631023132
452000000.0	-0.255115250927
454000000.0	0.179672154246
456000000.0	0.418598093367
458000000.0	0.175182102759
460000000.0	-0.160764630029
462000000.0	-0.335141356421
464000000.0	-0.416590939514
466000000.0	-0.130520173233
468000000.0	0.25766231779
470000000.0	0.329482159812
472000000.0	0.371646460773
474000000.0	0.204706304089
476000000.0	-0.310363012888
478000000.0	-0.412300016555
480000000.0	-0.481635005888
482000000.0	-0.171304023572
484000000.0	0.258453632393
486000000.0	0.599684488045
488000000.0	0.338495959393
490000000.0	0.147551792111
492000000.0	-0.386281298849
494000000.0	-0.636293129162
496000000.0	-0.298917310491
498000000.0	-0.00967340703478
500000000.0	0.261162855726
502000000.0	0.691863171809
504000000.0	0.323573796154
506000000.0	-0.0329149780938
508000000.0	-0.191109759029
510000000.0	-0.335427526416
512000000.0	-0.372943607664
514000000.0	-0.126718519165
516000000.0	0.214401559684
518000000.0	0.314937240641
520000000.0	0.261185660638
522000000.0	-0.00790804931661
524000000.0	-0.121313773886
526000000.0	-0.177634523144
528000000.0	-0.0648699112611
530000000.0	-0.0147763354978
532000000.0	0.213619448386
534000000.0	0.201965342774
536000000.0	0.0464834942026
538000000.0	-0.181417992822
540000000.0	-0.216766445226
542000000.0	-0.0171792306721
544000000.0	0.0206270088782
546000000.0	0.262643176724
548000000.0	-0.029643134209
550000000.0	0.127021247433
552000000.0	-0.218930539196
554000000.0	-0.233872467544
556000000.0	-0.216824422927
558000000.0	0.0511087863578
560000000.0	0.296948198853
562000000.0	0.355169863812
564000000.0	-0.0145626159917
566000000.0	-0.118750923123
568000000.0	-0.528997323985
570000000.0	-0.277987182766
572000000.0	-0.0764916325835
574000000.0	0.159635314775
576000000.0	0.291283952282
578000000.0	0.4330063851
580000000.0	0.193454173836
582000000.0	-0.211081835271
584000000.0	-0.253473986344
586000000.0	-0.345750820108
588000000.0	-0.199137667813
590000000.0	0.044545568694
592000000.0	0.343473650721
594000000.0	0.343674376819
596000000.0	-0.0898996307922
598000000.0	-0.347792250211
600000000.0	0.0721767776592
602000000.0	-0.324006652617
604000000.0	0.00502052418763
606000000.0	0.0537022055951
608000000.0	0.176126533694
610000000.0	0.263476730986
612000000.0	0.0121020963019
614000000.0	-0.141240788381
616000000.0	-0.122247974697
618000000.0	-0.263843536265
620000000.0	-0.161495570793
622000000.0	0.00943298415263
624000000.0	-0.09842882459
626000000.0	0.525906076211
628000000.0	0.0637164250026
630000000.0	-0.0813631914607
632000000.0	-0.0935379930899
634000000.0	0.0943733849552
636000000.0	0.0970474517969
638000000.0	0.0800354294858
640000000.0	0.128991754584
642000000.0	-0.212966636982
644000000.0	-0.0475942952376
646000000.0	-0.000343572429843
648000000.0	0.0447649317185
650000000.0	0.0218544726444
652000000.0	0.2169483117
654000000.0	0.206727112531
656000000.0	-0.00474776519327
658000000.0	-0.140451779394
660000000.0	-0.138788814397
662000000.0	-0.260211525978
664000000.0	-0.0458160933205
666000000.0	0.325934378723
668000000.0	0.366231130902
670000000.0	0.00476866324834
672000000.0	-0.118657252645
674000000.0	-0.112364939734
676000000.0	-0.236477105133
678000000.0	-0.0661424499671
680000000.0	-0.0292016119544
682000000.0	0.253537530208
684000000.0	0.261021385164
686000000.0	0.0889652302071
688000000.0	0.108512982647
690000000.0	-0.286094727942
692000000.0	-0.203391641378
694000000.0	-0.157298948014
696000000.0	0.0520610987244
698000000.0	0.348137659757
700000000.0	0.0433109130231
702000000.0	-0.043999009502
704000000.0	-0.0461185012181
706000000.0	-0.113099488044
708000000.0	-0.179363254846
710000000.0	-0.292311937936
712000000.0	0.126188609176
714000000.0	0.254751034651
716000000.0	0.0655547942811
718000000.0	0.0821670185937
720000000.0	-0.2729796692
722000000.0	-0.0618046272392
724000000.0	-0.0995585791137
726000000.0	0.0922462205491
728000000.0	0.0445962062165
730000000.0	0.290365928741
732000000.0	-0.0117077330368
734000000.0	-0.0277825854541
736000000.0	-0.193828527087
738000000.0	-0.205254066568
740000000.0	-0.0362045447004
742000000.0	0.140286110964
744000000.0	0.177518571252
746000000.0	0.0908839933113
748000000.0	-0.137369368929
750000000.0	0.0446729013563
752000000.0	-0.231804338632
754000000.0	-0.166074157618
756000000.0	0.133287510939
758000000.0	0.390596113885
760000000.0	-0.0216804911737
762000000.0	0.160692216016
764000000.0	-0.108766064096
766000000.0	-0.292674204291
768000000.0	-0.225743193055
770000000.0	-0.148336749272
772000000.0	0.236247638022
774000000.0	0.25615088162
776000000.0	0.175402620971
778000000.0	-0.0533254036894
780000000.0	-0.204436788273
782000000.0	-0.292695235283
784000000.0	-0.23677133699
786000000.0	0.157741227898
788000000.0	0.249656467811
790000000.0	0.172331663816
792000000.0	0.0911486721676
794000000.0	-0.0464007311153
796000000.0	-0.330846364715
798000000.0	-0.229186098574
800000000.0	0.130988774578
802000000.0	0.0307917019656
804000000.0	0.247517973216
806000000.0	0.189363982117
808000000.0	0.0436213811542
810000000.0	-0.193526465446
812000000.0	-0.174297214124
814000000.0	-0.141631121367
816000000.0	-0.0236327711546
818000000.0	0.304075917689
820000000.0	0.292255645017
822000000.0	0.347572616765
824000000.0	-0.062928218201
826000000.0	-0.252804171841
828000000.0	-0.300584066711
830000000.0	-0.0992057831491
832000000.0	0.0299860084286
834000000.0	0.324422020467
836000000.0	0.34255600618
838000000.0	0.142396220781
840000000.0	-0.272511260628
842000000.0	-0.499696151185
844000000.0	-0.352230953196
846000000.0	0.000362546213423
848000000.0	0.278086241006
850000000.0	0.544308311117
852000000.0	0.202580203781
854000000.0	-0.19818868138
856000000.0	-0.579332862136
858000000.0	-0.495248747857
860000000.0	-0.157051927083
862000000.0	0.185145846594
864000000.0	0.744190879072
866000000.0	0.664076097854
868000000.0	0.438982343057
870000000.0	-0.566070122134
872000000.0	-1.17163753923
874000000.0	-0.981968652118
876000000.0	-0.320007536491
878000000.0	1.38803186569
880000000.0	1.90760144956
882000000.0	1.19833520363
884000000.0	-0.174704956689
886000000.0	-1.95805722736
888000000.0	-2.48532280822
890000000.0	-2.31433766513
892000000.0	-0.593637901185
894000000.0	3.32181527104
896000000.0	9.63680798114
898000000.0	16.691755061
900000000.0	-49.667147346
902000000.0	16.9430695886
904000000.0	10.3816883938
906000000.0	3.098300262
908000000.0	-1.42022094982
910000000.0	-2.95465190153
912000000.0	-2.04974181855
914000000.0	-0.796439351004
916000000.0	0.345995601005
918000000.0	0.974868584061
920000000.0	1.38201199065
922000000.0	0.684856034757
924000000.0	-0.234847828136
926000000.0	-0.903379348672
928000000.0	-0.902806260062
930000000.0	-0.0432769282794
932000000.0	0.601607445897
934000000.0	0.591063665003
936000000.0	0.299052473336
938000000.0	-0.323650528449
940000000.0	-0.494703089725
942000000.0	-0.37041617511
944000000.0	-0.00935409848708
946000000.0	0.15101341654
948000000.0	0.386816605629
950000000.0	0.164033727458
952000000.0	-0.0170883846275
954000000.0	-0.181969480824
956000000.0	-0.424023476671
958000000.0	-0.308119051617
960000000.0	0.143873488006
962000000.0	0.305382043406
964000000.0	0.398694775018
966000000.0	0.195940741614
968000000.0	-0.349007570393
970000000.0	-0.513602124791
972000000.0	-0.373173476427
974000000.0	-0.0976770125278
976000000.0	0.386232498334
978000000.0	0.311857029971
980000000.0	0.301342972693
982000000.0	0.0213337343436
984000000.0	-0.264424292916
986000000.0	-0.507549922528
988000000.0	-0.282281974729
990000000.0	-0.0406546449961
992000000.0	0.157515120393
994000000.0	0.399686664439
996000000.0	0.338197946084
998000000.0	0.0927909351691
1000000000.0	0.25625
1002000000.0	-0.104270927399
1004000000.0	-0.0416922938849
1006000000.0	-0.0371335531729
1008000000.0	0.188669427037
1010000000.0	0.234192241534
1012000000.0	0.0447541275137
1014000000.0	-0.027604686718
1016000000.0	-0.244229021534
1018000000.0	-0.158314447636
1020000000.0	-0.0315396576528
1022000000.0	0.0527004471979
1024000000.0	0.0783544252482
1026000000.0	-0.0892985333289
1028000000.0	-0.043360020162
1030000000.0	-0.153237489738
1032000000.0	-0.0657689674283
1034000000.0	-0.00856797114266
1036000000.0	0.198011488978
1038000000.0	0.0767886752543
1040000000.0	0.00550239160805
1042000000.0	-0.0358373636818
1044000000.0	-0.189645765376
1046000000.0	-0.238637476613
1048000000.0	-0.0309103818138
1050000000.0	0.0835420902119
1052000000.0	0.217792438752
1054000000.0	0.0904827466317
1056000000.0	0.242721844687
1058000000.0	-0.216437825331
1060000000.0	-0.222164114329
1062000000.0	-0.161680499755
1064000000.0	-0.115913833929
1066000000.0	-0.0277656810443
1068000000.0	0.163065204349
1070000000.0	0.184723675321
1072000000.0	0.0199184562396
1074000000.0	-0.248560084281
1076000000.0	0.0343769916118
1078000000.0	-0.0796589026279
1080000000.0	-0.0919011954732
1082000000.0	0.0330316694927
1084000000.0	0.10252014356
1086000000.0	0.00930118629902
1088000000.0	-0.092406024576
1090000000.0	-0.0890078217644
1092000000.0	-0.0344401467798
1094000000.0	-0.0839551057173
1096000000.0	-0.0880358686553
1098000000.0	0.310760571644
1100000000.0	-0.352056627521
1102000000.0	0.178585913729
1104000000.0	-0.0102775256918
1106000000.0	0.0142976686442
1108000000.0	-0.111589048563
1110000000.0	-0.0612715543649
1112000000.0	0.0196515847226
1114000000.0	0.0569994343731
1116000000.0	0.0532263792228
1118000000.0	-0.105308550173
1120000000.0	-0.0126879124841
1122000000.0	0.00882000060948
1124000000.0	-0.0401555502908
1126000000.0	0.128001071802
1128000000.0	0.119959718375
1130000000.0	0.0451894666496
1132000000.0	0.0622024232977
1134000000.0	-0.172290780889
1136000000.0	-0.0799926951257
1138000000.0	0.00542583988248
1140000000.0	0.0868709732113
1142000000.0	0.0368958684973
1144000000.0	0.218175838321
1146000000.0	0.0986729981315
1148000000.0	-0.15114305023
1150000000.0	-0.135512626321
1152000000.0	-0.210062381725
1154000000.0	-0.0692712353883
1156000000.0	0.0153627830681
1158000000.0	0.0590397712907
1160000000.0	0.284291922211
1162000000.0	0.0539440970825
1164000000.0	-0.015873238467
1166000000.0	-0.182227693889
1168000000.0	-0.0858215242495
1170000000.0	-0.118361563739
1172000000.0	-0.161713898727
1174000000.0	-0.0300476079121
1176000000.0	0.0351594243398
1178000000.0	0.0467656184828
1180000000.0	-0.134571756944
1182000000.0	-0.109831765577
1184000000.0	-0.145946528361
1186000000.0	0.0216972824119
1188000000.0	0.161398493869
1190000000.0	-0.0799738739335
1192000000.0	0.0980581459465
1194000000.0	-0.0755808748913
1196000000.0	-0.32877544962
1198000000.0	-0.443195300217
1200000000.0	1.26322315484
1202000000.0	-0.491328978539
1204000000.0	-0.241544964529
1206000000.0	-0.152229684893
1208000000.0	-0.137986840006
1210000000.0	0.0790195611332
1212000000.0	0.0120063047409
1214000000.0	0.0536371300658
1216000000.0	-0.0216284838503
1218000000.0	-0.000683735965254
1220000000.0	-0.0461801358561
1222000000.0	0.00152893233957
1224000000.0	-0.187469452162
1226000000.0	0.010632303774
1228000000.0	-0.0897526321883
1230000000.0	-0.0495728013013
1232000000.0	0.158480950985
1234000000.0	0.0335578973954
1236000000.0	-0.0159961990332
1238000000.0	0.0517454439344
1240000000.0	-0.0444208379224
1242000000.0	-0.268596313121
1244000000.0	0.000262143697932
1246000000.0	-0.0260562784779
1248000000.0	0.0847929908468
1250000000.0	-0.14605931015
1252000000.0	-0.0399871574614
1254000000.0	0.158230531117
1256000000.0	-0.0988708769159
1258000000.0	-0.257093783888
1260000000.0	0.00151614807602
1262000000.0	0.0340430760507
1264000000.0	-0.0054046255647
1266000000.0	0.0144703274486
1268000000.0	-0.00856661998941
1270000000.0	-6.37026293939e-05
1272000000.0	-0.062798647622
1274000000.0	0.0532798204866
1276000000.0	-0.0103202712997
1278000000.0	-0.0232885774459
1280000000.0	0.0149609937055
1282000000.0	0.0479567870794
1284000000.0	0.0447816796353
1286000000.0	-0.0805849642684
1288000000.0	-0.0539966496796
1290000000.0	-0.0441073654063
1292000000.0	0.0276827289602
1294000000.0	-0.0634025649884
1296000000.0	-0.203732219465
1298000000.0	-0.41088243601
1300000000.0	1.39102163444
1302000000.0	-0.456767796852
1304000000.0	-0.328736399363
1306000000.0	-0.0948912034985
1308000000.0	0.0953253500528
1310000000.0	0.0871572735154
1312000000.0	0.14857815163
1314000000.0	0.109185492403
1316000000.0	0.0028446644122
1318000000.0	-0.1225881852
1320000000.0	-0.179713027362
1322000000.0	-0.118714571678
1324000000.0	-0.0592550104156
1326000000.0	0.12664410478
1328000000.0	0.191089664739
1330000000.0	0.0504842490459
1332000000.0	-0.0142696379897
1334000000.0	-0.152189232407
1336000000.0	-0.177765102088
1338000000.0	-0.184983724337
1340000000.0	0.0611291868687
1342000000.0	0.0173668186376
1344000000.0	0.0534676788733
1346000000.0	0.0180925202614
1348000000.0	-0.129947493403
1350000000.0	-0.122773537326
1352000000.0	-0.148049338684
1354000000.0	-0.0674822085288
1356000000.0	0.0481937166467
1358000000.0	0.0233530794306
1360000000.0	-0.101015758027
1362000000.0	-0.136089072861
1364000000.0	-0.169101188258
1366000000.0	-0.271078096282
1368000000.0	0.153146485936
1370000000.0	-0.111168025443
1372000000.0	-0.0536316654826
1374000000.0	-0.497474710593
1376000000.0	0.422971751979
1378000000.0	-0.136549779039
1380000000.0	0.1434225868
1382000000.0	0.0161685594335
1384000000.0	-0.201985150239
1386000000.0	0.0607465398193
1388000000.0	0.136276166225
1390000000.0	-0.00599568735956
1392000000.0	-0.0729273535836
1394000000.0	0.0132313694618
1396000000.0	-0.189144369729
1398000000.0	0.150978758322
1400000000.0	-0.0494818426201
1402000000.0	-0.0515820269638
1404000000.0	0.020303462059
1406000000.0	0.0733782669529
1408000000.0	-0.259808118428
1410000000.0	-0.158907549817
1412000000.0	-0.0492553977716
1414000000.0	0.0550991409698
1416000000.0	0.131756581061
1418000000.0	0.0629138732547
1420000000.0	0.0780542191809
1422000000.0	0.0905806418892
1424000000.0	-0.144819141398
1426000000.0	-0.0572887997431
1428000000.0	0.106730136
1430000000.0	0.0872132930446
1432000000.0	0.195632200718
1434000000.0	0.231413709932
1436000000.0	-0.146586042512
1438000000.0	-0.157263960538
1440000000.0	-0.0629482813163
1442000000.0	-0.131160289343
1444000000.0	-0.0650345562836
1446000000.0	0.126063112853
1448000000.0	0.283853032582
1450000000.0	0.127754467024
1452000000.0	0.0247854196615
1454000000.0	-0.213201644288
1456000000.0	-0.346379176106
1458000000.0	-0.067213936512
1460000000.0	0.246643022632
1462000000.0	0.3176544752
1464000000.0	0.284056582578
1466000000.0	0.0825516974485
1468000000.0	-0.156959659165
1470000000.0	-0.218083729631
1472000000.0	-0.310379424332
1474000000.0	-0.230033446687
1476000000.0	0.015708761562
1478000000.0	0.394353410622
1480000000.0	0.467028586424
1482000000.0	0.209248250944
1484000000.0	-0.393460569586
1486000000.0	-0.493206990418
1488000000.0	-0.364920700391
1490000000.0	0.364103271395
1492000000.0	0.604753211397
1494000000.0	0.184037287705
1496000000.0	-0.510623512146
1498000000.0	-0.573211074162
1500000000.0	-0.529912855726
1502000000.0	0.746091584452
1504000000.0	0.393345922055
1506000000.0	-0.257223455028
1508000000.0	-0.647451739699
1510000000.0	-0.492759256916
1512000000.0	0.197783860421
1514000000.0	0.629958995583
1516000000.0	0.460578126355
1518000000.0	-0.203693092
1520000000.0	-0.362088409305
1522000000.0	-0.400885304778
1524000000.0	-0.187040324057
1526000000.0	0.155861505062
1528000000.0	0.262560198484
1530000000.0	0.361781516017
1532000000.0	0.102583645353
1534000000.0	-0.0209240569166
1536000000.0	-0.244919626449
1538000000.0	-0.437085134212
1540000000.0	-0.297833998094
1542000000.0	0.123544743679
1544000000.0	0.408632406089
1546000000.0	0.255641470501
1548000000.0	0.101102767041
1550000000.0	0.0356441180268
1552000000.0	-0.300737261771
1554000000.0	-0.0995379046049
1556000000.0	0.0175117279984
1558000000.0	0.0223908047979
1560000000.0	0.209474486264
1562000000.0	0.0535753530487
1564000000.0	0.0203497969805
1566000000.0	-0.00433654000016
1568000000.0	-0.128038695728
1570000000.0	-0.129599819261
1572000000.0	-0.0844487901514
1574000000.0	0.0259930005047
1576000000.0	0.116227201588
1578000000.0	0.162326014866
1580000000.0	0.0174610100445
1582000000.0	0.0639766404914
1584000000.0	0.0114680621854
1586000000.0	-0.110925242679
1588000000.0	0.055317500055
1590000000.0	-0.0581589676049
1592000000.0	0.114496538841
1594000000.0	-0.108825560682
1596000000.0	-0.0138292010506
1598000000.0	0.064208857643
1600000000.0	0.0471362254219
1602000000.0	0.101931972099
1604000000.0	0.14299705047
1606000000.0	0.00638996306011
1608000000.0	-0.0980572603879
1610000000.0	-0.0256794965618
1612000000.0	-0.111949870834
1614000000.0	-0.0465695164521
1616000000.0	0.0311296458231
1618000000.0	0.08747011083
1620000000.0	0.130761027964
1622000000.0	0.0365624228279
1624000000.0	-0.00721814587053
1626000000.0	-0.197515369428
1628000000.0	-0.179956875034
1630000000.0	-0.0777972056562
1632000000.0	0.176955277019
1634000000.0	0.116731982633
1636000000.0	0.119044175048
1638000000.0	0.184802788776
1640000000.0	-0.0603166263124
1642000000.0	0.0654350126034
1644000000.0	-0.135683925099
1646000000.0	-0.028331086603
1648000000.0	0.0523055742273
1650000000.0	0.0459072266822
1652000000.0	0.0243036444574
1654000000.0	0.0185948724734
1656000000.0	-0.051171511615
1658000000.0	0.0323061394609
1660000000.0	-0.0150837874899
1662000000.0	0.0447836295533
1664000000.0	0.0251415191073
1666000000.0	0.117826894282
1668000000.0	0.0408062926791
1670000000.0	-0.0386617619448
1672000000.0	-0.0686084498585
1674000000.0	-0.0437979971951
1676000000.0	0.0520148472781
1678000000.0	-0.024946749306
1680000000.0	0.0654862905794
1682000000.0	-0.0355512801087
1684000000.0	-0.00139888684103
1686000000.0	-0.0154099392032
1688000000.0	-0.0634333482875
1690000000.0	0.0859653200725
1692000000.0	-0.0135562113582
1694000000.0	0.0504228011115
1696000000.0	-0.057518867469
1698000000.0	-0.157482738367
1700000000.0	0.141398665343
1702000000.0	-0.11059219444
1704000000.0	0.00918067574516
1706000000.0	-0.0655071841535
1708000000.0	0.0554480623843
1710000000.0	0.164961463406
1712000000.0	0.0607626977088
1714000000.0	-0.0346119487656
1716000000.0	-0.0695483968772
1718000000.0	0.00649565972046
1720000000.0	-0.0678724883332
1722000000.0	-0.00238445820803
1724000000.0	0.0906901106537
1726000000.0	0.089901628401
1728000000.0	-0.0294184184579
1730000000.0	-0.00868829367969
1732000000.0	0.0267241263483
1734000000.0	-0.136368012128
1736000000.0	-0.0334479895135
1738000000.0	0.0226972769287
1740000000.0	0.098733973782
1742000000.0	-0.0863780127506
1744000000.0	0.0731553224978
1746000000.0	0.0813257039491
1748000000.0	-0.0916500309392
1750000000.0	-0.590853534478
1752000000.0	0.0661078332349
1754000000.0	-0.0749936519892
1756000000.0	0.147196941164
1758000000.0	-0.0638325356807
1760000000.0	-0.014268730916
1762000000.0	0.0344937492454
1764000000.0	0.0295601622168
1766000000.0	0.0611505819978
1768000000.0	-0.0352264165621
1770000000.0	0.080894745266
1772000000.0	0.0176676292351
1774000000.0	-0.0471029716365
1776000000.0	-0.0333575208255
1778000000.0	0.004495342293
1780000000.0	0.000400319757869
1782000000.0	0.0349530482787
1784000000.0	0.0906301366569
1786000000.0	0.0405259742258
1788000000.0	-0.00356717555829
1790000000.0	-0.0510059191526
1792000000.0	-0.0413128831691
1794000000.0	-0.0211668869668
1796000000.0	0.00461458818175
1798000000.0	0.0791712435633
1800000000.0	0.153490430301
1802000000.0	0.0332655413046
1804000000.0	-0.115484368191
1806000000.0	-0.0290382197341
1808000000.0	0.103903300576
1810000000.0	0.0300352920886
1812000000.0	-0.105052322142
1814000000.0	0.0294954729195
1816000000.0	-0.133660079698
1818000000.0	-0.00211681752538
1820000000.0	-0.00955707823509
1822000000.0	-0.108801885098
1824000000.0	-0.013292934466
1826000000.0	-0.0332053891679
1828000000.0	-0.0588881355364
1830000000.0	0.0888019942518
1832000000.0	0.0871776129624
1834000000.0	0.0530842448077
1836000000.0	-0.0517263080461
1838000000.0	0.0169584092085
1840000000.0	-0.0617843955437
1842000000.0	0.0868755828822
1844000000.0	-0.0168867590997
1846000000.0	-0.0771483788113
1848000000.0	-0.0883844569764
1850000000.0	0.0186136904884
1852000000.0	-0.023975087789
1854000000.0	-0.1254065913
1856000000.0	0.121087279076
1858000000.0	-0.0541133894495
1860000000.0	-0.0589490256338
1862000000.0	-0.0985791358287
1864000000.0	-0.147459177737
1866000000.0	-0.133146785367
1868000000.0	-0.195057138185
1870000000.0	0.0584232179029
1872000000.0	0.138008325565
1874000000.0	0.114748894685
1876000000.0	-0.00248309537363
1878000000.0	-0.135345713995
1880000000.0	-0.117813132459
1882000000.0	0.0188519002582
1884000000.0	0.0211208594923
1886000000.0	0.172804656171
1888000000.0	0.212834207605
1890000000.0	0.135655318677
1892000000.0	0.0273945151041
1894000000.0	-0.422355196101
1896000000.0	-1.16359489064
1898000000.0	-1.77620715849
1900000000.0	5.94001640644
1902000000.0	-2.33084799239
1904000000.0	-1.24273463855
1906000000.0	-0.356524564029
1908000000.0	0.361912034582
1910000000.0	0.32663351434
1912000000.0	0.279748192209
1914000000.0	0.0660249612689
1916000000.0	-0.129926190594
1918000000.0	-0.184214292519
1920000000.0	-0.162166348792
1922000000.0	0.0424508327179
1924000000.0	0.182219140858
1926000000.0	0.00189817761185
1928000000.0	0.0999759244541
1930000000.0	-0.0906907682871
1932000000.0	-0.222499341464
1934000000.0	-0.0833872812345
1936000000.0	-0.104024794124
1938000000.0	-0.0432762598577
1940000000.0	-0.0379445137517
1942000000.0	0.0108756482662
1944000000.0	-0.00774770911313
1946000000.0	-0.0525755697387
1948000000.0	-0.0105416895767
1950000000.0	-0.0417414836028
1952000000.0	-0.080346885929
1954000000.0	0.00411888914448
1956000000.0	0.112366141884
1958000000.0	-0.00681532812835
1960000000.0	0.00497244378885
1962000000.0	0.0286742941701
1964000000.0	-0.0623234230903
1966000000.0	-0.0996240699964
1968000000.0	0.112171720629
1970000000.0	0.11117518728
1972000000.0	0.133649109746
1974000000.0	-0.0530354468015
1976000000.0	-0.102198454261
1978000000.0	-0.0808414477663
1980000000.0	0.0605758781266
1982000000.0	0.043169371217
1984000000.0	0.0870302982536
1986000000.0	0.136274499516
1988000000.0	-0.0724799630134
1990000000.0	-0.0213214231323
1992000000.0	-0.13657641615
1994000000.0	-0.0231194757159
1996000000.0	0.113717117369
1998000000.0	0.203657048012
2000000000.0	-0.709375
