0.0	-50.15625
2000000.0	4.96262689984
4000000.0	9.18832113763
6000000.0	3.51818435022
8000000.0	-9.17190222277
10000000.0	-16.9401463702
12000000.0	-11.3988498168
14000000.0	-0.682826500968
16000000.0	14.1109799158
18000000.0	25.0107462364
20000000.0	17.3624224098
22000000.0	-2.06101125517
24000000.0	-24.2555907523
26000000.0	-32.1170020476
28000000.0	-17.4913326987
30000000.0	9.17860081154
32000000.0	27.9647139187
34000000.0	25.1629327106
36000000.0	-0.217948243281
38000000.0	-15.6693391242
40000000.0	-19.3370186985
42000000.0	-11.3865381772
44000000.0	4.01427867484
46000000.0	12.1866305926
48000000.0	5.79978234449
50000000.0	-3.14095376211
52000000.0	-11.0855495676
54000000.0	-3.67171861072
56000000.0	10.1555003017
58000000.0	14.5595992309
60000000.0	6.53938797326
62000000.0	-7.02343124311
64000000.0	-14.0879298267
66000000.0	-11.296949562
68000000.0	1.01517185187
70000000.0	12.5902818341
72000000.0	14.4682573375
74000000.0	4.98123352933
76000000.0	-7.87021097789
78000000.0	-11.9822720685
80000000.0	-6.21143014213
82000000.0	2.32424948677
84000000.0	7.30238552734
86000000.0	5.99079465707
88000000.0	-2.58582689635
90000000.0	-7.40742892695
92000000.0	-2.49746658323
94000000.0	3.08301449146
96000000.0	8.38907932478
98000000.0	4.47597927774
100000000.0	-2.9641210224
102000000.0	-11.1941593594
104000000.0	-8.91675414153
106000000.0	-0.804370275397
108000000.0	9.21572959745
110000000.0	12.240468871
112000000.0	5.1569236899
114000000.0	-5.90861052608
116000000.0	-11.5214548493
118000000.0	-7.68507144009
120000000.0	2.37865902429
122000000.0	9.99085166873
124000000.0	9.15046975218
126000000.0	-1.54616600697
128000000.0	-8.0502611822
130000000.0	-4.90317817328
132000000.0	0.591087421777
134000000.0	5.43828859077
136000000.0	6.43398582063
138000000.0	0.57433344129
140000000.0	-5.6036515094
142000000.0	-8.2435122063
144000000.0	-1.65565344486
146000000.0	6.54235221684
148000000.0	8.77659653075
150000000.0	3.05675932602
152000000.0	-4.34759801214
154000000.0	-9.65384379998
156000000.0	-5.50899809703
158000000.0	4.07483131231
160000000.0	10.6769968863
162000000.0	4.98206787511
164000000.0	-0.667818252289
166000000.0	-8.67726002324
168000000.0	-7.74741817404
170000000.0	-0.362568917243
172000000.0	5.90275080464
174000000.0	6.15260866924
176000000.0	2.45709578523
178000000.0	-5.87089476145
180000000.0	-6.62863677521
182000000.0	-1.66759812771
184000000.0	5.05038052917
186000000.0	8.62136428625
188000000.0	3.36761984597
190000000.0	-5.98226417438
192000000.0	-8.72563375403
194000000.0	-4.43388790425
196000000.0	4.65373422932
198000000.0	10.5097851288
200000000.0	8.26682907428
202000000.0	-0.353400537689
204000000.0	-10.347412605
206000000.0	-9.30216602636
208000000.0	-0.532271739476
210000000.0	8.18764215753
212000000.0	9.2812215393
214000000.0	2.97194660065
216000000.0	-5.14049440324
218000000.0	-8.54350625036
220000000.0	-2.71337122049
222000000.0	6.61700446889
224000000.0	8.65656219172
226000000.0	2.82246185637
228000000.0	-5.69991743996
230000000.0	-12.1259081723
232000000.0	-5.43055737075
234000000.0	6.57675129755
236000000.0	14.7498314296
238000000.0	12.6275457993
240000000.0	-3.04340740393
242000000.0	-15.6159422848
244000000.0	-16.6745685838
246000000.0	0.582392941983
248000000.0	13.7998829406
250000000.0	10.8318190367
252000000.0	3.99671376785
254000000.0	-11.2721105882
256000000.0	-15.6983593342
258000000.0	-4.10172685383
260000000.0	12.9694595333
262000000.0	16.302699333
264000000.0	1.95155032413
266000000.0	-15.7048661808
268000000.0	-23.3539816655
270000000.0	-7.09735117928
272000000.0	22.1004702854
274000000.0	33.9611451873
276000000.0	18.9042129921
278000000.0	-20.3311928406
280000000.0	-46.1926124299
282000000.0	-34.1891328938
284000000.0	8.51833730469
286000000.0	47.1135919171
288000000.0	46.2989230742
290000000.0	1.008475312
292000000.0	-44.0903776948
294000000.0	-39.3405956678
296000000.0	25.9388110955
298000000.0	96.7848700693
300000000.0	-199.193785339
302000000.0	67.2141175824
304000000.0	52.1210844996
306000000.0	37.5331488743
308000000.0	9.18435550385
310000000.0	-23.9081403746
312000000.0	-41.4427231615
314000000.0	-29.5747517908
316000000.0	1.01502792015
318000000.0	29.3924240238
320000000.0	32.0565490526
322000000.0	11.3081558336
324000000.0	-13.5272208251
326000000.0	-23.429734508
328000000.0	-12.0499737649
330000000.0	6.06589617203
332000000.0	16.3665207433
334000000.0	8.31300210806
336000000.0	-4.1880732654
338000000.0	-11.7098098761
340000000.0	-7.44510547484
342000000.0	5.47064814876
344000000.0	12.3609748717
346000000.0	6.66931045629
348000000.0	-5.63554445873
350000000.0	-13.801761652
352000000.0	-9.10926309962
354000000.0	5.35718406327
356000000.0	11.5844550895
358000000.0	9.81302078979
360000000.0	0.482423254711
362000000.0	-9.45678220633
364000000.0	-10.4747110211
366000000.0	-2.18549345529
368000000.0	5.24334132098
370000000.0	8.00561633573
372000000.0	3.04521060947
374000000.0	-1.64133879328
376000000.0	-7.88724949458
378000000.0	-2.11887836642
380000000.0	4.36655843541
382000000.0	6.27380892755
384000000.0	2.41339462734
386000000.0	-4.32002475275
388000000.0	-7.10151923201
390000000.0	-3.73607473215
392000000.0	2.72194370281
394000000.0	6.54440476327
396000000.0	5.30850092563
398000000.0	0.271153882438
400000000.0	-3.29738316367
402000000.0	-5.84845900642
404000000.0	-2.49805482991
406000000.0	2.60906911176
408000000.0	4.13452648559
410000000.0	1.65713293652
412000000.0	-1.70883642906
414000000.0	-2.87116864626
416000000.0	0.183227612687
418000000.0	2.89162946489
420000000.0	4.62968300488
422000000.0	1.58522498863
424000000.0	-2.41524263098
426000000.0	-4.5585352116
428000000.0	-1.8181044018
430000000.0	1.4092532992
432000000.0	2.60950741134
434000000.0	2.80715644866
436000000.0	0.059730528696
438000000.0	-2.98457379239
440000000.0	-2.93953621329
442000000.0	-0.13936907762
444000000.0	2.72166047444
446000000.0	1.68596778635
448000000.0	-0.00799140553419
450000000.0	-1.26319282837
452000000.0	-3.17191269536
454000000.0	-1.0064721249
456000000.0	0.0146061213634
458000000.0	1.23766367415
460000000.0	0.616027768165
462000000.0	-2.04335561373
464000000.0	-2.29776694872
466000000.0	-1.26641347073
468000000.0	1.92139233528
470000000.0	3.44142892554
472000000.0	1.58965894848
474000000.0	-1.28366451065
476000000.0	-2.1102961055
478000000.0	-2.04624359267
480000000.0	-1.1852983247
482000000.0	1.76366840004
484000000.0	1.29297629416
486000000.0	2.16477152053
488000000.0	-0.371833332142
490000000.0	-0.793766210383
492000000.0	-0.864960769235
494000000.0	0.974657937193
496000000.0	1.25954835319
498000000.0	-1.07544927848
500000000.0	3.98176748158
502000000.0	-1.53203659797
504000000.0	-1.55450464856
506000000.0	-0.370719215917
508000000.0	2.87720819928
510000000.0	2.22431061717
512000000.0	0.207760891028
514000000.0	-2.2558886858
516000000.0	-1.86731810588
518000000.0	-0.562860792242
520000000.0	2.44080493103
522000000.0	2.83803563866
524000000.0	0.0185243248907
526000000.0	-0.017975608664
528000000.0	-0.859515803889
530000000.0	-1.67409766469
532000000.0	0.891855956111
534000000.0	2.02236325286
536000000.0	1.32258071088
538000000.0	-0.553627793662
540000000.0	-1.62359830209
542000000.0	0.324519987494
544000000.0	0.162158721886
546000000.0	1.49535591198
548000000.0	1.27005728483
550000000.0	0.306868594661
552000000.0	-1.29266502936
554000000.0	-1.2023106548
556000000.0	2.04042750163
558000000.0	2.23709841749
560000000.0	2.34302695373
562000000.0	0.168297237545
564000000.0	-1.46004775459
566000000.0	-0.860979217594
568000000.0	-0.223682324773
570000000.0	1.190568359
572000000.0	2.72857754828
574000000.0	-0.841850152288
576000000.0	-1.45764036904
578000000.0	0.712316256565
580000000.0	0.212776404637
582000000.0	0.304116697671
584000000.0	2.01122713063
586000000.0	0.597649368872
588000000.0	-1.62918345197
590000000.0	-0.733217388061
592000000.0	-1.25363728126
594000000.0	1.7217479424
596000000.0	-0.951855813811
598000000.0	-0.132647860099
600000000.0	4.09902632449
602000000.0	-2.77847759739
604000000.0	-2.11564584486
606000000.0	-0.254895346796
608000000.0	1.8375601906
610000000.0	1.94183049056
612000000.0	0.490539020379
614000000.0	0.227813333862
616000000.0	-0.199138863106
618000000.0	-0.717333528559
620000000.0	0.901049429309
622000000.0	0.466043561208
624000000.0	0.46584380239
626000000.0	1.33239604423
628000000.0	-0.0163349848602
630000000.0	-1.36425382302
632000000.0	-0.547182292301
634000000.0	0.219554032623
636000000.0	0.918532475264
638000000.0	-0.150329221607
640000000.0	-0.380566731583
642000000.0	-1.83883720215
644000000.0	-1.03199447635
646000000.0	1.4586463046
648000000.0	0.606320211834
650000000.0	1.18605203574
652000000.0	-1.03660535193
654000000.0	-3.1144911994
656000000.0	-0.417619700999
658000000.0	0.634031061378
660000000.0	0.762240762844
662000000.0	0.530054163665
664000000.0	-0.305866777882
666000000.0	-0.917152277352
668000000.0	-1.78063545734
670000000.0	-0.3161980031
672000000.0	1.17115020428
674000000.0	1.83619873652
676000000.0	-0.502174889933
678000000.0	1.02110703622
680000000.0	-0.94952924647
682000000.0	-1.07122838149
684000000.0	0.296804793663
686000000.0	3.04826538402
688000000.0	0.376038685005
690000000.0	0.340475429888
692000000.0	-0.780282348217
694000000.0	-2.50553669242
696000000.0	-0.137926030677
698000000.0	-0.236124971025
700000000.0	8.3713791585
702000000.0	-3.54951986492
704000000.0	-2.83149645224
706000000.0	-1.83223599325
708000000.0	0.475797880054
710000000.0	2.19238223253
712000000.0	1.51767055859
714000000.0	0.454507870472
716000000.0	-0.9975150965
718000000.0	-1.57221774589
720000000.0	-0.0429954575697
722000000.0	1.34120216699
724000000.0	1.76806098851
726000000.0	0.0655869120974
728000000.0	-1.92222933858
730000000.0	-1.40177866806
732000000.0	-2.33990154802
734000000.0	-0.302434304658
736000000.0	2.05992759871
738000000.0	0.966984205899
740000000.0	-0.264057554158
742000000.0	-1.73131983055
744000000.0	-0.328981636548
746000000.0	-0.542236323911
748000000.0	0.850773448615
750000000.0	2.58863941114
752000000.0	-0.632791921034
754000000.0	-1.71662853178
756000000.0	0.256086913682
758000000.0	0.133452490512
760000000.0	2.09731753008
762000000.0	0.77737415404
764000000.0	-0.259026280368
766000000.0	-1.326844092
768000000.0	-2.10398186055
770000000.0	0.306812320464
772000000.0	1.87370955681
774000000.0	2.21332223719
776000000.0	0.856410164298
778000000.0	0.0686789120316
780000000.0	-2.08621719486
782000000.0	-0.40553080678
784000000.0	0.542735183935
786000000.0	1.05593096275
788000000.0	2.62836103551
790000000.0	-0.1026291682
792000000.0	-2.70095344624
794000000.0	-1.23053083044
796000000.0	0.434603174543
798000000.0	1.11536827044
800000000.0	2.0205954266
802000000.0	-1.04978612334
804000000.0	-2.6158433797
806000000.0	-2.07153178739
808000000.0	-0.972725939557
810000000.0	1.3326516176
812000000.0	2.84062415433
814000000.0	1.51323113994
816000000.0	-1.53384813949
818000000.0	-2.39161891707
820000000.0	-1.60098127638
822000000.0	0.806654151015
824000000.0	1.85299501677
826000000.0	1.5480193037
828000000.0	-0.397790129834
830000000.0	-2.65182790422
832000000.0	-1.95512085912
834000000.0	0.759933011819
836000000.0	2.56884877076
838000000.0	2.54577409519
840000000.0	0.644387030561
842000000.0	-3.68828973854
844000000.0	-5.08076603954
846000000.0	-0.601485928297
848000000.0	1.98084321589
850000000.0	4.99306927441
852000000.0	0.409629459718
854000000.0	-2.64227717071
856000000.0	-4.86311520097
858000000.0	-1.80774599396
860000000.0	3.72706816071
862000000.0	3.64426482479
864000000.0	1.54743426634
866000000.0	-1.56926167831
868000000.0	-6.4591215182
870000000.0	-2.25501741338
872000000.0	4.03893824427
874000000.0	8.22978367312
876000000.0	4.31297512597
878000000.0	-3.22154203505
880000000.0	-9.59767222838
882000000.0	-8.68281321334
884000000.0	2.49540597404
886000000.0	10.4404479577
888000000.0	12.417256995
890000000.0	4.04617984159
892000000.0	-8.08969982619
894000000.0	-11.8747771083
896000000.0	-6.42885074766
898000000.0	-3.64645722581
900000000.0	27.2765516554
902000000.0	-15.2896258389
904000000.0	-3.53285923486
906000000.0	8.23362658444
908000000.0	8.15474703748
910000000.0	0.412953369481
912000000.0	-11.2612966087
914000000.0	-11.9993267058
916000000.0	-2.99428249596
918000000.0	7.80914108319
920000000.0	10.6971806591
922000000.0	5.06789207743
924000000.0	-4.3197021084
926000000.0	-8.399050161
928000000.0	-5.08761805184
930000000.0	1.80903086464
932000000.0	5.39921178271
934000000.0	4.99733102041
936000000.0	-2.01658755281
938000000.0	-3.83645124871
940000000.0	-3.57466680202
942000000.0	1.24730208159
944000000.0	3.34599478424
946000000.0	2.72982971546
948000000.0	-0.165472686976
950000000.0	-3.98642187294
952000000.0	-2.80546108366
954000000.0	0.50122204806
956000000.0	3.17130364917
958000000.0	3.57664035185
960000000.0	0.345763256101
962000000.0	-2.27764086893
964000000.0	-4.22484071871
966000000.0	-0.829579412797
968000000.0	0.870474542574
970000000.0	1.74933373185
972000000.0	0.799458988325
974000000.0	0.967084545014
976000000.0	-1.12136855557
978000000.0	-0.274604633849
980000000.0	1.90587958041
982000000.0	2.37702469875
984000000.0	0.447321672844
986000000.0	0.283596555344
988000000.0	-1.3735258329
990000000.0	-1.13723711292
992000000.0	1.60073514804
994000000.0	3.10731545686
996000000.0	1.95790587796
998000000.0	0.955992596219
1000000000.0	-9.0625
1002000000.0	-3.08465160698
1004000000.0	-0.869061828653
1006000000.0	-0.832284925704
1008000000.0	0.168917562094
1010000000.0	1.24531553571
1012000000.0	0.178115725821
1014000000.0	-0.222373134652
1016000000.0	0.129940780168
1018000000.0	1.14744428057
1020000000.0	1.19780775202
1022000000.0	0.174385855256
1024000000.0	-0.422084931677
1026000000.0	-1.22200972583
1028000000.0	-1.33647419068
1030000000.0	0.379884710234
1032000000.0	2.07811781797
1034000000.0	1.45364847069
1036000000.0	-0.100244371266
1038000000.0	-2.44421418129
1040000000.0	-0.539378084643
1042000000.0	-0.169545973988
1044000000.0	0.73784126483
1046000000.0	0.0138926206032
1048000000.0	0.760091249481
1050000000.0	-0.612839289245
1052000000.0	-0.225901751488
1054000000.0	-0.110748972838
1056000000.0	0.332302724818
1058000000.0	0.751820914757
1060000000.0	-0.179054881479
1062000000.0	0.0862696600842
1064000000.0	-0.739285086698
1066000000.0	0.149451022196
1068000000.0	0.26132106269
1070000000.0	0.730938427033
1072000000.0	-0.0603468090876
1074000000.0	-0.0925665744781
1076000000.0	0.0819091121281
1078000000.0	-0.491523898366
1080000000.0	-0.957732226717
1082000000.0	0.240135348953
1084000000.0	-0.310638456418
1086000000.0	0.735939341899
1088000000.0	1.14640977464
1090000000.0	-1.47106742147
1092000000.0	0.0404657575256
1094000000.0	-0.654759952708
1096000000.0	0.608276396879
1098000000.0	-1.07398091082
1100000000.0	2.98971322967
1102000000.0	-0.680020188268
1104000000.0	0.714882605374
1106000000.0	0.192793002068
1108000000.0	1.709763308
1110000000.0	0.944023058542
1112000000.0	-0.0783023745389
1114000000.0	-1.84449754779
1116000000.0	-1.21532852619
1118000000.0	-0.306358671725
1120000000.0	0.406578319333
1122000000.0	1.21843643984
1124000000.0	0.0747886075622
1126000000.0	0.562707603474
1128000000.0	0.502207831354
1130000000.0	0.259531849543
1132000000.0	0.278950560756
1134000000.0	1.951341168
1136000000.0	0.96484001346
1138000000.0	0.422855249324
1140000000.0	-0.854151985885
1142000000.0	-0.964926687421
1144000000.0	0.750317052651
1146000000.0	-0.143569522294
1148000000.0	-0.467657763171
1150000000.0	0.614105151829
1152000000.0	-0.904490966758
1154000000.0	-0.874986385111
1156000000.0	-0.153254266182
1158000000.0	1.4672013478
1160000000.0	1.55379565086
1162000000.0	-0.191755105674
1164000000.0	0.531023165882
1166000000.0	-0.946672004865
1168000000.0	-0.118674877173
1170000000.0	0.72176943641
1172000000.0	-0.0719517222455
1174000000.0	-0.433812357441
1176000000.0	0.765783552518
1178000000.0	-0.050297062732
1180000000.0	0.119944840555
1182000000.0	0.645532174942
1184000000.0	0.785553335948
1186000000.0	0.0744761662125
1188000000.0	0.808680199371
1190000000.0	-0.0811862029102
1192000000.0	-1.57594522598
1194000000.0	-0.130296783151
1196000000.0	1.89090719363
1198000000.0	4.67669777696
1200000000.0	-10.9838668363
1202000000.0	3.97396755692
1204000000.0	0.645863953937
1206000000.0	0.391398492286
1208000000.0	-2.530321553
1210000000.0	-0.223131926542
1212000000.0	0.329528983217
1214000000.0	-0.0258978792849
1216000000.0	0.178117219255
1218000000.0	0.62064971016
1220000000.0	-0.550210408108
1222000000.0	0.779718358989
1224000000.0	0.735777205972
1226000000.0	0.246146270901
1228000000.0	-0.576637872291
1230000000.0	0.259478231482
1232000000.0	0.34125959309
1234000000.0	0.0548106638053
1236000000.0	0.142180483996
1238000000.0	-0.0777794948623
1240000000.0	0.0475645125109
1242000000.0	-0.707757770853
1244000000.0	0.299847379571
1246000000.0	-0.84428403466
1248000000.0	-0.171787523496
1250000000.0	1.11142372179
1252000000.0	-0.507178297158
1254000000.0	-0.52517987056
1256000000.0	-1.08643886106
1258000000.0	-0.0381132223618
1260000000.0	0.38252558024
1262000000.0	0.299805130814
1264000000.0	-0.960405231672
1266000000.0	-0.495731783523
1268000000.0	0.00830690470765
1270000000.0	0.583542575862
1272000000.0	0.89369473475
1274000000.0	-0.183750912471
1276000000.0	-0.664166392386
1278000000.0	-0.0623341305609
1280000000.0	0.0224343290237
1282000000.0	1.30840639501
1284000000.0	-0.386715143139
1286000000.0	0.564751896702
1288000000.0	-1.44818649597
1290000000.0	-0.0451051286187
1292000000.0	0.34508731853
1294000000.0	-0.630591668544
1296000000.0	-1.73172798352
1298000000.0	-2.58784749594
1300000000.0	7.85794253642
1302000000.0	-3.5188578418
1304000000.0	-0.906432003876
1306000000.0	-1.54063076006
1308000000.0	-0.518116174984
1310000000.0	0.915978329449
1312000000.0	1.20942615155
1314000000.0	0.345167605241
1316000000.0	-0.233564705492
1318000000.0	0.161501198116
1320000000.0	0.142251452229
1322000000.0	0.982527975326
1324000000.0	-0.123220052086
1326000000.0	-0.00571916270651
1328000000.0	1.43971962264
1330000000.0	-0.731239957403
1332000000.0	-0.823468881095
1334000000.0	0.821983812515
1336000000.0	0.537390060738
1338000000.0	0.341997142041
1340000000.0	-0.425425880518
1342000000.0	-1.06361519875
1344000000.0	0.402519952664
1346000000.0	-0.788598894423
1348000000.0	0.143351515059
1350000000.0	-0.915008637583
1352000000.0	0.0265346907197
1354000000.0	1.12159980038
1356000000.0	0.470801118902
1358000000.0	1.09887418787
1360000000.0	0.167258521439
1362000000.0	-0.108595690374
1364000000.0	-0.394418763234
1366000000.0	-0.13830790672
1368000000.0	-0.451608744966
1370000000.0	1.01264315489
1372000000.0	1.23525779887
1374000000.0	0.539367125171
1376000000.0	0.160200922765
1378000000.0	0.194735978802
1380000000.0	0.354576140934
1382000000.0	-1.78862339631
1384000000.0	-0.925741271674
1386000000.0	-0.49364099474
1388000000.0	0.788420969203
1390000000.0	0.365527273646
1392000000.0	-1.81087095677
1394000000.0	-1.74107977377
1396000000.0	0.417844649304
1398000000.0	0.214236429411
1400000000.0	0.948054232036
1402000000.0	-0.824496424602
1404000000.0	-0.70441798038
1406000000.0	-1.54488316769
1408000000.0	0.769580545806
1410000000.0	1.09988141346
1412000000.0	1.45866403464
1414000000.0	0.481470511392
1416000000.0	-0.182334823371
1418000000.0	-1.84471076626
1420000000.0	0.0684605461598
1422000000.0	0.0358858588495
1424000000.0	1.51729426182
1426000000.0	0.581829002721
1428000000.0	-0.17696289672
1430000000.0	-1.40704326325
1432000000.0	-1.2538742154
1434000000.0	-0.875823051066
1436000000.0	0.715812433681
1438000000.0	1.20066834665
1440000000.0	0.799152027143
1442000000.0	-1.55709439754
1444000000.0	-1.59908302927
1446000000.0	0.897995238703
1448000000.0	1.70375586315
1450000000.0	0.401666617749
1452000000.0	0.665392810651
1454000000.0	-0.547668203914
1456000000.0	-2.37102049847
1458000000.0	-1.69273308748
1460000000.0	1.74701215135
1462000000.0	0.826538461621
1464000000.0	1.01410997759
1466000000.0	-0.468336647065
1468000000.0	-1.76181524788
1470000000.0	-1.63256065713
1472000000.0	0.521039775866
1474000000.0	2.91871600415
1476000000.0	1.99757959017
1478000000.0	-0.690301982164
1480000000.0	-3.0854121938
1482000000.0	-2.46910199833
1484000000.0	-0.383001048538
1486000000.0	3.08090520806
1488000000.0	5.25838221835
1490000000.0	4.24655289273
1492000000.0	-1.19954709817
1494000000.0	-3.90845014288
1496000000.0	-7.24280261444
1498000000.0	-15.171031609
1500000000.0	50.5182325184
1502000000.0	-19.9760152159
1504000000.0	-9.04492723485
1506000000.0	2.17356326829
1508000000.0	7.25717629769
1510000000.0	2.24392258132
1512000000.0	-4.56003343439
1514000000.0	-5.74973899875
1516000000.0	-2.0846221615
1518000000.0	2.4719310726
1520000000.0	5.65996966048
1522000000.0	3.8775908472
1524000000.0	-0.246643331791
1526000000.0	-4.17556261097
1528000000.0	-2.4015034972
1530000000.0	0.172042642552
1532000000.0	2.59017639896
1534000000.0	1.89051061492
1536000000.0	0.458041502733
1538000000.0	-0.455663109277
1540000000.0	-1.52547098689
1542000000.0	-0.146967236435
1544000000.0	-0.102330943386
1546000000.0	2.67716515706
1548000000.0	-0.65481513651
1550000000.0	-1.15331205725
1552000000.0	-0.744128278119
1554000000.0	-0.72287262527
1556000000.0	0.790937496633
1558000000.0	0.699366564766
1560000000.0	0.178009886694
1562000000.0	-0.320947356279
1564000000.0	-0.491014482672
1566000000.0	-0.885049345621
1568000000.0	-0.314481893721
1570000000.0	-0.138029706623
1572000000.0	0.476213587833
1574000000.0	1.48194471719
1576000000.0	-1.51322956989
1578000000.0	-1.13441813906
1580000000.0	-0.141933878454
1582000000.0	0.723613052533
1584000000.0	1.66749433832
1586000000.0	0.172838287221
1588000000.0	-0.630942075199
1590000000.0	0.0917973450543
1592000000.0	0.875975162275
1594000000.0	1.4998571895
1596000000.0	0.217122689309
1598000000.0	1.48249840932
1600000000.0	-0.145595426601
1602000000.0	0.104751235024
1604000000.0	0.89455012443
1606000000.0	-0.440166766007
1608000000.0	-0.23680991852
1610000000.0	-0.705200319097
1612000000.0	0.476994502677
1614000000.0	0.146856769829
1616000000.0	0.278831212599
1618000000.0	-0.279317355469
1620000000.0	1.68248950133
1622000000.0	1.71766076485
1624000000.0	2.7815015977
1626000000.0	-2.54544297329
1628000000.0	-1.56437263701
1630000000.0	0.0809635535696
1632000000.0	-1.4458458136
1634000000.0	1.41724115524
1636000000.0	-0.820102578129
1638000000.0	-0.868975960312
1640000000.0	-0.196171130876
1642000000.0	-0.675754194927
1644000000.0	-0.995798281685
1646000000.0	0.483328584463
1648000000.0	-0.00444484612597
1650000000.0	0.462648447138
1652000000.0	0.825229248448
1654000000.0	-1.13324012288
1656000000.0	0.149020458404
1658000000.0	0.0321815659869
1660000000.0	-0.346614738334
1662000000.0	-0.233718488572
1664000000.0	0.0298089076354
1666000000.0	-0.612361296543
1668000000.0	-0.622104268149
1670000000.0	0.406756777712
1672000000.0	0.4885353484
1674000000.0	-0.635818226849
1676000000.0	-0.421395758948
1678000000.0	-0.630615505614
1680000000.0	0.162922277564
1682000000.0	0.77289030724
1684000000.0	-0.580342719111
1686000000.0	-0.780418276982
1688000000.0	-1.06749621552
1690000000.0	-0.575884278748
1692000000.0	0.0332827577753
1694000000.0	-0.925922744502
1696000000.0	-1.97107622957
1698000000.0	-0.578383761312
1700000000.0	4.09938699487
1702000000.0	-0.93005825962
1704000000.0	-1.4184962091
1706000000.0	-0.325367539638
1708000000.0	-0.641050463514
1710000000.0	0.335607620312
1712000000.0	0.962175404041
1714000000.0	-0.16041860247
1716000000.0	-0.978670773946
1718000000.0	-0.692194703557
1720000000.0	0.355349738984
1722000000.0	-0.0579910069798
1724000000.0	-0.734295158817
1726000000.0	-0.758314775397
1728000000.0	-0.0118629251875
1730000000.0	-0.416966124712
1732000000.0	0.0834236090446
1734000000.0	-0.0837864929399
1736000000.0	0.297764413656
1738000000.0	0.270720305396
1740000000.0	-1.32724127446
1742000000.0	0.797439662511
1744000000.0	-0.259605748669
1746000000.0	-0.881055432848
1748000000.0	0.0751273988684
1750000000.0	-4.6568821696
1752000000.0	-0.511887918778
1754000000.0	-1.15448605123
1756000000.0	-0.368404614883
1758000000.0	0.56166471508
1760000000.0	0.646503403406
1762000000.0	-0.339777301758
1764000000.0	-0.691494655117
1766000000.0	-0.786858523002
1768000000.0	-0.0867932663049
1770000000.0	1.31747315765
1772000000.0	0.975696380738
1774000000.0	-0.303347144075
1776000000.0	1.88673904746
1778000000.0	0.6538263103
1780000000.0	1.13146135428
1782000000.0	-0.0176587225849
1784000000.0	-1.09231383884
1786000000.0	-0.571705963847
1788000000.0	0.299838764572
1790000000.0	0.577683498109
1792000000.0	0.267732574137
1794000000.0	-0.234289893396
1796000000.0	0.513091949696
1798000000.0	1.33842105331
1800000000.0	-4.4076596308
1802000000.0	0.980025684735
1804000000.0	0.0590259148106
1806000000.0	0.503497695966
1808000000.0	-0.448605523752
1810000000.0	-0.360889130646
1812000000.0	-0.540547728916
1814000000.0	1.55883918575
1816000000.0	-0.119562922205
1818000000.0	0.571853704409
1820000000.0	-0.217804607448
1822000000.0	-1.29573532945
1824000000.0	-0.430964593651
1826000000.0	-0.144915450707
1828000000.0	1.05029906527
1830000000.0	0.488403696954
1832000000.0	0.722661062872
1834000000.0	0.481072051828
1836000000.0	-0.0449301050437
1838000000.0	-0.556928744701
1840000000.0	0.476705903443
1842000000.0	0.769604189352
1844000000.0	0.0694816234112
1846000000.0	1.62400180416
1848000000.0	0.274870402762
1850000000.0	0.871966777747
1852000000.0	-0.0629975084729
1854000000.0	-0.702714168173
1856000000.0	0.491441623575
1858000000.0	0.628969205239
1860000000.0	-0.723860470717
1862000000.0	0.820573941041
1864000000.0	-0.0911288109043
1866000000.0	1.31738798691
1868000000.0	1.43845765987
1870000000.0	0.566565195568
1872000000.0	0.240533241627
1874000000.0	0.708085314417
1876000000.0	-2.13874919161
1878000000.0	0.540526588188
1880000000.0	1.25735318644
1882000000.0	0.284245473968
1884000000.0	-2.15155829703
1886000000.0	-1.71815627207
1888000000.0	-1.99902875616
1890000000.0	-0.33213269492
1892000000.0	1.27019808783
1894000000.0	-0.733930965834
1896000000.0	-1.69824039737
1898000000.0	-5.41308669857
1900000000.0	12.6879327862
1902000000.0	-5.15824239876
1904000000.0	-2.19955461319
1906000000.0	-1.21443504497
1908000000.0	0.331352752228
1910000000.0	-0.0655424834193
1912000000.0	1.28767943614
1914000000.0	1.28432973472
1916000000.0	-0.415924003249
1918000000.0	-1.92316283428
1920000000.0	-1.0443622177
1922000000.0	-0.822240504315
1924000000.0	0.401454077004
1926000000.0	0.343900838458
1928000000.0	0.723269523476
1930000000.0	-1.17827677355
1932000000.0	-0.683681199948
1934000000.0	-0.401280077478
1936000000.0	-0.333000286621
1938000000.0	0.044246451483
1940000000.0	0.83205863675
1942000000.0	-0.233015502003
1944000000.0	-0.63272393856
1946000000.0	0.756418858968
1948000000.0	-0.0464759436687
1950000000.0	0.605353874222
1952000000.0	-0.598021535466
1954000000.0	1.1182794651
1956000000.0	-0.3792376475
1958000000.0	-0.249236833195
1960000000.0	-0.0233347179271
1962000000.0	0.946520805279
1964000000.0	1.00581557277
1966000000.0	-0.791874806086
1968000000.0	-0.511904335738
1970000000.0	0.427447683071
1972000000.0	1.44035500735
1974000000.0	1.46855061283
1976000000.0	0.181945638878
1978000000.0	1.02067064907
1980000000.0	-0.239334744584
1982000000.0	-0.0814116303804
1984000000.0	-0.370458434844
1986000000.0	-0.323554387726
1988000000.0	0.593917785199
1990000000.0	-0.297715725299
1992000000.0	0.176623923648
1994000000.0	1.34245964509
1996000000.0	0.509362756139
1998000000.0	0.340509502076
2000000000.0	-0.96875
