0.0	-3.320306
2000000.0	0.0798504428642
4000000.0	0.143971556111
6000000.0	-0.407825223533
8000000.0	-0.332549605406
10000000.0	-0.00387437734737
12000000.0	0.375930072255
14000000.0	0.795052052751
16000000.0	1.81846379681
18000000.0	2.46263462387
20000000.0	2.32213150216
22000000.0	1.50551352977
24000000.0	0.285825197647
26000000.0	-1.02369866054
28000000.0	-2.13944889252
30000000.0	-2.5151582841
32000000.0	-1.9729484935
34000000.0	-0.509141392196
36000000.0	1.4451087722
38000000.0	2.14274947892
40000000.0	1.97504717614
42000000.0	1.31811855134
44000000.0	0.27503994981
46000000.0	-0.696181947395
48000000.0	-1.09330920648
50000000.0	-0.746813743287
52000000.0	0.150805574578
54000000.0	0.775674545098
56000000.0	0.737288921977
58000000.0	0.246778996538
60000000.0	-0.420519574684
62000000.0	-1.0302244838
64000000.0	-0.780721626098
66000000.0	-0.102458445444
68000000.0	0.709375367486
70000000.0	1.0743071401
72000000.0	0.84971580856
74000000.0	0.0056258518574
76000000.0	-0.619175709367
78000000.0	-1.14631794967
80000000.0	-0.876689368356
82000000.0	-0.346876166326
84000000.0	0.396812349535
86000000.0	0.848921695291
88000000.0	0.699827558466
90000000.0	0.336183410474
92000000.0	-0.28263457675
94000000.0	-0.52957626407
96000000.0	-0.605953148681
98000000.0	-0.377845384319
100000000.0	-0.0290509444679
102000000.0	-0.0080683657713
104000000.0	0.015817633229
106000000.0	-0.0947598075341
108000000.0	0.0687443091267
110000000.0	0.105821295471
112000000.0	0.212540561526
114000000.0	0.229486260024
116000000.0	0.0270580715995
118000000.0	-0.234132974048
120000000.0	-0.552862962515
122000000.0	-0.732279690303
124000000.0	-0.659287708523
126000000.0	0.20101082558
128000000.0	0.433122351671
130000000.0	0.600237395819
132000000.0	0.461629147594
134000000.0	0.119326013496
136000000.0	-0.259722931819
138000000.0	-0.439449821713
140000000.0	-0.436862050601
142000000.0	-0.316090668387
144000000.0	0.0901785254145
146000000.0	0.370699652636
148000000.0	0.303661962682
150000000.0	0.174055912722
152000000.0	-0.00113080580861
154000000.0	-0.0732743779967
156000000.0	-0.0827181071776
158000000.0	0.0588076306827
160000000.0	0.154704413466
162000000.0	0.0725885232566
164000000.0	-0.0793627393355
166000000.0	-0.301569147602
168000000.0	-0.355134147587
170000000.0	-0.161625248293
172000000.0	0.171489620708
174000000.0	0.434960896314
176000000.0	0.444933665893
178000000.0	0.120462934721
180000000.0	-0.0859401354285
182000000.0	-0.464619732458
184000000.0	-0.50564475809
186000000.0	-0.117378213022
188000000.0	0.216373162218
190000000.0	0.492311279754
192000000.0	0.511265455276
194000000.0	0.0374835058832
196000000.0	-0.272198012512
198000000.0	-0.478200017203
200000000.0	-0.350762801045
202000000.0	-0.0229327405183
204000000.0	0.378289688573
206000000.0	0.552084692922
208000000.0	0.360206274974
210000000.0	-0.0902971776823
212000000.0	-0.548650981321
214000000.0	-0.577160355154
216000000.0	-0.350444999991
218000000.0	0.0962379130086
220000000.0	0.595327240101
222000000.0	0.627648697261
224000000.0	0.231294406693
226000000.0	-0.280704358932
228000000.0	-0.686276700723
230000000.0	-0.549108789716
232000000.0	-0.153193590889
234000000.0	0.345913943147
236000000.0	0.552483497176
238000000.0	0.569667213871
240000000.0	0.15546010537
242000000.0	-0.409075028364
244000000.0	-0.625796044665
246000000.0	-0.343981463376
248000000.0	0.0517381526934
250000000.0	0.616101301954
252000000.0	0.391449347901
254000000.0	-0.0349852276156
256000000.0	-0.558550794021
258000000.0	-0.693207010557
260000000.0	-0.240307021508
262000000.0	0.387381470452
264000000.0	0.922104457408
266000000.0	0.858615629415
268000000.0	0.214606966426
270000000.0	-0.911731361868
272000000.0	-1.8559757827
274000000.0	-1.70272879727
276000000.0	-0.0751998872568
278000000.0	2.02317245428
280000000.0	3.38734478088
282000000.0	2.50094828029
284000000.0	-0.314239638275
286000000.0	-3.82371725834
288000000.0	-5.91418580771
290000000.0	-4.9974818253
292000000.0	-0.0929622189104
294000000.0	8.76992503219
296000000.0	20.202247493
298000000.0	30.752065618
300000000.0	-99.5385136989
302000000.0	30.2969573164
304000000.0	20.4480893408
306000000.0	9.16365409349
308000000.0	0.107983375028
310000000.0	-4.93048983399
312000000.0	-5.97205974495
314000000.0	-4.04513329204
316000000.0	-0.58302903914
318000000.0	2.19949876675
320000000.0	3.28106507874
322000000.0	2.33109535049
324000000.0	0.338670888113
326000000.0	-1.14681271463
328000000.0	-1.63091816672
330000000.0	-1.16650940501
332000000.0	-0.245413206481
334000000.0	0.601234139909
336000000.0	0.802865482535
338000000.0	0.549912233199
340000000.0	0.0376441692092
342000000.0	-0.10598852298
344000000.0	-0.232336260421
346000000.0	-0.0116405395266
348000000.0	0.0896658401803
350000000.0	0.012923235806
352000000.0	-0.144624276768
354000000.0	-0.371649881371
356000000.0	-0.309919129971
358000000.0	0.0396054343693
360000000.0	0.477245828049
362000000.0	0.635665166658
364000000.0	0.42909761451
366000000.0	-0.0656048858689
368000000.0	-0.549735437353
370000000.0	-0.769597886964
372000000.0	-0.613260812747
374000000.0	-0.114038401787
376000000.0	0.570849687187
378000000.0	0.932893830675
380000000.0	0.743688818921
382000000.0	0.142290413403
384000000.0	-0.496011012186
386000000.0	-0.790755262469
388000000.0	-0.791912377507
390000000.0	-0.24030960507
392000000.0	0.426033810109
394000000.0	0.769098596579
396000000.0	0.749404502735
398000000.0	0.408236834619
400000000.0	-0.30387870094
402000000.0	-0.657839933228
404000000.0	-0.782911524466
406000000.0	-0.388452131316
408000000.0	0.0319933973875
410000000.0	0.528819785824
412000000.0	0.595272541308
414000000.0	0.373800628171
416000000.0	0.0409514908685
418000000.0	-0.312033069714
420000000.0	-0.388851824447
422000000.0	-0.383296452251
424000000.0	-0.108444613482
426000000.0	0.137989754322
428000000.0	0.258367513513
430000000.0	0.280776668063
432000000.0	0.126467764835
434000000.0	-0.0212109955893
436000000.0	-0.0931867839782
438000000.0	-0.0990386795774
440000000.0	-0.129572292857
442000000.0	-0.114014046857
444000000.0	-0.125267562853
446000000.0	-0.034067818474
448000000.0	0.0266703680944
450000000.0	0.115483590807
452000000.0	0.161058515476
454000000.0	0.117518456302
456000000.0	0.044930065401
458000000.0	-0.122975918414
460000000.0	-0.23708004063
462000000.0	-0.326134785313
464000000.0	-0.0558869367475
466000000.0	0.0670372349901
468000000.0	0.327197813535
470000000.0	0.415059182372
472000000.0	0.220400222203
474000000.0	-0.0866644794643
476000000.0	-0.396119146138
478000000.0	-0.428422960479
480000000.0	-0.213071838332
482000000.0	-0.00250021979191
484000000.0	0.266948658987
486000000.0	0.435534729264
488000000.0	0.350396969452
490000000.0	0.0454997895663
492000000.0	-0.274228770398
494000000.0	-0.343408203493
496000000.0	-0.304576080102
498000000.0	-0.0643111149129
500000000.0	0.126805767812
502000000.0	0.310525146845
504000000.0	0.357342476501
506000000.0	0.173733585916
508000000.0	-0.0997216833834
510000000.0	-0.194630559771
512000000.0	-0.313106420057
514000000.0	-0.176766469926
516000000.0	-0.0146033483788
518000000.0	0.0965257080042
520000000.0	0.167345963239
522000000.0	0.17451395662
524000000.0	0.135616059339
526000000.0	-0.0167053783399
528000000.0	-0.0173608287808
530000000.0	-0.142451417733
532000000.0	-0.195728846085
534000000.0	-0.0826741381782
536000000.0	-0.05690244469
538000000.0	0.0764186069763
540000000.0	0.0597795989459
542000000.0	0.195109397335
544000000.0	0.0998275172568
546000000.0	0.0973026797335
548000000.0	-0.137955002019
550000000.0	-0.282259515154
552000000.0	-0.100127323295
554000000.0	-0.0632384572574
556000000.0	0.0147640320853
558000000.0	0.232304503511
560000000.0	0.218645798374
562000000.0	0.137260340393
564000000.0	0.038931497142
566000000.0	-0.0998895564448
568000000.0	-0.23685331317
570000000.0	-0.214490354956
572000000.0	-0.0215317902609
574000000.0	0.128643989979
576000000.0	0.166875613697
578000000.0	0.123790670177
580000000.0	0.0449900739865
582000000.0	0.00499538280648
584000000.0	-0.178337465752
586000000.0	-0.197691489333
588000000.0	-0.208108824426
590000000.0	-0.0160134937061
592000000.0	0.0853443083588
594000000.0	0.129231326271
596000000.0	0.120766638945
598000000.0	-0.124266496256
600000000.0	0.455408612528
602000000.0	-0.308121913623
604000000.0	-0.283108796709
606000000.0	-0.260025807354
608000000.0	-0.113216541698
610000000.0	0.210210228825
612000000.0	0.244178925895
614000000.0	0.198889846391
616000000.0	0.0320796297
618000000.0	-0.114441915058
620000000.0	-0.180321257762
622000000.0	-0.199035794255
624000000.0	-0.139019278459
626000000.0	-0.0565049908563
628000000.0	0.0369460143614
630000000.0	0.209363290436
632000000.0	0.155211354271
634000000.0	0.00250696738487
636000000.0	-0.0435853889139
638000000.0	-0.134962070676
640000000.0	-0.118980504609
642000000.0	-0.160828014097
644000000.0	-0.043024895845
646000000.0	0.0571244409422
648000000.0	0.236195199833
650000000.0	0.0875410541936
652000000.0	-0.00140847186141
654000000.0	-0.0649902475986
656000000.0	-0.070376622343
658000000.0	-0.102143658527
660000000.0	-0.147645209389
662000000.0	-0.101907405822
664000000.0	0.0532286958938
666000000.0	0.0384847742378
668000000.0	0.149465751059
670000000.0	0.0378122161626
672000000.0	-0.0246364997178
674000000.0	0.0604511699323
676000000.0	-0.161040438281
678000000.0	-0.125857242524
680000000.0	-0.0572146781464
682000000.0	0.0520284642124
684000000.0	0.0719490856998
686000000.0	0.187286486962
688000000.0	0.1403678079
690000000.0	0.0623939886605
692000000.0	-0.0474894261655
694000000.0	-0.18530608769
696000000.0	-0.0911144063043
698000000.0	-0.0514955170234
700000000.0	-0.186522537297
702000000.0	0.0972803807652
704000000.0	0.267950325479
706000000.0	0.172177106855
708000000.0	0.0713411306679
710000000.0	-0.154635274929
712000000.0	-0.170578119469
714000000.0	-0.174783015829
716000000.0	-0.135410263798
718000000.0	0.00706248418542
720000000.0	0.188620887585
722000000.0	0.219093163626
724000000.0	0.0898508709787
726000000.0	-0.0303602447312
728000000.0	-0.124680383895
730000000.0	-0.2337395627
732000000.0	-0.242628604495
734000000.0	-0.0717107484653
736000000.0	0.0455501937387
738000000.0	0.196233222288
740000000.0	0.0586878696145
742000000.0	0.153820770746
744000000.0	0.0360673231281
746000000.0	-0.120481922964
748000000.0	-0.179258271175
750000000.0	-0.128227736549
752000000.0	0.0311913285042
754000000.0	0.0821739679843
756000000.0	0.134659501156
758000000.0	0.146585112597
760000000.0	0.0486388867648
762000000.0	0.0393352869653
764000000.0	-0.103752216219
766000000.0	-0.104313736139
768000000.0	-0.10311093763
770000000.0	-0.0940858465797
772000000.0	-0.00580728223566
774000000.0	0.0574625413192
776000000.0	0.10101781457
778000000.0	0.118534149992
780000000.0	-0.00614570668536
782000000.0	0.0442591752813
784000000.0	-0.000389152029173
786000000.0	-0.144344032502
788000000.0	-0.158347050366
790000000.0	-0.0343649330497
792000000.0	0.0559905835929
794000000.0	0.15636374528
796000000.0	0.207322548129
798000000.0	0.242301528313
800000000.0	-0.096649013798
802000000.0	-0.0343948373949
804000000.0	-0.237676156687
806000000.0	-0.2979804157
808000000.0	-0.0930460100144
810000000.0	0.0558676941779
812000000.0	0.222291432101
814000000.0	0.352893392426
816000000.0	0.161999902384
818000000.0	-0.0614754323606
820000000.0	-0.245687750317
822000000.0	-0.438798803267
824000000.0	-0.203162138382
826000000.0	-0.0301450041104
828000000.0	0.255077963655
830000000.0	0.380329676562
832000000.0	0.247759737
834000000.0	-0.0640114530812
836000000.0	-0.209684256009
838000000.0	-0.451450545104
840000000.0	-0.273825152192
842000000.0	-0.0402562227299
844000000.0	0.09990095656
846000000.0	0.247844683278
848000000.0	0.187039818339
850000000.0	0.0417965318011
852000000.0	-0.216812215032
854000000.0	-0.16876040472
856000000.0	-0.153354453596
858000000.0	-0.109538890658
860000000.0	0.123217272882
862000000.0	0.0669892885062
864000000.0	0.0275373755831
866000000.0	-0.0153864166231
868000000.0	-0.12640223901
870000000.0	0.0300509003838
872000000.0	0.140520708089
874000000.0	0.0476743404707
876000000.0	0.073263006712
878000000.0	-0.335006543525
880000000.0	-0.45180027032
882000000.0	-0.301457870701
884000000.0	0.0907552337426
886000000.0	0.58473902106
888000000.0	0.99803419474
890000000.0	1.1060539098
892000000.0	0.248824843773
894000000.0	-1.70758239711
896000000.0	-4.48805638138
898000000.0	-7.1503128224
900000000.0	22.329635199
902000000.0	-6.51815498122
904000000.0	-4.63270918611
906000000.0	-2.3080675112
908000000.0	-0.256921180884
910000000.0	1.09543997047
912000000.0	1.53359753587
914000000.0	1.14508625249
916000000.0	0.181950812513
918000000.0	-0.643805234032
920000000.0	-0.907172060501
922000000.0	-0.71330483106
924000000.0	-0.0360513020873
926000000.0	0.32868917987
928000000.0	0.541927218693
930000000.0	0.516053367949
932000000.0	0.168939236332
934000000.0	-0.289609894508
936000000.0	-0.401672268877
938000000.0	-0.383116637583
940000000.0	-0.0942613012159
942000000.0	0.148494851881
944000000.0	0.256361700649
946000000.0	0.239330497272
948000000.0	0.0417453586599
950000000.0	-0.145784561394
952000000.0	-0.148156516859
954000000.0	-0.142481744667
956000000.0	0.0526361524588
958000000.0	0.0643808655882
960000000.0	0.128857910269
962000000.0	0.0163382125236
964000000.0	-0.00635663771879
966000000.0	-0.0682703140616
968000000.0	-0.00574611460399
970000000.0	0.111405470481
972000000.0	0.0909798235768
974000000.0	0.170491312556
976000000.0	-0.0569358091473
978000000.0	-0.0114878361711
980000000.0	-0.133319201851
982000000.0	-0.0204846862716
984000000.0	-0.0529487171129
986000000.0	0.00144686104001
988000000.0	0.100209781351
990000000.0	0.0705675766289
992000000.0	0.0259050361108
994000000.0	-0.0805414874476
996000000.0	-0.154862542194
998000000.0	-0.0812834848916
1000000000.0	0.240634
1002000000.0	0.0370407062079
1004000000.0	0.0801813360811
1006000000.0	0.0809625548629
1008000000.0	-0.0669125826113
1010000000.0	-0.105920338923
1012000000.0	-0.13652001889
1014000000.0	-0.0251773231243
1016000000.0	0.0238580613616
1018000000.0	0.0218447247233
1020000000.0	0.0682243798142
1022000000.0	0.0668970218091
1024000000.0	-0.0717638259425
1026000000.0	-0.087166684971
1028000000.0	-0.0567002742458
1030000000.0	-0.0989938863574
1032000000.0	0.0531111414605
1034000000.0	0.0995872079165
1036000000.0	0.00816070580386
1038000000.0	-0.02515632633
1040000000.0	-0.0400562494262
1042000000.0	-0.0158334730961
1044000000.0	-0.041847403129
1046000000.0	-0.052213867355
1048000000.0	0.0931408776373
1050000000.0	0.0138970677531
1052000000.0	0.12637424841
1054000000.0	-0.0092287675435
1056000000.0	-0.026943893824
1058000000.0	-0.0140875274735
1060000000.0	-0.00852076114184
1062000000.0	-0.0544146984569
1064000000.0	-0.00511220584523
1066000000.0	0.057826349049
1068000000.0	-0.0199817044282
1070000000.0	0.0214630523134
1072000000.0	-0.0261721383407
1074000000.0	0.0658209735271
1076000000.0	0.00318172089724
1078000000.0	0.00660074527204
1080000000.0	0.00615923651461
1082000000.0	0.0520670173518
1084000000.0	0.0790973035617
1086000000.0	-0.0222344444119
1088000000.0	-0.0305999277706
1090000000.0	-0.0863369595088
1092000000.0	0.0571371682474
1094000000.0	0.0111375359376
1096000000.0	-0.0422497968394
1098000000.0	-0.0209604554099
1100000000.0	0.0648489674888
1102000000.0	0.00633062334745
1104000000.0	-0.0673113392437
1106000000.0	-0.0202040464227
1108000000.0	0.0428834816504
1110000000.0	0.063893602673
1112000000.0	0.0144715404052
1114000000.0	-0.0460671944665
1116000000.0	-0.0899724875231
1118000000.0	-0.0381062859534
1120000000.0	-0.0197249802646
1122000000.0	-0.0116948312187
1124000000.0	0.0792619344132
1126000000.0	0.0152355003951
1128000000.0	-0.0302852580534
1130000000.0	-0.00133119149236
1132000000.0	0.0142516125605
1134000000.0	-0.116965132295
1136000000.0	-0.0938667304966
1138000000.0	-0.03241818786
1140000000.0	-0.00809921462691
1142000000.0	0.0145889359664
1144000000.0	0.0331634751558
1146000000.0	-0.0228110072524
1148000000.0	0.042997472459
1150000000.0	-0.00764675358142
1152000000.0	-0.0872615413021
1154000000.0	0.0158344567415
1156000000.0	0.0347960529617
1158000000.0	0.014184593595
1160000000.0	0.0215560632929
1162000000.0	0.0674499487313
1164000000.0	0.0246607408217
1166000000.0	-0.0136214425254
1168000000.0	-0.0532661837493
1170000000.0	-0.00738590644437
1172000000.0	-0.0202326172638
1174000000.0	-0.0295158062613
1176000000.0	-0.0431211659721
1178000000.0	0.0750953280132
1180000000.0	-0.0292796308265
1182000000.0	-0.0213269446318
1184000000.0	-0.0294060420118
1186000000.0	-0.0378848818174
1188000000.0	-0.0729928130047
1190000000.0	-0.138882337739
1192000000.0	0.00721440868102
1194000000.0	0.0379309942672
1196000000.0	0.221052122837
1198000000.0	0.201687136316
1200000000.0	-0.57815479906
1202000000.0	0.218556506884
1204000000.0	0.0965551328899
1206000000.0	0.0365611589336
1208000000.0	-0.0254995487453
1210000000.0	-0.118996434712
1212000000.0	-0.0209843731652
1214000000.0	0.090515667156
1216000000.0	0.0728399180139
1218000000.0	0.0332995135777
1220000000.0	-0.029978921705
1222000000.0	-0.0484182646719
1224000000.0	0.0267412896416
1226000000.0	-0.139702490537
1228000000.0	-0.0272849938038
1230000000.0	0.0403070413109
1232000000.0	-0.023197691114
1234000000.0	0.0823007244082
1236000000.0	0.0198030605574
1238000000.0	-0.0103012952437
1240000000.0	-0.00497364425557
1242000000.0	-0.0477405811382
1244000000.0	0.0581181350437
1246000000.0	-0.0668827542855
1248000000.0	0.00916666137393
1250000000.0	0.270197455466
1252000000.0	0.00583493931426
1254000000.0	0.0593557342272
1256000000.0	-0.0434713142467
1258000000.0	0.00286053878713
1260000000.0	-0.0555615079423
1262000000.0	0.0189425397776
1264000000.0	-0.0866091116464
1266000000.0	-0.00620445643557
1268000000.0	0.0223521629216
1270000000.0	0.109337954242
1272000000.0	0.0255655595637
1274000000.0	-0.0840390786802
1276000000.0	-0.0362168351095
1278000000.0	-0.0156892749679
1280000000.0	-0.0167542799293
1282000000.0	-0.0479738264613
1284000000.0	-0.00543676919617
1286000000.0	-0.0288049704684
1288000000.0	0.00688382311128
1290000000.0	0.0684102032971
1292000000.0	0.0554033574336
1294000000.0	0.0419860478305
1296000000.0	-0.0343854414469
1298000000.0	-0.0908317179246
1300000000.0	0.14951803726
1302000000.0	-0.0486636860817
1304000000.0	0.0643164139994
1306000000.0	-0.0276986936478
1308000000.0	-0.00749118301829
1310000000.0	-0.00579253568088
1312000000.0	0.0806886215827
1314000000.0	0.0142960844377
1316000000.0	0.0322900803022
1318000000.0	-0.0447538009921
1320000000.0	-0.000919164639112
1322000000.0	-0.0142704597533
1324000000.0	0.0547770820631
1326000000.0	0.02284808546
1328000000.0	0.0340153636995
1330000000.0	-0.0340772759336
1332000000.0	0.0256359996869
1334000000.0	0.0726760853699
1336000000.0	-0.0172005620409
1338000000.0	0.0224538779248
1340000000.0	0.0218112097483
1342000000.0	-0.0914051856263
1344000000.0	-0.00830193426488
1346000000.0	0.0487145477701
1348000000.0	-0.0131376330771
1350000000.0	-0.000481088106547
1352000000.0	0.0636456783497
1354000000.0	-0.157501278916
1356000000.0	-0.046134739632
1358000000.0	-0.135241413892
1360000000.0	0.0293501779314
1362000000.0	0.100075634533
1364000000.0	-0.0157565911042
1366000000.0	-0.0173285354697
1368000000.0	-0.0242535325048
1370000000.0	-0.0516234392558
1372000000.0	-0.158736177906
1374000000.0	-0.181290218963
1376000000.0	0.175688190974
1378000000.0	0.0827787352167
1380000000.0	0.103084054119
1382000000.0	0.0269119748404
1384000000.0	0.0186133347591
1386000000.0	2.97515844101e-05
1388000000.0	-0.00639424121782
1390000000.0	-0.00183830937896
1392000000.0	-0.0447861673243
1394000000.0	-0.0461345973797
1396000000.0	-0.0498826771967
1398000000.0	0.0151272582218
1400000000.0	0.0493925927846
1402000000.0	-0.129455884462
1404000000.0	-0.0128269848276
1406000000.0	0.036246228028
1408000000.0	0.0689457697727
1410000000.0	-0.0218827994023
1412000000.0	0.0543578747397
1414000000.0	-0.0815660097178
1416000000.0	-0.0727614990877
1418000000.0	0.0168742337057
1420000000.0	0.045939084099
1422000000.0	0.0656047125138
1424000000.0	0.0408915639215
1426000000.0	-0.0350920224358
1428000000.0	-0.0924909935175
1430000000.0	-0.125913218487
1432000000.0	-0.0760062549169
1434000000.0	-0.0131232128717
1436000000.0	0.117597857358
1438000000.0	0.275641427072
1440000000.0	0.0331308515384
1442000000.0	-0.0629122124415
1444000000.0	-0.0892635949205
1446000000.0	-0.1877883654
1448000000.0	-0.0806480916996
1450000000.0	-0.0350365554067
1452000000.0	0.135590741904
1454000000.0	0.0743121248469
1456000000.0	0.0781692197236
1458000000.0	0.0198672759986
1460000000.0	-0.0399635480447
1462000000.0	-0.171216315692
1464000000.0	-0.13813916034
1466000000.0	-0.00675398499838
1468000000.0	0.114806620854
1470000000.0	0.169606709993
1472000000.0	0.141497108671
1474000000.0	0.0111022464111
1476000000.0	-0.0785412818359
1478000000.0	-0.061772831091
1480000000.0	-0.0426797185279
1482000000.0	-0.0105587537817
1484000000.0	0.0130061129756
1486000000.0	0.0299594022412
1488000000.0	-0.0243195294538
1490000000.0	-0.0356045780015
1492000000.0	-0.0854704152958
1494000000.0	0.19918127338
1496000000.0	0.766868369457
1498000000.0	1.37355135341
1500000000.0	-4.48925376781
1502000000.0	1.21576537147
1504000000.0	1.00192318142
1506000000.0	0.614936576283
1508000000.0	0.138913882309
1510000000.0	-0.275284558086
1512000000.0	-0.498182076125
1514000000.0	-0.320622304394
1516000000.0	-0.109893970964
1518000000.0	0.256559295636
1520000000.0	0.284914096518
1522000000.0	0.326907892605
1524000000.0	0.110017005824
1526000000.0	-0.0851457210878
1528000000.0	-0.27620378809
1530000000.0	-0.214639204755
1532000000.0	-0.141737484919
1534000000.0	0.0272267548984
1536000000.0	0.102693499272
1538000000.0	0.211949025117
1540000000.0	0.150162947711
1542000000.0	-0.0740663016862
1544000000.0	-0.216007515979
1546000000.0	-0.089638391083
1548000000.0	-0.147407633174
1550000000.0	0.0136304590086
1552000000.0	0.0513952392488
1554000000.0	0.1034847409
1556000000.0	0.0740730034574
1558000000.0	0.0655902979136
1560000000.0	-0.083718278908
1562000000.0	-0.0423019916262
1564000000.0	-0.0202492298236
1566000000.0	0.0465597122212
1568000000.0	0.0653535514502
1570000000.0	0.0497280309973
1572000000.0	0.0925287879294
1574000000.0	0.025489387179
1576000000.0	-0.0290554521751
1578000000.0	-0.0563242687452
1580000000.0	-0.0167123916413
1582000000.0	0.107367656045
1584000000.0	0.0809704010435
1586000000.0	-0.0534737204813
1588000000.0	-0.03178141526
1590000000.0	-0.112990532088
1592000000.0	0.00771004017493
1594000000.0	0.109847361802
1596000000.0	0.00437063883705
1598000000.0	0.0310486849234
1600000000.0	0.069322013798
1602000000.0	-0.120527442982
1604000000.0	0.00299256384414
1606000000.0	-0.0722569861699
1608000000.0	-0.0865360532874
1610000000.0	0.0756813961983
1612000000.0	0.0690058825454
1614000000.0	0.0822146956183
1616000000.0	0.00856060011111
1618000000.0	-0.0438195135751
1620000000.0	-0.107226535593
1622000000.0	-0.153431316992
1624000000.0	0.0184215563626
1626000000.0	0.0658128801496
1628000000.0	0.0778924120686
1630000000.0	-0.025151706721
1632000000.0	0.0222221547036
1634000000.0	0.0550459542944
1636000000.0	-0.106016789982
1638000000.0	-0.00093000895308
1640000000.0	0.050467609027
1642000000.0	-0.00473261415836
1644000000.0	0.0923197495159
1646000000.0	0.0270541506685
1648000000.0	-0.0071767586369
1650000000.0	-0.0556663160553
1652000000.0	-0.00312579587374
1654000000.0	0.0265244260789
1656000000.0	0.0671008865129
1658000000.0	-0.0244808643559
1660000000.0	0.0220925595833
1662000000.0	-0.0728845457006
1664000000.0	-0.0267040382772
1666000000.0	-0.00336530574797
1668000000.0	0.0735607321806
1670000000.0	0.04466974889
1672000000.0	-0.061667502832
1674000000.0	-0.00118701958783
1676000000.0	0.0315321467266
1678000000.0	-0.0367461801988
1680000000.0	-0.114502849157
1682000000.0	-0.0307576336555
1684000000.0	-0.0392876706408
1686000000.0	-0.00923538288594
1688000000.0	0.0647246623051
1690000000.0	0.00577300154056
1692000000.0	0.0391501705903
1694000000.0	-0.103409252664
1696000000.0	-0.0141798908068
1698000000.0	-0.0365602415088
1700000000.0	0.00767567446516
1702000000.0	0.0223451532558
1704000000.0	-0.00236963765121
1706000000.0	0.0101851805206
1708000000.0	0.00613918650565
1710000000.0	-0.0237215928491
1712000000.0	-0.0450034844022
1714000000.0	-0.00479384670999
1716000000.0	0.0257631907016
1718000000.0	0.0224333398943
1720000000.0	0.0189673188485
1722000000.0	-0.0617813385392
1724000000.0	-0.051953116506
1726000000.0	-0.0579737997381
1728000000.0	-0.0199056949347
1730000000.0	-0.0147132690713
1732000000.0	-0.00352618858031
1734000000.0	-0.000648937736305
1736000000.0	0.0214254889646
1738000000.0	0.0010432025329
1740000000.0	0.0124836676651
1742000000.0	-0.0825034979014
1744000000.0	0.0068386308183
1746000000.0	0.0222479125043
1748000000.0	-0.0573740738278
1750000000.0	-0.120581020871
1752000000.0	0.0124502135027
1754000000.0	-0.0805052051084
1756000000.0	-0.0142980939019
1758000000.0	0.0788886854897
1760000000.0	-0.0314065727341
1762000000.0	0.011111826488
1764000000.0	0.05546012778
1766000000.0	0.0259740566012
1768000000.0	-0.0354613782037
1770000000.0	-0.0582079716794
1772000000.0	-0.00243191641822
1774000000.0	-0.03217396948
1776000000.0	-0.000123798930112
1778000000.0	0.0334882669925
1780000000.0	0.112735995405
1782000000.0	-0.0571921854689
1784000000.0	-0.0107017462679
1786000000.0	-0.00725436157867
1788000000.0	-0.0290381658782
1790000000.0	0.0540298892476
1792000000.0	-0.0366059414897
1794000000.0	-0.0207696001242
1796000000.0	-0.0370137436003
1798000000.0	-0.100695814706
1800000000.0	0.261605095732
1802000000.0	-0.171574045563
1804000000.0	-0.0638263199395
1806000000.0	-0.0685431000717
1808000000.0	0.0183879388948
1810000000.0	0.057270747021
1812000000.0	0.0360351180629
1814000000.0	-0.0319307009408
1816000000.0	-0.0310090671431
1818000000.0	0.0234954621145
1820000000.0	0.0633098255436
1822000000.0	0.0490574973635
1824000000.0	-0.065272504184
1826000000.0	-0.0243102496198
1828000000.0	-0.0240355864565
1830000000.0	0.0131004123017
1832000000.0	0.0115867687866
1834000000.0	-0.00417673189197
1836000000.0	0.0791483420475
1838000000.0	-0.016329691562
1840000000.0	0.012268921481
1842000000.0	-0.0267415971384
1844000000.0	-0.0341418371145
1846000000.0	-0.00191328549766
1848000000.0	0.108592507667
1850000000.0	0.0250941425511
1852000000.0	0.0618743538669
1854000000.0	0.0576779093959
1856000000.0	-0.00582774087856
1858000000.0	-0.0391472339643
1860000000.0	0.00105948747535
1862000000.0	-0.0310845817913
1864000000.0	-0.0167768626143
1866000000.0	0.0610201974691
1868000000.0	0.061469780283
1870000000.0	0.0321879798672
1872000000.0	0.0457168021572
1874000000.0	-0.0321925958497
1876000000.0	0.0716675525162
1878000000.0	0.00612944829225
1880000000.0	-0.0907226205286
1882000000.0	-0.0622745274386
1884000000.0	0.00165962620232
1886000000.0	0.030230207765
1888000000.0	0.0243538735298
1890000000.0	-0.0189740168182
1892000000.0	0.0110348716338
1894000000.0	-0.125260390995
1896000000.0	-0.133691969995
1898000000.0	0.0144992564426
1900000000.0	0.00240230242099
1902000000.0	-0.0117987394217
1904000000.0	0.0890982406038
1906000000.0	0.00221586746442
1908000000.0	-0.0321538150726
1910000000.0	-0.0533752844648
1912000000.0	-0.0926300010175
1914000000.0	-0.0498648068342
1916000000.0	0.0119721621032
1918000000.0	0.0480432451528
1920000000.0	0.0521536718554
1922000000.0	0.000789155218156
1924000000.0	0.0274209916964
1926000000.0	-0.0455169188103
1928000000.0	-0.0102411152841
1930000000.0	-0.0725520236482
1932000000.0	-0.0206004529967
1934000000.0	-0.0140369120515
1936000000.0	0.0606238199499
1938000000.0	0.0401104083621
1940000000.0	-0.0433230756213
1942000000.0	-0.0293435417639
1944000000.0	-0.037767610952
1946000000.0	-0.0703141250074
1948000000.0	-0.0755881270881
1950000000.0	-0.0670134616571
1952000000.0	-0.0301892890905
1954000000.0	0.0577000231882
1956000000.0	-0.0129377559336
1958000000.0	0.0259671689937
1960000000.0	0.0220727103068
1962000000.0	-0.0511882140448
1964000000.0	0.0168090665395
1966000000.0	0.0107026823144
1968000000.0	0.00247420654864
1970000000.0	0.00259285451261
1972000000.0	0.0324241709788
1974000000.0	-0.0260946302198
1976000000.0	-0.0205521743707
1978000000.0	-0.00136618102782
1980000000.0	-0.0684330953201
1982000000.0	0.020552832655
1984000000.0	0.0126433332969
1986000000.0	-0.00726057274711
1988000000.0	0.0130000485141
1990000000.0	-0.0103922521251
1992000000.0	-0.0242301232815
1994000000.0	0.0384789087614
1996000000.0	-0.0834462717538
1998000000.0	-0.0141878527587
2000000000.0	0.139082
