0.0	-8.125
2000000.0	1.93917974738
4000000.0	2.49293554411
6000000.0	0.628330936491
8000000.0	-0.183768019931
10000000.0	0.0754039968303
12000000.0	-1.07371222403
14000000.0	-1.53436873133
16000000.0	0.215068156868
18000000.0	3.6678421968
20000000.0	5.73605577716
22000000.0	4.2063727144
24000000.0	2.20815724168
26000000.0	-0.65320628537
28000000.0	-2.8402583173
30000000.0	-4.46438697984
32000000.0	-4.33304430486
34000000.0	-1.96369876353
36000000.0	3.28746311371
38000000.0	4.93982356304
40000000.0	3.58779379453
42000000.0	2.63382364274
44000000.0	-0.074983859565
46000000.0	-1.89194233716
48000000.0	-2.50101519962
50000000.0	-2.07041737069
52000000.0	-0.443008010565
54000000.0	1.36295489547
56000000.0	1.70323455365
58000000.0	0.874816763545
60000000.0	-0.576874304607
62000000.0	-1.75312464109
64000000.0	-1.33517839467
66000000.0	-0.51468413799
68000000.0	0.700598491226
70000000.0	1.29856079488
72000000.0	0.566719526836
74000000.0	0.0941431524909
76000000.0	-1.03671516692
78000000.0	-1.62844398854
80000000.0	-1.27225955088
82000000.0	-0.267820188219
84000000.0	0.864676778103
86000000.0	0.981412334364
88000000.0	0.663534654268
90000000.0	-0.640988168527
92000000.0	-0.710267257425
94000000.0	-1.08501000875
96000000.0	-0.37650852841
98000000.0	0.445270845359
100000000.0	1.02654032874
102000000.0	0.599324904609
104000000.0	-0.427280104905
106000000.0	-0.874613357539
108000000.0	-1.21755665486
110000000.0	-0.615435069673
112000000.0	0.537844517137
114000000.0	1.1045357265
116000000.0	1.18887271039
118000000.0	0.420009960455
120000000.0	-0.138962313222
122000000.0	-0.601715432941
124000000.0	-0.56548255707
126000000.0	-0.697562633729
128000000.0	-0.0676398102799
130000000.0	0.387692805359
132000000.0	0.421870620248
134000000.0	0.136408904926
136000000.0	-0.363943832236
138000000.0	-0.310705559955
140000000.0	-0.0473005167998
142000000.0	0.1361368605
144000000.0	0.428262842919
146000000.0	0.504312197769
148000000.0	-0.105122900916
150000000.0	-0.605807488558
152000000.0	-0.754067375291
154000000.0	-0.443631705579
156000000.0	-0.431882484582
158000000.0	0.775174473475
160000000.0	0.933323842981
162000000.0	0.749089755971
164000000.0	0.537344043442
166000000.0	-0.42150723727
168000000.0	-0.822710852213
170000000.0	-0.691476673581
172000000.0	-0.899243953918
174000000.0	0.0695263988244
176000000.0	0.353550622866
178000000.0	0.786968184638
180000000.0	0.757478056349
182000000.0	0.699497592903
184000000.0	-0.285811790871
186000000.0	-0.531823267264
188000000.0	-0.706848409511
190000000.0	-0.0968717432515
192000000.0	-0.324626022528
194000000.0	0.208119443007
196000000.0	0.470129468824
198000000.0	0.321135807501
200000000.0	-0.168943087643
202000000.0	0.209285527099
204000000.0	0.178021376272
206000000.0	-0.305240963123
208000000.0	-0.601482705546
210000000.0	-0.269564263902
212000000.0	-0.402877006822
214000000.0	-0.70436429819
216000000.0	-0.20230153658
218000000.0	0.183397536748
220000000.0	0.391679052369
222000000.0	0.72545017173
224000000.0	0.401405557653
226000000.0	0.0976271536537
228000000.0	-0.746248203326
230000000.0	-0.843933018205
232000000.0	-0.854924055002
234000000.0	-0.0759055532043
236000000.0	0.8946741451
238000000.0	1.24255482453
240000000.0	0.751394753804
242000000.0	0.0964020486845
244000000.0	-1.201973858
246000000.0	-1.3715955658
248000000.0	-1.16649301322
250000000.0	-0.542355816315
252000000.0	0.952917788208
254000000.0	2.13631915842
256000000.0	2.48460907242
258000000.0	0.504456011728
260000000.0	-2.251094653
262000000.0	-2.64940576068
264000000.0	-1.66344110754
266000000.0	0.604032983347
268000000.0	1.79074630995
270000000.0	1.66021024699
272000000.0	0.633347769061
274000000.0	0.15354302992
276000000.0	-1.13576353848
278000000.0	-1.90989319081
280000000.0	-2.28561468554
282000000.0	-0.373360103205
284000000.0	3.56484507205
286000000.0	5.13749299573
288000000.0	-0.0194944911019
290000000.0	-8.46235748153
292000000.0	-10.4444076625
294000000.0	1.72330308705
296000000.0	24.4721250681
298000000.0	42.4389084506
300000000.0	-96.8337459877
302000000.0	23.9800527156
304000000.0	13.2275840666
306000000.0	9.22238111288
308000000.0	6.42358484044
310000000.0	0.273730028874
312000000.0	-7.67921832439
314000000.0	-10.3345394742
316000000.0	-4.84358166808
318000000.0	3.67792039317
320000000.0	8.5799200182
322000000.0	6.625003945
324000000.0	0.282540397364
326000000.0	-3.44461956768
328000000.0	-5.06561972896
330000000.0	-3.50331156818
332000000.0	-0.220615224747
334000000.0	2.25025087667
336000000.0	3.65461761316
338000000.0	3.02843811349
340000000.0	0.813165445087
342000000.0	-1.98117823212
344000000.0	-3.62995841191
346000000.0	-2.09909912702
348000000.0	0.438583071458
350000000.0	2.58767871733
352000000.0	2.78263511669
354000000.0	0.837127920778
356000000.0	-1.20574930525
358000000.0	-1.89853428364
360000000.0	-1.77476429051
362000000.0	-0.20218476669
364000000.0	1.12608626772
366000000.0	1.87215956249
368000000.0	1.24628020767
370000000.0	-0.147868481171
372000000.0	-1.58477193041
374000000.0	-1.18695691239
376000000.0	-1.09118588467
378000000.0	0.762993047815
380000000.0	1.79892257857
382000000.0	1.28491491886
384000000.0	0.226000491731
386000000.0	-1.14286062504
388000000.0	-2.04863668819
390000000.0	-1.16992748616
392000000.0	0.171416895963
394000000.0	1.50864713413
396000000.0	1.71165426643
398000000.0	1.27967166587
400000000.0	-0.845415278262
402000000.0	-1.42127767154
404000000.0	-1.51801560485
406000000.0	-0.965134667525
408000000.0	0.584070553436
410000000.0	1.64600637973
412000000.0	1.51285754324
414000000.0	0.814293624232
416000000.0	-0.519929612468
418000000.0	-1.74657603462
420000000.0	-1.51602734698
422000000.0	-0.51004345573
424000000.0	0.799834241143
426000000.0	1.14801706702
428000000.0	0.980489156745
430000000.0	-0.173068979416
432000000.0	-1.06627551392
434000000.0	-1.02788336547
436000000.0	-0.860663440806
438000000.0	0.239367060513
440000000.0	1.01521820196
442000000.0	0.901989486836
444000000.0	0.026348485966
446000000.0	-0.606334592555
448000000.0	-1.04308061522
450000000.0	-0.588087740543
452000000.0	0.0252904325951
454000000.0	0.495677843244
456000000.0	0.845143068108
458000000.0	0.54811190882
460000000.0	-0.447655215154
462000000.0	-0.822789259932
464000000.0	-0.866310179692
466000000.0	-0.267205312088
468000000.0	0.483859101053
470000000.0	0.983847533865
472000000.0	0.715658595564
474000000.0	0.0225960945295
476000000.0	-0.568458543443
478000000.0	-0.634809200809
480000000.0	-0.467339650392
482000000.0	0.0975569352455
484000000.0	0.624265109979
486000000.0	0.804345136942
488000000.0	0.504562539364
490000000.0	-0.229073852895
492000000.0	-0.953410149541
494000000.0	-1.21002350152
496000000.0	-0.451728220248
498000000.0	0.482402821192
500000000.0	0.284850275671
502000000.0	0.819105620431
504000000.0	0.214515382369
506000000.0	-0.332094671036
508000000.0	-0.730056146301
510000000.0	-0.637397187867
512000000.0	-0.0129570636748
514000000.0	0.342353881881
516000000.0	0.39254004085
518000000.0	0.316697973999
520000000.0	0.0132672093908
522000000.0	-0.513463330188
524000000.0	-0.591762001227
526000000.0	0.00385080373856
528000000.0	0.391182005217
530000000.0	0.621081626366
532000000.0	0.352279819758
534000000.0	-0.20228595285
536000000.0	-0.618318504941
538000000.0	-0.541340705627
540000000.0	-0.160368163064
542000000.0	0.316259830088
544000000.0	0.251779080003
546000000.0	0.370113077413
548000000.0	-0.358827609748
550000000.0	-0.464436152933
552000000.0	-0.488155364157
554000000.0	-0.150876426984
556000000.0	-0.310552918575
558000000.0	0.469464370852
560000000.0	0.718025982833
562000000.0	0.37321357342
564000000.0	0.077148246773
566000000.0	-0.485109249476
568000000.0	-0.424112451682
570000000.0	-0.542400900062
572000000.0	0.357755178532
574000000.0	0.338899123577
576000000.0	0.286987750191
578000000.0	0.0343670115152
580000000.0	-0.357059884447
582000000.0	-0.0493399117118
584000000.0	-0.0618524763095
586000000.0	0.329022889188
588000000.0	0.219190171016
590000000.0	0.47604662234
592000000.0	-0.0438908442385
594000000.0	-0.195627152872
596000000.0	-0.488992334671
598000000.0	-0.281203031736
600000000.0	-0.414699128176
602000000.0	0.394497575053
604000000.0	0.523856498889
606000000.0	0.293355373637
608000000.0	-0.271355247506
610000000.0	-0.291447193513
612000000.0	-0.127016503055
614000000.0	-0.014431324244
616000000.0	0.572541892201
618000000.0	0.495063630679
620000000.0	0.35232894263
622000000.0	0.277712732388
624000000.0	0.228358093262
626000000.0	-0.885523227354
628000000.0	-0.579214918539
630000000.0	-0.00931241935618
632000000.0	0.0442562057718
634000000.0	0.388537365185
636000000.0	-0.210007869641
638000000.0	-0.387065932111
640000000.0	-0.588810984762
642000000.0	-0.0464661081119
644000000.0	-0.206436703238
646000000.0	0.306163922941
648000000.0	0.498907875165
650000000.0	0.198117278921
652000000.0	-0.0515289827179
654000000.0	-0.0379862985311
656000000.0	-0.210095491061
658000000.0	-0.366325086872
660000000.0	0.250613804358
662000000.0	0.250755137457
664000000.0	0.096867346804
666000000.0	-0.154206173209
668000000.0	-0.377594782103
670000000.0	-0.203520791088
672000000.0	-0.0472761072652
674000000.0	-0.294578063706
676000000.0	0.42843716765
678000000.0	0.266900888561
680000000.0	-0.0454047374643
682000000.0	-0.0957600839821
684000000.0	-0.374681954007
686000000.0	-0.56379640123
688000000.0	0.0240628737467
690000000.0	0.490378696797
692000000.0	0.320050581298
694000000.0	0.263877763311
696000000.0	0.113217349394
698000000.0	-0.21884042097
700000000.0	-1.78111921227
702000000.0	0.337649662426
704000000.0	0.420381257123
706000000.0	0.176568326111
708000000.0	0.171526484176
710000000.0	0.34335882435
712000000.0	-0.215561534178
714000000.0	-0.596896982753
716000000.0	-0.0396973971235
718000000.0	-0.194491922349
720000000.0	0.607309739512
722000000.0	0.445297599571
724000000.0	0.0374785954267
726000000.0	-0.0690662925536
728000000.0	-0.319188442158
730000000.0	-0.210952360417
732000000.0	-0.207243637122
734000000.0	0.356714713564
736000000.0	0.376028743501
738000000.0	0.359858093098
740000000.0	-0.0441419616603
742000000.0	-0.384232627906
744000000.0	-0.581850626788
746000000.0	-0.0933577255845
748000000.0	0.341050354311
750000000.0	0.639428846366
752000000.0	0.213559360953
754000000.0	-0.0907423381504
756000000.0	-0.454125122805
758000000.0	-0.306447917542
760000000.0	-0.275032641599
762000000.0	0.0664051024826
764000000.0	0.29109196605
766000000.0	0.494694360152
768000000.0	0.483715200727
770000000.0	-0.310626011577
772000000.0	-0.456524475917
774000000.0	-0.217882577166
776000000.0	-0.161348109144
778000000.0	0.259171973653
780000000.0	0.360492114763
782000000.0	0.487319841652
784000000.0	0.148000200225
786000000.0	-0.190819423127
788000000.0	-0.467849223355
790000000.0	-0.597566989072
792000000.0	0.0256446044273
794000000.0	0.586054604218
796000000.0	0.536805530775
798000000.0	0.572093470026
800000000.0	-0.528099591816
802000000.0	-0.210900345619
804000000.0	-0.329467310487
806000000.0	-0.292096983079
808000000.0	0.336939826135
810000000.0	0.467142068883
812000000.0	0.228400084851
814000000.0	0.157103593154
816000000.0	-0.5381246124
818000000.0	-0.274170351168
820000000.0	-0.15919635669
822000000.0	0.232007487991
824000000.0	0.817106179244
826000000.0	0.452735949269
828000000.0	0.17126878219
830000000.0	-0.555812581378
832000000.0	-0.764802924401
834000000.0	-0.281364998059
836000000.0	-0.0845623823837
838000000.0	0.304637477162
840000000.0	0.288126970041
842000000.0	0.548873515637
844000000.0	-0.124654634942
846000000.0	-0.811330887424
848000000.0	-0.86993192575
850000000.0	-0.432030707108
852000000.0	0.0612054000525
854000000.0	0.946000804788
856000000.0	0.745741982573
858000000.0	0.348387071388
860000000.0	-0.837814125518
862000000.0	-1.02911024985
864000000.0	-0.589544000208
866000000.0	0.234020352288
868000000.0	0.80496568253
870000000.0	0.461956333094
872000000.0	-0.103241810882
874000000.0	-0.439510353226
876000000.0	-0.342790449478
878000000.0	-0.337612264289
880000000.0	-0.392950748003
882000000.0	0.192723238682
884000000.0	1.22380196217
886000000.0	1.56331032121
888000000.0	-0.285362285707
890000000.0	-3.07069782403
892000000.0	-3.80653561032
894000000.0	0.541398931295
896000000.0	8.80650704457
898000000.0	16.6753384907
900000000.0	-37.9395682922
902000000.0	10.4946033319
904000000.0	5.70035890904
906000000.0	2.68668978936
908000000.0	1.32445427438
910000000.0	-0.609682735422
912000000.0	-2.53371642644
914000000.0	-2.84209208449
916000000.0	-1.01406313845
918000000.0	1.43611681382
920000000.0	2.46726675741
922000000.0	1.74019948377
924000000.0	-0.254273691516
926000000.0	-1.2319730376
928000000.0	-1.29439939549
930000000.0	-0.642035724245
932000000.0	0.0120459117652
934000000.0	0.817575835952
936000000.0	0.857790109792
938000000.0	0.722875373695
940000000.0	-0.196183343857
942000000.0	-0.549618979426
944000000.0	-0.762742498492
946000000.0	-0.250200064685
948000000.0	0.303342725624
950000000.0	0.431123907319
952000000.0	0.144346737122
954000000.0	-0.0135119428921
956000000.0	-0.817318393106
958000000.0	-0.336510814135
960000000.0	-0.103182823988
962000000.0	-0.105009284712
964000000.0	0.379721227312
966000000.0	0.432040455153
968000000.0	0.0946462085248
970000000.0	-0.278735975844
972000000.0	-0.327428693465
974000000.0	-0.453938085094
976000000.0	0.0112699684657
978000000.0	0.27334611702
980000000.0	0.23322902123
982000000.0	0.299786144723
984000000.0	-0.130000247809
986000000.0	-0.336085448903
988000000.0	-0.276563809275
990000000.0	-0.201222260609
992000000.0	-0.0348479037551
994000000.0	0.467349635033
996000000.0	0.485624204965
998000000.0	0.345847750882
1000000000.0	-1.125
1002000000.0	-0.329249659568
1004000000.0	-0.0281058047538
1006000000.0	-0.0955423948701
1008000000.0	0.144890535452
1010000000.0	-0.111800019423
1012000000.0	0.00169100799474
1014000000.0	0.0726316675273
1016000000.0	-0.269437467009
1018000000.0	-0.108266362213
1020000000.0	-0.0530847813315
1022000000.0	-0.0406752768808
1024000000.0	-0.137575352707
1026000000.0	0.130232099809
1028000000.0	0.320687389798
1030000000.0	-0.008345272953
1032000000.0	0.036006061168
1034000000.0	0.0453739871479
1036000000.0	0.185303198914
1038000000.0	0.260220132959
1040000000.0	0.161350389282
1042000000.0	0.155785642718
1044000000.0	-0.141571890349
1046000000.0	-0.189994158421
1048000000.0	0.0541276174456
1050000000.0	-0.0245626081564
1052000000.0	-0.167921725338
1054000000.0	-0.054842213783
1056000000.0	0.19838505782
1058000000.0	-0.0338256028606
1060000000.0	-0.194898364095
1062000000.0	0.0333635456922
1064000000.0	-0.176263083878
1066000000.0	-0.112330519544
1068000000.0	0.1972567188
1070000000.0	0.160773567549
1072000000.0	0.0914498274524
1074000000.0	-0.0677729777674
1076000000.0	-0.158634591892
1078000000.0	0.20307545786
1080000000.0	-0.104418360319
1082000000.0	0.138159022898
1084000000.0	-0.040009833745
1086000000.0	0.0310736339503
1088000000.0	-0.256344769584
1090000000.0	0.145848472946
1092000000.0	-0.0689446065359
1094000000.0	0.0137120301209
1096000000.0	-0.0874178059815
1098000000.0	0.00527322055623
1100000000.0	-0.529602793115
1102000000.0	0.158402033381
1104000000.0	-0.126190694743
1106000000.0	-0.0501088811809
1108000000.0	0.28425758865
1110000000.0	-0.22742513867
1112000000.0	-0.0425969201114
1114000000.0	-0.168961018358
1116000000.0	-0.00258772624531
1118000000.0	0.14899098968
1120000000.0	-0.0285986819366
1122000000.0	-0.106975885323
1124000000.0	-0.404747896433
1126000000.0	-0.084568144816
1128000000.0	-0.21944402506
1130000000.0	-0.173960998694
1132000000.0	0.000143005639939
1134000000.0	-0.0741000792945
1136000000.0	-0.334141524181
1138000000.0	-0.0587981377179
1140000000.0	-0.0907990497721
1142000000.0	-0.0147613527516
1144000000.0	-0.0249519585306
1146000000.0	-0.0328236330695
1148000000.0	-0.250848582228
1150000000.0	-0.191455812319
1152000000.0	0.0354608641167
1154000000.0	0.014987755375
1156000000.0	-0.11746336941
1158000000.0	0.292072816248
1160000000.0	0.168148481562
1162000000.0	0.012190558368
1164000000.0	0.15136396117
1166000000.0	-0.116730052356
1168000000.0	-0.208767410467
1170000000.0	0.065542115342
1172000000.0	-0.00366829599634
1174000000.0	0.0412043607503
1176000000.0	-0.0877460286311
1178000000.0	0.150007731373
1180000000.0	0.373520176489
1182000000.0	0.111807763563
1184000000.0	0.0429755980119
1186000000.0	-0.0979729733833
1188000000.0	-0.157920722852
1190000000.0	-0.30629636819
1192000000.0	-0.0223204104085
1194000000.0	0.182773867868
1196000000.0	-0.45705073099
1198000000.0	0.111630156089
1200000000.0	-0.251459721738
1202000000.0	0.183688426478
1204000000.0	0.215719888804
1206000000.0	0.10495846471
1208000000.0	-0.198267958585
1210000000.0	0.256770892283
1212000000.0	-0.0258265779516
1214000000.0	-0.13743331519
1216000000.0	0.223125428543
1218000000.0	-0.046691098807
1220000000.0	-0.133302582162
1222000000.0	-0.171696597847
1224000000.0	0.189431604048
1226000000.0	-0.012354267696
1228000000.0	-0.26854921477
1230000000.0	0.030384157997
1232000000.0	-0.0235108457764
1234000000.0	-0.0368447009817
1236000000.0	0.0728786250516
1238000000.0	0.0074629725612
1240000000.0	-0.459746879261
1242000000.0	0.0728769033691
1244000000.0	-0.205635188449
1246000000.0	-0.0558996106846
1248000000.0	0.148690351519
1250000000.0	-0.306586133892
1252000000.0	0.00292280496981
1254000000.0	-0.342382320041
1256000000.0	-0.0979201892904
1258000000.0	-0.121189289719
1260000000.0	0.270066188044
1262000000.0	0.0705491344864
1264000000.0	-0.504151553114
1266000000.0	-0.1305786178
1268000000.0	-0.0795207858276
1270000000.0	0.200644277842
1272000000.0	0.432176440814
1274000000.0	-0.176426167241
1276000000.0	0.449955761578
1278000000.0	0.136218821883
1280000000.0	0.177219451435
1282000000.0	-0.240982104676
1284000000.0	0.00980999074496
1286000000.0	-0.13131623529
1288000000.0	-0.184433821524
1290000000.0	0.0533767466387
1292000000.0	0.145648412731
1294000000.0	0.12697916632
1296000000.0	0.516170431303
1298000000.0	0.959934927987
1300000000.0	-3.04269383996
1302000000.0	1.39198619406
1304000000.0	0.923442493943
1306000000.0	0.441341694612
1308000000.0	-0.0277154184713
1310000000.0	-0.20165326419
1312000000.0	-0.240968505401
1314000000.0	0.044528516512
1316000000.0	0.226857887353
1318000000.0	0.140776473522
1320000000.0	0.159550988575
1322000000.0	0.0853640274838
1324000000.0	-0.24224487347
1326000000.0	-0.279888949861
1328000000.0	0.0291196313169
1330000000.0	0.0810396575466
1332000000.0	0.357986336224
1334000000.0	-0.0353662833523
1336000000.0	-0.205921628251
1338000000.0	-0.110411587185
1340000000.0	-0.135926565019
1342000000.0	-0.239323712712
1344000000.0	-0.0946627947173
1346000000.0	0.230283508182
1348000000.0	0.489513742135
1350000000.0	-0.112024659794
1352000000.0	0.0490871195893
1354000000.0	-0.394467008372
1356000000.0	-0.297629479531
1358000000.0	-0.20927919546
1360000000.0	-0.0310113791298
1362000000.0	-0.0366901331355
1364000000.0	0.0331227464566
1366000000.0	0.138402959462
1368000000.0	-0.0649492421579
1370000000.0	-0.326155389815
1372000000.0	-0.408300398772
1374000000.0	-0.799914564184
1376000000.0	1.10729071284
1378000000.0	0.11211669719
1380000000.0	-0.0330259498811
1382000000.0	0.112911381331
1384000000.0	-0.0344481481406
1386000000.0	-0.0129627788802
1388000000.0	-0.220357457911
1390000000.0	-0.00555136727562
1392000000.0	0.0181681048723
1394000000.0	-0.11462195624
1396000000.0	0.0822435610388
1398000000.0	0.264325886113
1400000000.0	-0.548528879191
1402000000.0	-0.306544587383
1404000000.0	0.139728253356
1406000000.0	-0.0138604283131
1408000000.0	-0.159900432164
1410000000.0	0.0897158676325
1412000000.0	0.0331695103556
1414000000.0	-0.234573563935
1416000000.0	-0.181124890758
1418000000.0	-0.285592251352
1420000000.0	0.202916128316
1422000000.0	0.46481527413
1424000000.0	-0.0517795963625
1426000000.0	0.305133864592
1428000000.0	0.0277782804542
1430000000.0	-0.0651262366132
1432000000.0	-0.236682626905
1434000000.0	-0.263330042591
1436000000.0	0.416492155587
1438000000.0	0.313425079034
1440000000.0	0.0627573637568
1442000000.0	0.194444967205
1444000000.0	-0.0900152760928
1446000000.0	-0.217201414026
1448000000.0	-0.150151154205
1450000000.0	-0.204198033013
1452000000.0	0.0919966663113
1454000000.0	0.329165888884
1456000000.0	0.179045281217
1458000000.0	-0.0978258499356
1460000000.0	-0.225756867545
1462000000.0	-0.329421311548
1464000000.0	-0.153505333364
1466000000.0	0.0687079386937
1468000000.0	0.484743696565
1470000000.0	0.349169251622
1472000000.0	-0.121457150689
1474000000.0	-0.603390070142
1476000000.0	-0.0991670191315
1478000000.0	-0.00930383842968
1480000000.0	-0.0623247581422
1482000000.0	0.277364378778
1484000000.0	0.562326565439
1486000000.0	0.273651233063
1488000000.0	-0.437675178963
1490000000.0	-1.56211859046
1492000000.0	-1.57781116035
1494000000.0	0.566691050717
1496000000.0	4.74096847799
1498000000.0	8.44157836583
1500000000.0	-19.5848502757
1502000000.0	5.70770066873
1504000000.0	3.22604983008
1506000000.0	1.51860943194
1508000000.0	0.419665903648
1510000000.0	-0.294169969004
1512000000.0	-1.1165017129
1514000000.0	-1.26370824882
1516000000.0	-0.616275483864
1518000000.0	0.487211172856
1520000000.0	1.01005338994
1522000000.0	0.965196244371
1524000000.0	-0.0460138588505
1526000000.0	-0.629820129076
1528000000.0	-0.352365399775
1530000000.0	-0.337568485404
1532000000.0	0.250136382805
1534000000.0	0.195524480992
1536000000.0	0.429431584666
1538000000.0	0.423654924905
1540000000.0	0.154106281824
1542000000.0	-0.296549816366
1544000000.0	-0.306826947985
1546000000.0	-0.365755575
1548000000.0	0.143411464829
1550000000.0	0.53139610981
1552000000.0	-0.0114222418062
1554000000.0	0.236379660409
1556000000.0	-0.234699562115
1558000000.0	0.172286992121
1560000000.0	-0.373921740251
1562000000.0	-0.0686307525705
1564000000.0	0.263282104286
1566000000.0	0.118397345161
1568000000.0	0.136732978951
1570000000.0	0.199406249404
1572000000.0	0.0641424521103
1574000000.0	-0.185269993706
1576000000.0	0.167289339513
1578000000.0	0.11328239507
1580000000.0	0.419908889546
1582000000.0	-0.0348713074748
1584000000.0	-0.236321081571
1586000000.0	-0.203802118368
1588000000.0	-0.697940745624
1590000000.0	-0.10601653937
1592000000.0	0.0107080399298
1594000000.0	0.256439762246
1596000000.0	0.253477219841
1598000000.0	0.15938573874
1600000000.0	-0.143775408184
1602000000.0	-0.0614623492925
1604000000.0	0.0490610768843
1606000000.0	-0.143941747454
1608000000.0	0.14385655282
1610000000.0	0.090643445882
1612000000.0	0.171016664951
1614000000.0	0.264354850058
1616000000.0	0.167668939319
1618000000.0	0.27674126067
1620000000.0	-0.137366127117
1622000000.0	-0.133959032227
1624000000.0	-0.477875919369
1626000000.0	0.533901688711
1628000000.0	0.25183405665
1630000000.0	0.237043431595
1632000000.0	0.085166616896
1634000000.0	0.00186365396374
1636000000.0	-0.0133237780328
1638000000.0	0.140190727036
1640000000.0	0.316336697052
1642000000.0	0.227581190686
1644000000.0	-0.0684375845088
1646000000.0	-0.156919776969
1648000000.0	-0.048412009714
1650000000.0	0.231239286377
1652000000.0	0.0267303740571
1654000000.0	0.212902675161
1656000000.0	0.273365434656
1658000000.0	-0.10304372731
1660000000.0	-0.051037623742
1662000000.0	-0.196587483535
1664000000.0	-0.2647787802
1666000000.0	0.120081501155
1668000000.0	-0.067001459841
1670000000.0	0.36006351402
1672000000.0	0.236367341049
1674000000.0	0.103407141911
1676000000.0	-0.105716808344
1678000000.0	-0.24323256588
1680000000.0	-0.0958011978295
1682000000.0	-0.00343108311419
1684000000.0	0.0984584564748
1686000000.0	-0.0904289919459
1688000000.0	0.0332163337565
1690000000.0	-0.323196788607
1692000000.0	-0.197034803127
1694000000.0	-0.211517522019
1696000000.0	0.123148332603
1698000000.0	0.214040751449
1700000000.0	-0.682512771502
1702000000.0	0.422762016547
1704000000.0	0.066391935842
1706000000.0	-0.153981872021
1708000000.0	-0.269238661336
1710000000.0	0.271765392201
1712000000.0	-0.0473493405813
1714000000.0	0.0370371313978
1716000000.0	0.116875621575
1718000000.0	0.17742575727
1720000000.0	0.218772850799
1722000000.0	0.125855194541
1724000000.0	-0.149869607429
1726000000.0	0.09002504176
1728000000.0	-0.0225754078596
1730000000.0	0.212390874316
1732000000.0	0.148953017271
1734000000.0	-0.155629839478
1736000000.0	0.0616945581466
1738000000.0	-0.0507669253923
1740000000.0	0.00462646354874
1742000000.0	-0.085112676535
1744000000.0	0.409445611822
1746000000.0	0.0998485235659
1748000000.0	0.0220903056522
1750000000.0	0.30951310384
1752000000.0	-0.249397914842
1754000000.0	0.0211023201532
1756000000.0	-0.229265765314
1758000000.0	-0.0848499736827
1760000000.0	0.123725830646
1762000000.0	0.137010605441
1764000000.0	-0.274668603285
1766000000.0	0.0848681508777
1768000000.0	-0.109022131131
1770000000.0	-0.302268486393
1772000000.0	-0.197901755516
1774000000.0	0.068050648533
1776000000.0	0.244823637734
1778000000.0	0.288884516039
1780000000.0	-0.223361489276
1782000000.0	0.295091974346
1784000000.0	0.068663685239
1786000000.0	0.0564169742682
1788000000.0	-0.253499326144
1790000000.0	0.035535612594
1792000000.0	0.110386087074
1794000000.0	-0.396013737423
1796000000.0	0.00629222154682
1798000000.0	-0.0174291398838
1800000000.0	0.225921095011
1802000000.0	0.0763895907773
1804000000.0	0.0516434673412
1806000000.0	-0.205835485654
1808000000.0	-0.0380331999682
1810000000.0	0.0905661427103
1812000000.0	-0.122378635991
1814000000.0	-0.0224362977997
1816000000.0	0.162454831231
1818000000.0	0.25775925624
1820000000.0	0.0338922996545
1822000000.0	0.0269187224918
1824000000.0	-0.230562228066
1826000000.0	0.0668187873901
1828000000.0	0.133590620777
1830000000.0	-0.176977860246
1832000000.0	0.107240534937
1834000000.0	-0.0658544919347
1836000000.0	0.143289399974
1838000000.0	-0.00301306389177
1840000000.0	-0.206111379523
1842000000.0	-0.193826454714
1844000000.0	0.0336133413959
1846000000.0	-0.0224563455748
1848000000.0	-0.0608727064241
1850000000.0	-0.0750588339708
1852000000.0	-0.0637854123717
1854000000.0	0.126149099158
1856000000.0	-0.0488747093094
1858000000.0	-0.387439677023
1860000000.0	-0.0478495901402
1862000000.0	0.187846081297
1864000000.0	0.358138831217
1866000000.0	-0.0651028473176
1868000000.0	0.137028107513
1870000000.0	0.194647022045
1872000000.0	-0.129687403005
1874000000.0	-0.25260809857
1876000000.0	0.13986098583
1878000000.0	0.263425404361
1880000000.0	0.458655119098
1882000000.0	0.0868104134458
1884000000.0	0.133439881142
1886000000.0	-0.42443728089
1888000000.0	-0.0874164053324
1890000000.0	-0.122976516396
1892000000.0	-0.0836686036881
1894000000.0	0.210287968992
1896000000.0	1.46654476073
1898000000.0	2.21712427136
1900000000.0	-7.542297432
1902000000.0	3.22227058698
1904000000.0	1.37675459666
1906000000.0	0.24113948368
1908000000.0	-0.47244364781
1910000000.0	-0.591805161169
1912000000.0	-0.228163433336
1914000000.0	0.19030283893
1916000000.0	0.0990725330798
1918000000.0	0.0804125434488
1920000000.0	0.342235634062
1922000000.0	0.0894370264467
1924000000.0	-0.327067296847
1926000000.0	-0.0833941299588
1928000000.0	0.265627275754
1930000000.0	-0.203421235017
1932000000.0	0.236865342888
1934000000.0	0.247302212787
1936000000.0	-0.147285817722
1938000000.0	-0.0743274819413
1940000000.0	-0.131810528414
1942000000.0	0.0665867819952
1944000000.0	-0.138030274653
1946000000.0	0.00770299597683
1948000000.0	0.392917216669
1950000000.0	0.18852410733
1952000000.0	-0.0173175872873
1954000000.0	-0.0756915861034
1956000000.0	-0.145424524018
1958000000.0	-0.0775039438346
1960000000.0	-0.204196664111
1962000000.0	0.333822154149
1964000000.0	0.114998148338
1966000000.0	-0.152262111393
1968000000.0	-0.37235837996
1970000000.0	-0.0337968267461
1972000000.0	-0.100494146421
1974000000.0	0.0854817025507
1976000000.0	-0.0589031664735
1978000000.0	0.321103583567
1980000000.0	0.0239341703483
1982000000.0	-0.115857421195
1984000000.0	0.0958507874124
1986000000.0	-0.0234475252575
1988000000.0	0.0763763391317
1990000000.0	0.0145625849214
1992000000.0	-0.0726286252864
1994000000.0	-0.0895283637846
1996000000.0	0.0420085239033
1998000000.0	-0.27839944906
2000000000.0	0.475
