0.0	-47.6875
2000000.0	1.10431710369
4000000.0	6.28841292947
6000000.0	1.82921716218
8000000.0	-4.66044508049
10000000.0	-6.01056848399
12000000.0	-4.72590518379
14000000.0	-0.789832595315
16000000.0	3.70943496602
18000000.0	10.3619517407
20000000.0	9.85543538085
22000000.0	1.48569734642
24000000.0	-8.51573977191
26000000.0	-14.8533185226
28000000.0	-9.78971792573
30000000.0	1.57209008907
32000000.0	9.97663591791
34000000.0	11.7077858665
36000000.0	1.29634489935
38000000.0	-5.3052788126
40000000.0	-7.79403983837
42000000.0	-3.88362556962
44000000.0	0.496595429318
46000000.0	4.00746700905
48000000.0	2.3298753025
50000000.0	-1.16340947186
52000000.0	-4.05348072049
54000000.0	-0.247352510958
56000000.0	3.51910772785
58000000.0	4.95430429021
60000000.0	2.29422951468
62000000.0	-0.867416379473
64000000.0	-3.84230177592
66000000.0	-4.11474909906
68000000.0	-1.13679553668
70000000.0	3.18698916501
72000000.0	4.59771385283
74000000.0	2.38066678584
76000000.0	-0.769477844848
78000000.0	-4.00316942462
80000000.0	-2.9099690456
82000000.0	0.012713006503
84000000.0	0.996116989482
86000000.0	0.65422709935
88000000.0	0.607847437715
90000000.0	-0.77730379112
92000000.0	-0.592702584406
94000000.0	0.744385533286
96000000.0	2.34258482668
98000000.0	1.0955306906
100000000.0	-1.30765638863
102000000.0	-3.84401959088
104000000.0	-3.69744822151
106000000.0	-0.484829225576
108000000.0	3.47922269903
110000000.0	4.72207436811
112000000.0	3.42338978247
114000000.0	-1.16585974461
116000000.0	-3.81853650806
118000000.0	-4.04397727276
120000000.0	-1.65705905211
122000000.0	1.18948948042
124000000.0	1.26015850905
126000000.0	1.74771732156
128000000.0	-0.200848214036
130000000.0	-0.27634524306
132000000.0	0.953066672498
134000000.0	1.33978020396
136000000.0	1.00260775859
138000000.0	-0.493927510342
140000000.0	-2.73814259769
142000000.0	-2.08957013016
144000000.0	-0.03897353654
146000000.0	2.29056042136
148000000.0	3.33935401218
150000000.0	1.28270487344
152000000.0	-1.38831018358
154000000.0	-2.0520709862
156000000.0	-2.21400625907
158000000.0	0.99031986548
160000000.0	2.11622369169
162000000.0	1.89975590036
164000000.0	0.749126622754
166000000.0	-1.51075516086
168000000.0	-1.96859434676
170000000.0	-0.194136139241
172000000.0	0.892929081155
174000000.0	0.871385613123
176000000.0	-0.044901659723
178000000.0	-1.19608778885
180000000.0	-1.05302208195
182000000.0	0.909280370012
184000000.0	2.79886889927
186000000.0	1.55668100504
188000000.0	-0.22636821106
190000000.0	-2.94692629486
192000000.0	-2.97640822983
194000000.0	-1.30662655325
196000000.0	1.40616601708
198000000.0	3.68648564965
200000000.0	2.07257182481
202000000.0	0.108471546167
204000000.0	-1.78096238631
206000000.0	-1.12676872188
208000000.0	-0.414014949273
210000000.0	1.24318388714
212000000.0	0.18487719364
214000000.0	-0.976223727406
216000000.0	-1.57446759166
218000000.0	-0.970421027139
220000000.0	2.07347871484
222000000.0	2.61929576187
224000000.0	3.29078669975
226000000.0	-0.454439791651
228000000.0	-3.19413781292
230000000.0	-3.98341976406
232000000.0	-0.963725965988
234000000.0	2.38545019119
236000000.0	4.01303078563
238000000.0	1.97414368866
240000000.0	-0.846914987203
242000000.0	-2.97445563161
244000000.0	-2.63872886599
246000000.0	0.103639496849
248000000.0	3.17116707548
250000000.0	1.94048842645
252000000.0	-0.571995495386
254000000.0	-4.19985541097
256000000.0	-2.43010883053
258000000.0	2.03381719581
260000000.0	5.76525126106
262000000.0	4.28116887172
264000000.0	-1.51916283617
266000000.0	-8.69665389139
268000000.0	-8.30839328813
270000000.0	-0.304754502316
272000000.0	10.9810496637
274000000.0	13.8967177117
276000000.0	5.77176602164
278000000.0	-10.2190538923
280000000.0	-19.0712907769
282000000.0	-10.9154137626
284000000.0	6.30812807429
286000000.0	18.6682167066
288000000.0	12.0553613691
290000000.0	-8.23167842645
292000000.0	-21.4043845893
294000000.0	-4.76499711395
296000000.0	46.3683081392
298000000.0	103.854171906
300000000.0	-281.740993707
302000000.0	102.033496924
304000000.0	64.1060640067
306000000.0	22.6503753095
308000000.0	-8.4444066296
310000000.0	-20.9115695223
312000000.0	-19.8173058194
314000000.0	-7.64712795704
316000000.0	4.22306233794
318000000.0	10.9921185508
320000000.0	9.46235953606
322000000.0	1.58826559906
324000000.0	-4.74008957604
326000000.0	-5.52612570353
328000000.0	-1.60238604553
330000000.0	4.21510444465
332000000.0	4.65988233988
334000000.0	-0.0388701233723
336000000.0	-4.68795809264
338000000.0	-5.14189663334
340000000.0	0.234538952597
342000000.0	4.19248862707
344000000.0	5.68071697117
346000000.0	1.94288654235
348000000.0	-3.52640638013
350000000.0	-5.41754794321
352000000.0	-2.9768831873
354000000.0	2.67081963002
356000000.0	5.56656302791
358000000.0	3.11502544764
360000000.0	-0.960776297691
362000000.0	-4.48351988697
364000000.0	-3.67600219147
366000000.0	0.367096697276
368000000.0	2.59940609407
370000000.0	3.22012124623
372000000.0	0.570978110705
374000000.0	-2.86216796929
376000000.0	-0.341987704927
378000000.0	-0.656712255557
380000000.0	2.06767784282
382000000.0	1.65847758
384000000.0	-0.379422516687
386000000.0	-2.00745942742
388000000.0	-2.04827025324
390000000.0	-1.74717096536
392000000.0	1.87251682731
394000000.0	2.2467771208
396000000.0	2.61920265374
398000000.0	0.444788813221
400000000.0	-1.79970780589
402000000.0	-1.93574825293
404000000.0	-0.0918802254469
406000000.0	0.341736024225
408000000.0	1.90037371935
410000000.0	1.06631425168
412000000.0	-0.66813132665
414000000.0	-0.579582104295
416000000.0	0.413850113882
418000000.0	1.68578639735
420000000.0	0.821776503201
422000000.0	-0.114359777947
424000000.0	-1.65132692904
426000000.0	-1.28979060186
428000000.0	-0.251708607761
430000000.0	0.0545220967295
432000000.0	1.43492537142
434000000.0	1.16665485204
436000000.0	0.125398204655
438000000.0	-1.29453599613
440000000.0	-1.15587772004
442000000.0	-0.818803274267
444000000.0	0.266015234413
446000000.0	1.8755133782
448000000.0	0.112444814539
450000000.0	-0.811520858051
452000000.0	-0.882417417251
454000000.0	-0.447231358978
456000000.0	0.436936063685
458000000.0	0.314447583163
460000000.0	0.60736923707
462000000.0	-0.128590393107
464000000.0	-1.04526784081
466000000.0	-0.323659678146
468000000.0	0.708029376992
470000000.0	0.21181941501
472000000.0	0.411525546389
474000000.0	0.382447898863
476000000.0	-0.636540988342
478000000.0	-1.20391022744
480000000.0	0.956448176855
482000000.0	-0.276189338354
484000000.0	0.496778739384
486000000.0	1.29070977809
488000000.0	0.843254547901
490000000.0	-1.27311425615
492000000.0	-0.564204929452
494000000.0	-0.00576837386926
496000000.0	0.631981993922
498000000.0	0.104116943454
500000000.0	-2.07416072442
502000000.0	0.0318980514301
504000000.0	0.24098682182
506000000.0	0.210593468624
508000000.0	0.515221738964
510000000.0	1.14785394008
512000000.0	-0.0260367330588
514000000.0	-0.614444607193
516000000.0	-0.797925808324
518000000.0	-0.2308958131
520000000.0	0.316114475934
522000000.0	0.287081151851
524000000.0	-0.0225716385846
526000000.0	0.884644711059
528000000.0	-0.658012812986
530000000.0	-0.0265469151329
532000000.0	0.591613615662
534000000.0	-0.18676302804
536000000.0	-0.276180003957
538000000.0	-0.123558187512
540000000.0	0.384652597394
542000000.0	-0.885182013818
544000000.0	0.34504293669
546000000.0	-0.014726987895
548000000.0	0.782329274538
550000000.0	1.36862905913
552000000.0	-0.0778981641369
554000000.0	-0.0890916986658
556000000.0	-0.188617417675
558000000.0	0.360499483685
560000000.0	0.843964751562
562000000.0	0.431586318423
564000000.0	-0.45493604574
566000000.0	-0.241266533053
568000000.0	-0.0838577846608
570000000.0	0.00447944002603
572000000.0	-0.344873780799
574000000.0	0.185078938094
576000000.0	0.384022759176
578000000.0	0.223616934391
580000000.0	0.632367121923
582000000.0	-0.248658289371
584000000.0	0.352397272964
586000000.0	-0.34987877901
588000000.0	-0.351061601919
590000000.0	-0.504129200661
592000000.0	-0.296128259595
594000000.0	-0.18997045512
596000000.0	0.747701731236
598000000.0	0.0227842981296
600000000.0	0.000357180594997
602000000.0	0.23480128584
604000000.0	-1.02689689955
606000000.0	0.124472062279
608000000.0	-0.827858553636
610000000.0	-0.0950323309575
612000000.0	-0.998565915649
614000000.0	0.206903698054
616000000.0	0.7367451147
618000000.0	-1.08374452364
620000000.0	0.179242434875
622000000.0	-0.501655593889
624000000.0	-0.190260275772
626000000.0	0.334338458655
628000000.0	-0.0961033752776
630000000.0	-0.583296445654
632000000.0	0.203716772888
634000000.0	0.894277501467
636000000.0	0.0956206898571
638000000.0	0.16804813562
640000000.0	-0.24424778583
642000000.0	0.363090508061
644000000.0	0.153722614528
646000000.0	0.595274480259
648000000.0	0.391161633031
650000000.0	0.107664311991
652000000.0	0.140032670326
654000000.0	0.10113477062
656000000.0	0.369536173372
658000000.0	-0.0525349067761
660000000.0	-1.02527806496
662000000.0	-0.251731135312
664000000.0	0.333738491792
666000000.0	0.269587123737
668000000.0	0.801311774888
670000000.0	0.50577854196
672000000.0	1.11271780272
674000000.0	-0.991629260433
676000000.0	-0.11581094287
678000000.0	0.408179868028
680000000.0	0.482973939497
682000000.0	0.587825757533
684000000.0	-0.430563865951
686000000.0	-0.573358129796
688000000.0	-0.265931317859
690000000.0	-0.00613819131212
692000000.0	-0.0395107622613
694000000.0	0.44019074511
696000000.0	-0.632987787657
698000000.0	-0.502246371183
700000000.0	0.517326035645
702000000.0	-1.04162924045
704000000.0	-1.25622788684
706000000.0	0.986427880299
708000000.0	0.232563659496
710000000.0	-1.39276747605
712000000.0	0.026776537082
714000000.0	-0.216034456245
716000000.0	0.264714261244
718000000.0	-0.0344899084726
720000000.0	0.644153270942
722000000.0	-0.534853751292
724000000.0	0.41272524366
726000000.0	-0.234244807911
728000000.0	0.491384305841
730000000.0	0.225880482463
732000000.0	0.768345480982
734000000.0	-0.0767294773093
736000000.0	0.271791806398
738000000.0	-0.373739267399
740000000.0	-0.585048036206
742000000.0	0.922669379516
744000000.0	0.615726641103
746000000.0	0.310319794253
748000000.0	0.574726809686
750000000.0	-0.631286654797
752000000.0	-0.411230698399
754000000.0	0.155616458974
756000000.0	0.599848826689
758000000.0	0.745569463858
760000000.0	1.15974988052
762000000.0	-0.275600048666
764000000.0	-0.959158666918
766000000.0	-0.189066130936
768000000.0	-0.172701644644
770000000.0	0.0594321443274
772000000.0	-0.804646146602
774000000.0	-0.685494800446
776000000.0	-0.565364600998
778000000.0	0.175183233802
780000000.0	0.167416679057
782000000.0	0.160113207051
784000000.0	0.70716387248
786000000.0	0.76934922432
788000000.0	-1.10726137024
790000000.0	-0.962497027322
792000000.0	0.0603747406366
794000000.0	0.714922936101
796000000.0	0.591814971129
798000000.0	0.541011594789
800000000.0	0.334259517646
802000000.0	0.235755180959
804000000.0	-0.257153787276
806000000.0	0.312928395913
808000000.0	0.446764419429
810000000.0	0.769737682992
812000000.0	0.18408994652
814000000.0	-1.68913067
816000000.0	-0.580621602727
818000000.0	-0.0350767448562
820000000.0	1.36962523458
822000000.0	1.408952355
824000000.0	0.242802837853
826000000.0	-0.741439467155
828000000.0	-0.377323822574
830000000.0	-0.425998402767
832000000.0	-0.12504520611
834000000.0	1.33655600404
836000000.0	0.434830362119
838000000.0	-1.12914672125
840000000.0	-0.948559460558
842000000.0	-0.987118812094
844000000.0	0.883374061767
846000000.0	1.2365747979
848000000.0	1.0160463617
850000000.0	-0.286671933644
852000000.0	-0.549681788618
854000000.0	-0.837414869716
856000000.0	-0.655138388388
858000000.0	1.29291721234
860000000.0	1.30554583483
862000000.0	0.876963690555
864000000.0	-1.09632599897
866000000.0	-3.02818624706
868000000.0	-1.39970529409
870000000.0	0.521651608865
872000000.0	2.33036565958
874000000.0	2.0970927944
876000000.0	1.3527239969
878000000.0	-2.46457374786
880000000.0	-3.18641934489
882000000.0	0.10201925423
884000000.0	3.30152179163
886000000.0	3.45383974287
888000000.0	-0.0930213772794
890000000.0	-6.54656238039
892000000.0	-7.65794658627
894000000.0	2.45770542993
896000000.0	24.9571502594
898000000.0	48.8282847715
900000000.0	-129.280378798
902000000.0	45.9817563961
904000000.0	26.3605936707
906000000.0	6.41195022516
908000000.0	-5.30140394961
910000000.0	-7.84642176907
912000000.0	-3.12871935171
914000000.0	1.19257360409
916000000.0	2.66132949508
918000000.0	0.443430798567
920000000.0	-1.01880660895
922000000.0	-1.35757926985
924000000.0	-0.0546025773931
926000000.0	1.80888369985
928000000.0	1.54043478063
930000000.0	1.37197793333
932000000.0	-0.297491468058
934000000.0	-2.08711620708
936000000.0	-1.64652170152
938000000.0	-0.473417459963
940000000.0	1.10647332726
942000000.0	1.87772893224
944000000.0	0.934675030829
946000000.0	-0.42385205267
948000000.0	-1.42097396942
950000000.0	-0.71047525482
952000000.0	0.365349063234
954000000.0	0.487845818571
956000000.0	0.294256835032
958000000.0	0.805690953254
960000000.0	-0.106036937992
962000000.0	-0.34786583997
964000000.0	-0.122107849593
966000000.0	0.837671637147
968000000.0	1.2587811512
970000000.0	0.250884716031
972000000.0	-0.0384961263132
974000000.0	-0.555339554481
976000000.0	0.343356267064
978000000.0	1.08403261771
980000000.0	0.974535330835
982000000.0	0.362949206261
984000000.0	0.1339077645
986000000.0	-1.49620232976
988000000.0	-1.10252426838
990000000.0	-0.0996161470128
992000000.0	1.61867474127
994000000.0	0.118480170313
996000000.0	-0.234298532343
998000000.0	-0.376175697993
1000000000.0	-3.234375
1002000000.0	-0.649023827286
1004000000.0	0.278353775837
1006000000.0	0.418477332375
1008000000.0	0.489617570845
1010000000.0	-0.60762575117
1012000000.0	-0.280404670904
1014000000.0	-0.22202649499
1016000000.0	0.517348829733
1018000000.0	0.917121394132
1020000000.0	0.393789864172
1022000000.0	-0.240651899126
1024000000.0	-0.433015952301
1026000000.0	-0.297495783523
1028000000.0	0.30822097778
1030000000.0	-0.076605500673
1032000000.0	0.649860503141
1034000000.0	-0.119012058934
1036000000.0	-0.846517232373
1038000000.0	-0.131319706728
1040000000.0	-0.00153811091672
1042000000.0	1.23203190429
1044000000.0	0.237532824532
1046000000.0	0.676601654908
1048000000.0	0.288297747318
1050000000.0	-0.510267613589
1052000000.0	0.12072071768
1054000000.0	1.18361050019
1056000000.0	0.767543471338
1058000000.0	0.0394825260452
1060000000.0	-0.577770787631
1062000000.0	-0.441301897087
1064000000.0	-0.739932379744
1066000000.0	0.619086327013
1068000000.0	1.03636143047
1070000000.0	0.0213400693521
1072000000.0	0.0458371029581
1074000000.0	0.0902574052652
1076000000.0	-0.826091256162
1078000000.0	0.20657969169
1080000000.0	-0.199858297189
1082000000.0	0.0973915915775
1084000000.0	-0.124512933125
1086000000.0	0.0199534746756
1088000000.0	0.892784032862
1090000000.0	0.284014978761
1092000000.0	0.506244937787
1094000000.0	-0.242838900904
1096000000.0	-0.145948672427
1098000000.0	-0.433638371318
1100000000.0	-1.29850898651
1102000000.0	-0.310567113569
1104000000.0	0.122962517621
1106000000.0	0.0460224860616
1108000000.0	0.480263205386
1110000000.0	-0.50451789513
1112000000.0	-0.654791997931
1114000000.0	-0.100374462939
1116000000.0	-0.164994342646
1118000000.0	0.187602344242
1120000000.0	-0.288816403429
1122000000.0	-0.732447877239
1124000000.0	-0.635557999247
1126000000.0	-0.390297106656
1128000000.0	-0.0554760467534
1130000000.0	-0.157431062745
1132000000.0	0.451584294688
1134000000.0	-0.323242927968
1136000000.0	-0.415191040941
1138000000.0	0.459340076962
1140000000.0	-0.0819780488611
1142000000.0	-0.101427419575
1144000000.0	0.588013032298
1146000000.0	0.617924403536
1148000000.0	-0.0526430681997
1150000000.0	-0.0495064301816
1152000000.0	-0.158631707344
1154000000.0	-0.199687092771
1156000000.0	-0.856144060028
1158000000.0	-0.417032088753
1160000000.0	-0.780630259519
1162000000.0	0.678586521945
1164000000.0	0.342254151106
1166000000.0	-0.134761224378
1168000000.0	-0.24562580243
1170000000.0	1.29398145148
1172000000.0	-0.577622638233
1174000000.0	-0.191973745626
1176000000.0	-0.126380667309
1178000000.0	0.636385724488
1180000000.0	0.0556945277777
1182000000.0	-0.216579247543
1184000000.0	-0.198994273693
1186000000.0	0.834124114917
1188000000.0	-0.706467300407
1190000000.0	-0.463111287807
1192000000.0	0.689350203139
1194000000.0	0.809354452632
1196000000.0	-0.392685493498
1198000000.0	-1.18369060321
1200000000.0	2.62002030589
1202000000.0	-0.576960267674
1204000000.0	-0.606900701938
1206000000.0	-0.177049797069
1208000000.0	0.407168545785
1210000000.0	-0.723112221338
1212000000.0	0.741338003614
1214000000.0	-0.322043805318
1216000000.0	0.376437507987
1218000000.0	0.402129542753
1220000000.0	-0.128275437525
1222000000.0	-0.260966981117
1224000000.0	-0.578566518012
1226000000.0	0.674338181021
1228000000.0	-0.426103465218
1230000000.0	0.0584871552665
1232000000.0	0.0911216577666
1234000000.0	0.251781582256
1236000000.0	0.549582139186
1238000000.0	0.312817224841
1240000000.0	0.00238376796088
1242000000.0	0.460177275266
1244000000.0	0.636986293371
1246000000.0	0.297848500405
1248000000.0	0.507660426901
1250000000.0	1.8604905229
1252000000.0	0.212211345718
1254000000.0	-0.145050073319
1256000000.0	-0.487140469261
1258000000.0	-0.624680443883
1260000000.0	-0.0576971884007
1262000000.0	-0.207080314845
1264000000.0	0.180001787642
1266000000.0	0.39990237152
1268000000.0	-0.282022341807
1270000000.0	0.168826936084
1272000000.0	0.551153624132
1274000000.0	1.02421235829
1276000000.0	0.58564822938
1278000000.0	0.591798027765
1280000000.0	0.260539572024
1282000000.0	-0.667193978255
1284000000.0	-0.0182968321718
1286000000.0	0.296963795815
1288000000.0	0.448952049206
1290000000.0	0.324020210613
1292000000.0	0.525013490398
1294000000.0	0.370776912182
1296000000.0	-0.572507133969
1298000000.0	-0.785709417825
1300000000.0	0.64172393469
1302000000.0	0.377926246733
1304000000.0	-0.788888320893
1306000000.0	0.445022810145
1308000000.0	0.604281851358
1310000000.0	-0.31105152499
1312000000.0	0.386436841356
1314000000.0	0.29956868581
1316000000.0	0.501591755324
1318000000.0	-0.314094261602
1320000000.0	0.186074074898
1322000000.0	-0.448484642116
1324000000.0	0.656850467027
1326000000.0	-1.04343332623
1328000000.0	0.494143514111
1330000000.0	-0.18625254525
1332000000.0	0.480753927575
1334000000.0	-0.471398410432
1336000000.0	-0.29143264076
1338000000.0	0.0715390892875
1340000000.0	-0.203816510468
1342000000.0	-0.0432463690152
1344000000.0	0.462518741989
1346000000.0	0.00272867047951
1348000000.0	-0.384419918238
1350000000.0	-1.25069394903
1352000000.0	0.165651746563
1354000000.0	0.0410456175977
1356000000.0	-0.764479663074
1358000000.0	0.594646831521
1360000000.0	-0.277195628993
1362000000.0	-0.567766645136
1364000000.0	0.214989536592
1366000000.0	-0.0134335170031
1368000000.0	0.573625181771
1370000000.0	0.794889947355
1372000000.0	-1.28487417857
1374000000.0	-1.61542062574
1376000000.0	1.47919531476
1378000000.0	0.336915904345
1380000000.0	0.273842712147
1382000000.0	1.08469340725
1384000000.0	0.50682785505
1386000000.0	0.510538263814
1388000000.0	0.127114072466
1390000000.0	-0.846295480126
1392000000.0	-0.333704647947
1394000000.0	0.285512044614
1396000000.0	-0.533015087117
1398000000.0	-0.251131454156
1400000000.0	0.391060055206
1402000000.0	-0.708239438246
1404000000.0	0.161104732559
1406000000.0	0.0255273126651
1408000000.0	0.745220606044
1410000000.0	-0.522862888992
1412000000.0	0.0128489098661
1414000000.0	-0.721762687025
1416000000.0	-0.610860518395
1418000000.0	-0.176419960237
1420000000.0	0.609228529993
1422000000.0	-0.0318419665811
1424000000.0	-0.587680451801
1426000000.0	-0.645281684088
1428000000.0	-0.343743149755
1430000000.0	0.131046569892
1432000000.0	0.356934932761
1434000000.0	1.30552302068
1436000000.0	-0.0670944925549
1438000000.0	-0.354484889118
1440000000.0	-0.485668106539
1442000000.0	0.921264227418
1444000000.0	0.492643702823
1446000000.0	0.760821382162
1448000000.0	0.0791924645502
1450000000.0	0.146147651608
1452000000.0	-0.526452071379
1454000000.0	0.274467916979
1456000000.0	0.532054420124
1458000000.0	0.111049411008
1460000000.0	0.167600486911
1462000000.0	0.089023816119
1464000000.0	-0.238059391052
1466000000.0	0.195694726995
1468000000.0	0.278037074222
1470000000.0	1.32742877211
1472000000.0	0.781347908461
1474000000.0	0.567266233616
1476000000.0	-0.733050750427
1478000000.0	-0.648324292505
1480000000.0	-0.126948136438
1482000000.0	1.83632721886
1484000000.0	1.44601265184
1486000000.0	1.09115609597
1488000000.0	-0.721123834872
1490000000.0	-3.71931220619
1492000000.0	-2.32638008046
1494000000.0	2.1451063605
1496000000.0	9.93834540354
1498000000.0	19.3500248299
1500000000.0	-52.3008392756
1502000000.0	17.1626182704
1504000000.0	9.31368169671
1506000000.0	1.50111322373
1508000000.0	-2.01258539695
1510000000.0	-2.55096927589
1512000000.0	0.0374850868192
1514000000.0	2.16378927728
1516000000.0	0.725803452693
1518000000.0	-0.364044092051
1520000000.0	-1.14986486589
1522000000.0	-0.180255491483
1524000000.0	0.32227462923
1526000000.0	0.553316398313
1528000000.0	0.994698745299
1530000000.0	0.0556738255923
1532000000.0	-0.663096124777
1534000000.0	-0.428075944442
1536000000.0	-0.45501160532
1538000000.0	-0.502752649695
1540000000.0	0.140080397605
1542000000.0	0.46113547276
1544000000.0	0.737751524606
1546000000.0	-0.39712485491
1548000000.0	-0.490964934633
1550000000.0	-0.0274653818921
1552000000.0	-0.30576020901
1554000000.0	0.815482064213
1556000000.0	-0.2053470822
1558000000.0	-0.428670126336
1560000000.0	-0.611815609619
1562000000.0	-0.436204892348
1564000000.0	-0.0703883303426
1566000000.0	0.41762428711
1568000000.0	-0.137318948079
1570000000.0	0.276633150322
1572000000.0	-0.433168794783
1574000000.0	0.604362464655
1576000000.0	0.351806549363
1578000000.0	0.519003710578
1580000000.0	0.00787707544648
1582000000.0	-0.358564115744
1584000000.0	-0.12766796565
1586000000.0	-0.837306432969
1588000000.0	0.0893166056671
1590000000.0	0.931962071972
1592000000.0	1.10839543467
1594000000.0	0.464408895867
1596000000.0	-0.303650191663
1598000000.0	-0.364798571371
1600000000.0	0.736052982353
1602000000.0	-0.888870982332
1604000000.0	-0.0169578403162
1606000000.0	-0.24236453466
1608000000.0	-0.156226489349
1610000000.0	-0.0332215445434
1612000000.0	0.214783694599
1614000000.0	0.253693271008
1616000000.0	0.128238770999
1618000000.0	0.157558814105
1620000000.0	-0.00120109607795
1622000000.0	-0.22223203342
1624000000.0	-1.43782000989
1626000000.0	1.61888098968
1628000000.0	-0.273769003284
1630000000.0	0.301732404442
1632000000.0	0.219829821637
1634000000.0	-0.00277470223615
1636000000.0	-0.126188544072
1638000000.0	-0.847402045843
1640000000.0	0.560450939536
1642000000.0	0.0884686382343
1644000000.0	-0.37325753899
1646000000.0	0.0902975572279
1648000000.0	0.11271885273
1650000000.0	-0.092320484453
1652000000.0	0.515385416459
1654000000.0	0.223627533428
1656000000.0	0.655912942047
1658000000.0	0.237447239294
1660000000.0	-0.0646151232949
1662000000.0	0.217059327071
1664000000.0	-0.181215002387
1666000000.0	-0.475517349234
1668000000.0	0.158310522997
1670000000.0	0.588221120715
1672000000.0	0.487565103482
1674000000.0	-0.0261431531953
1676000000.0	-0.011725969517
1678000000.0	0.30500639468
1680000000.0	-0.205024202548
1682000000.0	0.0982802960702
1684000000.0	-0.827136648813
1686000000.0	0.212704541206
1688000000.0	0.185972698117
1690000000.0	0.200595133925
1692000000.0	-0.491068663964
1694000000.0	0.314360005244
1696000000.0	-0.178618221481
1698000000.0	-0.406253462805
1700000000.0	0.470904077976
1702000000.0	0.199220359806
1704000000.0	0.3298232938
1706000000.0	-0.0175347258978
1708000000.0	0.632034416349
1710000000.0	0.0480600221611
1712000000.0	-0.639062305518
1714000000.0	-0.147203482896
1716000000.0	-0.269960979872
1718000000.0	0.131581195164
1720000000.0	0.0428962409653
1722000000.0	-0.784087810646
1724000000.0	-0.115366640392
1726000000.0	-0.952033214371
1728000000.0	-0.148755736183
1730000000.0	-0.180484156288
1732000000.0	0.23481484199
1734000000.0	0.425120451364
1736000000.0	-0.334246743834
1738000000.0	0.374734310599
1740000000.0	-0.29922422008
1742000000.0	-0.00105611400511
1744000000.0	-0.565386138737
1746000000.0	-0.141006611378
1748000000.0	-0.207155591941
1750000000.0	-2.16969229455
1752000000.0	-0.172931849408
1754000000.0	0.194765087516
1756000000.0	0.0889445375734
1758000000.0	0.490729216354
1760000000.0	-0.459323156736
1762000000.0	0.135828188792
1764000000.0	0.697286366678
1766000000.0	0.34323234456
1768000000.0	0.248440245055
1770000000.0	-0.475327789665
1772000000.0	0.204384923125
1774000000.0	-0.502101558854
1776000000.0	-0.505248930623
1778000000.0	-0.366787192019
1780000000.0	-0.391180374854
1782000000.0	1.14710140921
1784000000.0	-0.46546361513
1786000000.0	0.058293149785
1788000000.0	-0.555693321245
1790000000.0	0.171548475295
1792000000.0	0.480343079552
1794000000.0	-0.162342955746
1796000000.0	-0.452181050312
1798000000.0	-0.449232432382
1800000000.0	1.70788593939
1802000000.0	-0.723031081703
1804000000.0	0.276844380271
1806000000.0	-0.600754236214
1808000000.0	0.0102130514007
1810000000.0	0.375962504893
1812000000.0	-0.301692569212
1814000000.0	-0.579301910087
1816000000.0	0.326110366251
1818000000.0	-0.45365494002
1820000000.0	-0.122715372405
1822000000.0	-0.373614992322
1824000000.0	0.0776873966236
1826000000.0	-0.27032524116
1828000000.0	-0.260680495132
1830000000.0	-0.707427246915
1832000000.0	0.201968886031
1834000000.0	-0.374814552251
1836000000.0	0.366064841108
1838000000.0	-0.139376753417
1840000000.0	-0.411191836461
1842000000.0	0.519489535321
1844000000.0	0.398587500691
1846000000.0	-0.132508720459
1848000000.0	-0.804637198163
1850000000.0	-0.0149421738123
1852000000.0	0.152039748517
1854000000.0	0.22440584861
1856000000.0	-0.51510625266
1858000000.0	0.492950233978
1860000000.0	-0.395772110292
1862000000.0	0.596677089643
1864000000.0	0.178179865591
1866000000.0	-0.544988817461
1868000000.0	0.0491205083031
1870000000.0	0.543633632669
1872000000.0	0.525051705901
1874000000.0	0.356406331842
1876000000.0	0.0314584114777
1878000000.0	-0.577131455117
1880000000.0	-0.288630181963
1882000000.0	-0.532886538051
1884000000.0	-0.15722955167
1886000000.0	0.852932321734
1888000000.0	-0.030834992293
1890000000.0	-0.748066380046
1892000000.0	-1.02937538236
1894000000.0	0.215900795013
1896000000.0	0.815249475423
1898000000.0	2.34295882145
1900000000.0	-5.81491616882
1902000000.0	1.85568363573
1904000000.0	1.25542644473
1906000000.0	0.259177406518
1908000000.0	-0.151016996202
1910000000.0	-0.0534247410381
1912000000.0	-0.0359429053226
1914000000.0	-0.193892851745
1916000000.0	0.220599384181
1918000000.0	0.396084591328
1920000000.0	0.0385214138965
1922000000.0	-0.421016605873
1924000000.0	-0.532661547736
1926000000.0	0.481148364289
1928000000.0	0.0350872473308
1930000000.0	0.0581847274839
1932000000.0	-0.766337102983
1934000000.0	-0.240386447956
1936000000.0	0.158672868665
1938000000.0	0.495833193424
1940000000.0	-0.73972572973
1942000000.0	0.109191206807
1944000000.0	-0.221284397851
1946000000.0	-0.111202857761
1948000000.0	0.297119738031
1950000000.0	0.179675598379
1952000000.0	-0.154978312695
1954000000.0	0.499494946235
1956000000.0	0.222017590363
1958000000.0	0.123150952345
1960000000.0	-0.323851079956
1962000000.0	-0.420714439091
1964000000.0	-0.211848110334
1966000000.0	-0.456207534101
1968000000.0	0.516763707847
1970000000.0	-0.112316359823
1972000000.0	-0.486071300735
1974000000.0	0.227604311005
1976000000.0	-0.0174029061348
1978000000.0	0.000485782625921
1980000000.0	0.727733218504
1982000000.0	0.195948409908
1984000000.0	-0.540785892361
1986000000.0	-0.265424953066
1988000000.0	-0.156094762814
1990000000.0	0.50677091973
1992000000.0	0.150116995286
1994000000.0	0.102840991427
1996000000.0	0.517148367655
1998000000.0	0.0992228067705
2000000000.0	-1.09375
