0.0	-50.1875
2000000.0	6.66397908273
4000000.0	10.646894598
6000000.0	7.55597744628
8000000.0	-11.3370217429
10000000.0	-21.6342912545
12000000.0	-17.5528497871
14000000.0	0.553799407119
16000000.0	17.8837078502
18000000.0	27.6403262405
20000000.0	16.7011748634
22000000.0	-5.36020533654
24000000.0	-24.2919436829
26000000.0	-31.1265378454
28000000.0	-14.2775559989
30000000.0	10.481902336
32000000.0	26.5690733521
34000000.0	19.8009165792
36000000.0	-6.6384563646
38000000.0	-20.3276520776
40000000.0	-13.2364456821
42000000.0	-2.41661704552
44000000.0	11.9786437315
46000000.0	14.3831820734
48000000.0	0.672498844587
50000000.0	-11.6095082796
52000000.0	-9.59896356425
54000000.0	0.623782917686
56000000.0	14.463872177
58000000.0	17.7933047122
60000000.0	6.58081939224
62000000.0	-10.824824908
64000000.0	-17.52253582
66000000.0	-8.6816542194
68000000.0	4.15255072247
70000000.0	13.7776830134
72000000.0	10.3336805804
74000000.0	0.202187635478
76000000.0	-9.44529533597
78000000.0	-9.32791231505
80000000.0	0.106476978422
82000000.0	6.97069181476
84000000.0	5.37019006432
86000000.0	-2.94520579539
88000000.0	-8.62839423472
90000000.0	-8.89217777853
92000000.0	0.914298796601
94000000.0	8.89055519745
96000000.0	10.6403389863
98000000.0	3.34501861747
100000000.0	-6.26897722221
102000000.0	-10.8493659094
104000000.0	-5.56444948305
106000000.0	2.76782290922
108000000.0	9.26545720667
110000000.0	4.87194005409
112000000.0	-3.1209771207
114000000.0	-6.50738930241
116000000.0	-5.34431780685
118000000.0	2.83909969644
120000000.0	7.40900420122
122000000.0	8.6923115939
124000000.0	1.11624020072
126000000.0	-9.61909613166
128000000.0	-8.33662497262
130000000.0	-2.41950439063
132000000.0	3.55630638582
134000000.0	8.03867321886
136000000.0	4.1466148526
138000000.0	-0.854605127506
140000000.0	-5.15135522173
142000000.0	-3.79691817303
144000000.0	-0.418430731786
146000000.0	2.27126673815
148000000.0	2.50014107758
150000000.0	-1.67742011642
152000000.0	-2.40691735421
154000000.0	-1.59749765537
156000000.0	1.58780149682
158000000.0	4.65404462114
160000000.0	2.4996504322
162000000.0	-3.51123101166
164000000.0	-6.16494152799
166000000.0	-7.06533112407
168000000.0	-0.0719071133998
170000000.0	5.02271195327
172000000.0	6.33211853943
174000000.0	4.87055663969
176000000.0	0.947017992962
178000000.0	-4.86491193145
180000000.0	-4.82346722385
182000000.0	-1.70647903502
184000000.0	-0.87777153215
186000000.0	2.21968442167
188000000.0	2.41628583049
190000000.0	-1.69662197737
192000000.0	-1.11520297155
194000000.0	0.045507592865
196000000.0	4.88043244
198000000.0	3.81244662968
200000000.0	1.87675397352
202000000.0	-4.9203546266
204000000.0	-8.65183430602
206000000.0	-5.52263106917
208000000.0	1.00658597203
210000000.0	8.58410146335
212000000.0	7.60274478071
214000000.0	2.36100352018
216000000.0	-3.0985472862
218000000.0	-6.09113306179
220000000.0	-3.5901623249
222000000.0	2.10608952153
224000000.0	5.24594463165
226000000.0	2.02192370696
228000000.0	-4.14108414392
230000000.0	-5.58239792643
232000000.0	-3.06362607631
234000000.0	7.00399547277
236000000.0	10.3308323457
238000000.0	6.10892122679
240000000.0	-5.0562875622
242000000.0	-13.8209704196
244000000.0	-10.7779618046
246000000.0	0.178324313145
248000000.0	13.2981119666
250000000.0	11.9534762963
252000000.0	3.93161192166
254000000.0	-9.52572953197
256000000.0	-14.1686332485
258000000.0	-2.91393428348
260000000.0	11.3038189607
262000000.0	11.4887401984
264000000.0	0.0260456102261
266000000.0	-14.2079794454
268000000.0	-18.1892571579
270000000.0	-1.60889497886
272000000.0	24.513288517
274000000.0	34.365844105
276000000.0	15.752074551
278000000.0	-24.9679098686
280000000.0	-49.4395517499
282000000.0	-35.076642632
284000000.0	12.552678986
286000000.0	54.8602618247
288000000.0	46.4459260314
290000000.0	-8.34044796459
292000000.0	-59.0663722033
294000000.0	-34.5895776927
296000000.0	81.4866803177
298000000.0	218.209660186
300000000.0	-553.261341398
302000000.0	208.670001539
304000000.0	132.895187767
306000000.0	55.7559551185
308000000.0	-14.8164660132
310000000.0	-53.9760735154
312000000.0	-55.4444668943
314000000.0	-20.5743832951
316000000.0	16.7472466199
318000000.0	35.9368058384
320000000.0	26.1007929968
322000000.0	-1.68687882912
324000000.0	-17.2017509329
326000000.0	-15.8123009263
328000000.0	-1.1015803874
330000000.0	11.9065616809
332000000.0	10.0432955516
334000000.0	-4.32779986525
336000000.0	-14.3992863423
338000000.0	-8.11992147946
340000000.0	2.47485478235
342000000.0	16.3532577254
344000000.0	15.308387208
346000000.0	1.44939521211
348000000.0	-14.8835488536
350000000.0	-15.9104718611
352000000.0	-7.71376303846
354000000.0	9.82992358813
356000000.0	15.1023284855
358000000.0	7.54503788507
360000000.0	-6.54647795906
362000000.0	-10.0099053715
364000000.0	-4.78210578577
366000000.0	5.66782537873
368000000.0	10.8316920385
370000000.0	4.58607445864
372000000.0	-5.83210305551
374000000.0	-8.71386858071
376000000.0	-8.08576356604
378000000.0	6.47648906701
380000000.0	12.4323398749
382000000.0	8.52003555368
384000000.0	-3.33896514556
386000000.0	-10.2105116029
388000000.0	-8.33616490599
390000000.0	1.54106477471
392000000.0	6.9209280577
394000000.0	8.35152591154
396000000.0	1.10727723736
398000000.0	-6.41234269158
400000000.0	-4.97607859898
402000000.0	-0.358828132028
404000000.0	6.72588779499
406000000.0	6.35228589622
408000000.0	0.882246325946
410000000.0	-6.40774222485
412000000.0	-7.77169552615
414000000.0	-2.09132195362
416000000.0	6.49083809855
418000000.0	8.02762741119
420000000.0	3.66398070393
422000000.0	-2.91074850938
424000000.0	-5.45581071526
426000000.0	-3.62967613968
428000000.0	1.82689270637
430000000.0	4.54017998584
432000000.0	1.28341834899
434000000.0	-3.4227901915
436000000.0	-6.53365968528
438000000.0	-2.35980727953
440000000.0	3.39760302189
442000000.0	6.30033935857
444000000.0	3.75072260562
446000000.0	-2.55137716352
448000000.0	-5.45135693338
450000000.0	-4.92611467238
452000000.0	-1.00761955215
454000000.0	4.29811019792
456000000.0	4.97397348485
458000000.0	0.930340496875
460000000.0	-3.42193618037
462000000.0	-4.42221504565
464000000.0	-0.508996949888
466000000.0	3.543549214
468000000.0	3.47238773653
470000000.0	-0.885381469933
472000000.0	-3.50343159146
474000000.0	-4.5019775349
476000000.0	-0.282494106836
478000000.0	4.95141375815
480000000.0	5.51375006114
482000000.0	1.92796451972
484000000.0	-3.32159336262
486000000.0	-3.91674284022
488000000.0	-1.34645734025
490000000.0	2.9749607239
492000000.0	3.61263573144
494000000.0	2.38160928838
496000000.0	-1.17807432808
498000000.0	-3.02007974604
500000000.0	0.568430890628
502000000.0	1.00698016343
504000000.0	3.93895835244
506000000.0	1.24846318363
508000000.0	-1.59042847685
510000000.0	-5.44367143658
512000000.0	-2.96098621012
514000000.0	0.774513173037
516000000.0	3.83105382759
518000000.0	2.74390352801
520000000.0	-0.512010788454
522000000.0	-2.75511474043
524000000.0	-4.09170292506
526000000.0	1.75733214474
528000000.0	3.02349604317
530000000.0	2.98572107624
532000000.0	0.283424406182
534000000.0	-2.97488862913
536000000.0	-1.18301103484
538000000.0	-0.853957520413
540000000.0	2.5085486617
542000000.0	2.74519266801
544000000.0	0.440745586602
546000000.0	-1.27771287487
548000000.0	-2.50785966968
550000000.0	-1.17361103947
552000000.0	1.42762951317
554000000.0	3.00476521538
556000000.0	0.928879218822
558000000.0	-0.868415851855
560000000.0	-1.68936093722
562000000.0	-2.62788981532
564000000.0	0.952047452182
566000000.0	1.57146625969
568000000.0	2.40380510361
570000000.0	-0.303380418121
572000000.0	-3.65541453262
574000000.0	-2.49379354251
576000000.0	2.11090035378
578000000.0	2.83783324806
580000000.0	1.87318701289
582000000.0	-0.199335364318
584000000.0	-2.23254117412
586000000.0	-2.15885106004
588000000.0	0.212980096952
590000000.0	1.98983794686
592000000.0	4.39573326182
594000000.0	0.11039576707
596000000.0	-6.90184735515
598000000.0	-6.39700235946
600000000.0	13.9301938185
602000000.0	-3.67288485685
604000000.0	-3.06200791415
606000000.0	-0.451826365125
608000000.0	-1.82317103183
610000000.0	0.444812823912
612000000.0	0.368428317087
614000000.0	2.05505507663
616000000.0	1.49408326215
618000000.0	-0.443691339405
620000000.0	-1.14375489079
622000000.0	-2.20183734814
624000000.0	-1.51741413874
626000000.0	1.34295050651
628000000.0	2.99147612493
630000000.0	1.60556804205
632000000.0	-0.723297337927
634000000.0	-3.13634272214
636000000.0	0.593741730736
638000000.0	2.72337656215
640000000.0	2.5713621165
642000000.0	1.47609903992
644000000.0	-2.42925098895
646000000.0	-2.46309202274
648000000.0	-2.27897673163
650000000.0	-0.650703674033
652000000.0	3.32373568537
654000000.0	1.7399790798
656000000.0	-0.464012600451
658000000.0	-1.82758084767
660000000.0	-0.299727194301
662000000.0	2.41024506121
664000000.0	2.3563191002
666000000.0	0.378713466782
668000000.0	-1.0585767636
670000000.0	-1.07052707625
672000000.0	-0.905888072782
674000000.0	0.308461494647
676000000.0	2.85083663473
678000000.0	0.990597779992
680000000.0	-0.168068397037
682000000.0	-2.10244852322
684000000.0	-2.27633310025
686000000.0	-0.768359485605
688000000.0	0.860761963559
690000000.0	1.10399122221
692000000.0	0.566001724425
694000000.0	-1.49120848229
696000000.0	-1.1672103251
698000000.0	2.39841009177
700000000.0	-2.56194816106
702000000.0	3.72912550012
704000000.0	0.732484498269
706000000.0	-1.7280948559
708000000.0	-1.72164747063
710000000.0	-0.240376351924
712000000.0	1.40491219153
714000000.0	2.04872503116
716000000.0	0.843008702718
718000000.0	-1.7102091804
720000000.0	-2.22589578449
722000000.0	0.412413954277
724000000.0	1.06907914651
726000000.0	1.66292671647
728000000.0	1.48405953581
730000000.0	-0.211691237184
732000000.0	-3.53811824452
734000000.0	-1.84539660348
736000000.0	1.55117026728
738000000.0	2.4736506554
740000000.0	0.645167637914
742000000.0	-2.72829621822
744000000.0	-2.00906217395
746000000.0	-2.42012787757
748000000.0	-0.520457275856
750000000.0	4.67175520311
752000000.0	1.50370508212
754000000.0	-1.46100018683
756000000.0	-3.97030675161
758000000.0	-1.1917595158
760000000.0	0.762447615307
762000000.0	3.0448933189
764000000.0	1.32085058974
766000000.0	-0.551591020703
768000000.0	-0.884514620649
770000000.0	-1.30682534114
772000000.0	0.315582544676
774000000.0	4.25499004549
776000000.0	2.22645069173
778000000.0	-0.0548291069628
780000000.0	-1.71350530888
782000000.0	-3.06684260155
784000000.0	0.964400840286
786000000.0	0.849855951699
788000000.0	2.30686523436
790000000.0	-0.0587416596286
792000000.0	-1.5167375722
794000000.0	-2.92770656737
796000000.0	-2.48084252642
798000000.0	1.56205219352
800000000.0	3.45676503684
802000000.0	1.14050282674
804000000.0	-3.20882011028
806000000.0	-2.46288626877
808000000.0	-1.63100172826
810000000.0	1.97410807111
812000000.0	3.4366332537
814000000.0	2.84941304486
816000000.0	-0.626341160042
818000000.0	-3.065164853
820000000.0	-3.43791258111
822000000.0	0.706189719137
824000000.0	2.895284411
826000000.0	2.53522400628
828000000.0	0.367559962907
830000000.0	-3.64695349339
832000000.0	-4.03550671006
834000000.0	1.56215135393
836000000.0	4.87089904961
838000000.0	4.09287450142
840000000.0	0.19158723881
842000000.0	-5.31726831383
844000000.0	-5.0552052131
846000000.0	-2.20571790916
848000000.0	5.19602618044
850000000.0	6.07491677682
852000000.0	1.63655501011
854000000.0	-4.67560289337
856000000.0	-5.37917228442
858000000.0	-2.03999298464
860000000.0	5.22584638821
862000000.0	5.91677079216
864000000.0	1.62591868986
866000000.0	-5.34244630776
868000000.0	-7.19588601891
870000000.0	-2.27586295762
872000000.0	8.32644953985
874000000.0	15.1022071704
876000000.0	3.54739066651
878000000.0	-8.63564955215
880000000.0	-15.3085102886
882000000.0	-10.136648446
884000000.0	5.61223097153
886000000.0	17.744875796
888000000.0	13.0501898046
890000000.0	-7.99137880936
892000000.0	-23.9146043204
894000000.0	-10.0511696162
896000000.0	38.1718508173
898000000.0	92.0964873682
900000000.0	-221.605963357
902000000.0	81.1771908161
904000000.0	47.1420816152
906000000.0	13.8980092664
908000000.0	-9.0522600797
910000000.0	-16.8151312456
912000000.0	-13.5773589212
914000000.0	-3.0224346608
916000000.0	4.77722414462
918000000.0	5.92825068681
920000000.0	3.84435094282
922000000.0	-0.530654082831
924000000.0	-1.20606322687
926000000.0	-2.34965982704
928000000.0	2.51857735138
930000000.0	2.29843918897
932000000.0	0.0910867830893
934000000.0	-2.32323537899
936000000.0	-2.22318966857
938000000.0	-0.717949642644
940000000.0	2.18404421299
942000000.0	3.91676475424
944000000.0	2.000082984
946000000.0	-0.937388695631
948000000.0	-2.1163832966
950000000.0	-2.58701452668
952000000.0	-0.728083492739
954000000.0	3.08655678349
956000000.0	2.38203306805
958000000.0	-0.450305899743
960000000.0	-0.903072676557
962000000.0	-1.87991530121
964000000.0	-0.711957866676
966000000.0	2.1076958075
968000000.0	2.16907403948
970000000.0	0.621009881941
972000000.0	-1.54976044867
974000000.0	-1.88940233248
976000000.0	-0.717085428063
978000000.0	1.23957595839
980000000.0	0.192053114312
982000000.0	1.37316947166
984000000.0	0.424252286908
986000000.0	-2.2782869514
988000000.0	-1.18345563601
990000000.0	0.927635456935
992000000.0	0.311933986905
994000000.0	-0.744437743976
996000000.0	0.216751305999
998000000.0	-0.722632369063
1000000000.0	-5.96875
1002000000.0	0.359602159691
1004000000.0	-0.313069189177
1006000000.0	-1.32648156036
1008000000.0	-0.329252148195
1010000000.0	-1.43771016175
1012000000.0	-0.0811922846799
1014000000.0	-0.287798993482
1016000000.0	1.68751034976
1018000000.0	2.69699211678
1020000000.0	0.163918682982
1022000000.0	0.115307064906
1024000000.0	-1.5429164708
1026000000.0	0.459586943083
1028000000.0	0.156561166688
1030000000.0	0.455300674045
1032000000.0	-0.395990225722
1034000000.0	-1.3375641445
1036000000.0	-0.558247235878
1038000000.0	-0.045016775845
1040000000.0	0.0438337352585
1042000000.0	1.49412783629
1044000000.0	0.8205065536
1046000000.0	0.00112788204761
1048000000.0	-1.69410437774
1050000000.0	0.819805755312
1052000000.0	-0.698377672025
1054000000.0	0.507894371689
1056000000.0	0.224954526956
1058000000.0	-1.39416840126
1060000000.0	-0.22031647811
1062000000.0	-0.382956190358
1064000000.0	-0.441581595461
1066000000.0	0.508261825682
1068000000.0	0.423826519453
1070000000.0	-0.0594725241128
1072000000.0	-1.23868030243
1074000000.0	1.02159927566
1076000000.0	-1.25808619415
1078000000.0	-0.434865545878
1080000000.0	0.676209208602
1082000000.0	0.807161165654
1084000000.0	-0.506563740917
1086000000.0	-0.183503441269
1088000000.0	-1.09773291287
1090000000.0	-0.296390716982
1092000000.0	-0.579252674451
1094000000.0	0.373157014901
1096000000.0	0.158731496255
1098000000.0	0.111488369931
1100000000.0	0.366828040339
1102000000.0	-0.405985788631
1104000000.0	-0.751000325623
1106000000.0	-0.880294362423
1108000000.0	-0.246487127671
1110000000.0	0.512949980166
1112000000.0	0.489437693883
1114000000.0	-0.468550420905
1116000000.0	-0.426100720656
1118000000.0	0.754488045437
1120000000.0	1.87676626656
1122000000.0	-0.348205887347
1124000000.0	-0.98772878566
1126000000.0	-0.208295759551
1128000000.0	1.02299656076
1130000000.0	0.815276881568
1132000000.0	0.514175738708
1134000000.0	0.0879812491322
1136000000.0	-0.0544786976076
1138000000.0	-0.0394522630246
1140000000.0	-0.423292199757
1142000000.0	1.34601887842
1144000000.0	0.317014759696
1146000000.0	0.052018166397
1148000000.0	-0.0104081210625
1150000000.0	-0.0852702463412
1152000000.0	0.868177422833
1154000000.0	0.709436517827
1156000000.0	1.08011534417
1158000000.0	0.702659297594
1160000000.0	1.19523445951
1162000000.0	-1.69782655843
1164000000.0	-0.35442046946
1166000000.0	0.199994953713
1168000000.0	1.05945378238
1170000000.0	0.574726079442
1172000000.0	0.982089544793
1174000000.0	-0.0110648026586
1176000000.0	0.788056966007
1178000000.0	-1.08151858878
1180000000.0	1.50349753945
1182000000.0	-0.89603831867
1184000000.0	-0.281574860244
1186000000.0	1.3393347633
1188000000.0	-1.23771960738
1190000000.0	0.601918205477
1192000000.0	0.610831469362
1194000000.0	1.25164897802
1196000000.0	-0.045191697882
1198000000.0	-0.155052542019
1200000000.0	0.194828598984
1202000000.0	1.75006610498
1204000000.0	-0.289786748723
1206000000.0	-0.432991478441
1208000000.0	-0.893429972437
1210000000.0	0.344334433061
1212000000.0	-0.171194732098
1214000000.0	0.467127323215
1216000000.0	0.236238531423
1218000000.0	-1.10989482614
1220000000.0	0.0851419760633
1222000000.0	1.3409066781
1224000000.0	-0.430538359107
1226000000.0	0.651062245686
1228000000.0	0.661845267031
1230000000.0	1.59929522086
1232000000.0	0.0493809493819
1234000000.0	0.293106312726
1236000000.0	2.48750687332
1238000000.0	-1.44411855806
1240000000.0	-0.134636856856
1242000000.0	0.647071952409
1244000000.0	-0.665660876524
1246000000.0	-0.858640083565
1248000000.0	0.542234073209
1250000000.0	-1.1194396346
1252000000.0	-0.078417023358
1254000000.0	0.642183022
1256000000.0	-1.59024858524
1258000000.0	0.508539845656
1260000000.0	2.2858701441
1262000000.0	0.551593880394
1264000000.0	0.411772731866
1266000000.0	-1.62390144876
1268000000.0	0.192140618462
1270000000.0	0.380938151076
1272000000.0	0.324673465231
1274000000.0	0.00172364902408
1276000000.0	0.634915304344
1278000000.0	-0.931703770944
1280000000.0	-0.527676888324
1282000000.0	-1.38710245952
1284000000.0	0.019500355153
1286000000.0	1.13523869968
1288000000.0	0.138215330094
1290000000.0	-0.532720029193
1292000000.0	-0.700162741511
1294000000.0	-0.499708956722
1296000000.0	1.97307413889
1298000000.0	5.83188256822
1300000000.0	-16.9083784157
1302000000.0	7.66677849671
1304000000.0	1.96626434504
1306000000.0	-1.15418249154
1308000000.0	-0.774003502435
1310000000.0	0.355375845027
1312000000.0	-0.300580223555
1314000000.0	0.545754238117
1316000000.0	0.67631196348
1318000000.0	-0.427916189141
1320000000.0	0.288660709462
1322000000.0	0.32917843864
1324000000.0	1.26387004846
1326000000.0	-1.81449027378
1328000000.0	-0.138104679195
1330000000.0	0.259810826187
1332000000.0	-0.950000801531
1334000000.0	0.0663410942066
1336000000.0	0.530017890744
1338000000.0	1.20911613225
1340000000.0	-0.501806312111
1342000000.0	-0.862532824068
1344000000.0	0.1976842832
1346000000.0	0.174780689583
1348000000.0	0.228543489917
1350000000.0	0.449849213343
1352000000.0	-1.23300828432
1354000000.0	-1.08227049232
1356000000.0	-0.537935284229
1358000000.0	-0.031799129047
1360000000.0	0.785901494629
1362000000.0	0.238941481576
1364000000.0	0.208804194524
1366000000.0	-0.793861295332
1368000000.0	0.0645058701683
1370000000.0	-0.37025993581
1372000000.0	0.905883764302
1374000000.0	1.41582868969
1376000000.0	-0.0308860751625
1378000000.0	-0.904735537032
1380000000.0	-0.713623166693
1382000000.0	-0.385910479243
1384000000.0	0.822824750435
1386000000.0	-0.498823007487
1388000000.0	0.0672399380227
1390000000.0	-1.48454076371
1392000000.0	-0.605000967838
1394000000.0	-1.16362608968
1396000000.0	1.08756085236
1398000000.0	-0.671689183734
1400000000.0	1.1059295575
1402000000.0	0.147036470152
1404000000.0	0.242308537063
1406000000.0	0.332656904058
1408000000.0	-0.942926435041
1410000000.0	0.479934881156
1412000000.0	-1.00442811045
1414000000.0	-0.231542201691
1416000000.0	0.347087885135
1418000000.0	-0.810767157286
1420000000.0	0.117901438973
1422000000.0	1.93272521387
1424000000.0	-0.0535776703811
1426000000.0	0.60543532302
1428000000.0	-0.308351202109
1430000000.0	-2.41811480344
1432000000.0	-0.842711440492
1434000000.0	1.62634209298
1436000000.0	2.11581991065
1438000000.0	-0.00193435488493
1440000000.0	-0.520549237147
1442000000.0	-1.45143340365
1444000000.0	0.150226715202
1446000000.0	-0.404218965115
1448000000.0	1.97854908205
1450000000.0	1.77769160342
1452000000.0	0.169082180322
1454000000.0	-2.25090221723
1456000000.0	-1.01655357294
1458000000.0	-0.0516776474969
1460000000.0	2.47551282525
1462000000.0	1.99569219674
1464000000.0	-0.689232089885
1466000000.0	-4.40314556502
1468000000.0	-3.47145327855
1470000000.0	0.606728808726
1472000000.0	2.81753466297
1474000000.0	4.82829546601
1476000000.0	2.07792809218
1478000000.0	-3.42245499627
1480000000.0	-6.26710726995
1482000000.0	-3.01524902097
1484000000.0	4.73246308849
1486000000.0	8.06343873173
1488000000.0	2.90222094783
1490000000.0	-5.08106070815
1492000000.0	-10.1958404553
1494000000.0	-1.33231670271
1496000000.0	21.0426157057
1498000000.0	48.6811959409
1500000000.0	-108.193430891
1502000000.0	40.909353083
1504000000.0	23.279087911
1506000000.0	5.64167393888
1508000000.0	-5.24385814255
1510000000.0	-8.79723665207
1512000000.0	-4.36727849153
1514000000.0	-0.636745242266
1516000000.0	2.73277262793
1518000000.0	2.55833548583
1520000000.0	1.10870251576
1522000000.0	-0.928534309663
1524000000.0	-2.25371610956
1526000000.0	-0.868425057398
1528000000.0	0.81346842025
1530000000.0	0.578359831588
1532000000.0	0.706505949978
1534000000.0	-0.486402971327
1536000000.0	-3.06149977542
1538000000.0	-0.291295533821
1540000000.0	-0.42777369619
1542000000.0	1.31412346821
1544000000.0	2.93720172923
1546000000.0	-0.0176989339269
1548000000.0	-1.3979183317
1550000000.0	-0.0714581222832
1552000000.0	0.652956747524
1554000000.0	1.16187129552
1556000000.0	-0.0375891800955
1558000000.0	0.623922904875
1560000000.0	0.699842044644
1562000000.0	-0.60535563602
1564000000.0	-1.19578614995
1566000000.0	1.01614482327
1568000000.0	0.436270282214
1570000000.0	-0.616091894857
1572000000.0	-2.25075045185
1574000000.0	0.481342079428
1576000000.0	-0.763133570446
1578000000.0	-0.651218418191
1580000000.0	0.277832004594
1582000000.0	0.6180151706
1584000000.0	-0.300102489132
1586000000.0	-0.0291432119838
1588000000.0	-0.351715771933
1590000000.0	0.56932855815
1592000000.0	0.816088260727
1594000000.0	0.93049906918
1596000000.0	0.303871045416
1598000000.0	-0.422590499995
1600000000.0	-1.64426503684
1602000000.0	0.904940125307
1604000000.0	0.362881594957
1606000000.0	0.393405668726
1608000000.0	0.156521621747
1610000000.0	-1.4843173843
1612000000.0	0.270102013021
1614000000.0	-1.30085466914
1616000000.0	0.896582786866
1618000000.0	1.11962906174
1620000000.0	2.71218622355
1622000000.0	1.89918194801
1624000000.0	1.03298077622
1626000000.0	-1.82850177866
1628000000.0	-0.754966737097
1630000000.0	0.564490877259
1632000000.0	0.103617578721
1634000000.0	-0.998859867666
1636000000.0	-0.136635076012
1638000000.0	-1.18597423967
1640000000.0	-0.463770838695
1642000000.0	1.51608796043
1644000000.0	1.22659281585
1646000000.0	-1.27954460765
1648000000.0	-0.602928835437
1650000000.0	-0.791735856091
1652000000.0	0.491711198023
1654000000.0	-0.143764257902
1656000000.0	0.282254301037
1658000000.0	-0.187078783216
1660000000.0	-0.323773670414
1662000000.0	0.109755500617
1664000000.0	0.928387509879
1666000000.0	0.921841068504
1668000000.0	-0.245305881224
1670000000.0	-0.0339924494974
1672000000.0	-0.505420740321
1674000000.0	-0.324818115854
1676000000.0	0.837774215639
1678000000.0	0.154981556753
1680000000.0	0.400804594187
1682000000.0	1.82085960643
1684000000.0	-0.0854004560227
1686000000.0	0.782197291549
1688000000.0	-0.576508749396
1690000000.0	0.374455901156
1692000000.0	0.866408321846
1694000000.0	0.433041589814
1696000000.0	-0.760119821856
1698000000.0	-2.10418798602
1700000000.0	2.06531674799
1702000000.0	-0.492024988807
1704000000.0	-0.228260092098
1706000000.0	1.9157253998
1708000000.0	0.0283688978884
1710000000.0	-0.591514972333
1712000000.0	-0.131360656386
1714000000.0	0.979168310214
1716000000.0	0.804011694174
1718000000.0	0.0870424172515
1720000000.0	0.550371163208
1722000000.0	-0.626210245407
1724000000.0	-0.661014337647
1726000000.0	0.255695582806
1728000000.0	0.201282008747
1730000000.0	1.24390552893
1732000000.0	1.11453361654
1734000000.0	-0.630917192904
1736000000.0	-0.635068068344
1738000000.0	0.909530637324
1740000000.0	0.383953502653
1742000000.0	1.07320632993
1744000000.0	0.302976890846
1746000000.0	0.119438563424
1748000000.0	-0.741792332002
1750000000.0	-5.13079186482
1752000000.0	-0.639541996314
1754000000.0	-1.40443583441
1756000000.0	-1.1318144003
1758000000.0	0.428244706459
1760000000.0	0.334536221744
1762000000.0	-0.104916551988
1764000000.0	-0.0733075151695
1766000000.0	0.0129881806371
1768000000.0	0.00644338629518
1770000000.0	0.629234969219
1772000000.0	0.892676314229
1774000000.0	0.466112830207
1776000000.0	-0.3247584259
1778000000.0	-0.00177804982254
1780000000.0	-0.898214327171
1782000000.0	1.1531769831
1784000000.0	-0.752884907649
1786000000.0	-0.542934142399
1788000000.0	-1.1396053246
1790000000.0	-0.126224863202
1792000000.0	0.338382345334
1794000000.0	1.4975671544
1796000000.0	0.287659766578
1798000000.0	0.325802995251
1800000000.0	0.930872650503
1802000000.0	-0.127555042454
1804000000.0	-0.931535449661
1806000000.0	-0.626954579193
1808000000.0	0.303325502363
1810000000.0	1.62394773939
1812000000.0	0.234708904712
1814000000.0	0.856099792389
1816000000.0	-0.449190425144
1818000000.0	0.671309245874
1820000000.0	0.323440173935
1822000000.0	0.244699196464
1824000000.0	0.422639532972
1826000000.0	-0.662712501093
1828000000.0	-0.202987528563
1830000000.0	0.564127036506
1832000000.0	-1.00173709892
1834000000.0	-0.73305989753
1836000000.0	0.465632545615
1838000000.0	0.679438905907
1840000000.0	-0.743789745798
1842000000.0	0.233051616766
1844000000.0	0.480659580872
1846000000.0	0.561472369639
1848000000.0	1.29956331183
1850000000.0	-1.01858776148
1852000000.0	0.137510945325
1854000000.0	0.529334403215
1856000000.0	-0.37613400114
1858000000.0	0.0125174380006
1860000000.0	1.05363466452
1862000000.0	0.146782866931
1864000000.0	0.684973908558
1866000000.0	-1.07976537431
1868000000.0	0.0172601509268
1870000000.0	0.0105443499414
1872000000.0	1.30334621804
1874000000.0	0.995352207907
1876000000.0	-0.401558549306
1878000000.0	-2.25477897275
1880000000.0	-1.91107536532
1882000000.0	-0.989571443934
1884000000.0	-0.229068590707
1886000000.0	1.02167338149
1888000000.0	-0.316743079084
1890000000.0	-2.39229040721
1892000000.0	-2.42258219086
1894000000.0	1.99697149779
1896000000.0	7.69336994653
1898000000.0	13.8901606454
1900000000.0	-40.4505362337
1902000000.0	16.076407098
1904000000.0	8.17148438757
1906000000.0	-1.51826118985
1908000000.0	-3.94445971276
1910000000.0	-2.99331520154
1912000000.0	0.200842949183
1914000000.0	0.818799955427
1916000000.0	0.442090754334
1918000000.0	0.011455521206
1920000000.0	-1.55493429292
1922000000.0	-1.31024615575
1924000000.0	0.271674477949
1926000000.0	0.654133837771
1928000000.0	1.12457180154
1930000000.0	0.342154694331
1932000000.0	0.300548796901
1934000000.0	-1.13432768669
1936000000.0	0.628373186583
1938000000.0	0.882400661242
1940000000.0	-0.267047733688
1942000000.0	-0.232906810842
1944000000.0	-0.225610402165
1946000000.0	-1.09144531694
1948000000.0	-0.0979051486428
1950000000.0	-0.870367193024
1952000000.0	1.18114048191
1954000000.0	-1.78404460299
1956000000.0	-0.0268200039253
1958000000.0	-1.26316599197
1960000000.0	-0.648665698162
1962000000.0	0.535021129516
1964000000.0	-0.479552843342
1966000000.0	-0.0828570023258
1968000000.0	0.988099535863
1970000000.0	0.119968235479
1972000000.0	-0.622438512541
1974000000.0	1.10867927095
1976000000.0	0.309430642714
1978000000.0	0.75805339847
1980000000.0	-0.43605627145
1982000000.0	-0.298603222852
1984000000.0	-0.399446371928
1986000000.0	1.18507249467
1988000000.0	-1.51846048353
1990000000.0	-0.697084887048
1992000000.0	0.224717292325
1994000000.0	0.0374436788001
1996000000.0	0.310891395882
1998000000.0	0.636530359518
2000000000.0	-3.875
