0.0	-51.90625
2000000.0	2.14512038296
4000000.0	9.99732058325
6000000.0	3.67810379895
8000000.0	-10.0666648572
10000000.0	-18.4227351821
12000000.0	-12.4135860844
14000000.0	1.53338769528
16000000.0	17.8784548351
18000000.0	21.7367919716
20000000.0	10.9399266156
22000000.0	-7.81041268198
24000000.0	-25.5863908427
26000000.0	-23.2205880776
28000000.0	-5.76971872224
30000000.0	14.8425569099
32000000.0	24.4425761411
34000000.0	10.2208856697
36000000.0	-10.7239233424
38000000.0	-22.4557149294
40000000.0	-7.51294921087
42000000.0	3.11066342391
44000000.0	11.8079066775
46000000.0	10.2241112959
48000000.0	-2.44514124921
50000000.0	-11.3607225601
52000000.0	-8.12555618926
54000000.0	5.44771435907
56000000.0	14.9730864995
58000000.0	12.1210511242
60000000.0	-1.41818695697
62000000.0	-13.0482758354
64000000.0	-11.6707777681
66000000.0	-2.93066868406
68000000.0	9.39816227256
70000000.0	8.25806685313
72000000.0	2.68719336606
74000000.0	-6.7653419031
76000000.0	-7.10662270118
78000000.0	-1.93824724472
80000000.0	6.40860948186
82000000.0	6.5684125045
84000000.0	-0.388184741045
86000000.0	-7.05695907025
88000000.0	-8.03091350301
90000000.0	-1.52887855961
92000000.0	6.78359144681
94000000.0	9.54660434644
96000000.0	4.71360379965
98000000.0	-4.7560330812
100000000.0	-8.43884605088
102000000.0	-2.69274521257
104000000.0	3.10011882098
106000000.0	5.69885722832
108000000.0	1.89533349361
110000000.0	-4.45518473992
112000000.0	-7.26815429013
114000000.0	-2.59327493249
116000000.0	5.66604313617
118000000.0	7.90021759289
120000000.0	3.24806941038
122000000.0	-1.01504453935
124000000.0	-3.13334207411
126000000.0	-9.21494471982
128000000.0	-1.40956006526
130000000.0	3.75754829431
132000000.0	4.79364785427
134000000.0	-0.699169728123
136000000.0	-2.69914775771
138000000.0	-0.494073600825
140000000.0	1.51442741038
142000000.0	2.52659872221
144000000.0	-0.78113906256
146000000.0	-4.19721728232
148000000.0	-4.41937027265
150000000.0	-3.01023709174
152000000.0	2.34516296778
154000000.0	5.58181186765
156000000.0	4.98545324053
158000000.0	-2.39801548019
160000000.0	-5.9811244911
162000000.0	-4.33211019463
164000000.0	0.298338010991
166000000.0	3.68192637733
168000000.0	3.07017814864
170000000.0	-0.66809879142
172000000.0	-2.0022642508
174000000.0	-0.750759823359
176000000.0	2.78075146194
178000000.0	3.10068941291
180000000.0	1.55657684226
182000000.0	-4.07494840237
184000000.0	-6.53891221988
186000000.0	-2.94243638497
188000000.0	2.87221117513
190000000.0	6.11343687993
192000000.0	4.18667242634
194000000.0	0.00779415519233
196000000.0	-4.23830514329
198000000.0	-2.06046079334
200000000.0	0.226943901852
202000000.0	3.00082377554
204000000.0	1.10532187099
206000000.0	-3.5482047182
208000000.0	-6.25146199606
210000000.0	-1.4502673245
212000000.0	5.30151218805
214000000.0	9.40848973252
216000000.0	4.93699619214
218000000.0	-2.49134483358
220000000.0	-8.05371422455
222000000.0	-6.53511260951
224000000.0	1.82390453365
226000000.0	5.26375502182
228000000.0	4.71131997733
230000000.0	-2.08671328782
232000000.0	-6.5548049159
234000000.0	-3.1455350392
236000000.0	4.60620673959
238000000.0	8.84842289609
240000000.0	3.58009614432
242000000.0	-5.88434033691
244000000.0	-12.3622855891
246000000.0	-8.74435358378
248000000.0	6.68646855645
250000000.0	18.8070322803
252000000.0	11.1771181081
254000000.0	-3.36114533048
256000000.0	-14.6242768487
258000000.0	-11.7087486382
260000000.0	1.30589647308
262000000.0	10.361047893
264000000.0	9.06313226286
266000000.0	-4.85430878671
268000000.0	-15.3088119859
270000000.0	-7.90092062665
272000000.0	10.2753928924
274000000.0	26.8267924006
276000000.0	17.5765206476
278000000.0	-14.6855720606
280000000.0	-39.0859449463
282000000.0	-34.1465518225
284000000.0	2.50958233077
286000000.0	43.3892812855
288000000.0	46.7115332982
290000000.0	7.24822190835
292000000.0	-39.4347967635
294000000.0	-37.4919607404
296000000.0	29.6821630264
298000000.0	121.838654157
300000000.0	-305.350292183
302000000.0	120.966060997
304000000.0	85.4639641771
306000000.0	42.5847327397
308000000.0	-7.10799073838
310000000.0	-41.8608927788
312000000.0	-45.3551422697
314000000.0	-19.9628742341
316000000.0	11.5797525906
318000000.0	30.0443295255
320000000.0	21.4221135014
322000000.0	-0.159824863429
324000000.0	-14.408261613
326000000.0	-10.5622374809
328000000.0	0.753802814837
330000000.0	10.2043201216
332000000.0	5.05782653621
334000000.0	-5.97148757162
336000000.0	-11.41085968
338000000.0	-7.00720715335
340000000.0	4.18144909535
342000000.0	13.223969412
344000000.0	9.65599635506
346000000.0	-0.840670777643
348000000.0	-11.8913147917
350000000.0	-10.9188247479
352000000.0	-1.81223136024
354000000.0	7.29951332833
356000000.0	9.30773372342
358000000.0	3.84715624497
360000000.0	-4.35101305137
362000000.0	-5.60422043247
364000000.0	-0.891068285347
366000000.0	5.39568833707
368000000.0	5.76477651032
370000000.0	-0.398962246594
372000000.0	-7.48035616063
374000000.0	-10.0757747238
376000000.0	1.39246082331
378000000.0	5.80505797583
380000000.0	7.98276873901
382000000.0	2.49383243237
384000000.0	-5.29608986484
386000000.0	-6.56506984752
388000000.0	-3.89675230526
390000000.0	1.46359525926
392000000.0	3.99805301841
394000000.0	2.44709193035
396000000.0	-3.66168609926
398000000.0	-3.36825175389
400000000.0	-0.466978506895
402000000.0	4.28114285595
404000000.0	5.14959541402
406000000.0	1.77338525513
408000000.0	-2.42153903212
410000000.0	-6.14002427506
412000000.0	-3.96803637935
414000000.0	-0.063628035515
416000000.0	3.86894134083
418000000.0	3.58746667827
420000000.0	0.756135206818
422000000.0	-2.29493099282
424000000.0	-2.22896631161
426000000.0	-0.144395059337
428000000.0	2.98588155813
430000000.0	2.59009225297
432000000.0	-0.0587580926259
434000000.0	-2.35702582543
436000000.0	-1.60650086186
438000000.0	1.10871299451
440000000.0	3.22124770195
442000000.0	3.23926564217
444000000.0	0.011760226042
446000000.0	-2.7861635029
448000000.0	-2.53614954071
450000000.0	0.107603017883
452000000.0	2.91496230839
454000000.0	1.58204608728
456000000.0	-0.174684417134
458000000.0	-0.652311410732
460000000.0	-2.82244959835
462000000.0	0.532714831587
464000000.0	0.505918700337
466000000.0	1.00733769401
468000000.0	1.74181286535
470000000.0	-0.510956650495
472000000.0	-2.83990202855
474000000.0	-0.0156447138158
476000000.0	3.95657375329
478000000.0	3.32262275231
480000000.0	0.182108838069
482000000.0	-1.78422709956
484000000.0	-0.29770339284
486000000.0	-0.724557873627
488000000.0	-0.924694783563
490000000.0	1.06519189207
492000000.0	0.415033979221
494000000.0	-0.849351441264
496000000.0	-1.91814115718
498000000.0	-1.59767126219
500000000.0	-2.46446609407
502000000.0	1.9567735943
504000000.0	0.644391893353
506000000.0	0.43257873861
508000000.0	-2.87987468195
510000000.0	-1.06888234376
512000000.0	1.05841082603
514000000.0	2.98952247569
516000000.0	2.56960285785
518000000.0	1.68107910591
520000000.0	-1.20609432203
522000000.0	-1.64298486904
524000000.0	0.0529978069195
526000000.0	-0.241651659735
528000000.0	0.983959495681
530000000.0	-0.099805403765
532000000.0	-0.719088041291
534000000.0	-0.0879323578011
536000000.0	-0.238427835072
538000000.0	0.815919119474
540000000.0	1.77639125419
542000000.0	0.716847603902
544000000.0	-0.439337088004
546000000.0	-0.553818565265
548000000.0	-0.340520175059
550000000.0	-0.291741535642
552000000.0	0.537099883831
554000000.0	0.449005610961
556000000.0	0.808664239531
558000000.0	-0.521245377014
560000000.0	0.104528341272
562000000.0	-0.349726260615
564000000.0	-0.0160206286034
566000000.0	0.107278135004
568000000.0	1.03060164076
570000000.0	-0.595536954302
572000000.0	-0.57481197098
574000000.0	-0.144794820105
576000000.0	0.501752386702
578000000.0	1.98655443762
580000000.0	0.271926207927
582000000.0	1.06015151211
584000000.0	-1.39680322471
586000000.0	-1.71690569484
588000000.0	0.399976533914
590000000.0	1.38188010282
592000000.0	1.62940220295
594000000.0	-0.0698146222251
596000000.0	-0.0858441436704
598000000.0	-0.485210601712
600000000.0	4.11775413345
602000000.0	-0.742431649404
604000000.0	-1.8940530281
606000000.0	0.366011180827
608000000.0	0.5005096663
610000000.0	2.0631236915
612000000.0	-0.462021442495
614000000.0	0.434151027576
616000000.0	-0.607982695645
618000000.0	0.2706034787
620000000.0	1.91528082618
622000000.0	0.658745511003
624000000.0	3.17944238622
626000000.0	-2.9816968742
628000000.0	0.262894687219
630000000.0	0.230954706742
632000000.0	-1.003632381
634000000.0	-1.63078250807
636000000.0	-1.86394091397
638000000.0	-0.978806780311
640000000.0	0.786565232063
642000000.0	-1.49815126681
644000000.0	-0.0803340408954
646000000.0	0.309683160768
648000000.0	-1.06601302721
650000000.0	0.0851174532282
652000000.0	0.773031049193
654000000.0	-0.405230236802
656000000.0	1.33946453043
658000000.0	0.370187405865
660000000.0	0.165887618485
662000000.0	-0.99748488108
664000000.0	0.219349979318
666000000.0	0.378589266313
668000000.0	0.158765364887
670000000.0	0.286710605769
672000000.0	-1.25256706035
674000000.0	-0.961186460103
676000000.0	-1.33591657961
678000000.0	-0.812284124895
680000000.0	1.46713880024
682000000.0	1.1488899327
684000000.0	-0.580620897259
686000000.0	-0.200067299714
688000000.0	0.424169835429
690000000.0	0.197205530541
692000000.0	0.467894471088
694000000.0	-0.043665584907
696000000.0	-0.934691998473
698000000.0	-0.397090160665
700000000.0	0.674485134971
702000000.0	-1.53636818951
704000000.0	-0.549626396707
706000000.0	0.828197492821
708000000.0	0.480714520843
710000000.0	0.0590650375127
712000000.0	-0.243234668152
714000000.0	-0.168938278223
716000000.0	0.768157202121
718000000.0	-0.542550804988
720000000.0	-0.250767169913
722000000.0	-1.00785131416
724000000.0	0.801974737186
726000000.0	0.740083243136
728000000.0	1.3881116085
730000000.0	1.66949212639
732000000.0	0.403056357513
734000000.0	-0.644848290742
736000000.0	-0.759701819166
738000000.0	0.436626534882
740000000.0	0.840522341264
742000000.0	2.02959429876
744000000.0	-0.36558718102
746000000.0	-0.848668680113
748000000.0	0.346613377467
750000000.0	2.79179223493
752000000.0	0.759276099755
754000000.0	0.755633618476
756000000.0	1.66451775394
758000000.0	-2.24204203698
760000000.0	-0.403224961461
762000000.0	0.398892405793
764000000.0	0.591825546108
766000000.0	1.38557966814
768000000.0	-0.631388540666
770000000.0	-0.915502568435
772000000.0	-0.369568690016
774000000.0	1.00294621507
776000000.0	-0.195181083785
778000000.0	1.0504322634
780000000.0	-0.015906156423
782000000.0	-0.928275643231
784000000.0	-1.72715824202
786000000.0	-1.63995963216
788000000.0	1.54877830992
790000000.0	1.26157933605
792000000.0	2.14476162696
794000000.0	-0.434696791732
796000000.0	-1.53856741818
798000000.0	-1.63756127349
800000000.0	2.65002769924
802000000.0	1.6558896539
804000000.0	0.951513805605
806000000.0	-1.10828118781
808000000.0	-1.59796816718
810000000.0	-0.261199677117
812000000.0	0.757002439389
814000000.0	2.79960968653
816000000.0	0.572729417352
818000000.0	-1.0231688311
820000000.0	-1.3653864397
822000000.0	-2.81172938597
824000000.0	0.563066446137
826000000.0	1.68742664505
828000000.0	1.66134402043
830000000.0	-0.527992022467
832000000.0	-2.85944018577
834000000.0	-0.950441820353
836000000.0	1.04684651185
838000000.0	2.88155638182
840000000.0	0.719934937912
842000000.0	-2.67665000074
844000000.0	-2.71371330736
846000000.0	-1.67957565041
848000000.0	2.0919071641
850000000.0	3.60971267959
852000000.0	2.7853097745
854000000.0	-0.202766051382
856000000.0	-4.38241682627
858000000.0	-4.39167892961
860000000.0	-0.853151653346
862000000.0	3.63011727723
864000000.0	2.75337444647
866000000.0	-1.10435933927
868000000.0	-3.69844184397
870000000.0	-2.44955803382
872000000.0	0.892249177925
874000000.0	6.75067930933
876000000.0	3.13737572965
878000000.0	-2.81334367974
880000000.0	-10.5295905812
882000000.0	-8.02267962237
884000000.0	0.534411220257
886000000.0	9.75142419228
888000000.0	12.1609664644
890000000.0	3.22268663728
892000000.0	-10.790409347
894000000.0	-10.7501353462
896000000.0	5.21741749551
898000000.0	24.2432533842
900000000.0	-57.8240803881
902000000.0	23.1042238733
904000000.0	17.1596649963
906000000.0	9.0305360927
908000000.0	0.264527439614
910000000.0	-8.40222761623
912000000.0	-11.0879729523
914000000.0	-7.02332813184
916000000.0	2.67955712653
918000000.0	7.15654966822
920000000.0	7.02685604843
922000000.0	0.542108717975
924000000.0	-3.08175633231
926000000.0	-3.45898103783
928000000.0	-0.328233842138
930000000.0	3.40910481955
932000000.0	1.51528709743
934000000.0	-1.36492686564
936000000.0	-3.05144436553
938000000.0	-1.10486792646
940000000.0	0.658851384526
942000000.0	2.9220818746
944000000.0	3.19393417719
946000000.0	-0.900556397634
948000000.0	-2.81321462307
950000000.0	-2.84558018583
952000000.0	-0.394728248586
954000000.0	1.57438390732
956000000.0	2.34473530717
958000000.0	1.861397111
960000000.0	-1.94856938711
962000000.0	-2.59752722307
964000000.0	0.189389937922
966000000.0	1.007296253
968000000.0	2.15833124462
970000000.0	-0.0712030008564
972000000.0	-1.96111901417
974000000.0	-2.32847108767
976000000.0	1.47110604557
978000000.0	1.31811791187
980000000.0	1.5986830804
982000000.0	1.46773522658
984000000.0	-0.533083237597
986000000.0	-0.463138874372
988000000.0	-1.23566672512
990000000.0	0.770205390714
992000000.0	0.750713328166
994000000.0	-0.695584448902
996000000.0	-0.661468331629
998000000.0	-1.26783997098
1000000000.0	4.71875
1002000000.0	1.34010573658
1004000000.0	1.438413372
1006000000.0	0.820453955535
1008000000.0	-1.5513043951
1010000000.0	-1.74026863869
1012000000.0	-1.05218309632
1014000000.0	1.02060657064
1016000000.0	0.516836243544
1018000000.0	1.12501735564
1020000000.0	-0.390323343249
1022000000.0	-1.08722357051
1024000000.0	-2.21044638534
1026000000.0	1.99645704085
1028000000.0	1.88278843444
1030000000.0	0.516471037207
1032000000.0	-1.5451105041
1034000000.0	-0.301205461835
1036000000.0	-0.637985254081
1038000000.0	1.54652580131
1040000000.0	1.33016060947
1042000000.0	2.27066481693
1044000000.0	0.0299680666774
1046000000.0	-2.88966391681
1048000000.0	-1.19305463382
1050000000.0	2.46104332817
1052000000.0	0.775779394116
1054000000.0	0.792436052942
1056000000.0	-0.318819249565
1058000000.0	0.0657114964963
1060000000.0	-0.0950079372303
1062000000.0	0.898811654237
1064000000.0	0.00778406063978
1066000000.0	1.58440865652
1068000000.0	-0.0134443152321
1070000000.0	-0.607236522224
1072000000.0	-1.62839714467
1074000000.0	0.746167866024
1076000000.0	0.625780471482
1078000000.0	0.406015450733
1080000000.0	0.27344140968
1082000000.0	-1.46297275072
1084000000.0	-1.16557712311
1086000000.0	0.171327935019
1088000000.0	0.357544128121
1090000000.0	0.138388581735
1092000000.0	-0.852454499985
1094000000.0	-0.148825415562
1096000000.0	-0.606934900483
1098000000.0	1.30911013287
1100000000.0	-0.192498994955
1102000000.0	2.58574921447
1104000000.0	1.19917781427
1106000000.0	0.729207480949
1108000000.0	-1.63984121534
1110000000.0	0.511202166492
1112000000.0	0.34144344985
1114000000.0	0.643457339652
1116000000.0	0.0561110601229
1118000000.0	0.542290001804
1120000000.0	0.572724586455
1122000000.0	-0.85934409253
1124000000.0	1.34354367386
1126000000.0	-0.346428386687
1128000000.0	-1.18165677069
1130000000.0	0.00093778761676
1132000000.0	-0.921049708631
1134000000.0	-1.36139236186
1136000000.0	-0.54096120972
1138000000.0	-0.732772268475
1140000000.0	0.915812417453
1142000000.0	0.246774152896
1144000000.0	0.174678408689
1146000000.0	0.397168780891
1148000000.0	0.836702897942
1150000000.0	0.383773837675
1152000000.0	-1.46344450702
1154000000.0	-1.24735812927
1156000000.0	-0.426271114227
1158000000.0	0.437555503142
1160000000.0	1.39645738513
1162000000.0	0.272227759064
1164000000.0	0.844415055502
1166000000.0	-0.296927029185
1168000000.0	-2.01297117239
1170000000.0	0.661754352213
1172000000.0	1.25468135094
1174000000.0	0.104576053799
1176000000.0	0.408928553347
1178000000.0	-1.01255664564
1180000000.0	-0.400346096601
1182000000.0	0.634114925521
1184000000.0	-0.627360427353
1186000000.0	-0.392140987485
1188000000.0	-0.175801957272
1190000000.0	-1.24112941619
1192000000.0	-0.0255340585751
1194000000.0	-0.318447206372
1196000000.0	1.67442058102
1198000000.0	4.00216864414
1200000000.0	-8.04864649311
1202000000.0	3.75030623135
1204000000.0	1.41855910035
1206000000.0	-1.25099279905
1208000000.0	-1.02456385613
1210000000.0	-1.01664908585
1212000000.0	1.54558732602
1214000000.0	0.714166804419
1216000000.0	-0.460502842266
1218000000.0	-0.356945293373
1220000000.0	-0.675876333514
1222000000.0	-0.320824752882
1224000000.0	0.975416582442
1226000000.0	0.0558523653998
1228000000.0	-0.0184229992117
1230000000.0	-1.11700689994
1232000000.0	-0.410378211748
1234000000.0	-0.188837623153
1236000000.0	0.57897117657
1238000000.0	0.0250699041487
1240000000.0	0.259918623972
1242000000.0	0.159044819083
1244000000.0	-0.739951849879
1246000000.0	-0.220566910162
1248000000.0	-0.492156906844
1250000000.0	3.90436803297
1252000000.0	-0.687964028496
1254000000.0	-1.08929374702
1256000000.0	1.08543426331
1258000000.0	0.243919773953
1260000000.0	0.209251779152
1262000000.0	0.0773476931286
1264000000.0	0.769387201848
1266000000.0	1.56576855076
1268000000.0	1.273773568
1270000000.0	-0.37575110553
1272000000.0	-0.424197004897
1274000000.0	-1.12617895301
1276000000.0	-0.0597916347378
1278000000.0	-0.751943821201
1280000000.0	-1.02085429355
1282000000.0	-0.474187585549
1284000000.0	-0.162874050562
1286000000.0	0.962141237337
1288000000.0	-1.2833973504
1290000000.0	-0.619368184755
1292000000.0	-1.0311789959
1294000000.0	0.590924131385
1296000000.0	0.410922218165
1298000000.0	2.94043478186
1300000000.0	-4.39935272256
1302000000.0	1.24034293616
1304000000.0	-0.0411863029745
1306000000.0	0.284896475718
1308000000.0	1.05991015771
1310000000.0	0.188769535572
1312000000.0	-0.208886237256
1314000000.0	0.906856580875
1316000000.0	0.980313611454
1318000000.0	-1.03944814653
1320000000.0	-1.3269455583
1322000000.0	0.73602608845
1324000000.0	0.646754352905
1326000000.0	-0.411916680846
1328000000.0	-0.101666827547
1330000000.0	0.108910349395
1332000000.0	-1.43282352975
1334000000.0	0.245335406919
1336000000.0	0.0610986327243
1338000000.0	-0.167980650878
1340000000.0	-0.573807965163
1342000000.0	-1.11537632203
1344000000.0	-0.720687953996
1346000000.0	-0.116205185636
1348000000.0	0.561539544809
1350000000.0	-0.312458428113
1352000000.0	0.275592821429
1354000000.0	-0.364074316322
1356000000.0	-0.91292898121
1358000000.0	0.513025569249
1360000000.0	-1.31202991346
1362000000.0	0.933664372109
1364000000.0	0.54423179593
1366000000.0	-0.278214300867
1368000000.0	-0.0407340212716
1370000000.0	-0.791405483938
1372000000.0	-1.33467822915
1374000000.0	-4.7512082381
1376000000.0	5.45938551281
1378000000.0	1.02050587046
1380000000.0	-0.450682667683
1382000000.0	1.43637431047
1384000000.0	0.688883188843
1386000000.0	0.533610674462
1388000000.0	-0.130535030022
1390000000.0	0.730821117522
1392000000.0	1.19681824991
1394000000.0	-1.11159258485
1396000000.0	0.842848390368
1398000000.0	-0.149034524546
1400000000.0	1.72656401081
1402000000.0	-1.60387872231
1404000000.0	-0.479094544596
1406000000.0	1.37832978478
1408000000.0	0.160300973826
1410000000.0	-0.475410285176
1412000000.0	-0.0133522590133
1414000000.0	0.541862242482
1416000000.0	0.283388995936
1418000000.0	0.479155603446
1420000000.0	-0.505988377158
1422000000.0	-1.05408685169
1424000000.0	0.525388101657
1426000000.0	0.831309407982
1428000000.0	1.53182963808
1430000000.0	-0.47894200156
1432000000.0	-2.22259611929
1434000000.0	0.233792206635
1436000000.0	0.846401322732
1438000000.0	1.12325903746
1440000000.0	-1.03649801945
1442000000.0	-2.10120197386
1444000000.0	-1.58281381845
1446000000.0	-0.63137188116
1448000000.0	2.11078710386
1450000000.0	1.86579174105
1452000000.0	0.279608713873
1454000000.0	0.558491323666
1456000000.0	-2.15524565845
1458000000.0	-1.54638392341
1460000000.0	-0.593565412632
1462000000.0	1.10000168986
1464000000.0	1.02230473046
1466000000.0	-0.341392812916
1468000000.0	-1.29034601397
1470000000.0	-0.183860648703
1472000000.0	1.07481687121
1474000000.0	2.57775788522
1476000000.0	2.40739548822
1478000000.0	-1.93087795776
1480000000.0	-3.77460697071
1482000000.0	-4.70840907521
1484000000.0	-0.343367847221
1486000000.0	3.24843302957
1488000000.0	5.67119781991
1490000000.0	0.823959869958
1492000000.0	-2.80442313342
1494000000.0	-2.84890858788
1496000000.0	1.43274432919
1498000000.0	7.63301659067
1500000000.0	-9.53553390593
1502000000.0	4.56143875824
1504000000.0	5.73019575481
1506000000.0	3.35107622937
1508000000.0	1.3046896209
1510000000.0	-1.08469146925
1512000000.0	-4.25087360555
1514000000.0	-3.92891196544
1516000000.0	0.292677241634
1518000000.0	3.5446809649
1520000000.0	2.87032589584
1522000000.0	0.516836543378
1524000000.0	-1.99095990869
1526000000.0	-1.91955858343
1528000000.0	-0.730776842818
1530000000.0	1.52517482456
1532000000.0	1.57176726527
1534000000.0	-1.38456300991
1536000000.0	-0.506565742996
1538000000.0	-0.714326594874
1540000000.0	0.203341010258
1542000000.0	1.53353768175
1544000000.0	1.47734208625
1546000000.0	0.480903509475
1548000000.0	-1.39521582901
1550000000.0	-0.637715057557
1552000000.0	-0.726312413752
1554000000.0	1.38578230659
1556000000.0	1.82500740172
1558000000.0	0.347028914199
1560000000.0	-0.0906720409191
1562000000.0	-0.866183998587
1564000000.0	0.116594675475
1566000000.0	0.203636298961
1568000000.0	2.41947899567
1570000000.0	-0.12667163275
1572000000.0	-0.551586317341
1574000000.0	-1.90388163337
1576000000.0	-0.986048670416
1578000000.0	-0.385615183958
1580000000.0	0.71951123739
1582000000.0	0.964136517463
1584000000.0	0.921220761975
1586000000.0	-0.940284610807
1588000000.0	-0.338972578295
1590000000.0	0.46203114993
1592000000.0	-0.0418274088109
1594000000.0	-0.526706694672
1596000000.0	-0.161651135396
1598000000.0	0.19773873236
1600000000.0	-1.22815269924
1602000000.0	1.11666672597
1604000000.0	2.41003786704
1606000000.0	0.668323454574
1608000000.0	-0.0850091365461
1610000000.0	0.677687497508
1612000000.0	-0.244926545464
1614000000.0	0.900459150181
1616000000.0	1.27215878084
1618000000.0	2.03284029135
1620000000.0	0.735281946146
1622000000.0	0.572470975141
1624000000.0	0.180748162998
1626000000.0	-0.451809216945
1628000000.0	1.28745108625
1630000000.0	0.244140925282
1632000000.0	-0.907373532048
1634000000.0	-1.24311345853
1636000000.0	-0.882773506208
1638000000.0	-0.206343910125
1640000000.0	-0.460165808224
1642000000.0	-0.304306034799
1644000000.0	-0.521237080927
1646000000.0	0.201695605569
1648000000.0	-1.72324606709
1650000000.0	-1.025006865
1652000000.0	-0.714947981552
1654000000.0	0.475144594093
1656000000.0	-0.316612457732
1658000000.0	-1.16652816138
1660000000.0	-0.117937954319
1662000000.0	-0.332556193214
1664000000.0	0.340806509899
1666000000.0	1.27794681481
1668000000.0	0.385594711586
1670000000.0	0.525487735076
1672000000.0	-1.60955775754
1674000000.0	-0.309368161053
1676000000.0	1.29911479624
1678000000.0	0.674763468176
1680000000.0	1.15369973913
1682000000.0	0.492231472195
1684000000.0	0.157657463775
1686000000.0	-0.900165240972
1688000000.0	0.323027888366
1690000000.0	1.00062543665
1692000000.0	-0.078165011184
1694000000.0	-0.418732864849
1696000000.0	1.50311982031
1698000000.0	0.0633642870067
1700000000.0	-2.14566329717
1702000000.0	1.22052997794
1704000000.0	0.973242885644
1706000000.0	0.0759700795378
1708000000.0	0.72970578064
1710000000.0	-0.629853869533
1712000000.0	0.0412014963612
1714000000.0	-0.641865632203
1716000000.0	0.441829835442
1718000000.0	0.0123263225154
1720000000.0	-0.523921528602
1722000000.0	-1.0141826988
1724000000.0	0.96018158804
1726000000.0	-0.0146240599879
1728000000.0	-0.332057613078
1730000000.0	0.330898039144
1732000000.0	1.13836121104
1734000000.0	0.119321579465
1736000000.0	0.343768418105
1738000000.0	-0.258103018101
1740000000.0	-0.183678225415
1742000000.0	0.200894204043
1744000000.0	-0.0250177863953
1746000000.0	-0.674769753533
1748000000.0	-1.01242810069
1750000000.0	-5.12819254822
1752000000.0	0.0470050817188
1754000000.0	0.174739859695
1756000000.0	0.457996448388
1758000000.0	0.373045706445
1760000000.0	0.286553522339
1762000000.0	1.11874232647
1764000000.0	0.0551177937021
1766000000.0	-0.021408092513
1768000000.0	-0.735831234164
1770000000.0	-0.284211279689
1772000000.0	0.0619842741025
1774000000.0	1.14239848221
1776000000.0	0.184087551211
1778000000.0	-1.27833924451
1780000000.0	0.334742333895
1782000000.0	-0.677148181356
1784000000.0	0.579088363381
1786000000.0	0.859968332194
1788000000.0	-0.338851487935
1790000000.0	-0.266186043111
1792000000.0	-0.0251150506541
1794000000.0	-0.874296261618
1796000000.0	0.356072885927
1798000000.0	1.23110537645
1800000000.0	-2.97751204611
1802000000.0	0.423721722348
1804000000.0	0.185180716353
1806000000.0	1.18679754399
1808000000.0	0.181971841653
1810000000.0	-0.230993867197
1812000000.0	-0.459435926861
1814000000.0	0.0300739695788
1816000000.0	-0.0343700952819
1818000000.0	0.218831572361
1820000000.0	-0.187405998754
1822000000.0	-1.17418271775
1824000000.0	0.676210458318
1826000000.0	0.995433488615
1828000000.0	0.792321606764
1830000000.0	0.0368124116329
1832000000.0	0.125175142286
1834000000.0	0.0346784086349
1836000000.0	-0.0646350678717
1838000000.0	-1.71524791079
1840000000.0	0.316842452669
1842000000.0	0.0823256760859
1844000000.0	-0.110919466716
1846000000.0	-0.487443623193
1848000000.0	1.40568956502
1850000000.0	-0.323348080694
1852000000.0	0.278803811522
1854000000.0	-0.226579955195
1856000000.0	-0.0248506677178
1858000000.0	0.0988443464074
1860000000.0	0.0275048034385
1862000000.0	-0.605661982609
1864000000.0	-0.189695397739
1866000000.0	-1.1770888172
1868000000.0	0.0606253189432
1870000000.0	0.13263113445
1872000000.0	-2.07328896349
1874000000.0	-1.15988026069
1876000000.0	1.43828316577
1878000000.0	0.907997019686
1880000000.0	1.01162528383
1882000000.0	1.05489064899
1884000000.0	0.566819831588
1886000000.0	-0.362048633138
1888000000.0	-1.02322549044
1890000000.0	-1.00624251448
1892000000.0	0.00288271403024
1894000000.0	1.06325361826
1896000000.0	2.11468779982
1898000000.0	3.02553842973
1900000000.0	-9.69875149876
1902000000.0	3.87922837834
1904000000.0	0.889586043809
1906000000.0	0.519602136645
1908000000.0	-0.695091650773
1910000000.0	-0.178827602178
1912000000.0	1.91663861636
1914000000.0	1.18295692814
1916000000.0	-0.401520720945
1918000000.0	-0.744993576599
1920000000.0	-1.6223944891
1922000000.0	-0.616189768858
1924000000.0	0.31901009676
1926000000.0	0.852715674892
1928000000.0	1.51162995478
1930000000.0	-0.01966566325
1932000000.0	0.268715276491
1934000000.0	-0.442757482692
1936000000.0	0.0416170826338
1938000000.0	1.09605092576
1940000000.0	0.160187036554
1942000000.0	0.0323711294972
1944000000.0	-1.147328539
1946000000.0	0.069339067782
1948000000.0	0.671508937196
1950000000.0	0.587592495004
1952000000.0	0.290674479696
1954000000.0	-0.212500103285
1956000000.0	-0.0573425597296
1958000000.0	-0.302589200346
1960000000.0	-0.514151202685
1962000000.0	1.19271501096
1964000000.0	0.153438048796
1966000000.0	1.06094282161
1968000000.0	-1.19055832357
1970000000.0	-0.264433669687
1972000000.0	0.907649496402
1974000000.0	0.232685319312
1976000000.0	-0.0187415246049
1978000000.0	0.891335548253
1980000000.0	-0.379440318719
1982000000.0	0.800723415423
1984000000.0	0.667679793682
1986000000.0	1.08671624249
1988000000.0	0.129806536692
1990000000.0	0.717605659168
1992000000.0	-0.89567707126
1994000000.0	-0.868788786736
1996000000.0	-0.779777213968
1998000000.0	-1.41758907357
2000000000.0	4.21875
