0.0	-49.062605
2000000.0	3.85386872682
4000000.0	10.6978692828
6000000.0	7.56493316157
8000000.0	-2.96529231753
10000000.0	-8.58466453905
12000000.0	-8.83020744975
14000000.0	-1.89602546224
16000000.0	7.11079850804
18000000.0	17.2943410608
20000000.0	19.2418000303
22000000.0	4.66509720319
24000000.0	-14.7125182569
26000000.0	-26.8544528895
28000000.0	-23.3962636577
30000000.0	-6.02543248327
32000000.0	12.4025186442
34000000.0	18.2919895415
36000000.0	10.3075924376
38000000.0	1.44481310279
40000000.0	-11.8467672145
42000000.0	-17.8352949836
44000000.0	-10.1177389996
46000000.0	0.294930747595
48000000.0	6.19655864893
50000000.0	6.83477423921
52000000.0	0.855126808362
54000000.0	-5.60424386447
56000000.0	-6.0490399099
58000000.0	-3.04471788824
60000000.0	3.34553029284
62000000.0	6.33441078978
64000000.0	4.46885887501
66000000.0	-0.0967768222284
68000000.0	-3.10616275923
70000000.0	-2.80343926346
72000000.0	1.06914095637
74000000.0	3.91960619258
76000000.0	2.78746878074
78000000.0	-0.681909562694
80000000.0	-2.73082879129
82000000.0	-1.85000887561
84000000.0	0.973259569962
86000000.0	5.50787393924
88000000.0	5.75714162101
90000000.0	0.481559775098
92000000.0	-4.55697827477
94000000.0	-7.31626507932
96000000.0	-3.88909057812
98000000.0	0.545292287157
100000000.0	5.39636073486
102000000.0	6.73163965472
104000000.0	2.84404578278
106000000.0	-2.59565370096
108000000.0	-4.94890011645
110000000.0	-4.31771683219
112000000.0	-0.754267473149
114000000.0	1.92807504508
116000000.0	1.96912221205
118000000.0	1.71103179499
120000000.0	-0.6008378557
122000000.0	0.0131398059434
124000000.0	0.218205052365
126000000.0	0.520261206167
128000000.0	1.14503478677
130000000.0	-0.471334492872
132000000.0	-1.4836820451
134000000.0	-3.04013563183
136000000.0	-0.224348324561
138000000.0	2.3297920344
140000000.0	3.2782785281
142000000.0	2.8242270217
144000000.0	-0.656903476115
146000000.0	-3.05146287005
148000000.0	-2.7281315826
150000000.0	-0.195301708507
152000000.0	1.88476205029
154000000.0	1.94061375073
156000000.0	2.48260905083
158000000.0	0.0652712777576
160000000.0	-1.09525260581
162000000.0	-1.66852963007
164000000.0	-1.24792879776
166000000.0	0.370794778748
168000000.0	0.167796719481
170000000.0	0.46198628395
172000000.0	-0.882777618804
174000000.0	-0.0661335788384
176000000.0	1.68855154319
178000000.0	1.71616663112
180000000.0	0.121719453883
182000000.0	-1.60637867898
184000000.0	-3.42107169907
186000000.0	-1.16030626964
188000000.0	0.465199884105
190000000.0	2.96366655404
192000000.0	3.89463223493
194000000.0	1.56608404101
196000000.0	-1.83694229823
198000000.0	-3.2048670506
200000000.0	-2.47877550557
202000000.0	-0.446489888281
204000000.0	1.88743431625
206000000.0	2.29601689023
208000000.0	0.58646369393
210000000.0	-1.33957193577
212000000.0	-0.767695506881
214000000.0	0.0895539921254
216000000.0	1.42114849369
218000000.0	1.4847223174
220000000.0	-0.140602100068
222000000.0	-2.5191134675
224000000.0	-3.35102162631
226000000.0	-1.11591421372
228000000.0	2.78363192328
230000000.0	4.47946945553
232000000.0	2.19916784535
234000000.0	-1.31950744065
236000000.0	-6.69614206715
238000000.0	-4.72873572616
240000000.0	-0.184465857107
242000000.0	6.00780966799
244000000.0	6.75476536332
246000000.0	3.09243060061
248000000.0	-5.36101564732
250000000.0	-9.81610878069
252000000.0	-4.91747123909
254000000.0	3.74799568164
256000000.0	8.70599581639
258000000.0	6.79981046961
260000000.0	-0.553638662622
262000000.0	-6.65946550996
264000000.0	-6.0427144491
266000000.0	-0.273994138491
268000000.0	5.42437174533
270000000.0	4.87980318621
272000000.0	0.0642460981006
274000000.0	-5.96365695118
276000000.0	-6.2654622494
278000000.0	-0.346275974133
280000000.0	8.317809813
282000000.0	13.2297324598
284000000.0	10.5220012926
286000000.0	-3.94005788221
288000000.0	-25.1307029771
290000000.0	-41.5698952026
292000000.0	-30.6171771964
294000000.0	32.3129814642
296000000.0	149.347139436
298000000.0	283.001799365
300000000.0	-770.904867034
302000000.0	289.573795217
304000000.0	151.734136376
306000000.0	21.6154099332
308000000.0	-46.4614720923
310000000.0	-44.7213639777
312000000.0	-9.95195915945
314000000.0	15.7422490385
316000000.0	17.5989868045
318000000.0	3.13841763879
320000000.0	-10.0407252443
322000000.0	-10.4351425375
324000000.0	-2.92740288003
326000000.0	6.67738939744
328000000.0	9.788379795
330000000.0	7.14440824479
332000000.0	-2.09258915415
334000000.0	-7.35361706573
336000000.0	-8.69351411722
338000000.0	-2.26960107045
340000000.0	3.5251066349
342000000.0	8.89754255716
344000000.0	6.43925794664
346000000.0	0.375399471919
348000000.0	-6.99209843509
350000000.0	-8.06512991507
352000000.0	-2.22914456859
354000000.0	4.29331906984
356000000.0	8.44141834314
358000000.0	5.1637073365
360000000.0	-2.13400515786
362000000.0	-6.56517035714
364000000.0	-5.38181804583
366000000.0	-0.31811195293
368000000.0	4.29137003318
370000000.0	3.86111585494
372000000.0	1.50542898595
374000000.0	-2.14521989329
376000000.0	-4.93344738852
378000000.0	-1.58765416862
380000000.0	2.22425660418
382000000.0	3.91299012599
384000000.0	0.850458107925
386000000.0	-2.50534524854
388000000.0	-4.07007701375
390000000.0	-1.76946368294
392000000.0	0.880172090884
394000000.0	2.99179289335
396000000.0	4.32021845672
398000000.0	1.22102012528
400000000.0	-3.55588132026
402000000.0	-4.48545993544
404000000.0	-3.06116724271
406000000.0	0.393812437329
408000000.0	2.75234597114
410000000.0	1.94665061067
412000000.0	0.590401634122
414000000.0	-1.46191220442
416000000.0	-2.18409262173
418000000.0	0.299842656016
420000000.0	0.585991758228
422000000.0	1.96259067705
424000000.0	0.939642186546
426000000.0	-0.833469881392
428000000.0	-1.47177711982
430000000.0	-1.47178225712
432000000.0	-0.388717022128
434000000.0	1.91751539486
436000000.0	1.38337150028
438000000.0	0.958791989759
440000000.0	-1.3881340563
442000000.0	-2.12987508775
444000000.0	-1.75576713968
446000000.0	1.85243394371
448000000.0	1.89780979847
450000000.0	1.40260886907
452000000.0	-0.203965063565
454000000.0	-2.09001260411
456000000.0	-1.22481344112
458000000.0	-0.189915050577
460000000.0	1.27338882493
462000000.0	1.78259116411
464000000.0	1.25270505554
466000000.0	-0.371166198572
468000000.0	-0.777753134861
470000000.0	-0.885828053498
472000000.0	-0.802000302399
474000000.0	0.161237406376
476000000.0	1.29330415749
478000000.0	0.460304248552
480000000.0	-0.592496750902
482000000.0	-0.434273333363
484000000.0	-0.178686935671
486000000.0	-0.204485509973
488000000.0	0.976120690033
490000000.0	0.869926633194
492000000.0	-0.890315984735
494000000.0	-1.63090987601
496000000.0	-0.972359577614
498000000.0	0.552566300648
500000000.0	-0.570003482839
502000000.0	0.705158008437
504000000.0	0.564880288858
506000000.0	0.188831170017
508000000.0	-0.923911521794
510000000.0	-0.82621104824
512000000.0	0.209131544535
514000000.0	1.37115503783
516000000.0	1.03543228007
518000000.0	0.239549099584
520000000.0	-0.665920570036
522000000.0	-1.11367293571
524000000.0	0.246572533566
526000000.0	0.175845180638
528000000.0	1.22165721569
530000000.0	0.916563053435
532000000.0	-0.543766502991
534000000.0	-0.553728190299
536000000.0	0.0776396655277
538000000.0	0.455713158764
540000000.0	0.131734239715
542000000.0	-0.117911353784
544000000.0	-0.0268770555737
546000000.0	0.18025469404
548000000.0	-0.390332756387
550000000.0	0.448936719761
552000000.0	0.751544173272
554000000.0	-0.473204242628
556000000.0	-0.381032232455
558000000.0	-0.126715600469
560000000.0	-0.878074038324
562000000.0	-0.538932462614
564000000.0	0.491303344578
566000000.0	0.849225922401
568000000.0	0.334155614043
570000000.0	-0.0806087357175
572000000.0	-0.0770223210329
574000000.0	-0.512684786196
576000000.0	-0.394135682771
578000000.0	-0.133196404749
580000000.0	-0.465328595334
582000000.0	0.279104525448
584000000.0	0.393881979298
586000000.0	0.316808182611
588000000.0	-0.336688243148
590000000.0	-0.000405259751546
592000000.0	0.0811541678257
594000000.0	0.273229576859
596000000.0	-0.852343853586
598000000.0	-0.673241511266
600000000.0	1.43401337393
602000000.0	0.208627305225
604000000.0	0.369453867542
606000000.0	-0.51038751104
608000000.0	0.590662305387
610000000.0	-0.494288390639
612000000.0	-0.563999099231
614000000.0	-0.606888739842
616000000.0	-0.672453980226
618000000.0	0.487294531785
620000000.0	0.823344128072
622000000.0	0.533678237923
624000000.0	-1.36245369821
626000000.0	0.96501238102
628000000.0	-0.592056532247
630000000.0	0.32024054957
632000000.0	0.0356957685372
634000000.0	0.591521694359
636000000.0	0.0178901376128
638000000.0	0.66039009671
640000000.0	0.0683123591118
642000000.0	0.380548986807
644000000.0	0.0973014355021
646000000.0	-0.347060949288
648000000.0	-0.342311464098
650000000.0	-0.183818090027
652000000.0	-0.93584952266
654000000.0	-0.368603303095
656000000.0	0.659861669925
658000000.0	1.30473752966
660000000.0	0.414279391982
662000000.0	0.104444120017
664000000.0	-0.252042839636
666000000.0	-1.42478678729
668000000.0	-0.050598817997
670000000.0	0.0239376612605
672000000.0	0.677235455325
674000000.0	0.643899832783
676000000.0	0.161743536051
678000000.0	-0.417461896329
680000000.0	-0.668594375709
682000000.0	0.156258712483
684000000.0	0.118707131884
686000000.0	-0.248899408745
688000000.0	-0.773465650159
690000000.0	0.226873502019
692000000.0	-0.489563212069
694000000.0	0.256349983865
696000000.0	-0.205072621308
698000000.0	0.241433972364
700000000.0	0.923126460055
702000000.0	-0.954190425409
704000000.0	-0.0318777720827
706000000.0	-0.586662206714
708000000.0	0.197401246009
710000000.0	0.53740999715
712000000.0	-1.05669828783
714000000.0	0.119285667807
716000000.0	0.0532103894045
718000000.0	0.278913589239
720000000.0	0.567910335713
722000000.0	-0.0246655351986
724000000.0	-0.185222069847
726000000.0	0.027528434355
728000000.0	0.267606506851
730000000.0	1.05254109504
732000000.0	0.719958875605
734000000.0	-0.00879253280435
736000000.0	-0.647878219121
738000000.0	-0.0181507325007
740000000.0	-0.177666116779
742000000.0	-0.538271685221
744000000.0	0.525885090991
746000000.0	0.470277040441
748000000.0	0.359722129574
750000000.0	-1.71221765828
752000000.0	-0.161545408082
754000000.0	1.008823974
756000000.0	-0.525422788422
758000000.0	0.239016245668
760000000.0	0.420696727227
762000000.0	0.303017523627
764000000.0	-0.0552444741835
766000000.0	0.765385197948
768000000.0	-0.721021986218
770000000.0	0.224960721156
772000000.0	0.539267741361
774000000.0	-0.411057184691
776000000.0	-0.707770325114
778000000.0	-0.625838109148
780000000.0	1.02432052027
782000000.0	0.935771047358
784000000.0	0.543456460032
786000000.0	0.565790414885
788000000.0	-1.24525811189
790000000.0	-0.000566205867826
792000000.0	-0.449652058252
794000000.0	0.822933753687
796000000.0	0.561311878012
798000000.0	0.545819397795
800000000.0	-0.530920472168
802000000.0	-0.252679141653
804000000.0	-0.279055755403
806000000.0	-0.499579514806
808000000.0	0.537986497993
810000000.0	0.504763006356
812000000.0	0.846771355682
814000000.0	1.399562821
816000000.0	-1.2707485605
818000000.0	-0.612967448235
820000000.0	-0.190739839639
822000000.0	1.0105806124
824000000.0	0.531300246132
826000000.0	0.25970657788
828000000.0	-0.888530917983
830000000.0	-1.48036004335
832000000.0	-0.142309334653
834000000.0	1.38828272203
836000000.0	2.66890293372
838000000.0	0.812954836767
840000000.0	-0.246149287323
842000000.0	-1.2255281605
844000000.0	-1.7193790615
846000000.0	-1.70334411022
848000000.0	1.80976540687
850000000.0	2.43758028394
852000000.0	2.56543987564
854000000.0	-1.64228748372
856000000.0	-3.08555829298
858000000.0	-1.51567165409
860000000.0	0.653594371906
862000000.0	1.74702012851
864000000.0	1.34283063294
866000000.0	-1.11497184654
868000000.0	-2.54478609698
870000000.0	-1.01985375405
872000000.0	0.810975193827
874000000.0	0.881985057728
876000000.0	2.74841779062
878000000.0	0.644420084479
880000000.0	-2.44420871342
882000000.0	-3.96555227238
884000000.0	-2.94922195375
886000000.0	1.69301701653
888000000.0	6.5596147134
890000000.0	11.2510298135
892000000.0	8.78923882021
894000000.0	-7.52558699815
896000000.0	-39.0818829904
898000000.0	-77.136784477
900000000.0	206.582828598
902000000.0	-76.8329947431
904000000.0	-39.9273409589
906000000.0	-4.57819403916
908000000.0	12.6919630042
910000000.0	11.7830465031
912000000.0	1.81277211935
914000000.0	-4.59163876657
916000000.0	-4.65006788826
918000000.0	-0.494564226402
920000000.0	3.62677890226
922000000.0	4.00077337346
924000000.0	0.213662956205
926000000.0	-1.72720487314
928000000.0	-3.39264385986
930000000.0	-2.73881664575
932000000.0	1.11124742948
934000000.0	3.19827278032
936000000.0	2.78847946929
938000000.0	0.78838774046
940000000.0	-1.6616459003
942000000.0	-2.70323614041
944000000.0	-2.44727047247
946000000.0	0.569087910823
948000000.0	2.4174458595
950000000.0	2.34432949701
952000000.0	0.793123060301
954000000.0	-1.28966462713
956000000.0	-2.85831789496
958000000.0	-1.52917529352
960000000.0	1.30284767638
962000000.0	2.1317807875
964000000.0	1.8798348146
966000000.0	-0.570854665335
968000000.0	-1.26558229899
970000000.0	-1.49028461489
972000000.0	-0.175425451443
974000000.0	1.42051161094
976000000.0	0.642700359981
978000000.0	0.18482258788
980000000.0	-0.65518530324
982000000.0	-1.65177253154
984000000.0	-0.589845212843
986000000.0	0.729780431612
988000000.0	1.59327667428
990000000.0	1.13778318482
992000000.0	0.134389822829
994000000.0	-0.82355206739
996000000.0	-1.02823397714
998000000.0	-1.06030857334
1000000000.0	5.0312
1002000000.0	1.62823367817
1004000000.0	0.595690079066
1006000000.0	-0.428474158577
1008000000.0	-0.85283242635
1010000000.0	-1.54809083192
1012000000.0	0.00615232826033
1014000000.0	1.18482076835
1016000000.0	1.00502572503
1018000000.0	-0.375712825577
1020000000.0	-1.37831670356
1022000000.0	-1.17856121709
1024000000.0	-0.503522995874
1026000000.0	-0.100098230531
1028000000.0	1.07633119825
1030000000.0	0.666019824668
1032000000.0	-0.375424769398
1034000000.0	-0.923720094135
1036000000.0	-0.423045594636
1038000000.0	0.381610900527
1040000000.0	0.554238386517
1042000000.0	1.27574763703
1044000000.0	0.993567412083
1046000000.0	-0.767386360259
1048000000.0	-0.220909332732
1050000000.0	-0.0723776088692
1052000000.0	0.244797670948
1054000000.0	0.825275546076
1056000000.0	0.808405946009
1058000000.0	-0.463251101675
1060000000.0	-0.194496157179
1062000000.0	-0.844062348585
1064000000.0	-0.278783043639
1066000000.0	-0.124272843077
1068000000.0	1.4676602715
1070000000.0	1.13321581191
1072000000.0	-0.585588383003
1074000000.0	-0.391392527353
1076000000.0	0.162917872346
1078000000.0	-0.157428573574
1080000000.0	1.1690755603
1082000000.0	-0.0503351137141
1084000000.0	-0.377898104336
1086000000.0	-0.268435733533
1088000000.0	-0.858329840043
1090000000.0	-0.173136891378
1092000000.0	0.0359890757117
1094000000.0	1.1651079574
1096000000.0	0.67024575618
1098000000.0	-0.14111379523
1100000000.0	0.24538113426
1102000000.0	-1.34274318951
1104000000.0	-0.0402799296299
1106000000.0	-0.0717915434852
1108000000.0	0.734181224376
1110000000.0	-1.12405325479
1112000000.0	-0.618367011928
1114000000.0	0.219387519398
1116000000.0	-0.478490399287
1118000000.0	1.01632708714
1120000000.0	-0.706785558167
1122000000.0	1.09355917369
1124000000.0	0.747131225426
1126000000.0	-0.174432989517
1128000000.0	-0.128300063891
1130000000.0	0.104937342226
1132000000.0	0.270586451848
1134000000.0	0.26310192878
1136000000.0	-0.399340117864
1138000000.0	0.0467635772836
1140000000.0	-0.145963459021
1142000000.0	0.00113154821836
1144000000.0	-0.0263187302954
1146000000.0	-0.488877959044
1148000000.0	0.741373852131
1150000000.0	-0.195000186861
1152000000.0	-0.221139968027
1154000000.0	0.490637782016
1156000000.0	-1.00316632384
1158000000.0	0.251502956607
1160000000.0	0.829256550163
1162000000.0	0.0930908136438
1164000000.0	-0.250320744683
1166000000.0	0.454863244037
1168000000.0	-0.686634654855
1170000000.0	-0.478763400741
1172000000.0	-0.0619935883551
1174000000.0	0.199731875756
1176000000.0	-0.481310109159
1178000000.0	0.171210136016
1180000000.0	0.639005746655
1182000000.0	-0.0642705618921
1184000000.0	0.0202406492665
1186000000.0	-0.506926857909
1188000000.0	0.231204432387
1190000000.0	0.355938209005
1192000000.0	0.244969754464
1194000000.0	-0.41897371647
1196000000.0	0.652508288424
1198000000.0	0.816293393455
1200000000.0	-3.60816617974
1202000000.0	2.39310343058
1204000000.0	0.605611822803
1206000000.0	0.0593192597654
1208000000.0	-0.415008892433
1210000000.0	-0.502051711656
1212000000.0	-0.282567483887
1214000000.0	1.57575246795
1216000000.0	0.230382029107
1218000000.0	-0.550274520258
1220000000.0	-0.269786137993
1222000000.0	-0.319142590039
1224000000.0	-0.506724979965
1226000000.0	0.50268213728
1228000000.0	0.920896819303
1230000000.0	0.433378079288
1232000000.0	0.232307768861
1234000000.0	-0.956359664326
1236000000.0	-0.324549789783
1238000000.0	0.295989976123
1240000000.0	0.197101693884
1242000000.0	-0.0210426479973
1244000000.0	0.562035876658
1246000000.0	0.114497089425
1248000000.0	-0.407113985191
1250000000.0	2.53985768641
1252000000.0	0.9438344379
1254000000.0	-0.406301389744
1256000000.0	-0.495000097247
1258000000.0	0.588882941716
1260000000.0	-0.634318411231
1262000000.0	0.205242727625
1264000000.0	0.282549518723
1266000000.0	0.613343551617
1268000000.0	0.790418832806
1270000000.0	0.0239997078826
1272000000.0	-0.0471685394549
1274000000.0	-0.840351831667
1276000000.0	-0.176162044975
1278000000.0	-0.347415106574
1280000000.0	0.208083017654
1282000000.0	0.049287326369
1284000000.0	0.533673752804
1286000000.0	0.741339094092
1288000000.0	0.00127841080892
1290000000.0	-0.0705037232983
1292000000.0	-0.151428507193
1294000000.0	-0.238116738385
1296000000.0	0.248594185023
1298000000.0	0.703910311659
1300000000.0	-2.25091735359
1302000000.0	1.38243652596
1304000000.0	0.217132587368
1306000000.0	0.734851052859
1308000000.0	-0.129917087707
1310000000.0	0.259616308889
1312000000.0	0.274486363034
1314000000.0	-0.860378740414
1316000000.0	-0.385993358048
1318000000.0	0.250294873314
1320000000.0	0.641028160927
1322000000.0	0.0091229118034
1324000000.0	-0.683084174223
1326000000.0	-1.25195554607
1328000000.0	-0.439620665436
1330000000.0	-0.25998779198
1332000000.0	0.414850602747
1334000000.0	0.00753242102836
1336000000.0	-0.5525730605
1338000000.0	0.404792051334
1340000000.0	-0.610316936998
1342000000.0	0.288825386791
1344000000.0	0.384889806388
1346000000.0	0.0316086256988
1348000000.0	-0.0559813712519
1350000000.0	0.932654532006
1352000000.0	-0.0843800076808
1354000000.0	-0.790397735354
1356000000.0	0.527865821464
1358000000.0	0.0518264896334
1360000000.0	-0.175261165345
1362000000.0	0.144116211417
1364000000.0	-0.222828066403
1366000000.0	-1.80407808998
1368000000.0	-1.04711345724
1370000000.0	0.162816345914
1372000000.0	-1.06428855764
1374000000.0	-1.73784100527
1376000000.0	3.22211431192
1378000000.0	0.465726550274
1380000000.0	-0.210384680064
1382000000.0	-0.232218871795
1384000000.0	-0.0605015841344
1386000000.0	0.885043335486
1388000000.0	0.579646319848
1390000000.0	0.987683598885
1392000000.0	-0.273268819645
1394000000.0	-0.860685735942
1396000000.0	-0.384824212031
1398000000.0	-0.330971141235
1400000000.0	0.018953683453
1402000000.0	0.89822486595
1404000000.0	-0.0318906754525
1406000000.0	-0.177617624795
1408000000.0	-0.441326654796
1410000000.0	-0.404780766456
1412000000.0	-0.0323465393109
1414000000.0	0.67527317306
1416000000.0	0.182314200304
1418000000.0	-0.106206136585
1420000000.0	0.0822547236555
1422000000.0	-0.812168503412
1424000000.0	-0.344606225764
1426000000.0	0.186773588528
1428000000.0	1.5229908734
1430000000.0	0.787141236137
1432000000.0	-0.164172992067
1434000000.0	-0.257908105317
1436000000.0	-0.798968270219
1438000000.0	-0.0530890962424
1440000000.0	0.244969471957
1442000000.0	0.294521158491
1444000000.0	0.985567184991
1446000000.0	0.583815280751
1448000000.0	-0.3284895245
1450000000.0	-0.762234384137
1452000000.0	-1.2107648049
1454000000.0	1.11165790221
1456000000.0	0.978719748241
1458000000.0	-0.00352607552881
1460000000.0	0.132921047009
1462000000.0	-0.738516424431
1464000000.0	-0.391381435786
1466000000.0	0.993273587454
1468000000.0	0.929532436551
1470000000.0	1.14242656427
1472000000.0	-0.410196897827
1474000000.0	-0.394272462936
1476000000.0	-0.699777721456
1478000000.0	0.323668358843
1480000000.0	1.23043799944
1482000000.0	1.07791595619
1484000000.0	1.40893058197
1486000000.0	-1.61618611912
1488000000.0	-2.42810934241
1490000000.0	-4.68822355551
1492000000.0	-2.64848138393
1494000000.0	3.33988572073
1496000000.0	13.4442836526
1498000000.0	28.2230584371
1500000000.0	-73.7113965172
1502000000.0	26.9670170529
1504000000.0	15.2034399134
1506000000.0	2.09416573651
1508000000.0	-4.62655920259
1510000000.0	-4.23078486783
1512000000.0	-0.609927607585
1514000000.0	1.93413777125
1516000000.0	2.84637778999
1518000000.0	-0.077197213171
1520000000.0	-1.57335789724
1522000000.0	-2.36591442695
1524000000.0	0.295304452594
1526000000.0	0.0092353333923
1528000000.0	1.03523871554
1530000000.0	0.95547019889
1532000000.0	-0.277207144716
1534000000.0	-0.152831127993
1536000000.0	-1.01829334879
1538000000.0	-1.03809512757
1540000000.0	-0.180145829105
1542000000.0	1.95184736092
1544000000.0	0.120113016282
1546000000.0	0.245529233013
1548000000.0	-0.25727809705
1550000000.0	-1.16653395831
1552000000.0	-0.199162841228
1554000000.0	-0.0850497159197
1556000000.0	0.906025455473
1558000000.0	0.640177612353
1560000000.0	-0.463101320157
1562000000.0	-0.411609888032
1564000000.0	-0.571066282536
1566000000.0	0.0139584441265
1568000000.0	0.376665074432
1570000000.0	-0.234421766018
1572000000.0	0.578614304845
1574000000.0	0.800744574545
1576000000.0	-0.473742787729
1578000000.0	-0.0471662525062
1580000000.0	-0.534375419329
1582000000.0	-0.671928820015
1584000000.0	0.519346012429
1586000000.0	-0.185935404482
1588000000.0	0.13379940864
1590000000.0	-0.447365644952
1592000000.0	-0.522768633878
1594000000.0	0.461792798259
1596000000.0	0.429214974989
1598000000.0	0.34696162788
1600000000.0	-0.758077027832
1602000000.0	0.434520565089
1604000000.0	-0.178105405849
1606000000.0	-0.759850952375
1608000000.0	0.50524008613
1610000000.0	0.440432237884
1612000000.0	0.0913022349688
1614000000.0	-0.434456618652
1616000000.0	-0.105147927298
1618000000.0	-0.389117588979
1620000000.0	0.185400485823
1622000000.0	0.364988929448
1624000000.0	0.292746353143
1626000000.0	-0.818345381888
1628000000.0	-0.643894601885
1630000000.0	-0.571632457435
1632000000.0	0.0075331086516
1634000000.0	-0.120776233865
1636000000.0	0.064542577208
1638000000.0	0.0491062181881
1640000000.0	0.0386568264931
1642000000.0	-0.628851860018
1644000000.0	0.200081944805
1646000000.0	0.188357923881
1648000000.0	0.225664242143
1650000000.0	0.63820888493
1652000000.0	-0.0178610106719
1654000000.0	0.625350649574
1656000000.0	-0.549578358766
1658000000.0	-0.263605329418
1660000000.0	-0.20566508569
1662000000.0	0.887963586228
1664000000.0	0.534485360376
1666000000.0	-0.190255795729
1668000000.0	-0.160416879567
1670000000.0	0.264486605349
1672000000.0	-0.140204047659
1674000000.0	0.105023024305
1676000000.0	0.442218221003
1678000000.0	0.139614590223
1680000000.0	-0.226727265527
1682000000.0	0.277758493868
1684000000.0	-0.103545141034
1686000000.0	0.135712111348
1688000000.0	0.151734287571
1690000000.0	0.15201717734
1692000000.0	-0.467897289695
1694000000.0	0.377078187789
1696000000.0	-0.361315851427
1698000000.0	-0.170022301106
1700000000.0	-0.608579384031
1702000000.0	0.643874595078
1704000000.0	0.634441989892
1706000000.0	0.0832592195444
1708000000.0	-0.394685329923
1710000000.0	-0.70976808746
1712000000.0	-0.139866577299
1714000000.0	0.324713934875
1716000000.0	0.360618363221
1718000000.0	-0.0819187538712
1720000000.0	-0.0831360281885
1722000000.0	-0.346407179295
1724000000.0	-0.228405086412
1726000000.0	0.273431751026
1728000000.0	0.283055919501
1730000000.0	0.546499820455
1732000000.0	0.0687822693009
1734000000.0	0.145594301136
1736000000.0	-0.00388058587537
1738000000.0	-0.208843920419
1740000000.0	-0.460793336385
1742000000.0	0.130194416113
1744000000.0	-1.01033842199
1746000000.0	-0.58075859118
1748000000.0	-0.23956469462
1750000000.0	-0.449031247441
1752000000.0	0.500300005231
1754000000.0	0.0443749187308
1756000000.0	0.47092600165
1758000000.0	0.120772443153
1760000000.0	-0.0202397909231
1762000000.0	0.514589606537
1764000000.0	0.833698253916
1766000000.0	0.172490940109
1768000000.0	-0.477472077793
1770000000.0	0.249483297037
1772000000.0	-0.489559489998
1774000000.0	0.595439952954
1776000000.0	1.30094513504
1778000000.0	-0.137136412975
1780000000.0	-0.451467763308
1782000000.0	-0.0102743928542
1784000000.0	0.00820167527462
1786000000.0	-0.231469246181
1788000000.0	-0.0779763639425
1790000000.0	-0.496497771144
1792000000.0	-0.623947855259
1794000000.0	-0.232217000855
1796000000.0	-0.824761823602
1798000000.0	-0.539062624406
1800000000.0	2.01023344819
1802000000.0	-0.571572516808
1804000000.0	-0.478442630357
1806000000.0	-0.123186936576
1808000000.0	0.198856885077
1810000000.0	0.153128967013
1812000000.0	0.510492798775
1814000000.0	-0.49155181164
1816000000.0	0.401654341291
1818000000.0	0.24975197085
1820000000.0	0.335427157699
1822000000.0	0.0676885732287
1824000000.0	-0.708731034036
1826000000.0	-0.191418272985
1828000000.0	0.366845614613
1830000000.0	0.260504155381
1832000000.0	0.054838015151
1834000000.0	-0.364153973016
1836000000.0	-0.0362317786155
1838000000.0	0.801213025716
1840000000.0	0.215850006026
1842000000.0	-0.112060516661
1844000000.0	-0.0152809373819
1846000000.0	0.128720278441
1848000000.0	0.196438326159
1850000000.0	1.06235651568
1852000000.0	0.136247327155
1854000000.0	-0.466170261662
1856000000.0	-0.522537449914
1858000000.0	-0.660929979634
1860000000.0	-0.699565050346
1862000000.0	-0.277950895124
1864000000.0	0.270386095346
1866000000.0	0.770427466321
1868000000.0	0.531105330434
1870000000.0	0.0403616393848
1872000000.0	0.372474827861
1874000000.0	0.597589138774
1876000000.0	0.189316597415
1878000000.0	0.257204641955
1880000000.0	0.606759969193
1882000000.0	-0.227437652626
1884000000.0	-0.895111328455
1886000000.0	-0.189553938724
1888000000.0	0.0592369930469
1890000000.0	1.27411773953
1892000000.0	0.733208138016
1894000000.0	0.0212543010665
1896000000.0	-2.30036138759
1898000000.0	-4.8747789951
1900000000.0	12.7105668441
1902000000.0	-5.34896546401
1904000000.0	-2.57848469921
1906000000.0	-1.10816900191
1908000000.0	0.161458119896
1910000000.0	0.608881907255
1912000000.0	0.613514612693
1914000000.0	0.416201375361
1916000000.0	-0.327635844788
1918000000.0	0.23803836715
1920000000.0	-0.0719125750232
1922000000.0	-0.545725079514
1924000000.0	-0.118540632903
1926000000.0	-0.0234208854515
1928000000.0	0.758844416862
1930000000.0	0.241836213177
1932000000.0	-0.79609158987
1934000000.0	-0.164543370162
1936000000.0	-0.0728418686296
1938000000.0	0.276949265585
1940000000.0	0.565736995327
1942000000.0	0.0958984241806
1944000000.0	0.0354491724546
1946000000.0	-0.136566940343
1948000000.0	0.0750614585435
1950000000.0	0.538946310167
1952000000.0	0.0859807741323
1954000000.0	0.539216986281
1956000000.0	0.0461648146126
1958000000.0	-0.412146216788
1960000000.0	-0.309081337168
1962000000.0	-1.28380384688
1964000000.0	0.630441351318
1966000000.0	0.850011311176
1968000000.0	0.0272751761822
1970000000.0	0.321980469726
1972000000.0	-0.0357747749495
1974000000.0	0.0488349885584
1976000000.0	0.362584234323
1978000000.0	-0.468496707822
1980000000.0	0.455060552746
1982000000.0	-0.0343368630277
1984000000.0	-0.394401620279
1986000000.0	-0.049659204679
1988000000.0	0.290458633009
1990000000.0	-0.164659202059
1992000000.0	0.990157071306
1994000000.0	0.154284027105
1996000000.0	1.11727649819
1998000000.0	0.78485390689
2000000000.0	-3.562555
