0.0	-2.534375
2000000.0	0.563217014715
4000000.0	1.09417142298
6000000.0	0.481147522789
8000000.0	0.581272672729
10000000.0	0.419658988862
12000000.0	-0.372400692725
14000000.0	-1.52836321971
16000000.0	-1.39613830507
18000000.0	-0.241685438761
20000000.0	1.13472146836
22000000.0	1.39156368491
24000000.0	1.1672006672
26000000.0	0.375742418974
28000000.0	-0.578366194167
30000000.0	-1.42566682622
32000000.0	-1.85661116459
34000000.0	-0.714525961611
36000000.0	1.32442761943
38000000.0	1.70670206476
40000000.0	1.33798891198
42000000.0	0.857968712188
44000000.0	-0.193065364297
46000000.0	-0.954868768738
48000000.0	-1.12238992916
50000000.0	-0.284886877254
52000000.0	0.780441433546
54000000.0	1.21652590913
56000000.0	1.37157877146
58000000.0	0.630200061451
60000000.0	-0.779341028768
62000000.0	-1.63654865231
64000000.0	-1.58174974789
66000000.0	-0.421345013468
68000000.0	0.874205678636
70000000.0	1.80745154883
72000000.0	1.65310189314
74000000.0	0.585321682022
76000000.0	-0.801038816366
78000000.0	-1.44620903748
80000000.0	-1.55534377257
82000000.0	-0.627688344989
84000000.0	0.35303888185
86000000.0	1.47193906119
88000000.0	1.34446647912
90000000.0	0.631661180871
92000000.0	-0.575096201376
94000000.0	-1.03107424085
96000000.0	-1.06198549378
98000000.0	-0.342689040453
100000000.0	0.766580286631
102000000.0	0.652196405654
104000000.0	0.393451154907
106000000.0	-0.210283886767
108000000.0	-0.528514763816
110000000.0	-0.719118768506
112000000.0	-0.360457032932
114000000.0	0.288604166389
116000000.0	0.695165146316
118000000.0	0.668733986993
120000000.0	0.225050919434
122000000.0	-0.782396737272
124000000.0	-1.08412558179
126000000.0	-0.117065485102
128000000.0	0.129106828335
130000000.0	0.656737547315
132000000.0	0.620170932191
134000000.0	0.315835912455
136000000.0	-0.238830638784
138000000.0	-0.734475147635
140000000.0	-0.617042206578
142000000.0	-0.107648072547
144000000.0	0.527540486013
146000000.0	0.944412373236
148000000.0	0.760270260435
150000000.0	0.0428736476926
152000000.0	-0.633881528406
154000000.0	-0.927673536838
156000000.0	-0.746982938697
158000000.0	-0.106824831746
160000000.0	0.696567008252
162000000.0	1.08272585788
164000000.0	0.915112163407
166000000.0	-0.0334018269815
168000000.0	-0.737637976712
170000000.0	-1.05082647249
172000000.0	-0.853812872113
174000000.0	-0.0868676695649
176000000.0	0.734143780043
178000000.0	0.935085816601
180000000.0	0.701324817171
182000000.0	0.0495705382599
184000000.0	-0.529180084179
186000000.0	-0.832777605399
188000000.0	-0.411286272222
190000000.0	0.1509412648
192000000.0	0.363536248818
194000000.0	0.63831144673
196000000.0	0.233269441849
198000000.0	-0.466563825548
200000000.0	-0.617299883663
202000000.0	-0.265797603672
204000000.0	0.324818691427
206000000.0	0.606553648565
208000000.0	0.524347372659
210000000.0	0.0840311891105
212000000.0	-0.673003521421
214000000.0	-0.778062905045
216000000.0	-0.541263606004
218000000.0	0.0246577906288
220000000.0	0.65938018533
222000000.0	1.12179431956
224000000.0	0.754726386823
226000000.0	0.0440128314383
228000000.0	-1.08324940877
230000000.0	-1.4609252588
232000000.0	-0.900408528046
234000000.0	0.345398812998
236000000.0	1.34068685975
238000000.0	1.49187833587
240000000.0	0.702642434809
242000000.0	-0.382905155924
244000000.0	-1.40751939614
246000000.0	-1.60598854633
248000000.0	-0.942545939667
250000000.0	0.793758184933
252000000.0	1.48650499465
254000000.0	1.82117438438
256000000.0	1.03341583181
258000000.0	-0.402965614399
260000000.0	-1.83596705252
262000000.0	-1.91735141779
264000000.0	-0.520579982821
266000000.0	1.21375652804
268000000.0	1.78378473288
270000000.0	0.854746482789
272000000.0	-0.354198608144
274000000.0	-1.07184419627
276000000.0	-0.936424896862
278000000.0	-0.377302521779
280000000.0	0.0854433020276
282000000.0	1.25104642667
284000000.0	2.01538044664
286000000.0	0.870186296159
288000000.0	-2.76909446632
290000000.0	-6.50941107426
292000000.0	-5.00842516365
294000000.0	5.22685781314
296000000.0	21.324955371
298000000.0	35.675197424
300000000.0	-99.6529243557
302000000.0	29.7240316477
304000000.0	19.0074779603
306000000.0	8.80174841494
308000000.0	1.49147928156
310000000.0	-3.67739623957
312000000.0	-6.69958446681
314000000.0	-6.41744399379
316000000.0	-2.41219787723
318000000.0	2.94005445083
320000000.0	5.84008824022
322000000.0	4.71210317231
324000000.0	0.722389238358
326000000.0	-2.99234039707
328000000.0	-4.00748922049
330000000.0	-2.432001276
332000000.0	-0.202700661985
334000000.0	1.47692633857
336000000.0	2.23875271531
338000000.0	1.96368906982
340000000.0	0.782795832315
342000000.0	-0.91264725891
344000000.0	-1.967835307
346000000.0	-1.7415541806
348000000.0	-0.425688679265
350000000.0	0.989266707638
352000000.0	1.44736904637
354000000.0	0.845202188875
356000000.0	-0.187052757155
358000000.0	-0.796670580984
360000000.0	-0.775615764198
362000000.0	-0.158357480496
364000000.0	0.410891811127
366000000.0	0.498862768083
368000000.0	0.395230930104
370000000.0	-0.0492568730298
372000000.0	-0.379903475638
374000000.0	-0.569144972271
376000000.0	-0.432121404009
378000000.0	0.286439612475
380000000.0	0.751287203061
382000000.0	0.641289942759
384000000.0	0.146031575431
386000000.0	-0.527652998999
388000000.0	-0.885362814932
390000000.0	-0.67721716722
392000000.0	0.0177957180484
394000000.0	0.572750135576
396000000.0	0.827912102809
398000000.0	0.7050918727
400000000.0	-0.209908301434
402000000.0	-0.48600501074
404000000.0	-0.982163699947
406000000.0	-0.629974228116
408000000.0	0.091151805721
410000000.0	0.650672156102
412000000.0	1.09657307572
414000000.0	0.617419007666
416000000.0	-0.115003033001
418000000.0	-0.762036235887
420000000.0	-0.754480720032
422000000.0	-0.677783219937
424000000.0	0.117593876961
426000000.0	0.442655046577
428000000.0	0.640951085115
430000000.0	0.466398922995
432000000.0	0.172657980217
434000000.0	-0.343609643459
436000000.0	-0.62996810586
438000000.0	-0.276771092073
440000000.0	0.0891504668697
442000000.0	0.240354650089
444000000.0	0.430601253252
446000000.0	0.359550515431
448000000.0	-0.0729218419349
450000000.0	-0.228936986353
452000000.0	-0.337723551626
454000000.0	-0.0963957556397
456000000.0	0.095334353882
458000000.0	0.109488793175
460000000.0	0.295742626993
462000000.0	-0.197058173995
464000000.0	-0.0695821145517
466000000.0	-0.277785133417
468000000.0	-0.0773977442846
470000000.0	0.211306915388
472000000.0	0.178426583517
474000000.0	0.251063696987
476000000.0	0.11587139428
478000000.0	-0.340915214017
480000000.0	-0.220803745923
482000000.0	-0.214910585461
484000000.0	0.122579160689
486000000.0	0.265442412342
488000000.0	0.313644223023
490000000.0	0.18377307916
492000000.0	-0.0538177243383
494000000.0	-0.422431024004
496000000.0	-0.551756469639
498000000.0	-0.261488858899
500000000.0	0.236477262582
502000000.0	0.318512801549
504000000.0	0.209791539249
506000000.0	0.14481168183
508000000.0	-0.249335962969
510000000.0	-0.180788673556
512000000.0	-0.457565191195
514000000.0	-0.116421151521
516000000.0	0.0449913611817
518000000.0	0.308612799629
520000000.0	0.425525376453
522000000.0	0.267120396691
524000000.0	-0.182346291423
526000000.0	-0.153440312182
528000000.0	-0.319369381434
530000000.0	-0.11984349573
532000000.0	-0.0814106587802
534000000.0	0.186742302064
536000000.0	0.18726092542
538000000.0	0.165567823286
540000000.0	-0.127534348943
542000000.0	-0.011008607666
544000000.0	-0.19819311449
546000000.0	-0.128974885951
548000000.0	0.115971025278
550000000.0	0.143773331853
552000000.0	-0.00692053432808
554000000.0	0.0766264968283
556000000.0	-0.113605678207
558000000.0	-0.0559946515586
560000000.0	-0.0459636159953
562000000.0	0.00206655869551
564000000.0	0.10730267692
566000000.0	0.126408471427
568000000.0	-0.0856431303931
570000000.0	-0.196732171104
572000000.0	-0.0745118382188
574000000.0	0.0527309792232
576000000.0	0.0779661215215
578000000.0	0.250695261557
580000000.0	0.255032011549
582000000.0	-0.0421908364506
584000000.0	-0.223698072911
586000000.0	-0.251954705504
588000000.0	-0.403956235281
590000000.0	-0.0445861057725
592000000.0	0.144810590218
594000000.0	0.349763783004
596000000.0	0.11733613785
598000000.0	-0.0444261418103
600000000.0	-0.406275935692
602000000.0	-0.158501299413
604000000.0	-0.127631202501
606000000.0	-0.0292924266105
608000000.0	0.0797197032506
610000000.0	0.167835415106
612000000.0	0.19862660803
614000000.0	-0.0174024604574
616000000.0	-0.191798006443
618000000.0	-0.281495515019
620000000.0	-0.238248787589
622000000.0	-0.126907662193
624000000.0	-0.0756189874804
626000000.0	0.433732535102
628000000.0	0.207106723053
630000000.0	0.0410607645205
632000000.0	-0.0152220155535
634000000.0	-0.133739721969
636000000.0	-0.0607155697549
638000000.0	0.0739033420457
640000000.0	0.141336800635
642000000.0	0.222824360261
644000000.0	0.131328949593
646000000.0	0.0341577390442
648000000.0	0.0224307328408
650000000.0	0.0360431660923
652000000.0	-0.0390506755454
654000000.0	0.0805198447554
656000000.0	0.0458589159871
658000000.0	-0.0136712665901
660000000.0	0.0117555097053
662000000.0	-0.0245018725411
664000000.0	-0.035271071558
666000000.0	-0.0802087795007
668000000.0	-0.0202956732563
670000000.0	0.153691545386
672000000.0	0.000614440737482
674000000.0	-0.0962348173012
676000000.0	-0.0376459352868
678000000.0	-0.134717200267
680000000.0	-0.0424675285801
682000000.0	0.0774996731732
684000000.0	0.0964932812499
686000000.0	0.223746007651
688000000.0	0.136256320498
690000000.0	-0.0650264357104
692000000.0	-0.0564388280261
694000000.0	-0.0429601716523
696000000.0	-0.127328404423
698000000.0	-0.00309640082709
700000000.0	0.565644351461
702000000.0	-0.110583207771
704000000.0	-0.051178767814
706000000.0	0.00168998743449
708000000.0	-0.134250145669
710000000.0	-0.0408147011039
712000000.0	-0.115731980623
714000000.0	0.157757584003
716000000.0	0.101236615528
718000000.0	0.0197455931256
720000000.0	0.0945010477505
722000000.0	0.0357776452935
724000000.0	0.0324155565337
726000000.0	-0.0516105932695
728000000.0	-0.0575880301963
730000000.0	0.155312180043
732000000.0	-0.00659623345696
734000000.0	0.0950280793564
736000000.0	-0.0595557551598
738000000.0	-0.000751947192991
740000000.0	-0.164944716392
742000000.0	0.0506583297002
744000000.0	0.054013387244
746000000.0	-0.0576717241503
748000000.0	0.101730937431
750000000.0	0.197469886819
752000000.0	-0.13397897474
754000000.0	-0.0448756045556
756000000.0	-0.138451426874
758000000.0	0.0522700118333
760000000.0	0.0790228446234
762000000.0	-0.00422035922181
764000000.0	0.114843970184
766000000.0	-0.232143602346
768000000.0	-0.0371976591599
770000000.0	0.0740967592688
772000000.0	-0.0827585189897
774000000.0	0.143286264419
776000000.0	0.291951643989
778000000.0	-0.044880156221
780000000.0	-0.0737277169608
782000000.0	-0.108966466595
784000000.0	-0.0438604780161
786000000.0	-0.0816268653657
788000000.0	0.0951870503565
790000000.0	0.219720928537
792000000.0	0.243105405589
794000000.0	0.000201115297531
796000000.0	-0.174441702589
798000000.0	-0.333677531696
800000000.0	-0.00700826808203
802000000.0	-0.0341265450038
804000000.0	0.021551763789
806000000.0	0.297100509357
808000000.0	0.157448970647
810000000.0	-0.157166801808
812000000.0	-0.276750935918
814000000.0	-0.114041402226
816000000.0	-0.10114846435
818000000.0	0.115007865438
820000000.0	0.238409271952
822000000.0	0.224252201701
824000000.0	0.0776128968239
826000000.0	-0.0826989304455
828000000.0	-0.2550914
830000000.0	-0.178641009562
832000000.0	-0.15626140887
834000000.0	0.214224396306
836000000.0	0.428536215567
838000000.0	0.232617240042
840000000.0	-0.0927398808342
842000000.0	-0.294438824326
844000000.0	-0.334218721484
846000000.0	-0.304416772424
848000000.0	0.0510027612551
850000000.0	0.220090364745
852000000.0	0.331001801072
854000000.0	0.0285010181666
856000000.0	-0.108284295683
858000000.0	-0.308318460073
860000000.0	-0.337549866883
862000000.0	-0.227777544971
864000000.0	0.457016054276
866000000.0	0.500442210703
868000000.0	0.458756120874
870000000.0	-0.273090948464
872000000.0	-0.711293800001
874000000.0	-0.943938424339
876000000.0	0.0422385984008
878000000.0	0.700769047232
880000000.0	1.02144521796
882000000.0	0.757282827783
884000000.0	0.0779713273364
886000000.0	-0.869461895273
888000000.0	-1.9857034873
890000000.0	-2.43153269815
892000000.0	-1.18380891113
894000000.0	2.66433501075
896000000.0	8.84556420807
898000000.0	14.9824170226
900000000.0	-43.0500691878
902000000.0	13.5457683786
904000000.0	8.42432572658
906000000.0	3.31114835786
908000000.0	-0.336994756075
910000000.0	-1.89304167543
912000000.0	-2.22681528782
914000000.0	-1.64668006013
916000000.0	-0.419299105012
918000000.0	0.903857012716
920000000.0	1.67619812673
922000000.0	1.17647396412
924000000.0	0.2473986205
926000000.0	-0.889016197329
928000000.0	-1.12593614645
930000000.0	-0.49490511467
932000000.0	0.304803086222
934000000.0	0.587305967304
936000000.0	0.420649877765
938000000.0	0.212448661862
940000000.0	-0.0507419002198
942000000.0	-0.424087552908
944000000.0	-0.45519675473
946000000.0	-0.172199254727
948000000.0	-0.0156148200355
950000000.0	0.317705159274
952000000.0	0.242619476936
954000000.0	0.0725803617121
956000000.0	-0.223993581127
958000000.0	-0.387886315885
960000000.0	-0.150188426887
962000000.0	0.20350368898
964000000.0	0.196940316126
966000000.0	0.297395429658
968000000.0	-0.174292657794
970000000.0	-0.172775073377
972000000.0	-0.242748060665
974000000.0	-0.26773965686
976000000.0	0.0284896252088
978000000.0	0.179949228034
980000000.0	0.346256971384
982000000.0	0.211529175248
984000000.0	0.0304432398903
986000000.0	-0.251846751528
988000000.0	-0.299508155789
990000000.0	-0.135553859479
992000000.0	0.193093429951
994000000.0	0.283874548797
996000000.0	0.345122233893
998000000.0	0.23844842058
1000000000.0	0.378125
1002000000.0	-0.319999898918
1004000000.0	-0.373211915453
1006000000.0	-0.187008096186
1008000000.0	0.0152928876183
1010000000.0	0.290914202407
1012000000.0	0.43393571244
1014000000.0	0.140388515018
1016000000.0	0.0490170715603
1018000000.0	-0.275473919091
1020000000.0	-0.269402253571
1022000000.0	-0.130844880236
1024000000.0	0.211925325741
1026000000.0	0.0480905166239
1028000000.0	0.0479292490891
1030000000.0	0.115643615489
1032000000.0	-0.0203711792838
1034000000.0	-0.0963750186474
1036000000.0	-0.104129097423
1038000000.0	-0.115506560411
1040000000.0	0.0583859821029
1042000000.0	0.129474416262
1044000000.0	-0.156988893475
1046000000.0	-0.0315009236583
1048000000.0	-0.126278263956
1050000000.0	-0.119154377497
1052000000.0	-0.1833189629
1054000000.0	-0.0558811750887
1056000000.0	0.088147062331
1058000000.0	-0.0257784087921
1060000000.0	-0.169518698936
1062000000.0	-0.138793359556
1064000000.0	-0.175260645935
1066000000.0	-0.0881310896951
1068000000.0	0.0675067563378
1070000000.0	0.155100407069
1072000000.0	-0.00581460678563
1074000000.0	0.09687253112
1076000000.0	0.0273114817721
1078000000.0	-0.0671506682427
1080000000.0	-0.0965483864745
1082000000.0	-0.0695216547449
1084000000.0	0.229978732102
1086000000.0	0.0685607214574
1088000000.0	0.14991290733
1090000000.0	-0.0317415291636
1092000000.0	-0.135657570081
1094000000.0	-0.198145618044
1096000000.0	-0.133140413364
1098000000.0	-0.0236546275967
1100000000.0	0.0850079085074
1102000000.0	0.0815879333879
1104000000.0	0.187578320927
1106000000.0	0.00218679140272
1108000000.0	-0.0851284197252
1110000000.0	-0.0592141824683
1112000000.0	-0.0141999237808
1114000000.0	-0.120963406333
1116000000.0	-0.101290953615
1118000000.0	0.187299788766
1120000000.0	0.0188904369308
1122000000.0	0.0423366618243
1124000000.0	0.0115465579615
1126000000.0	0.0286803848838
1128000000.0	-0.0393682927587
1130000000.0	0.00627899586488
1132000000.0	0.0468352414016
1134000000.0	-0.0164587697229
1136000000.0	0.0186164813956
1138000000.0	0.0905481470366
1140000000.0	-0.158537936515
1142000000.0	0.0275295527369
1144000000.0	-0.0216575815933
1146000000.0	-0.0942930960134
1148000000.0	0.111746080173
1150000000.0	-0.0918657331968
1152000000.0	-0.124434694701
1154000000.0	0.0239221716081
1156000000.0	-0.00413117901801
1158000000.0	0.00667392998602
1160000000.0	-0.0356873639841
1162000000.0	0.0883178891348
1164000000.0	0.173407124756
1166000000.0	-0.0149840432208
1168000000.0	-0.107928707388
1170000000.0	-0.0276647118406
1172000000.0	-0.0518396457374
1174000000.0	0.0347482146664
1176000000.0	0.0174481901293
1178000000.0	0.0694837097969
1180000000.0	0.0238962936117
1182000000.0	0.0811610439331
1184000000.0	-0.199268020154
1186000000.0	-0.0749764176319
1188000000.0	-0.086527939409
1190000000.0	0.108088931209
1192000000.0	0.00792344350806
1194000000.0	0.00710970334656
1196000000.0	-0.0142990358001
1198000000.0	-0.289537420173
1200000000.0	0.747408301434
1202000000.0	-0.368193858687
1204000000.0	-0.230649040121
1206000000.0	-0.162811171614
1208000000.0	0.0914103618348
1210000000.0	0.0656659633303
1212000000.0	0.0260497064487
1214000000.0	0.0393605408015
1216000000.0	0.0234828568567
1218000000.0	-0.141376130487
1220000000.0	-0.0578837475911
1222000000.0	-0.0443277074742
1224000000.0	0.057681850245
1226000000.0	0.051174385976
1228000000.0	0.202674313356
1230000000.0	-0.0970513825358
1232000000.0	0.0904460942035
1234000000.0	-0.0167863471599
1236000000.0	0.0332298124321
1238000000.0	-0.0045308800404
1240000000.0	0.0852267630618
1242000000.0	0.0857024446536
1244000000.0	0.00335059560954
1246000000.0	-0.043805271722
1248000000.0	0.0523180423386
1250000000.0	0.296540304183
1252000000.0	0.105869597744
1254000000.0	0.163337433056
1256000000.0	0.0245578201801
1258000000.0	-0.122460953427
1260000000.0	-0.115342005712
1262000000.0	-0.0137685257749
1264000000.0	-0.0827523689773
1266000000.0	-0.0342917358615
1268000000.0	0.0726532321813
1270000000.0	0.125475635267
1272000000.0	0.0421554749245
1274000000.0	-0.122039344504
1276000000.0	-0.0428357791579
1278000000.0	-0.118383330573
1280000000.0	-0.103040944198
1282000000.0	-0.0374058881604
1284000000.0	0.198575390209
1286000000.0	0.116709242034
1288000000.0	0.15760821861
1290000000.0	-0.0725631672134
1292000000.0	-0.162939493024
1294000000.0	-0.132685652374
1296000000.0	-0.236412844752
1298000000.0	-0.192659198709
1300000000.0	0.876940850179
1302000000.0	-0.287082311487
1304000000.0	-0.315311768325
1306000000.0	-0.0721572913377
1308000000.0	-0.114230127446
1310000000.0	0.164371729828
1312000000.0	0.0848026265686
1314000000.0	-0.0442520987633
1316000000.0	0.0161796321312
1318000000.0	-0.0312724826819
1320000000.0	0.0712926366927
1322000000.0	-0.0772486207338
1324000000.0	-0.0821524177903
1326000000.0	-0.00158196752205
1328000000.0	0.163422800444
1330000000.0	0.101337069737
1332000000.0	-0.166092180107
1334000000.0	-0.145677517003
1336000000.0	-0.00889946151567
1338000000.0	0.0513051916035
1340000000.0	0.0935654108449
1342000000.0	-0.0637080254275
1344000000.0	0.124920181209
1346000000.0	-0.042264354666
1348000000.0	0.0592630896264
1350000000.0	-0.0247255854682
1352000000.0	0.046917926291
1354000000.0	0.0294605578069
1356000000.0	0.127102531892
1358000000.0	0.00828899197613
1360000000.0	0.0526618787119
1362000000.0	0.0694358542048
1364000000.0	-0.0386407280499
1366000000.0	0.104193404809
1368000000.0	-0.0661670544487
1370000000.0	0.0280135717268
1372000000.0	0.329119505304
1374000000.0	0.621975464681
1376000000.0	-0.567013874442
1378000000.0	-0.147222349709
1380000000.0	-0.0858272750024
1382000000.0	-0.117043056033
1384000000.0	-0.0543656436737
1386000000.0	0.106252486997
1388000000.0	0.102143676635
1390000000.0	-0.0319892570159
1392000000.0	0.10953353179
1394000000.0	-0.191777952885
1396000000.0	-0.177211409766
1398000000.0	-0.216234812008
1400000000.0	0.288786098966
1402000000.0	-0.0711950929353
1404000000.0	0.00574166660493
1406000000.0	0.108392838003
1408000000.0	-0.0953714319327
1410000000.0	0.0323440316406
1412000000.0	-0.0632986738105
1414000000.0	-0.147551364337
1416000000.0	-0.110795756669
1418000000.0	-0.104466756292
1420000000.0	0.0656996481717
1422000000.0	-0.0378290766276
1424000000.0	0.0196915786919
1426000000.0	0.0641007051847
1428000000.0	-0.0909020601135
1430000000.0	-0.137088799244
1432000000.0	-0.00721863104609
1434000000.0	0.00784640899349
1436000000.0	0.124395487447
1438000000.0	0.139685299659
1440000000.0	-0.00372234021334
1442000000.0	0.0107184316481
1444000000.0	-0.0164059366222
1446000000.0	-0.0411032146503
1448000000.0	0.0931543039768
1450000000.0	0.123441119524
1452000000.0	-0.110541801005
1454000000.0	-0.0694153757651
1456000000.0	-0.151044822633
1458000000.0	-0.163382606607
1460000000.0	0.00796363577014
1462000000.0	0.121487147875
1464000000.0	0.200982354536
1466000000.0	0.147593736089
1468000000.0	0.0746737444865
1470000000.0	-0.330935355675
1472000000.0	-0.335179894183
1474000000.0	-0.407425844784
1476000000.0	0.082759959011
1478000000.0	0.517308467587
1480000000.0	0.586721171016
1482000000.0	0.257740513073
1484000000.0	-0.21055785713
1486000000.0	-0.530794208164
1488000000.0	-0.916543027837
1490000000.0	-0.788746502592
1492000000.0	0.00705705474568
1494000000.0	1.16328716742
1496000000.0	3.15439593195
1498000000.0	5.40894383355
1500000000.0	-15.3552272626
1502000000.0	5.10322182298
1504000000.0	3.24478965757
1506000000.0	0.961707417041
1508000000.0	-0.476011065537
1510000000.0	-1.01134695825
1512000000.0	-0.62798074299
1514000000.0	-0.196149488082
1516000000.0	0.0506076571145
1518000000.0	0.296905568712
1520000000.0	0.553293553363
1522000000.0	0.26490530405
1524000000.0	-0.0200072768402
1526000000.0	-0.234881912551
1528000000.0	-0.311818560605
1530000000.0	-0.0231521625719
1532000000.0	0.140113377737
1534000000.0	0.232352780889
1536000000.0	0.0477274029476
1538000000.0	-0.00445418125963
1540000000.0	-0.13675891951
1542000000.0	-0.124356675469
1544000000.0	0.0208324950731
1546000000.0	0.110430117341
1548000000.0	0.0239967563686
1550000000.0	-0.0473601654759
1552000000.0	-0.0303324699611
1554000000.0	-0.04547147577
1556000000.0	-0.0397657320309
1558000000.0	-0.172700719849
1560000000.0	0.0387615562306
1562000000.0	0.0609707856271
1564000000.0	0.133686675033
1566000000.0	-0.00448402040367
1568000000.0	-0.123463622566
1570000000.0	-0.07372773153
1572000000.0	-0.154522908844
1574000000.0	0.0493777328836
1576000000.0	0.0602657951676
1578000000.0	0.129201272997
1580000000.0	0.197032127902
1582000000.0	0.183773933656
1584000000.0	0.0276640940672
1586000000.0	-0.202521807981
1588000000.0	-0.00738085589502
1590000000.0	-0.0290705213776
1592000000.0	-0.0216253757557
1594000000.0	-0.10743541236
1596000000.0	0.11590245626
1598000000.0	0.0580748722048
1600000000.0	0.125758268082
1602000000.0	-0.134514972616
1604000000.0	-0.224148338927
1606000000.0	-0.0902823124335
1608000000.0	-0.0763445332963
1610000000.0	0.0203219032839
1612000000.0	0.047872012652
1614000000.0	-0.02244221574
1616000000.0	-0.158402381902
1618000000.0	-0.0913347419119
1620000000.0	-0.105956072916
1622000000.0	-0.0441016161693
1624000000.0	-0.0639953284059
1626000000.0	0.0677366457851
1628000000.0	0.0684407452645
1630000000.0	0.0752315880706
1632000000.0	0.06721793595
1634000000.0	-0.00803965080877
1636000000.0	0.0930445086205
1638000000.0	0.138477850126
1640000000.0	0.0291042803336
1642000000.0	0.0355970569556
1644000000.0	-0.0724249029634
1646000000.0	-0.0593865045493
1648000000.0	0.0366566822817
1650000000.0	-0.0242663327847
1652000000.0	0.0230974596493
1654000000.0	0.176726982787
1656000000.0	0.121142221564
1658000000.0	0.0238032462456
1660000000.0	-0.0761257707361
1662000000.0	-0.019515092856
1664000000.0	-0.0506810522076
1666000000.0	-0.100327112515
1668000000.0	0.198959580398
1670000000.0	-0.0539225133968
1672000000.0	0.0734429481249
1674000000.0	0.108423264934
1676000000.0	-0.0878724608543
1678000000.0	-0.0662032997666
1680000000.0	-0.123924682821
1682000000.0	0.0753600717509
1684000000.0	0.0148422339951
1686000000.0	-0.0129701412998
1688000000.0	0.0867023820006
1690000000.0	0.00360612163688
1692000000.0	-0.104255915949
1694000000.0	-0.0463229571312
1696000000.0	-0.0282971517628
1698000000.0	0.0885412243058
1700000000.0	-0.317087622257
1702000000.0	0.134820551189
1704000000.0	0.102371767478
1706000000.0	-0.0271017387177
1708000000.0	0.0540601891341
1710000000.0	-0.0669706850067
1712000000.0	0.0831090161171
1714000000.0	-0.0954134863097
1716000000.0	-0.0583936137272
1718000000.0	-0.0321084810897
1720000000.0	0.00412157980161
1722000000.0	-0.0933608557035
1724000000.0	0.0364731001078
1726000000.0	-0.00607258634362
1728000000.0	0.0659293901596
1730000000.0	-0.0433487540336
1732000000.0	0.0143845513462
1734000000.0	0.0482682252308
1736000000.0	0.0171300588378
1738000000.0	-0.10462935345
1740000000.0	0.0012372153793
1742000000.0	-0.0234410785545
1744000000.0	-0.0135040761003
1746000000.0	-0.0530915995556
1748000000.0	0.0694681056708
1750000000.0	-0.600268375935
1752000000.0	0.033062655097
1754000000.0	-0.0846801138658
1756000000.0	0.0216715249797
1758000000.0	-0.0692607097347
1760000000.0	0.179388122657
1762000000.0	-0.0238072219407
1764000000.0	-0.0393640320219
1766000000.0	0.0767933249549
1768000000.0	-0.075806177006
1770000000.0	0.0195524827013
1772000000.0	0.039081085496
1774000000.0	0.0810297354697
1776000000.0	0.0252810569342
1778000000.0	-0.0874782889917
1780000000.0	-0.0695871075456
1782000000.0	-0.0255856330577
1784000000.0	-0.0456942160853
1786000000.0	0.0316615909532
1788000000.0	-0.0124906455194
1790000000.0	0.00773075265809
1792000000.0	-0.0192803124291
1794000000.0	-0.095629729571
1796000000.0	-0.104746482408
1798000000.0	-0.228206632723
1800000000.0	0.653539720389
1802000000.0	-0.203575750662
1804000000.0	-0.0257171208693
1806000000.0	-0.0595063646242
1808000000.0	0.00665489131375
1810000000.0	0.0205227687375
1812000000.0	0.0159113643249
1814000000.0	-0.0498307862758
1816000000.0	-0.0798718721701
1818000000.0	-0.0684327008204
1820000000.0	0.0526250351678
1822000000.0	0.00473172839478
1824000000.0	-0.0325628322105
1826000000.0	0.0495012369273
1828000000.0	-0.0480600838871
1830000000.0	-0.160804155167
1832000000.0	-0.00168050196993
1834000000.0	-0.0384445415407
1836000000.0	0.00456239653314
1838000000.0	0.0104282536604
1840000000.0	0.0782394566899
1842000000.0	-0.00502961756574
1844000000.0	-0.11074182575
1846000000.0	0.0284801045067
1848000000.0	0.080040601221
1850000000.0	-0.0152229657647
1852000000.0	0.0224943677751
1854000000.0	0.041980754852
1856000000.0	-0.00228955709817
1858000000.0	0.0856718219103
1860000000.0	-0.0274969853282
1862000000.0	-0.156918343962
1864000000.0	0.0266295238711
1866000000.0	0.145717858072
1868000000.0	0.104446528695
1870000000.0	0.107871091503
1872000000.0	-0.000499652062318
1874000000.0	0.087764911505
1876000000.0	-0.255385214376
1878000000.0	-0.0606539000643
1880000000.0	-0.0999621137168
1882000000.0	-0.105943440711
1884000000.0	0.0290498503894
1886000000.0	-0.050758541868
1888000000.0	-0.0129739613165
1890000000.0	-0.295998687058
1892000000.0	-0.126645009853
1894000000.0	0.115849062417
1896000000.0	0.504734141817
1898000000.0	0.821611226777
1900000000.0	-1.936592231
1902000000.0	0.589598399837
1904000000.0	0.26231259829
1906000000.0	0.188503029255
1908000000.0	-0.0918459429326
1910000000.0	0.0110604610488
1912000000.0	-0.106985332444
1914000000.0	-0.190837851286
1916000000.0	-0.234880040231
1918000000.0	0.0188903080799
1920000000.0	0.062422348527
1922000000.0	0.111175759222
1924000000.0	0.0327000119455
1926000000.0	0.070005000293
1928000000.0	-0.0160187114473
1930000000.0	0.0141214754735
1932000000.0	-0.0287239916531
1934000000.0	0.0214368789882
1936000000.0	-0.0125542725918
1938000000.0	0.0739326628354
1940000000.0	0.0360612991201
1942000000.0	-0.0586177576548
1944000000.0	-0.0787360437405
1946000000.0	-0.0695959879938
1948000000.0	0.0314722867859
1950000000.0	0.0257255269758
1952000000.0	0.0359491651244
1954000000.0	0.0600539811762
1956000000.0	-0.00946722563764
1958000000.0	-0.000951467316239
1960000000.0	0.0187881025338
1962000000.0	0.0416767721871
1964000000.0	-0.0929630770478
1966000000.0	0.0542338009119
1968000000.0	-0.0718419528698
1970000000.0	0.0173641755337
1972000000.0	0.0776740374688
1974000000.0	0.0614207674733
1976000000.0	-0.0437426530157
1978000000.0	-0.0753662184551
1980000000.0	-0.0590214455379
1982000000.0	0.0120330569956
1984000000.0	0.0103502661317
1986000000.0	-0.0156641814697
1988000000.0	0.0628412593844
1990000000.0	0.0519419328436
1992000000.0	0.0834839037198
1994000000.0	-0.108772360916
1996000000.0	-0.0624230596212
1998000000.0	-0.252455983757
2000000000.0	0.690625
