0.0	-3.2968725
2000000.0	0.310950390983
4000000.0	0.360710463386
6000000.0	-0.0593512666206
8000000.0	0.0511959072869
10000000.0	0.127736514945
12000000.0	0.0390927983993
14000000.0	0.0410467870746
16000000.0	-0.0894540331306
18000000.0	0.126642801618
20000000.0	0.244680570199
22000000.0	0.376771205201
24000000.0	0.0478061797109
26000000.0	-0.306340451888
28000000.0	-0.802514713733
30000000.0	-0.841571089506
32000000.0	-0.532710611815
34000000.0	0.261667421682
36000000.0	1.10414125953
38000000.0	0.829736300594
40000000.0	0.278855866996
42000000.0	-0.163894427259
44000000.0	-0.654288417868
46000000.0	-0.708370902639
48000000.0	-0.357315035916
50000000.0	0.0439806226119
52000000.0	0.776471829417
54000000.0	0.930882838309
56000000.0	0.561424624701
58000000.0	-0.05239341953
60000000.0	-0.692521006319
62000000.0	-1.03574908597
64000000.0	-0.688771560759
66000000.0	0.0514404599307
68000000.0	0.695770217239
70000000.0	0.938665657803
72000000.0	0.73064398794
74000000.0	-0.0340804312913
76000000.0	-0.613439608963
78000000.0	-0.844976467562
80000000.0	-0.649282543164
82000000.0	-0.15012015673
84000000.0	0.573126213942
86000000.0	0.800179977087
88000000.0	0.529890331124
90000000.0	0.139415962669
92000000.0	-0.388051904239
94000000.0	-0.569978542557
96000000.0	-0.52070582818
98000000.0	-0.115986532162
100000000.0	0.237735428378
102000000.0	0.474911948541
104000000.0	0.371404442586
106000000.0	-0.0298028483731
108000000.0	-0.183841397534
110000000.0	-0.273742394437
112000000.0	-0.231055685521
114000000.0	-0.0610140427537
116000000.0	0.216300040509
118000000.0	0.110318957145
120000000.0	0.0286702851108
122000000.0	-0.052573114372
124000000.0	-0.229313007666
126000000.0	0.193378274634
128000000.0	0.0960775068208
130000000.0	0.162571983171
132000000.0	0.120830288866
134000000.0	-0.0355248470319
136000000.0	-0.240264595131
138000000.0	-0.205045579126
140000000.0	0.0173542644567
142000000.0	0.206989157812
144000000.0	0.258898693731
146000000.0	0.259413408682
148000000.0	0.0265304514856
150000000.0	-0.191545122527
152000000.0	-0.345001976179
154000000.0	-0.306479949852
156000000.0	-0.00515826381242
158000000.0	0.186229235848
160000000.0	0.36915728052
162000000.0	0.252703536586
164000000.0	0.0888726559293
166000000.0	-0.348918094689
168000000.0	-0.393787780698
170000000.0	-0.257925484882
172000000.0	0.0415543127752
174000000.0	0.235557443226
176000000.0	0.383428847359
178000000.0	0.243959845512
180000000.0	-0.0912913030009
182000000.0	-0.371711350201
184000000.0	-0.299949489245
186000000.0	-0.131670942762
188000000.0	0.194258619775
190000000.0	0.317806931606
192000000.0	0.289972323271
194000000.0	0.0735862438585
196000000.0	-0.26485031719
198000000.0	-0.378176099195
200000000.0	-0.240571896408
202000000.0	-0.0209034268262
204000000.0	0.264020150292
206000000.0	0.378910071625
208000000.0	0.256662157806
210000000.0	0.0502573929925
212000000.0	-0.394280577724
214000000.0	-0.476639232777
216000000.0	-0.243322281747
218000000.0	0.0821961788031
220000000.0	0.356290867082
222000000.0	0.411385900086
224000000.0	0.250052302423
226000000.0	-0.131243997727
228000000.0	-0.357259237426
230000000.0	-0.338762618122
232000000.0	-0.158347663073
234000000.0	0.123860192431
236000000.0	0.355233692182
238000000.0	0.283922155638
240000000.0	0.0162542013755
242000000.0	-0.185314725648
244000000.0	-0.239511378773
246000000.0	-0.187572051684
248000000.0	0.173803720966
250000000.0	0.336121508343
252000000.0	0.14791691087
254000000.0	-0.200770565145
256000000.0	-0.396104739676
258000000.0	-0.281344372947
260000000.0	0.0335870544802
262000000.0	0.541136449009
264000000.0	0.822848213367
266000000.0	0.564063331673
268000000.0	-0.181509778588
270000000.0	-1.09348291126
272000000.0	-1.49367557806
274000000.0	-0.917958911853
276000000.0	0.377012967911
278000000.0	1.83811502294
280000000.0	2.58259369555
282000000.0	1.83808208467
284000000.0	-0.523886748176
286000000.0	-3.32764525289
288000000.0	-4.99073306817
290000000.0	-3.85178349391
292000000.0	0.644497347654
294000000.0	7.87335686162
296000000.0	15.6378037511
298000000.0	21.8586047967
300000000.0	-74.1350012898
302000000.0	20.9619249835
304000000.0	15.2580942161
306000000.0	7.64934068153
308000000.0	0.862385258636
310000000.0	-3.45057964146
312000000.0	-4.49939122892
314000000.0	-3.21315178236
316000000.0	-0.712758107367
318000000.0	1.23524802945
320000000.0	2.16650384024
322000000.0	1.77739033819
324000000.0	0.685123007041
326000000.0	-0.464894457858
328000000.0	-0.948696406639
330000000.0	-0.871122992167
332000000.0	-0.507681553736
334000000.0	0.0918628263301
336000000.0	0.303612057164
338000000.0	0.390091329482
340000000.0	0.300226594728
342000000.0	0.205047039125
344000000.0	0.189098373069
346000000.0	0.167226951405
348000000.0	-0.0358001091586
350000000.0	-0.323570650142
352000000.0	-0.561398996936
354000000.0	-0.468801292912
356000000.0	-0.231545884076
358000000.0	0.201972803005
360000000.0	0.567428785103
362000000.0	0.589381131746
364000000.0	0.401984418698
366000000.0	-0.137437164478
368000000.0	-0.63664113152
370000000.0	-0.816237056515
372000000.0	-0.516921103857
374000000.0	-0.0790643311222
376000000.0	0.596083969314
378000000.0	0.953438015871
380000000.0	0.615861873094
382000000.0	0.0806254196701
384000000.0	-0.50871402925
386000000.0	-0.763929951726
388000000.0	-0.782939614102
390000000.0	-0.300542981441
392000000.0	0.259578430121
394000000.0	0.714103898675
396000000.0	0.736072295668
398000000.0	0.328908263771
400000000.0	-0.17459053248
402000000.0	-0.540957555993
404000000.0	-0.609844036735
406000000.0	-0.400674413484
408000000.0	0.0892973697516
410000000.0	0.427368543974
412000000.0	0.459178362261
414000000.0	0.375259617285
416000000.0	0.0769221010435
418000000.0	-0.182060212034
420000000.0	-0.319128864409
422000000.0	-0.389937592964
424000000.0	-0.159840740681
426000000.0	0.148577136642
428000000.0	0.203991250769
430000000.0	0.159054966933
432000000.0	0.163075900211
434000000.0	0.0473812128659
436000000.0	-0.0212115968031
438000000.0	-0.057182772093
440000000.0	-0.15186352912
442000000.0	-0.242295676207
444000000.0	-0.132659737817
446000000.0	-0.0158539495729
448000000.0	0.075181174876
450000000.0	0.182856207407
452000000.0	0.203563624338
454000000.0	0.173020083182
456000000.0	0.0370610541747
458000000.0	-0.267635892549
460000000.0	-0.35481679664
462000000.0	-0.237911117691
464000000.0	-0.016763608716
466000000.0	0.21276848692
468000000.0	0.33255522849
470000000.0	0.265091485189
472000000.0	0.100367245225
474000000.0	-0.0850476304301
476000000.0	-0.282660517727
478000000.0	-0.39650769606
480000000.0	-0.189916446328
482000000.0	0.0938208307448
484000000.0	0.195168709971
486000000.0	0.310013985301
488000000.0	0.1565536067
490000000.0	0.018213950029
492000000.0	-0.272058432682
494000000.0	-0.345319672959
496000000.0	-0.307701805015
498000000.0	-0.0852565880624
500000000.0	0.0193238297313
502000000.0	0.291747394708
504000000.0	0.324967195706
506000000.0	0.230181222499
508000000.0	-0.0301088124519
510000000.0	-0.162647867765
512000000.0	-0.236427788052
514000000.0	-0.207542706087
516000000.0	-0.0883303379106
518000000.0	0.108909621835
520000000.0	0.197340092965
522000000.0	0.16995013817
524000000.0	0.129886767849
526000000.0	0.0158388894858
528000000.0	-0.107784859845
530000000.0	-0.0690011242385
532000000.0	-0.145815268277
534000000.0	-0.154604665967
536000000.0	0.0176259441982
538000000.0	0.0998081259405
540000000.0	0.156229621484
542000000.0	0.164293869771
544000000.0	0.165115754835
546000000.0	-0.0564091685152
548000000.0	-0.187572449298
550000000.0	-0.181159730291
552000000.0	-0.202474246223
554000000.0	-0.0745749449656
556000000.0	0.051844089113
558000000.0	0.146592657725
560000000.0	0.228557604129
562000000.0	0.109651222668
564000000.0	-0.0625654085146
566000000.0	-0.110721507608
568000000.0	-0.241704437365
570000000.0	-0.198079682711
572000000.0	-0.0410255128459
574000000.0	0.195926406976
576000000.0	0.204585529356
578000000.0	0.114424376171
580000000.0	-0.00739391750754
582000000.0	0.0157149263271
584000000.0	-0.174761229493
586000000.0	-0.169102774478
588000000.0	-0.130269785159
590000000.0	-0.00357868784278
592000000.0	0.0582830552626
594000000.0	0.252345606573
596000000.0	0.103328183744
598000000.0	-0.00944253561301
600000000.0	0.317772194278
602000000.0	-0.285553964605
604000000.0	-0.22886030914
606000000.0	-0.178850554906
608000000.0	0.00217621876036
610000000.0	0.0840713909778
612000000.0	0.184218971362
614000000.0	0.121858789821
616000000.0	0.145425681279
618000000.0	-0.0442884535222
620000000.0	-0.199954371118
622000000.0	-0.215978867976
624000000.0	-0.269962763086
626000000.0	0.0740046158998
628000000.0	0.0342514993678
630000000.0	0.167401858118
632000000.0	0.203094062184
634000000.0	0.122142562758
636000000.0	0.0519740441407
638000000.0	-0.119891626728
640000000.0	-0.154749000549
642000000.0	-0.156393210963
644000000.0	-0.0311365363464
646000000.0	0.0498589051833
648000000.0	0.121874080232
650000000.0	0.149842825778
652000000.0	0.084051154782
654000000.0	0.00163684481251
656000000.0	-0.0470993799581
658000000.0	-0.202629719154
660000000.0	-0.119542638854
662000000.0	-0.116498912088
664000000.0	0.0640842755152
666000000.0	0.0614270538555
668000000.0	0.117476358657
670000000.0	0.135793149812
672000000.0	0.00159446980156
674000000.0	-0.0335445968186
676000000.0	-0.203895287157
678000000.0	-0.1480177188
680000000.0	-0.103242612968
682000000.0	-0.025174610541
684000000.0	0.121499587058
686000000.0	0.168819985394
688000000.0	0.22195447706
690000000.0	-0.0506144442876
692000000.0	-0.0605744729342
694000000.0	-0.141306058107
696000000.0	-0.111045182274
698000000.0	-0.139058535121
700000000.0	-0.00480592871124
702000000.0	0.0838524732986
704000000.0	0.201314982072
706000000.0	0.215648175726
708000000.0	0.042509113638
710000000.0	-0.0929312414017
712000000.0	-0.0972588647351
714000000.0	-0.227741130368
716000000.0	-0.12352010021
718000000.0	0.0172387439339
720000000.0	0.204365728371
722000000.0	0.178801226061
724000000.0	0.12374731236
726000000.0	0.00574314541247
728000000.0	-0.130408799561
730000000.0	-0.136204182756
732000000.0	-0.234602741916
734000000.0	-0.0498100188307
736000000.0	0.0984103161459
738000000.0	0.0671158306298
740000000.0	0.127799569001
742000000.0	0.123582303927
744000000.0	0.0750388916317
746000000.0	-0.160586109714
748000000.0	-0.128933021203
750000000.0	0.119517792155
752000000.0	-0.0553188730511
754000000.0	0.0601457594031
756000000.0	0.132828054462
758000000.0	0.0949518437928
760000000.0	0.0144410438753
762000000.0	0.0316829977705
764000000.0	0.0137533616595
766000000.0	-0.0437719443639
768000000.0	-0.114768845361
770000000.0	-0.109294107361
772000000.0	-0.119575092438
774000000.0	0.0837354812531
776000000.0	-0.0481860462201
778000000.0	0.0957145062308
780000000.0	0.155080422738
782000000.0	0.0706388295568
784000000.0	-0.00630785572013
786000000.0	-0.135636975351
788000000.0	-0.217831779271
790000000.0	-0.0662787911516
792000000.0	0.0380598294766
794000000.0	0.209043023008
796000000.0	0.215190960845
798000000.0	0.230632236342
800000000.0	0.0633991586191
802000000.0	-0.0907608892883
804000000.0	-0.307473067091
806000000.0	-0.250903409856
808000000.0	-0.0591010872257
810000000.0	0.109855349238
812000000.0	0.308346076396
814000000.0	0.261532819998
816000000.0	0.195603122852
818000000.0	-0.093781755573
820000000.0	-0.283908447914
822000000.0	-0.256431451853
824000000.0	-0.205754173648
826000000.0	-0.00638773635889
828000000.0	0.205051998064
830000000.0	0.241953970516
832000000.0	0.173796553272
834000000.0	0.0160066899345
836000000.0	-0.111552284254
838000000.0	-0.252954046495
840000000.0	-0.283402072162
842000000.0	-0.0296679419378
844000000.0	0.0491584361379
846000000.0	0.177296192355
848000000.0	0.0792786843438
850000000.0	0.0686200154479
852000000.0	0.0143789321901
854000000.0	-0.0846174482557
856000000.0	-0.158859079745
858000000.0	-0.0508028426997
860000000.0	-0.0917143818201
862000000.0	-0.0725107784665
864000000.0	-0.0177941371601
866000000.0	0.0260212438606
868000000.0	0.0983026834529
870000000.0	0.241802615494
872000000.0	0.268330534982
874000000.0	0.120876599279
876000000.0	-0.199687951353
878000000.0	-0.427587453016
880000000.0	-0.53574679583
882000000.0	-0.397289380324
884000000.0	0.181115880254
886000000.0	0.795067021164
888000000.0	1.25300334027
890000000.0	0.901086894217
892000000.0	-0.202053025627
894000000.0	-1.96318335181
896000000.0	-4.00032650528
898000000.0	-5.69769451963
900000000.0	19.2555860117
902000000.0	-5.39381472323
904000000.0	-4.02068855319
906000000.0	-2.08874139769
908000000.0	-0.197193214494
910000000.0	0.984353234483
912000000.0	1.15131681862
914000000.0	0.8259538183
916000000.0	0.177092986313
918000000.0	-0.437659383546
920000000.0	-0.602230697726
922000000.0	-0.462491294419
924000000.0	-0.102748989295
926000000.0	0.220416507454
928000000.0	0.348206184747
930000000.0	0.318282328346
932000000.0	0.0230782488486
934000000.0	-0.158271680086
936000000.0	-0.207238824489
938000000.0	-0.12212174478
940000000.0	-0.13243407378
942000000.0	0.0870880991718
944000000.0	0.0585616152776
946000000.0	0.0499289406286
948000000.0	-0.0589985864786
950000000.0	-0.144525509279
952000000.0	0.00971678513792
954000000.0	-0.024346745745
956000000.0	0.00948928817668
958000000.0	0.0113370578596
960000000.0	-0.117165904329
962000000.0	-0.104614018249
964000000.0	-0.0740188027876
966000000.0	-0.0271197133938
968000000.0	0.0174719003135
970000000.0	0.0882618572995
972000000.0	0.135951647011
974000000.0	0.00487068603596
976000000.0	-0.00579263104362
978000000.0	-0.0780652292132
980000000.0	-0.170171943699
982000000.0	-0.0105404206891
984000000.0	0.0228158898619
986000000.0	0.0838455626745
988000000.0	0.0877939474881
990000000.0	0.113507881994
992000000.0	-0.0539643571925
994000000.0	-0.11314212969
996000000.0	-0.103139461108
998000000.0	-0.0484039361063
1000000000.0	0.406249
1002000000.0	0.0382202183214
1004000000.0	0.137524067205
1006000000.0	-0.0359682674436
1008000000.0	-0.00839443463978
1010000000.0	-0.0305374755876
1012000000.0	6.49024458766e-05
1014000000.0	-0.000125545493911
1016000000.0	0.0241649585824
1018000000.0	-0.0132257523805
1020000000.0	0.156464671685
1022000000.0	0.0594364821992
1024000000.0	-0.0224094578554
1026000000.0	0.000551278068117
1028000000.0	-0.00561525188689
1030000000.0	-0.0463507261205
1032000000.0	0.0254396180207
1034000000.0	0.00967098723948
1036000000.0	-0.0245565283023
1038000000.0	-0.0603770398624
1040000000.0	-0.0462327799299
1042000000.0	-0.0324269197131
1044000000.0	0.0155640930124
1046000000.0	0.0214949846026
1048000000.0	0.0388795496962
1050000000.0	0.0151131705987
1052000000.0	-0.0323272304059
1054000000.0	-0.0779788308265
1056000000.0	-0.0492249944847
1058000000.0	0.0281492701691
1060000000.0	0.0045616956077
1062000000.0	-0.00154608708752
1064000000.0	0.0232438958094
1066000000.0	0.00572149973776
1068000000.0	0.00507018844802
1070000000.0	-0.0366632652102
1072000000.0	-0.0266383182563
1074000000.0	0.0652506471151
1076000000.0	-0.00599241186734
1078000000.0	0.0626441210597
1080000000.0	0.0137677510947
1082000000.0	-0.0341969566935
1084000000.0	-0.0834024289586
1086000000.0	-0.00766101823313
1088000000.0	-0.0358733107934
1090000000.0	0.029130977044
1092000000.0	0.0562778895388
1094000000.0	-0.0273241935845
1096000000.0	-0.0220281134225
1098000000.0	0.0161912433178
1100000000.0	-0.00864276923957
1102000000.0	-0.0799238394099
1104000000.0	-0.0280483279547
1106000000.0	-0.0243202132525
1108000000.0	-0.00987980508049
1110000000.0	-0.0221634979816
1112000000.0	-0.0416951801325
1114000000.0	-0.0391402918407
1116000000.0	0.0113069624745
1118000000.0	0.0270696070889
1120000000.0	0.0198547946051
1122000000.0	0.0116866780281
1124000000.0	-0.0718867222842
1126000000.0	0.00543686280155
1128000000.0	0.0226638611796
1130000000.0	-0.0333832934869
1132000000.0	-0.00267285666986
1134000000.0	0.0767880624893
1136000000.0	-0.047771517153
1138000000.0	0.0341490931983
1140000000.0	0.010029459225
1142000000.0	0.0123454661061
1144000000.0	-0.00513300150572
1146000000.0	-0.00633848657557
1148000000.0	0.0497840958302
1150000000.0	-0.0173975257145
1152000000.0	0.0165599961576
1154000000.0	-0.0215728588227
1156000000.0	-0.0184937506974
1158000000.0	0.0259392992019
1160000000.0	0.0315619390669
1162000000.0	-0.00855269724192
1164000000.0	0.0504482131248
1166000000.0	0.0430787922357
1168000000.0	0.0681899216468
1170000000.0	0.0473532337068
1172000000.0	-0.0436703610634
1174000000.0	-0.0284725481087
1176000000.0	-0.00611535587501
1178000000.0	0.0250215429701
1180000000.0	0.069872936604
1182000000.0	0.0742053671736
1184000000.0	0.00414159007447
1186000000.0	-0.0863020477818
1188000000.0	-0.118238580903
1190000000.0	-0.0560867029822
1192000000.0	-0.0268577291961
1194000000.0	0.1030367454
1196000000.0	0.106060926514
1198000000.0	0.113165648866
1200000000.0	-0.41916046752
1202000000.0	0.135172658385
1204000000.0	0.00806806930657
1206000000.0	-0.00946133718958
1208000000.0	0.0826340675883
1210000000.0	0.0226611766527
1212000000.0	-0.0323246186785
1214000000.0	0.0439713346471
1216000000.0	-0.00671979393312
1218000000.0	0.0773485108173
1220000000.0	0.0289391081316
1222000000.0	0.0735159088687
1224000000.0	0.071179561144
1226000000.0	-0.0545248491706
1228000000.0	0.0191942300835
1230000000.0	0.00851483758226
1232000000.0	0.0278823863767
1234000000.0	0.0243157131253
1236000000.0	0.0170447959247
1238000000.0	0.0214029806118
1240000000.0	0.0152528097278
1242000000.0	-0.00964222021838
1244000000.0	-0.0657380811721
1246000000.0	0.00434078857441
1248000000.0	0.0190934637684
1250000000.0	-0.232852252483
1252000000.0	0.0136268882391
1254000000.0	0.00882839143725
1256000000.0	0.0344188066344
1258000000.0	0.00407964829519
1260000000.0	-0.0540269997693
1262000000.0	0.0600122624396
1264000000.0	0.0280976034836
1266000000.0	-0.0313116028775
1268000000.0	0.0402634237461
1270000000.0	-0.0217548721677
1272000000.0	-0.0104269411402
1274000000.0	-0.0366528198556
1276000000.0	0.0318841074174
1278000000.0	0.0671547925494
1280000000.0	0.0104874764511
1282000000.0	-0.0188486116749
1284000000.0	-0.0097539020191
1286000000.0	-0.0153181485829
1288000000.0	0.0518257411144
1290000000.0	0.032838983443
1292000000.0	-0.0229246429458
1294000000.0	0.0499062324022
1296000000.0	0.0665981627003
1298000000.0	0.125192890439
1300000000.0	-0.331877914001
1302000000.0	0.101606854206
1304000000.0	0.0468304265672
1306000000.0	0.000553668835334
1308000000.0	-0.0489766584949
1310000000.0	0.00984183136575
1312000000.0	-0.0402442933082
1314000000.0	-0.0116204886682
1316000000.0	0.0695634881725
1318000000.0	-0.00935836249961
1320000000.0	0.0422766841782
1322000000.0	0.00965848476618
1324000000.0	-0.0521605725816
1326000000.0	-0.0576358749247
1328000000.0	-0.0097097020712
1330000000.0	0.0137745663305
1332000000.0	-0.0121591656919
1334000000.0	0.0449931090154
1336000000.0	0.0118837730686
1338000000.0	-0.0594350982817
1340000000.0	-0.0825501401074
1342000000.0	-0.032379713509
1344000000.0	-0.00935728659526
1346000000.0	0.0308308575014
1348000000.0	0.00891160467455
1350000000.0	0.0299991984062
1352000000.0	0.06261426315
1354000000.0	-0.0907840362798
1356000000.0	0.0185285275987
1358000000.0	0.0189163760163
1360000000.0	-0.00524547671341
1362000000.0	0.0940616340974
1364000000.0	0.0250659532935
1366000000.0	0.0847348635928
1368000000.0	0.0723562513671
1370000000.0	-0.0663526269712
1372000000.0	-0.00484869461611
1374000000.0	-0.0844989652086
1376000000.0	0.0641668872899
1378000000.0	-0.0271999041127
1380000000.0	-0.0179535230795
1382000000.0	0.0441384872139
1384000000.0	-0.0111322566972
1386000000.0	-0.0108876331205
1388000000.0	0.0808095950691
1390000000.0	0.0338394240769
1392000000.0	0.0631026388538
1394000000.0	0.0379974375994
1396000000.0	-0.0624003863831
1398000000.0	-0.148850491153
1400000000.0	0.0837986572825
1402000000.0	0.0285715535267
1404000000.0	-0.0270075125045
1406000000.0	0.129253130582
1408000000.0	0.0180931692699
1410000000.0	0.0214887685748
1412000000.0	0.0092134655885
1414000000.0	-0.0140421636904
1416000000.0	-0.043809394433
1418000000.0	-0.0436180069336
1420000000.0	0.130413760645
1422000000.0	0.058034855098
1424000000.0	0.0411449236423
1426000000.0	-0.0772480892861
1428000000.0	-0.101263697113
1430000000.0	-0.0793691101807
1432000000.0	0.0453551927781
1434000000.0	0.0597594947722
1436000000.0	0.034658780345
1438000000.0	0.0989942774273
1440000000.0	0.0189434675671
1442000000.0	0.0103112531537
1444000000.0	-0.0109435864439
1446000000.0	-0.0570778880481
1448000000.0	-0.066642206175
1450000000.0	0.0615879309178
1452000000.0	0.0355988817454
1454000000.0	0.0129831991749
1456000000.0	0.07001463166
1458000000.0	0.0043778340499
1460000000.0	0.00731098518966
1462000000.0	-0.0855783921007
1464000000.0	-0.0823900916211
1466000000.0	-0.0645732232448
1468000000.0	0.0201836059661
1470000000.0	0.0665911783765
1472000000.0	-0.0470001720026
1474000000.0	-0.0237490386226
1476000000.0	0.0395615065843
1478000000.0	0.0279195932552
1480000000.0	0.161482053236
1482000000.0	0.143173777509
1484000000.0	-0.0957203596116
1486000000.0	-0.159005467798
1488000000.0	-0.330814384323
1490000000.0	-0.276428539647
1492000000.0	0.0163638599219
1494000000.0	0.4628330812
1496000000.0	1.23070052131
1498000000.0	1.85114655757
1500000000.0	-6.37557382973
1502000000.0	1.81511997334
1504000000.0	1.32439098076
1506000000.0	0.751239625242
1508000000.0	0.123841025569
1510000000.0	-0.456208238523
1512000000.0	-0.484960868869
1514000000.0	-0.33336814679
1516000000.0	-0.0784873441868
1518000000.0	0.107653543095
1520000000.0	0.275890301558
1522000000.0	0.244120670916
1524000000.0	0.0945690179784
1526000000.0	-0.073533574504
1528000000.0	-0.183632196422
1530000000.0	-0.141682993448
1532000000.0	-0.0676935652408
1534000000.0	0.0438589053456
1536000000.0	0.200873793519
1538000000.0	0.115867455741
1540000000.0	0.0655411261295
1542000000.0	0.002406675379
1544000000.0	-0.00672572744662
1546000000.0	0.0149452241849
1548000000.0	-0.0619662289396
1550000000.0	0.00115429662653
1552000000.0	0.0449058769641
1554000000.0	-0.0615494044948
1556000000.0	0.0505415702092
1558000000.0	0.00148162780498
1560000000.0	-0.0377990639181
1562000000.0	-0.0109297256384
1564000000.0	0.0124567576266
1566000000.0	0.014246372967
1568000000.0	-0.0627129755461
1570000000.0	-0.0664434057724
1572000000.0	-0.0497800671524
1574000000.0	0.00796841533897
1576000000.0	0.0299633255264
1578000000.0	0.0557935574157
1580000000.0	0.0604608321994
1582000000.0	0.0684938967795
1584000000.0	-0.0405258506935
1586000000.0	-0.0628945052156
1588000000.0	-0.0383186463974
1590000000.0	-0.0742638524069
1592000000.0	0.111180592264
1594000000.0	0.00639593581643
1596000000.0	0.115601686924
1598000000.0	-0.0058040746957
1600000000.0	-0.0868366586191
1602000000.0	0.0133861662795
1604000000.0	-0.00723999093117
1606000000.0	-0.0706979823055
1608000000.0	0.044561725863
1610000000.0	0.0508638601197
1612000000.0	0.0706336483451
1614000000.0	0.0131357258901
1616000000.0	0.0239179237173
1618000000.0	-0.0190014103621
1620000000.0	-0.0624752649815
1622000000.0	-0.0674633964441
1624000000.0	0.0120461953428
1626000000.0	0.00416376169407
1628000000.0	0.0020262190714
1630000000.0	-0.03391057676
1632000000.0	0.116454520038
1634000000.0	0.0649878013658
1636000000.0	0.0104738106696
1638000000.0	-0.0225509413972
1640000000.0	-0.0195554145937
1642000000.0	0.0688379689261
1644000000.0	-0.0235845593533
1646000000.0	-0.0436148233306
1648000000.0	-0.00673248829746
1650000000.0	-0.0195216301811
1652000000.0	0.0941238290656
1654000000.0	0.0316852847719
1656000000.0	-0.0252319718743
1658000000.0	-0.0567534775899
1660000000.0	0.0131538380008
1662000000.0	0.0924175847335
1664000000.0	-0.00513409508498
1666000000.0	0.135085634026
1668000000.0	0.0311326548684
1670000000.0	-0.0112945420194
1672000000.0	0.0303901454977
1674000000.0	-0.0166535233281
1676000000.0	0.00224585398546
1678000000.0	0.0220001595342
1680000000.0	-0.0583719526643
1682000000.0	0.11019656773
1684000000.0	0.0242877795893
1686000000.0	0.0386643074769
1688000000.0	0.0225871293803
1690000000.0	0.0760153005416
1692000000.0	-0.0325884426275
1694000000.0	0.00275680146637
1696000000.0	-0.00912515080525
1698000000.0	0.0325557905476
1700000000.0	-0.0622903373786
1702000000.0	0.137018461314
1704000000.0	0.0217962173478
1706000000.0	-0.00442797961339
1708000000.0	-0.0428498585381
1710000000.0	0.00207440571014
1712000000.0	-0.0119625034643
1714000000.0	-0.0177165905114
1716000000.0	0.0101295005753
1718000000.0	-0.0279170210947
1720000000.0	-0.0115272663257
1722000000.0	-0.0475530194729
1724000000.0	0.00813050692278
1726000000.0	0.0256513365281
1728000000.0	-0.0305659737859
1730000000.0	-0.0106957298641
1732000000.0	-0.0550092877658
1734000000.0	0.0151326890184
1736000000.0	0.0166279533754
1738000000.0	0.0532831618125
1740000000.0	0.0126856668156
1742000000.0	-0.00324374976342
1744000000.0	-0.0372179938128
1746000000.0	-0.0601241353818
1748000000.0	-0.0242038442544
1750000000.0	0.0897129519845
1752000000.0	-0.00700143699597
1754000000.0	-0.0180731651555
1756000000.0	0.0101530649504
1758000000.0	-0.00629580044687
1760000000.0	-0.0208159750175
1762000000.0	0.0657799611783
1764000000.0	-0.0422359716284
1766000000.0	0.0219549059527
1768000000.0	-0.029703962015
1770000000.0	-0.0207141719959
1772000000.0	0.0615147344797
1774000000.0	0.0202876913493
1776000000.0	-0.0186293201378
1778000000.0	0.00543340631402
1780000000.0	0.0296366920725
1782000000.0	0.0244847471754
1784000000.0	-0.0921083190313
1786000000.0	0.0149591276573
1788000000.0	0.0881298261906
1790000000.0	0.056692998179
1792000000.0	0.00416254582244
1794000000.0	-0.0831258127036
1796000000.0	-0.0580093087558
1798000000.0	-0.0453229840429
1800000000.0	0.331189544848
1802000000.0	-0.0461148445256
1804000000.0	-0.0732229928177
1806000000.0	-0.0298831076874
1808000000.0	-0.00854366522771
1810000000.0	0.00849214685417
1812000000.0	0.0822259794216
1814000000.0	-0.00602365541244
1816000000.0	-0.0252135482509
1818000000.0	-0.0349120871291
1820000000.0	-0.0476075353626
1822000000.0	-0.0109142607557
1824000000.0	-0.0178841319969
1826000000.0	0.0728942124896
1828000000.0	-0.0220604319765
1830000000.0	-0.00852925837101
1832000000.0	0.0206783868219
1834000000.0	0.0468792921633
1836000000.0	-0.0161590843365
1838000000.0	-0.0591814113807
1840000000.0	-0.00440578713127
1842000000.0	-0.0429609867233
1844000000.0	0.0271991771829
1846000000.0	0.0265016843608
1848000000.0	-0.00016158687432
1850000000.0	0.0162059279093
1852000000.0	-0.00941726651237
1854000000.0	0.0515158477385
1856000000.0	-0.0298291954635
1858000000.0	-0.0306169781153
1860000000.0	-0.0299590791426
1862000000.0	-0.0228257063343
1864000000.0	-0.0215168376854
1866000000.0	0.0222285407228
1868000000.0	0.0552111975268
1870000000.0	0.0478842438505
1872000000.0	0.0723709289158
1874000000.0	0.0200330410104
1876000000.0	-0.0222802126122
1878000000.0	-0.0608080928862
1880000000.0	-0.111664869257
1882000000.0	-0.0239154942727
1884000000.0	0.057800593218
1886000000.0	0.150001228412
1888000000.0	0.110528553581
1890000000.0	0.0860128546671
1892000000.0	-0.0345991905455
1894000000.0	-0.23063078227
1896000000.0	-0.262128375946
1898000000.0	-0.317227942756
1900000000.0	1.40554679909
1902000000.0	-0.405625491843
1904000000.0	-0.298474614357
1906000000.0	-0.163708189805
1908000000.0	0.0537084036862
1910000000.0	0.0323219217933
1912000000.0	0.113916015916
1914000000.0	0.0596515394434
1916000000.0	0.0143087405104
1918000000.0	-0.0176579389353
1920000000.0	0.0187929668394
1922000000.0	0.00124290660309
1924000000.0	0.0102248045944
1926000000.0	-0.0261346965405
1928000000.0	0.0339137038366
1930000000.0	-0.0457033691506
1932000000.0	-0.0334906941642
1934000000.0	-0.028595677981
1936000000.0	0.0232573897149
1938000000.0	0.0981799347843
1940000000.0	-0.00274956380263
1942000000.0	0.0376250183028
1944000000.0	0.0138780459637
1946000000.0	-0.0288858609207
1948000000.0	-0.0113653296382
1950000000.0	0.0271099724312
1952000000.0	-0.0259545199613
1954000000.0	0.0232678756246
1956000000.0	-0.0153183604397
1958000000.0	0.00901947342009
1960000000.0	-0.0342604808348
1962000000.0	0.0041076513447
1964000000.0	-0.0457284369515
1966000000.0	-0.044401174407
1968000000.0	-0.0644469224644
1970000000.0	0.0320144308954
1972000000.0	0.025557697305
1974000000.0	0.073240030048
1976000000.0	-0.0262062508347
1978000000.0	-0.0160113465842
1980000000.0	0.00776824173823
1982000000.0	-0.0356526943731
1984000000.0	0.109616151744
1986000000.0	0.0230020956164
1988000000.0	0.0094210019314
1990000000.0	0.00820598229885
1992000000.0	-0.0239455041135
1994000000.0	-0.0235610679936
1996000000.0	0.0763121013816
1998000000.0	0.0141372693766
2000000000.0	-0.2031255
