0.0	-47.375165
2000000.0	3.83261446441
4000000.0	8.93949152262
6000000.0	3.82398842313
8000000.0	-4.16159159278
10000000.0	-12.098465705
12000000.0	-10.9485422402
14000000.0	-6.40861175639
16000000.0	3.28517095977
18000000.0	17.8368009471
20000000.0	19.5094920344
22000000.0	8.87096623263
24000000.0	-10.1378145893
26000000.0	-24.0165973615
28000000.0	-21.2399852006
30000000.0	-3.42763325398
32000000.0	15.2820088611
34000000.0	18.532841419
36000000.0	10.8186400834
38000000.0	2.15344362967
40000000.0	-11.7166395603
42000000.0	-14.9068880573
44000000.0	-8.01417962379
46000000.0	2.98130146353
48000000.0	8.63312389737
50000000.0	6.37601784502
52000000.0	-0.950070715059
54000000.0	-5.87378904941
56000000.0	-5.4065864509
58000000.0	-0.105092435842
60000000.0	5.03421287441
62000000.0	6.61304246094
64000000.0	1.49722229496
66000000.0	-5.00386028147
68000000.0	-5.99144876324
70000000.0	-2.58724579392
72000000.0	4.11003026974
74000000.0	6.93196031282
76000000.0	5.14001034293
78000000.0	-1.87003185899
80000000.0	-7.60763436127
82000000.0	-5.66937749397
84000000.0	-0.0683586497709
86000000.0	7.0189832697
88000000.0	7.90841889111
90000000.0	3.12523216905
92000000.0	-6.19815181146
94000000.0	-9.16713442261
96000000.0	-5.98623606974
98000000.0	2.8558970111
100000000.0	9.04811193364
102000000.0	7.22309830008
104000000.0	1.05538194865
106000000.0	-6.05785533749
108000000.0	-8.03061662111
110000000.0	-4.49495277024
112000000.0	2.11787083712
114000000.0	7.41470185011
116000000.0	5.46543826518
118000000.0	-0.0615754944095
120000000.0	-5.12556235811
122000000.0	-4.9017093544
124000000.0	0.205554516645
126000000.0	1.53691535726
128000000.0	4.46373882791
130000000.0	1.73827906461
132000000.0	-3.00344603388
134000000.0	-5.04231840978
136000000.0	-2.13852001752
138000000.0	2.24502423815
140000000.0	5.48474746645
142000000.0	3.44466136789
144000000.0	-1.65861626169
146000000.0	-5.7037025173
148000000.0	-5.46699956567
150000000.0	-1.02389578638
152000000.0	6.35924429627
154000000.0	6.8474567242
156000000.0	3.35946428942
158000000.0	-4.20367249034
160000000.0	-7.46040050991
162000000.0	-5.97706408478
164000000.0	0.690274788375
166000000.0	4.95513003454
168000000.0	5.99062724556
170000000.0	2.13231809436
172000000.0	-2.86650616903
174000000.0	-5.09240985885
176000000.0	-2.50821163106
178000000.0	1.95230975441
180000000.0	4.20401813293
182000000.0	2.51057768136
184000000.0	-0.797739799044
186000000.0	-4.2060233322
188000000.0	-3.65147447209
190000000.0	1.06779860725
192000000.0	4.60822698859
194000000.0	4.14326988805
196000000.0	0.138451221414
198000000.0	-4.9070772635
200000000.0	-8.49709241459
202000000.0	-2.53165794368
204000000.0	4.1961804817
206000000.0	8.69858483044
208000000.0	5.98655744172
210000000.0	-1.4313040048
212000000.0	-8.50778550755
214000000.0	-8.59100049332
216000000.0	-1.75439506961
218000000.0	5.67374191634
220000000.0	8.84489127495
222000000.0	3.67002177241
224000000.0	-2.45149881782
226000000.0	-7.117502619
228000000.0	-4.58409964351
230000000.0	2.38326213163
232000000.0	6.22276301695
234000000.0	3.77087086919
236000000.0	-0.728768709321
238000000.0	-5.12841859038
240000000.0	-4.92071429651
242000000.0	0.744817723671
244000000.0	5.26338993185
246000000.0	7.30960698255
248000000.0	1.35695786098
250000000.0	-4.99285853143
252000000.0	-9.79010342564
254000000.0	-6.44342607721
256000000.0	2.63044980315
258000000.0	11.4048001356
260000000.0	12.6075722769
262000000.0	4.17442928805
264000000.0	-10.1107331524
266000000.0	-18.363555487
268000000.0	-12.213776157
270000000.0	4.68621055216
272000000.0	21.026456029
274000000.0	22.6004663819
276000000.0	5.10434026143
278000000.0	-19.7623455491
280000000.0	-29.3421447349
282000000.0	-11.2675104839
284000000.0	20.35742082
286000000.0	34.1292626941
288000000.0	9.7397609246
290000000.0	-35.7047221362
292000000.0	-55.9088710915
294000000.0	-2.6835569415
296000000.0	122.248416871
298000000.0	256.080064394
300000000.0	-631.178254305
302000000.0	221.974852357
304000000.0	124.553441666
306000000.0	37.602560564
308000000.0	-18.147438609
310000000.0	-38.068435631
312000000.0	-34.2278055971
314000000.0	-14.8964254732
316000000.0	6.503579778
318000000.0	21.0137248834
320000000.0	21.5336726762
322000000.0	7.67203387523
324000000.0	-9.99852208094
326000000.0	-17.4737972137
328000000.0	-10.3715483084
330000000.0	3.21827366355
332000000.0	12.3908185447
334000000.0	9.34370441384
336000000.0	-2.7669332871
338000000.0	-10.1624982806
340000000.0	-7.55600415524
342000000.0	2.72040214365
344000000.0	10.328219249
346000000.0	7.17173935795
348000000.0	-1.59616576023
350000000.0	-8.30734131917
352000000.0	-8.08843219067
354000000.0	0.19997740427
356000000.0	7.61218239751
358000000.0	8.63058732816
360000000.0	2.38420870828
362000000.0	-5.25705028844
364000000.0	-7.91659517641
366000000.0	-5.64775442347
368000000.0	2.30280989597
370000000.0	7.02757457953
372000000.0	6.29931170746
374000000.0	1.56582577126
376000000.0	-4.23516672607
378000000.0	-5.68330355624
380000000.0	-2.68737251699
382000000.0	0.118626396674
384000000.0	3.50242231266
386000000.0	2.80088942355
388000000.0	0.566264045022
390000000.0	-1.61488868139
392000000.0	-2.21711780387
394000000.0	0.736692287378
396000000.0	2.32339637833
398000000.0	2.28451382979
400000000.0	-0.193369271177
402000000.0	-1.8989708577
404000000.0	-3.92898244646
406000000.0	-1.19280654526
408000000.0	1.53115558246
410000000.0	4.2737131068
412000000.0	4.77013803234
414000000.0	-0.119532931103
416000000.0	-3.29071811077
418000000.0	-4.0353926577
420000000.0	-0.976753137933
422000000.0	1.48365236695
424000000.0	3.3360513594
426000000.0	2.29540916249
428000000.0	-1.10739193572
430000000.0	-2.32242012721
432000000.0	-1.89356960941
434000000.0	-0.250895191359
436000000.0	2.71858595548
438000000.0	2.17136662994
440000000.0	0.796370262174
442000000.0	-1.44827346544
444000000.0	-2.02982667917
446000000.0	-1.18319270057
448000000.0	0.683169763752
450000000.0	1.9503479097
452000000.0	0.51462531395
454000000.0	-0.0491593130664
456000000.0	-2.2187225753
458000000.0	-1.6134470372
460000000.0	0.498512289133
462000000.0	2.7350881641
464000000.0	2.45377648507
466000000.0	0.796436183051
468000000.0	-1.13275439541
470000000.0	-2.50220249716
472000000.0	-0.545297188471
474000000.0	-0.0658642550453
476000000.0	2.19431207194
478000000.0	2.01813153292
480000000.0	0.634484010711
482000000.0	-1.53934596765
484000000.0	-1.2093884549
486000000.0	-1.2456599014
488000000.0	0.779951346987
490000000.0	0.934446494806
492000000.0	1.34947209494
494000000.0	-0.136461173364
496000000.0	-1.03001516219
498000000.0	-1.16030164452
500000000.0	-0.233336296384
502000000.0	1.86116706658
504000000.0	1.15731038161
506000000.0	0.109801960186
508000000.0	-1.96282113636
510000000.0	-1.5470822334
512000000.0	-0.0953384783236
514000000.0	0.68869417806
516000000.0	1.7994747081
518000000.0	1.16748910432
520000000.0	-0.335569520917
522000000.0	-0.710449953999
524000000.0	-1.37952144807
526000000.0	-0.251774206783
528000000.0	0.950733422851
530000000.0	0.689151921556
532000000.0	1.24990576852
534000000.0	-1.07238294435
536000000.0	-1.71380604513
538000000.0	-0.54992477317
540000000.0	-0.466735035587
542000000.0	0.576597212354
544000000.0	1.80397643486
546000000.0	0.142791692125
548000000.0	-1.9335964452
550000000.0	0.238997107415
552000000.0	-0.793061584773
554000000.0	0.385981890217
556000000.0	0.918202711812
558000000.0	0.814993862914
560000000.0	-0.45806765059
562000000.0	-0.857548971095
564000000.0	-0.906430816938
566000000.0	1.51155524148
568000000.0	1.25627753577
570000000.0	1.27719466541
572000000.0	0.121619545737
574000000.0	-0.898174391564
576000000.0	-1.04299298025
578000000.0	0.0769651581831
580000000.0	0.21404966994
582000000.0	1.21747669593
584000000.0	0.602589118149
586000000.0	-0.861780092738
588000000.0	-1.47675663104
590000000.0	-0.929114903484
592000000.0	0.173928226618
594000000.0	1.1434652822
596000000.0	0.235499039584
598000000.0	-2.87042749837
600000000.0	4.02333446938
602000000.0	-1.41754621874
604000000.0	-1.96972497546
606000000.0	0.813944273594
608000000.0	1.45340118592
610000000.0	0.941775390809
612000000.0	0.763229828239
614000000.0	-0.377314334584
616000000.0	-1.06855465182
618000000.0	-0.00421476542928
620000000.0	-0.0964498898492
622000000.0	0.297643158407
624000000.0	0.324509977256
626000000.0	0.700233296003
628000000.0	-0.70683869815
630000000.0	-0.834931480642
632000000.0	0.393703832258
634000000.0	-0.17893212321
636000000.0	2.08138298039
638000000.0	0.0611088424504
640000000.0	-0.188031311563
642000000.0	-0.937170028832
644000000.0	-0.339915667072
646000000.0	-0.0903413677687
648000000.0	0.909218266332
650000000.0	0.834945463541
652000000.0	-0.636470821176
654000000.0	-0.069104409159
656000000.0	-0.573089027934
658000000.0	0.445405654901
660000000.0	1.22761258741
662000000.0	0.167458381302
664000000.0	0.956015017022
666000000.0	-0.00417195236382
668000000.0	-0.391770862689
670000000.0	-0.524990682877
672000000.0	-0.0870509745728
674000000.0	1.45237422125
676000000.0	0.735744070679
678000000.0	-0.272318293074
680000000.0	-0.360038206163
682000000.0	0.39000825795
684000000.0	0.507674824354
686000000.0	1.70355240664
688000000.0	-0.0770767014646
690000000.0	0.501160896668
692000000.0	-0.332090918014
694000000.0	-0.374639452675
696000000.0	-0.61746472017
698000000.0	-0.105235316996
700000000.0	2.61713407185
702000000.0	0.251359829373
704000000.0	-0.877374835186
706000000.0	0.261538947116
708000000.0	-0.542317472874
710000000.0	-0.112563116994
712000000.0	0.702934961819
714000000.0	1.09439287478
716000000.0	0.225323947616
718000000.0	-0.164301962013
720000000.0	-0.982223899825
722000000.0	-0.261161599053
724000000.0	1.79160850319
726000000.0	0.259321862442
728000000.0	0.488205369547
730000000.0	-1.04855799572
732000000.0	-0.278497626005
734000000.0	-0.245390709081
736000000.0	0.238711825553
738000000.0	1.34651521313
740000000.0	1.14303830475
742000000.0	0.0087806558775
744000000.0	-0.481027980817
746000000.0	-0.754260507725
748000000.0	-1.48021914621
750000000.0	-0.613315896925
752000000.0	0.925574714975
754000000.0	0.410878110769
756000000.0	-0.472590544016
758000000.0	-0.102482564188
760000000.0	-0.465712024795
762000000.0	0.572073328556
764000000.0	1.39522542857
766000000.0	0.440112421799
768000000.0	0.294976569381
770000000.0	-1.08130688747
772000000.0	-0.253720268086
774000000.0	-0.23318260518
776000000.0	0.564752625125
778000000.0	-0.224106454579
780000000.0	0.162342139895
782000000.0	-0.846597967888
784000000.0	-1.23898169366
786000000.0	0.0644639588281
788000000.0	0.259309859547
790000000.0	0.424461001269
792000000.0	0.578010590854
794000000.0	0.556229678622
796000000.0	-0.235151554317
798000000.0	-1.41964660084
800000000.0	-1.41092062013
802000000.0	0.659967106631
804000000.0	1.49165292068
806000000.0	1.01836965769
808000000.0	0.886436335105
810000000.0	-0.703440530633
812000000.0	-0.965473085942
814000000.0	-0.933839610565
816000000.0	0.580560874784
818000000.0	1.55396079193
820000000.0	0.224211662323
822000000.0	-0.552462167184
824000000.0	-0.394845151739
826000000.0	-1.39705382296
828000000.0	1.39886170806
830000000.0	1.67347589892
832000000.0	1.28815479846
834000000.0	-0.16185587279
836000000.0	-2.56249687793
838000000.0	-1.45875850649
840000000.0	-0.686971115544
842000000.0	2.13224162154
844000000.0	2.42332117834
846000000.0	1.65130309144
848000000.0	-2.29951014919
850000000.0	-2.61375142808
852000000.0	-0.734331761137
854000000.0	0.911795158818
856000000.0	2.60762469242
858000000.0	2.54295814782
860000000.0	1.0561871651
862000000.0	-1.40123355598
864000000.0	-1.86008008885
866000000.0	-1.12424632777
868000000.0	-0.345613042638
870000000.0	2.22054683321
872000000.0	2.39899859747
874000000.0	1.49313955097
876000000.0	-1.22326199943
878000000.0	-1.64155948617
880000000.0	-1.19061687605
882000000.0	2.25531746671
884000000.0	4.70479328812
886000000.0	4.18234644563
888000000.0	-4.23117688193
890000000.0	-14.3781552465
892000000.0	-15.2226717182
894000000.0	6.27656711914
896000000.0	50.4377390596
898000000.0	100.937274465
900000000.0	-260.052093826
902000000.0	95.5616522355
904000000.0	51.6730266929
906000000.0	9.22749268575
908000000.0	-15.4794960664
910000000.0	-16.4837583477
912000000.0	-5.62782350427
914000000.0	3.74163690995
916000000.0	7.38816981553
918000000.0	2.7782229847
920000000.0	-1.04530230153
922000000.0	-2.96071277738
924000000.0	-2.34238917745
926000000.0	1.44534803918
928000000.0	2.43179784747
930000000.0	0.988208422757
932000000.0	0.297145224486
934000000.0	-1.04415025819
936000000.0	-2.58498745301
938000000.0	-0.81374800867
940000000.0	0.135676846531
942000000.0	1.77628796883
944000000.0	2.80424029479
946000000.0	0.354066117095
948000000.0	-2.50801058177
950000000.0	-3.30846389775
952000000.0	-1.82398469175
954000000.0	1.16723512535
956000000.0	3.66084581416
958000000.0	2.01455894951
960000000.0	-0.556512067597
962000000.0	-2.40185781592
964000000.0	-3.02807386246
966000000.0	-0.874861992451
968000000.0	0.719221350649
970000000.0	2.13287033841
972000000.0	0.5522203486
974000000.0	-0.502235502419
976000000.0	-1.55190910074
978000000.0	-0.656286290766
980000000.0	0.835253165473
982000000.0	1.69767180334
984000000.0	1.47158768173
986000000.0	-0.378056655911
988000000.0	-1.86950596351
990000000.0	-1.3977916355
992000000.0	0.476110833577
994000000.0	1.01257591805
996000000.0	1.72893474222
998000000.0	0.585781889059
1000000000.0	-2.45308
1002000000.0	-0.763053520583
1004000000.0	-0.113173557985
1006000000.0	0.142246077039
1008000000.0	0.997409760454
1010000000.0	1.25503443646
1012000000.0	0.507178145997
1014000000.0	-0.471047276924
1016000000.0	-0.864006365761
1018000000.0	-0.57840670114
1020000000.0	0.152184425927
1022000000.0	0.146968646491
1024000000.0	0.112167533641
1026000000.0	0.0530315612194
1028000000.0	-0.770579634549
1030000000.0	-0.475955971522
1032000000.0	-0.498866794158
1034000000.0	0.798564532145
1036000000.0	0.786962651962
1038000000.0	0.535397229586
1040000000.0	-0.472911302224
1042000000.0	-0.900597179508
1044000000.0	-0.781117481454
1046000000.0	1.00732641015
1048000000.0	0.331233957037
1050000000.0	-0.0228165317449
1052000000.0	0.676348776046
1054000000.0	-0.290223165697
1056000000.0	-0.658279139859
1058000000.0	-0.315288017268
1060000000.0	0.157867214319
1062000000.0	0.566790998049
1064000000.0	0.268729757522
1066000000.0	0.29910858262
1068000000.0	-0.705352688311
1070000000.0	-0.303180474355
1072000000.0	-0.303176193318
1074000000.0	-0.320753837779
1076000000.0	0.518434660421
1078000000.0	0.557555693643
1080000000.0	-0.632372609035
1082000000.0	-0.733530780164
1084000000.0	-0.354142617712
1086000000.0	-0.157907761026
1088000000.0	0.802160781504
1090000000.0	-0.0230179999408
1092000000.0	-0.363794591099
1094000000.0	-0.686667124885
1096000000.0	-0.856389043562
1098000000.0	-0.161813124204
1100000000.0	1.24737533136
1102000000.0	1.30340343175
1104000000.0	-0.171356212914
1106000000.0	-0.331431672842
1108000000.0	-0.984622272001
1110000000.0	-0.0645380148477
1112000000.0	0.130561837078
1114000000.0	0.928628572784
1116000000.0	0.29747517759
1118000000.0	-0.000881885150147
1120000000.0	-0.782732376828
1122000000.0	-0.698381128104
1124000000.0	-0.261422027828
1126000000.0	1.34008999809
1128000000.0	-0.130840389624
1130000000.0	0.193112160151
1132000000.0	-0.381778532334
1134000000.0	-0.38695815719
1136000000.0	-0.157413661619
1138000000.0	0.605373683895
1140000000.0	0.677757799948
1142000000.0	0.517729762198
1144000000.0	-0.1830615519
1146000000.0	-0.329535452762
1148000000.0	-0.437916607886
1150000000.0	-0.005672065186
1152000000.0	0.0692500432955
1154000000.0	0.091149199343
1156000000.0	0.796283760869
1158000000.0	0.405792323157
1160000000.0	0.0994374174452
1162000000.0	-0.580032824907
1164000000.0	-0.247739167384
1166000000.0	0.531228071263
1168000000.0	0.32789473033
1170000000.0	-0.103292814819
1172000000.0	-0.157475141124
1174000000.0	0.451108914597
1176000000.0	-0.610174140544
1178000000.0	0.289036607887
1180000000.0	0.949261910966
1182000000.0	0.980616392401
1184000000.0	-0.588679357164
1186000000.0	-0.979285333802
1188000000.0	-0.481667744026
1190000000.0	0.0130756576587
1192000000.0	0.391591797896
1194000000.0	0.226495691811
1196000000.0	-2.04960269437
1198000000.0	-3.57854262659
1200000000.0	8.27927677118
1202000000.0	-2.22922620429
1204000000.0	-2.4972165711
1206000000.0	-0.00259521005208
1208000000.0	0.314197303125
1210000000.0	0.193975921776
1212000000.0	1.01766303592
1214000000.0	-0.768634926978
1216000000.0	-0.462597821564
1218000000.0	0.0276666664576
1220000000.0	-0.119810089276
1222000000.0	0.0476313514814
1224000000.0	0.991845154139
1226000000.0	-0.583317552027
1228000000.0	0.00818635580121
1230000000.0	-0.153036732285
1232000000.0	0.530189795793
1234000000.0	0.43532744861
1236000000.0	0.646245005642
1238000000.0	-0.068082311931
1240000000.0	-0.938237450358
1242000000.0	0.233745247931
1244000000.0	1.50602231391
1246000000.0	-0.541402670638
1248000000.0	0.100273698789
1250000000.0	-0.152009907261
1252000000.0	0.397495053705
1254000000.0	0.29110781773
1256000000.0	-0.0123485342312
1258000000.0	-0.171446802316
1260000000.0	1.01004625635
1262000000.0	-0.0167457555367
1264000000.0	-0.380031747096
1266000000.0	-0.569206712663
1268000000.0	0.496233319289
1270000000.0	0.532484256406
1272000000.0	0.0978049502936
1274000000.0	0.926325107265
1276000000.0	-0.769942262558
1278000000.0	-0.381074537996
1280000000.0	0.327597685516
1282000000.0	0.309650810514
1284000000.0	0.407214144001
1286000000.0	0.968471617578
1288000000.0	-0.568230823918
1290000000.0	0.0405457713048
1292000000.0	-0.125617254033
1294000000.0	0.156620110275
1296000000.0	-0.229681019696
1298000000.0	-1.82572104118
1300000000.0	5.6896121519
1302000000.0	-1.56382789638
1304000000.0	-1.42485777446
1306000000.0	-0.257486400869
1308000000.0	-0.479553417481
1310000000.0	0.726346416472
1312000000.0	1.1140146644
1314000000.0	0.0806391425432
1316000000.0	-0.1592894428
1318000000.0	-0.40984268278
1320000000.0	0.918813214461
1322000000.0	-0.862874292422
1324000000.0	0.782902606129
1326000000.0	-0.00771359782035
1328000000.0	-0.734122489381
1330000000.0	-1.09130692854
1332000000.0	0.466323080763
1334000000.0	0.423651955957
1336000000.0	-0.407488637341
1338000000.0	0.40927648742
1340000000.0	-0.0563929407429
1342000000.0	0.215844375112
1344000000.0	-0.16665768862
1346000000.0	0.103837799236
1348000000.0	0.938398204208
1350000000.0	1.62432332434
1352000000.0	-0.273964256233
1354000000.0	-0.479823844684
1356000000.0	0.617988397465
1358000000.0	0.0577150641134
1360000000.0	0.195032041577
1362000000.0	0.265488870622
1364000000.0	0.364166201286
1366000000.0	0.00694829157445
1368000000.0	0.113482547192
1370000000.0	0.327283296494
1372000000.0	0.143621029671
1374000000.0	-0.0366487536761
1376000000.0	0.726672203521
1378000000.0	-0.000626454121804
1380000000.0	-0.579619988652
1382000000.0	-0.390324111994
1384000000.0	-1.01695896161
1386000000.0	-0.624194307589
1388000000.0	-0.112191327513
1390000000.0	0.424342591322
1392000000.0	0.0854203958386
1394000000.0	-0.038731368121
1396000000.0	-0.356771106808
1398000000.0	-1.18187934754
1400000000.0	1.15180163318
1402000000.0	0.20218811341
1404000000.0	-0.028272441253
1406000000.0	-0.00951106100223
1408000000.0	-0.464242806055
1410000000.0	0.382146560121
1412000000.0	0.0395775761528
1414000000.0	0.377793204331
1416000000.0	0.210300779888
1418000000.0	0.123871208854
1420000000.0	-0.734892511247
1422000000.0	-0.583238655309
1424000000.0	-1.2181837092
1426000000.0	0.355417269653
1428000000.0	0.298737561289
1430000000.0	1.06186756573
1432000000.0	0.538977331847
1434000000.0	0.225522944824
1436000000.0	-0.792401525276
1438000000.0	-0.416408686126
1440000000.0	-0.508322073493
1442000000.0	1.23788007401
1444000000.0	1.31700854012
1446000000.0	-0.601714419937
1448000000.0	-1.38049721005
1450000000.0	-0.929704685352
1452000000.0	-0.112211233818
1454000000.0	1.03305218628
1456000000.0	0.534559835343
1458000000.0	-0.133576384709
1460000000.0	-0.886767758834
1462000000.0	-1.05855467254
1464000000.0	-1.27606316283
1466000000.0	0.357213732706
1468000000.0	0.605515356973
1470000000.0	1.30354144573
1472000000.0	-2.20572140336
1474000000.0	-1.31295701667
1476000000.0	-0.615831297038
1478000000.0	0.253883577804
1480000000.0	2.47325002454
1482000000.0	1.85858510807
1484000000.0	0.115638507553
1486000000.0	-2.16655891112
1488000000.0	-2.57219554202
1490000000.0	-3.12481201312
1492000000.0	-1.73602830574
1494000000.0	3.20897866868
1496000000.0	11.2889376943
1498000000.0	23.889535926
1500000000.0	-62.9231537036
1502000000.0	25.5304427581
1504000000.0	12.8891257454
1506000000.0	0.159174226432
1508000000.0	-5.51633633032
1510000000.0	-4.14946440353
1512000000.0	1.80933393531
1514000000.0	3.54878958159
1516000000.0	1.8456353799
1518000000.0	-0.691831438325
1520000000.0	-2.77153023584
1522000000.0	-2.4135702982
1524000000.0	-0.212301059844
1526000000.0	1.44971951924
1528000000.0	1.8933478858
1530000000.0	0.146258830507
1532000000.0	-1.17818114486
1534000000.0	-1.56678608063
1536000000.0	-1.46133480885
1538000000.0	0.646945682795
1540000000.0	0.594716946125
1542000000.0	1.42591000568
1544000000.0	0.279699817687
1546000000.0	-0.275298135737
1548000000.0	0.169516467478
1550000000.0	-0.677752492459
1552000000.0	0.03431815092
1554000000.0	0.719408668181
1556000000.0	0.71301933365
1558000000.0	-0.111679848127
1560000000.0	-0.569070687667
1562000000.0	-1.25852863634
1564000000.0	-0.0762880478409
1566000000.0	0.34643901071
1568000000.0	0.353872801882
1570000000.0	0.89596715971
1572000000.0	-0.18516634473
1574000000.0	0.302851277691
1576000000.0	-0.559496648082
1578000000.0	-0.0162333560291
1580000000.0	0.743393825063
1582000000.0	0.774189183777
1584000000.0	0.573684573094
1586000000.0	-0.843349330225
1588000000.0	-1.07024381305
1590000000.0	0.50409557439
1592000000.0	0.65420807101
1594000000.0	0.667514936075
1596000000.0	0.339260207123
1598000000.0	-0.692098050496
1600000000.0	0.528203120129
1602000000.0	-0.786934830872
1604000000.0	-0.585179685012
1606000000.0	0.165794776745
1608000000.0	0.505989246055
1610000000.0	0.701105205064
1612000000.0	0.282150196011
1614000000.0	0.23235905991
1616000000.0	-0.0639694646905
1618000000.0	0.520752089411
1620000000.0	-0.0448846412297
1622000000.0	-0.597439850788
1624000000.0	-1.00383967786
1626000000.0	0.955691336496
1628000000.0	-0.322942048402
1630000000.0	-0.237486328707
1632000000.0	-0.367705355031
1634000000.0	-0.666689038621
1636000000.0	-0.338130839472
1638000000.0	0.367731591587
1640000000.0	-0.358683822619
1642000000.0	-0.892156812768
1644000000.0	-0.134498316943
1646000000.0	-0.361578425938
1648000000.0	0.694521631023
1650000000.0	0.409822021871
1652000000.0	-0.172343114408
1654000000.0	-0.230387970771
1656000000.0	0.0403269977266
1658000000.0	0.691751778603
1660000000.0	0.510137462169
1662000000.0	-0.237978262062
1664000000.0	-0.550690380962
1666000000.0	0.380268388992
1668000000.0	-0.142911780695
1670000000.0	-0.549290330947
1672000000.0	0.694933702668
1674000000.0	0.086939690028
1676000000.0	-0.0556920059624
1678000000.0	0.604117001795
1680000000.0	-0.488192741728
1682000000.0	-0.667516505807
1684000000.0	0.22695643322
1686000000.0	-0.218329538144
1688000000.0	0.507920074501
1690000000.0	0.0240298391007
1692000000.0	-0.590777435908
1694000000.0	-0.403207881108
1696000000.0	-0.502574818242
1698000000.0	0.0613628099066
1700000000.0	-0.995393571001
1702000000.0	0.535753875555
1704000000.0	0.223458253329
1706000000.0	0.43839901144
1708000000.0	-0.703958774785
1710000000.0	0.19886079346
1712000000.0	-0.320582283056
1714000000.0	0.0732808699819
1716000000.0	0.42315555375
1718000000.0	0.147097243515
1720000000.0	0.534331216157
1722000000.0	0.0697185537796
1724000000.0	0.0649343750989
1726000000.0	-0.469073807867
1728000000.0	-0.0274618409002
1730000000.0	0.302580504246
1732000000.0	-0.0586256724143
1734000000.0	-0.0651679148809
1736000000.0	0.178537245247
1738000000.0	-0.198256754151
1740000000.0	0.715413807375
1742000000.0	-0.415740249221
1744000000.0	-0.290765984612
1746000000.0	-0.575572030693
1748000000.0	-0.26929947278
1750000000.0	-1.42933566438
1752000000.0	0.35761167404
1754000000.0	-0.663487817071
1756000000.0	-0.450077608376
1758000000.0	0.24182136284
1760000000.0	-0.169567691653
1762000000.0	-0.757971505227
1764000000.0	-0.0859119926196
1766000000.0	0.369137647162
1768000000.0	0.242455595066
1770000000.0	0.230721683245
1772000000.0	-0.192668306617
1774000000.0	0.178857171057
1776000000.0	-0.11172458444
1778000000.0	-0.231188469711
1780000000.0	0.771135687169
1782000000.0	0.376896057385
1784000000.0	0.0642189026979
1786000000.0	-0.00386447282648
1788000000.0	-0.286743602005
1790000000.0	0.1068255323
1792000000.0	0.374109675863
1794000000.0	0.163062247897
1796000000.0	-0.801757983089
1798000000.0	-1.80846785455
1800000000.0	2.80643631204
1802000000.0	-1.26129779159
1804000000.0	-0.358614841535
1806000000.0	0.245294392273
1808000000.0	0.732016799152
1810000000.0	0.374827916694
1812000000.0	-0.389309021294
1814000000.0	-0.0802365316069
1816000000.0	-0.648454624059
1818000000.0	-0.0563796700665
1820000000.0	0.428519175084
1822000000.0	0.586918366763
1824000000.0	0.0113344922378
1826000000.0	-0.256253293347
1828000000.0	-0.510493373636
1830000000.0	-0.699609475668
1832000000.0	0.220724700414
1834000000.0	0.774585419158
1836000000.0	0.617700154165
1838000000.0	-0.414221026103
1840000000.0	-0.483003177548
1842000000.0	-0.252282424033
1844000000.0	0.161398063244
1846000000.0	0.0645097906732
1848000000.0	-0.0370679951619
1850000000.0	-0.472182728286
1852000000.0	0.300137263114
1854000000.0	-0.207199443196
1856000000.0	-0.528733240456
1858000000.0	-0.226994518783
1860000000.0	-0.0817259690806
1862000000.0	0.0618578459783
1864000000.0	0.014436187966
1866000000.0	-0.464696570394
1868000000.0	-1.10390500101
1870000000.0	-0.0722597551553
1872000000.0	0.0946975768297
1874000000.0	0.471160289813
1876000000.0	-0.317479725439
1878000000.0	-0.536655315559
1880000000.0	-0.434876801206
1882000000.0	-0.341148184978
1884000000.0	1.1686532533
1886000000.0	0.718797806231
1888000000.0	1.13318371206
1890000000.0	0.866338683216
1892000000.0	0.179471994556
1894000000.0	-1.20587187332
1896000000.0	-0.727332812439
1898000000.0	-1.89182892187
1900000000.0	7.55969821335
1902000000.0	-3.35150896124
1904000000.0	-2.28722403795
1906000000.0	0.0916774283565
1908000000.0	0.836812706897
1910000000.0	0.336402894887
1912000000.0	0.032987793668
1914000000.0	-1.12165970944
1916000000.0	-0.163002421119
1918000000.0	0.540625131331
1920000000.0	0.412174158633
1922000000.0	0.504783436746
1924000000.0	-0.26373473401
1926000000.0	0.223681246096
1928000000.0	-0.222806630935
1930000000.0	0.820369189172
1932000000.0	0.709841266217
1934000000.0	0.501086727218
1936000000.0	0.312550496836
1938000000.0	-0.099977055487
1940000000.0	-1.10885325121
1942000000.0	0.148156624566
1944000000.0	0.949488784853
1946000000.0	1.05638236113
1948000000.0	0.0488393473114
1950000000.0	-0.322852737485
1952000000.0	-0.770638464756
1954000000.0	-1.07099570341
1956000000.0	0.826568895164
1958000000.0	-0.594135256251
1960000000.0	0.117120350176
1962000000.0	0.280804158389
1964000000.0	-0.113472045788
1966000000.0	-0.117309602875
1968000000.0	-0.384355409916
1970000000.0	0.200375281022
1972000000.0	-0.130996930578
1974000000.0	0.594203518152
1976000000.0	-0.211662011168
1978000000.0	0.155662242169
1980000000.0	-0.620940515162
1982000000.0	0.155545337061
1984000000.0	0.54025598786
1986000000.0	0.242421554773
1988000000.0	0.785162295146
1990000000.0	0.118245905934
1992000000.0	0.270883112621
1994000000.0	-1.02932011009
1996000000.0	-1.01030822399
1998000000.0	-0.584815580791
2000000000.0	4.218785
