0.0	-7.78125
2000000.0	1.43621477315
4000000.0	3.60060014987
6000000.0	0.984289035299
8000000.0	1.23140966796
10000000.0	0.113103587207
12000000.0	-1.0138273356
14000000.0	-1.82804208835
16000000.0	0.687012961357
18000000.0	3.71233847891
20000000.0	5.55216553251
22000000.0	4.63347569552
24000000.0	2.09090081937
26000000.0	0.0780247573324
28000000.0	-2.29048389645
30000000.0	-4.10885206887
32000000.0	-4.23912744295
34000000.0	-1.81594470394
36000000.0	3.43512042722
38000000.0	4.69200221057
40000000.0	4.33550965823
42000000.0	2.6106960887
44000000.0	-0.0502469866744
46000000.0	-1.72838411548
48000000.0	-2.60722148779
50000000.0	-1.86086743084
52000000.0	-0.0510360406786
54000000.0	1.45008284451
56000000.0	2.65224819025
58000000.0	1.28725247213
60000000.0	-0.69591632358
62000000.0	-2.14809356811
64000000.0	-2.31682645308
66000000.0	-1.1775379477
68000000.0	0.725254424845
70000000.0	2.06544258912
72000000.0	1.59975385222
74000000.0	0.623887219535
76000000.0	-1.31827635194
78000000.0	-2.18850782388
80000000.0	-1.91361811892
82000000.0	-0.776987079468
84000000.0	0.430504651069
86000000.0	0.875717344989
88000000.0	0.701764760996
90000000.0	-0.262909059492
92000000.0	-1.14408938529
94000000.0	-1.05814704658
96000000.0	-0.412864242728
98000000.0	0.684288403438
100000000.0	0.847069022006
102000000.0	0.807908791267
104000000.0	-0.628962723135
106000000.0	-1.54860068604
108000000.0	-1.79217850677
110000000.0	-1.41568738346
112000000.0	0.419839031257
114000000.0	1.45107588851
116000000.0	1.66423202396
118000000.0	1.06361312751
120000000.0	-0.579004898184
122000000.0	-1.36935653186
124000000.0	-1.72256536538
126000000.0	-0.450324717597
128000000.0	0.100611808847
130000000.0	0.7181030543
132000000.0	0.745100234495
134000000.0	0.359822934077
136000000.0	-0.165668354015
138000000.0	-0.550037858128
140000000.0	-0.260387916216
142000000.0	0.346854956427
144000000.0	0.864346713869
146000000.0	0.422541052671
148000000.0	0.0443928048533
150000000.0	-0.929561453385
152000000.0	-1.3224514404
154000000.0	-0.48366878715
156000000.0	0.451074874307
158000000.0	0.97049515056
160000000.0	1.61520820971
162000000.0	0.572064530511
164000000.0	-0.512027955845
166000000.0	-1.27587939876
168000000.0	-1.36526067322
170000000.0	-0.804603080616
172000000.0	0.631193005574
174000000.0	1.51245673718
176000000.0	1.39285288117
178000000.0	0.334722119877
180000000.0	-0.627380699246
182000000.0	-1.41978548012
184000000.0	-0.998477691553
186000000.0	0.0802630885575
188000000.0	0.812738430314
190000000.0	1.01692755972
192000000.0	0.57502204586
194000000.0	-0.508476585941
196000000.0	-1.34859551001
198000000.0	-1.48433621956
200000000.0	-0.533372488263
202000000.0	0.614417082876
204000000.0	1.59201391473
206000000.0	1.4270072291
208000000.0	-0.0984730043526
210000000.0	-1.27071191015
212000000.0	-1.64755932712
214000000.0	-1.36991159627
216000000.0	0.148566594618
218000000.0	1.61372406404
220000000.0	1.28272331629
222000000.0	0.854660401772
224000000.0	-1.00115317772
226000000.0	-1.62423503308
228000000.0	-1.41651219999
230000000.0	-0.248806644069
232000000.0	1.54470113969
234000000.0	2.249371309
236000000.0	1.51005111217
238000000.0	-0.442874530834
240000000.0	-1.85437002122
242000000.0	-2.4368301001
244000000.0	-1.67706592283
246000000.0	0.634517782871
248000000.0	3.1830682403
250000000.0	2.85388163788
252000000.0	0.922709217015
254000000.0	-2.02502408755
256000000.0	-4.15298084255
258000000.0	-3.07874915897
260000000.0	0.0138581218221
262000000.0	2.90891944445
264000000.0	4.29544502796
266000000.0	3.41973616378
268000000.0	0.816519948091
270000000.0	-3.25451294129
272000000.0	-6.25760621495
274000000.0	-5.86480618432
276000000.0	-0.629654968436
278000000.0	6.86386059544
280000000.0	11.2371624432
282000000.0	6.41815428001
284000000.0	-4.25009080874
286000000.0	-12.391523276
288000000.0	-11.37310507
290000000.0	-3.593712857
292000000.0	5.24048792754
294000000.0	13.7861498502
296000000.0	28.6334156243
298000000.0	53.8217929786
300000000.0	-184.68185314
302000000.0	74.6655287226
304000000.0	44.202198449
306000000.0	7.07045610035
308000000.0	-14.291847437
310000000.0	-14.4787454142
312000000.0	-4.5416394953
314000000.0	3.18556555355
316000000.0	4.49969571926
318000000.0	2.61789893185
320000000.0	0.822749292965
322000000.0	-0.132063408002
324000000.0	-1.67249019146
326000000.0	-3.08195020742
328000000.0	-1.63498231228
330000000.0	1.55400807397
332000000.0	3.81484792985
334000000.0	2.42154513058
336000000.0	-0.817464296873
338000000.0	-3.1130795499
340000000.0	-3.13029578006
342000000.0	-0.657103850826
344000000.0	1.81882102244
346000000.0	2.58189044964
348000000.0	1.86744317144
350000000.0	0.410841993257
352000000.0	-1.32074618358
354000000.0	-2.1546547431
356000000.0	-1.90096301036
358000000.0	-0.638503743922
360000000.0	1.55330720823
362000000.0	2.48696124368
364000000.0	1.9941209173
366000000.0	0.245706057033
368000000.0	-1.41058981238
370000000.0	-2.27065400744
372000000.0	-1.70291876601
374000000.0	-0.138476102666
376000000.0	1.3788416023
378000000.0	1.5640507088
380000000.0	0.983296675146
382000000.0	0.19737850471
384000000.0	-0.950622991061
386000000.0	-1.26743031484
388000000.0	-0.87122605999
390000000.0	-0.150054517182
392000000.0	0.69455338693
394000000.0	0.796034002314
396000000.0	0.460793009632
398000000.0	-0.449459889988
400000000.0	-0.525062812484
402000000.0	-0.479726464814
404000000.0	-0.0237369805279
406000000.0	0.0855912934929
408000000.0	0.191780774423
410000000.0	0.302166444786
412000000.0	-0.144430504922
414000000.0	-0.227193628225
416000000.0	-0.19171114093
418000000.0	0.0237173410534
420000000.0	0.344495744209
422000000.0	0.412722698267
424000000.0	0.1071499439
426000000.0	-0.524510646427
428000000.0	-0.529231104235
430000000.0	-0.424373779839
432000000.0	-0.283470499848
434000000.0	0.0324359537484
436000000.0	0.661368804259
438000000.0	0.559399731588
440000000.0	0.382332942351
442000000.0	-0.358135524177
444000000.0	-0.902137581839
446000000.0	-0.705784327361
448000000.0	-0.0240703083011
450000000.0	0.265996789612
452000000.0	0.501793853469
454000000.0	0.837532098891
456000000.0	-0.0131090200941
458000000.0	-0.185351897026
460000000.0	-0.43150074232
462000000.0	-0.686431773839
464000000.0	-0.0877822508282
466000000.0	0.255156687662
468000000.0	0.663293818681
470000000.0	0.604872358083
472000000.0	0.0361561488944
474000000.0	-0.116044222396
476000000.0	-0.298691224768
478000000.0	-0.396975157926
480000000.0	-0.316227520139
482000000.0	-0.0977498811023
484000000.0	0.0788775044543
486000000.0	0.164491204933
488000000.0	0.175938784125
490000000.0	-0.0620712213361
492000000.0	-0.19935277339
494000000.0	-0.0274053184392
496000000.0	0.170739493592
498000000.0	0.120084088412
500000000.0	0.62317800592
502000000.0	-0.360526835777
504000000.0	-0.156199872818
506000000.0	-0.125091974297
508000000.0	0.117874445391
510000000.0	0.158449936785
512000000.0	0.348049109736
514000000.0	0.120348018047
516000000.0	-0.400955254284
518000000.0	-0.25949265473
520000000.0	-0.392747587352
522000000.0	-0.401025943775
524000000.0	0.0330552100267
526000000.0	0.312450583212
528000000.0	0.358725508221
530000000.0	0.126599197077
532000000.0	-0.192282498534
534000000.0	-0.507232952182
536000000.0	-0.559015414327
538000000.0	-0.360154806569
540000000.0	0.264557650564
542000000.0	0.23190185916
544000000.0	0.176814522585
546000000.0	0.251469990885
548000000.0	-0.307425207773
550000000.0	0.0242065381486
552000000.0	-0.420349072035
554000000.0	-0.170914607177
556000000.0	0.0348755601241
558000000.0	0.136133508077
560000000.0	0.59302387077
562000000.0	0.13672266978
564000000.0	-0.157470154859
566000000.0	-0.136546506825
568000000.0	-0.30844007113
570000000.0	0.0445046944954
572000000.0	0.111144734052
574000000.0	-0.0366038079426
576000000.0	0.116152150787
578000000.0	0.115078665489
580000000.0	0.300792183258
582000000.0	0.213067110282
584000000.0	0.208931163877
586000000.0	-0.0402795199109
588000000.0	-0.404810436914
590000000.0	-0.161540065751
592000000.0	-0.294046674142
594000000.0	0.125613100386
596000000.0	0.278008815855
598000000.0	0.64603649357
600000000.0	-0.732585257236
602000000.0	0.368222736368
604000000.0	-0.0659660434036
606000000.0	-0.221184113695
608000000.0	-0.142478122414
610000000.0	-0.268400307552
612000000.0	-0.00786158414477
614000000.0	0.161978786399
616000000.0	-0.115677750084
618000000.0	-0.0412381650183
620000000.0	0.183392928394
622000000.0	-0.18049718115
624000000.0	0.286739752565
626000000.0	-0.206588587241
628000000.0	-0.0362410301662
630000000.0	-0.0764243742461
632000000.0	0.0382652872126
634000000.0	-0.0158399660432
636000000.0	0.309107262346
638000000.0	-0.135508191367
640000000.0	0.0204808609023
642000000.0	-0.151829797574
644000000.0	-0.222676820103
646000000.0	0.066668690788
648000000.0	-0.177356303885
650000000.0	-0.210362572316
652000000.0	0.197825038505
654000000.0	-0.0364182242823
656000000.0	0.0367994466382
658000000.0	-0.0839189149451
660000000.0	-0.268126778493
662000000.0	-0.164133847416
664000000.0	-0.33924460347
666000000.0	-0.0678705158846
668000000.0	-0.203546217807
670000000.0	0.0837092973048
672000000.0	0.484236734721
674000000.0	0.0651799465909
676000000.0	0.00363647710607
678000000.0	-0.0174158144582
680000000.0	-0.162208293634
682000000.0	-0.0372714587761
684000000.0	-0.115827498789
686000000.0	0.20667339814
688000000.0	0.19060508877
690000000.0	0.327223179636
692000000.0	0.103793177459
694000000.0	-0.247607334283
696000000.0	-0.536445737335
698000000.0	-0.136913624052
700000000.0	0.111999792027
702000000.0	0.176864835821
704000000.0	-0.0324755486589
706000000.0	0.290869008302
708000000.0	-0.0158021555103
710000000.0	-0.26546479627
712000000.0	-0.0406673113974
714000000.0	0.0954381933566
716000000.0	-0.00923694946579
718000000.0	0.0780880213166
720000000.0	-0.123916599399
722000000.0	-0.117343994876
724000000.0	0.11122587485
726000000.0	0.184810978119
728000000.0	-0.0266827213622
730000000.0	0.27625043776
732000000.0	0.216706014711
734000000.0	-0.0375529059799
736000000.0	-0.144619870416
738000000.0	-0.0993924314216
740000000.0	-0.523829046967
742000000.0	-0.0743613196799
744000000.0	0.395381326914
746000000.0	0.447978946449
748000000.0	0.123666659173
750000000.0	0.521865354502
752000000.0	-0.360292977172
754000000.0	-0.351617384497
756000000.0	-0.21190677065
758000000.0	-0.416545794886
760000000.0	0.172797367764
762000000.0	0.467312365543
764000000.0	0.494704658927
766000000.0	0.301063502434
768000000.0	-0.00661667259831
770000000.0	-0.436259512819
772000000.0	-0.448786816062
774000000.0	-0.0705445059574
776000000.0	-0.0736272862934
778000000.0	0.27176979459
780000000.0	0.649988177827
782000000.0	0.143887037915
784000000.0	-0.486191922528
786000000.0	-0.305969114055
788000000.0	-0.163413508026
790000000.0	-0.280581810086
792000000.0	0.24338642574
794000000.0	0.175488013931
796000000.0	0.0499114966625
798000000.0	-0.0142955740206
800000000.0	-0.939836471203
802000000.0	0.206486935851
804000000.0	0.249325271117
806000000.0	0.0271609889259
808000000.0	0.115686857539
810000000.0	0.195090747797
812000000.0	-0.0760523184574
814000000.0	-0.291752617825
816000000.0	-0.173034951781
818000000.0	-0.0621088236878
820000000.0	0.232132212847
822000000.0	0.298265178099
824000000.0	0.409850525008
826000000.0	-0.200244379258
828000000.0	-0.705336647885
830000000.0	-0.390199454802
832000000.0	-0.454976125836
834000000.0	0.25436674029
836000000.0	0.808853594075
838000000.0	1.02251303777
840000000.0	0.428794138851
842000000.0	-0.125025364503
844000000.0	-0.525162366304
846000000.0	-0.720571556175
848000000.0	-0.476794186992
850000000.0	0.372272856261
852000000.0	0.691209548674
854000000.0	0.4909356843
856000000.0	0.574605379123
858000000.0	-0.225164899895
860000000.0	-1.16703699753
862000000.0	-1.10790660205
864000000.0	-0.592960194561
866000000.0	0.939643626933
868000000.0	1.0927153134
870000000.0	0.501962529796
872000000.0	-0.490843339162
874000000.0	-1.25464084119
876000000.0	-0.475055841667
878000000.0	0.117273521593
880000000.0	0.568632908246
882000000.0	0.891048573975
884000000.0	1.12487542852
886000000.0	1.02890123027
888000000.0	-0.946066569531
890000000.0	-4.26436483514
892000000.0	-4.48266237427
894000000.0	1.62363511194
896000000.0	13.2548198894
898000000.0	24.4201473983
900000000.0	-58.1645288351
902000000.0	16.7418269541
904000000.0	8.80993301557
906000000.0	3.7963094012
908000000.0	1.03323439506
910000000.0	-0.998373796431
912000000.0	-2.98963538929
914000000.0	-3.58141383035
916000000.0	-1.61954267562
918000000.0	1.45980625496
920000000.0	2.998251099
922000000.0	1.69006262477
924000000.0	-0.0585296946909
926000000.0	-1.37672619235
928000000.0	-1.72042192787
930000000.0	-0.632235409596
932000000.0	0.25804068875
934000000.0	0.770638636574
936000000.0	0.959605618209
938000000.0	0.282135457825
940000000.0	-0.0703941076311
942000000.0	-0.51183879994
944000000.0	-1.09408567062
946000000.0	-0.319481491312
948000000.0	0.306825124409
950000000.0	0.511534655277
952000000.0	0.824822132327
954000000.0	-0.1215445976
956000000.0	-0.385828798415
958000000.0	-0.348457577914
960000000.0	-0.286693632171
962000000.0	0.353183816227
964000000.0	0.340742391235
966000000.0	0.520273251675
968000000.0	0.149018790145
970000000.0	-0.275013192646
972000000.0	-0.566113731871
974000000.0	-0.463630413852
976000000.0	-0.347857589428
978000000.0	0.218790014211
980000000.0	0.269571866127
982000000.0	0.31261369498
984000000.0	0.243850295691
986000000.0	-0.413048672702
988000000.0	-0.517778894266
990000000.0	-0.243116033588
992000000.0	-0.126447570568
994000000.0	0.286428228572
996000000.0	0.4961004111
998000000.0	-0.0560341945261
1000000000.0	-1.7375
1002000000.0	-0.478423465602
1004000000.0	-0.481255771828
1006000000.0	-0.23371209293
1008000000.0	0.0594841209822
1010000000.0	0.162355040379
1012000000.0	0.486889786465
1014000000.0	0.106958810003
1016000000.0	-0.00980080126695
1018000000.0	-0.390518914574
1020000000.0	-0.143073507928
1022000000.0	-0.0491170164755
1024000000.0	0.0235424657605
1026000000.0	0.399860253196
1028000000.0	0.4414146508
1030000000.0	0.0217148806472
1032000000.0	-0.200392222581
1034000000.0	-0.262962087009
1036000000.0	-0.0818737282134
1038000000.0	0.263881936494
1040000000.0	0.193169443225
1042000000.0	0.430397944127
1044000000.0	-0.0403163617305
1046000000.0	-0.159808621263
1048000000.0	-0.128171389869
1050000000.0	-0.215888270499
1052000000.0	0.146373246283
1054000000.0	0.0597456583103
1056000000.0	0.135251029072
1058000000.0	0.14918377767
1060000000.0	-0.198181066957
1062000000.0	-0.0476442880701
1064000000.0	-0.280288813846
1066000000.0	-0.0671469550381
1068000000.0	0.0133591701345
1070000000.0	0.182738221353
1072000000.0	0.194154176112
1074000000.0	-0.129892238714
1076000000.0	0.0652686985873
1078000000.0	-0.168187950098
1080000000.0	-0.109467238949
1082000000.0	0.00732492113038
1084000000.0	0.0626868256828
1086000000.0	0.452694068585
1088000000.0	-0.0720592058817
1090000000.0	0.15803563265
1092000000.0	-0.1109473253
1094000000.0	0.0237595396933
1096000000.0	-0.0847460942221
1098000000.0	-0.0353688351772
1100000000.0	0.24092676556
1102000000.0	0.315172728614
1104000000.0	0.142378248698
1106000000.0	-0.0932097438932
1108000000.0	-0.167283369345
1110000000.0	0.0641927067111
1112000000.0	-0.250098334789
1114000000.0	0.101087702724
1116000000.0	0.128344125221
1118000000.0	0.226509102519
1120000000.0	0.188122853909
1122000000.0	-0.474168596617
1124000000.0	-0.131897222933
1126000000.0	0.0568621905535
1128000000.0	-0.156391518456
1130000000.0	0.0326133052125
1132000000.0	0.171325095601
1134000000.0	-0.0389098452304
1136000000.0	-0.150516645192
1138000000.0	-0.305840495937
1140000000.0	-0.17186411583
1142000000.0	-0.118673009471
1144000000.0	0.00836804440118
1146000000.0	-0.00697030558834
1148000000.0	0.129937432338
1150000000.0	0.0656429054375
1152000000.0	-0.061430921763
1154000000.0	0.0402730278241
1156000000.0	-0.341794727481
1158000000.0	0.288363705502
1160000000.0	0.182699484399
1162000000.0	0.00365100169869
1164000000.0	-0.0196761084908
1166000000.0	-0.254984621267
1168000000.0	-0.189734109306
1170000000.0	0.0472133789926
1172000000.0	0.111520526804
1174000000.0	0.158985563891
1176000000.0	0.272548603208
1178000000.0	0.0106826842679
1180000000.0	-0.00942473992682
1182000000.0	-0.314620409881
1184000000.0	-0.132116528517
1186000000.0	0.157248169962
1188000000.0	0.0929051918904
1190000000.0	-0.0233005899244
1192000000.0	-0.0680095925055
1194000000.0	-0.00877983560824
1196000000.0	-0.157386550634
1198000000.0	-0.660042976562
1200000000.0	1.96256281248
1202000000.0	-0.760322828653
1204000000.0	-0.413056639092
1206000000.0	-0.0211970542196
1208000000.0	0.117268604101
1210000000.0	-0.271156522051
1212000000.0	0.157064127223
1214000000.0	-0.0122781696468
1216000000.0	-0.0569233378399
1218000000.0	-0.239806962685
1220000000.0	0.129573119745
1222000000.0	0.0890200120748
1224000000.0	-0.0695883117519
1226000000.0	-0.0563261516008
1228000000.0	-0.160187591395
1230000000.0	-0.11644361171
1232000000.0	0.136390694562
1234000000.0	-0.114902978375
1236000000.0	-0.0549821589478
1238000000.0	0.0842480304771
1240000000.0	-0.040893812822
1242000000.0	-0.202317094727
1244000000.0	0.119140822419
1246000000.0	0.116102595073
1248000000.0	-0.043548465014
1250000000.0	0.24691621196
1252000000.0	-0.125898459098
1254000000.0	0.270042000745
1256000000.0	-0.0361056437493
1258000000.0	-0.0138177514554
1260000000.0	-0.0617556190958
1262000000.0	-0.167495880867
1264000000.0	-0.0253613660239
1266000000.0	0.0782744772926
1268000000.0	-0.0536944867728
1270000000.0	-0.0397653078828
1272000000.0	-0.0793115334521
1274000000.0	-0.00515631868954
1276000000.0	-0.093174477875
1278000000.0	0.0954618478722
1280000000.0	-0.0907549620099
1282000000.0	-0.243190921965
1284000000.0	-0.192995741712
1286000000.0	-0.372061712916
1288000000.0	0.0600215311481
1290000000.0	0.0442899929051
1292000000.0	-0.159695468417
1294000000.0	-0.0424448836562
1296000000.0	0.591497114348
1298000000.0	1.28916145975
1300000000.0	-3.20643309406
1302000000.0	1.36069375488
1304000000.0	0.643506322143
1306000000.0	0.0953751658956
1308000000.0	0.0376129074972
1310000000.0	-0.0522801999894
1312000000.0	-0.0720952481026
1314000000.0	0.11603724122
1316000000.0	-0.163106253504
1318000000.0	-0.0158860478811
1320000000.0	0.384226714568
1322000000.0	0.141542500305
1324000000.0	0.0128059188387
1326000000.0	-0.288966770723
1328000000.0	-0.529979009607
1330000000.0	-0.347752871724
1332000000.0	0.0433959293553
1334000000.0	-0.132554355625
1336000000.0	-0.16922717226
1338000000.0	0.154803576837
1340000000.0	-0.0644268345708
1342000000.0	0.0873722831383
1344000000.0	-0.161042248232
1346000000.0	-0.243495921455
1348000000.0	-0.136433037674
1350000000.0	0.493074987325
1352000000.0	-0.157249498218
1354000000.0	0.15800486729
1356000000.0	-0.111101835863
1358000000.0	-0.163601656814
1360000000.0	-0.373634875549
1362000000.0	-0.00699110991606
1364000000.0	0.24089344063
1366000000.0	0.04742011529
1368000000.0	0.0639894026227
1370000000.0	-0.112164526073
1372000000.0	-0.154211422774
1374000000.0	-0.167287482518
1376000000.0	-0.0253521731489
1378000000.0	0.0938249746956
1380000000.0	0.104590515738
1382000000.0	0.0590487624588
1384000000.0	0.363702272503
1386000000.0	0.155449554641
1388000000.0	-0.10273016648
1390000000.0	-0.154702367812
1392000000.0	-0.172326958319
1394000000.0	-0.20720109055
1396000000.0	0.148514036398
1398000000.0	0.122103661491
1400000000.0	-0.0227020636854
1402000000.0	-0.149893647092
1404000000.0	-0.0252177964026
1406000000.0	-0.273588209524
1408000000.0	-0.0706759511194
1410000000.0	0.137730763665
1412000000.0	0.263369934783
1414000000.0	0.0589839646794
1416000000.0	0.0259813992611
1418000000.0	-0.295531009036
1420000000.0	-0.244099605688
1422000000.0	-0.165349822037
1424000000.0	0.0302196411184
1426000000.0	0.126921238558
1428000000.0	0.17524994163
1430000000.0	0.224892080244
1432000000.0	-0.293732564654
1434000000.0	0.0923673626116
1436000000.0	-0.08544781315
1438000000.0	-0.200465912462
1440000000.0	0.0624393489736
1442000000.0	0.110168969542
1444000000.0	0.171094028318
1446000000.0	-0.163276163932
1448000000.0	-0.358643191327
1450000000.0	-0.899486329865
1452000000.0	-0.0990848048153
1454000000.0	0.427014614226
1456000000.0	0.489715020176
1458000000.0	0.521146514004
1460000000.0	-0.067035029328
1462000000.0	-0.339528650729
1464000000.0	-0.794214009673
1466000000.0	-0.411212883797
1468000000.0	-0.344416697243
1470000000.0	0.255927310762
1472000000.0	0.906964598132
1474000000.0	1.09168145245
1476000000.0	0.455241310756
1478000000.0	-1.01074840549
1480000000.0	-1.23476509252
1482000000.0	-0.721431253838
1484000000.0	0.452031604281
1486000000.0	1.35957151685
1488000000.0	1.35455255915
1490000000.0	1.03822044719
1492000000.0	0.319691766907
1494000000.0	-1.77928588936
1496000000.0	-5.42392713129
1498000000.0	-11.1061226836
1500000000.0	32.4518219941
1502000000.0	-11.3743609918
1504000000.0	-6.44817435556
1506000000.0	-1.21520918108
1508000000.0	1.48263481106
1510000000.0	1.38041186251
1512000000.0	1.07950883215
1514000000.0	0.204829467816
1516000000.0	-0.432184667579
1518000000.0	-0.383226430386
1520000000.0	-0.470336052004
1522000000.0	-0.475320312864
1524000000.0	-0.0330111392063
1526000000.0	0.881710061486
1528000000.0	0.557551406247
1530000000.0	-0.312512677758
1532000000.0	-0.568024227241
1534000000.0	-0.38390685623
1536000000.0	-0.219491465024
1538000000.0	-0.0372389813088
1540000000.0	0.333400058273
1542000000.0	0.176380065413
1544000000.0	0.174649113677
1546000000.0	-0.0478818031346
1548000000.0	-0.246885203474
1550000000.0	-0.0216338225179
1552000000.0	-0.207557900181
1554000000.0	0.17977647399
1556000000.0	0.493258140354
1558000000.0	0.220705876198
1560000000.0	-0.22711966023
1562000000.0	-0.15171231351
1564000000.0	-0.187682074915
1566000000.0	0.0408507360431
1568000000.0	0.0736581898109
1570000000.0	0.384743116255
1572000000.0	0.264517972634
1574000000.0	-0.0531535952381
1576000000.0	-0.208227450292
1578000000.0	-0.271667915332
1580000000.0	-0.125259063388
1582000000.0	0.0662396537396
1584000000.0	0.235265783418
1586000000.0	0.135910491559
1588000000.0	0.596959422657
1590000000.0	0.0654966876794
1592000000.0	-0.058945923778
1594000000.0	-0.229432903609
1596000000.0	-0.51013732894
1598000000.0	0.246157872746
1600000000.0	-0.185163528797
1602000000.0	0.283820271154
1604000000.0	0.309208916376
1606000000.0	-0.161660795507
1608000000.0	-0.060154746664
1610000000.0	-0.108117062487
1612000000.0	-0.0326302480279
1614000000.0	0.0416974163345
1616000000.0	0.363966675375
1618000000.0	0.180325898739
1620000000.0	0.154668378119
1622000000.0	0.190335583564
1624000000.0	-0.523129277885
1626000000.0	0.711758855001
1628000000.0	0.286283627309
1630000000.0	0.0153616858583
1632000000.0	0.055260856175
1634000000.0	0.210316712792
1636000000.0	0.059897097834
1638000000.0	-0.037963987999
1640000000.0	0.0478860430318
1642000000.0	0.0231825144229
1644000000.0	0.118684895971
1646000000.0	0.275815179899
1648000000.0	-0.0867139229881
1650000000.0	-0.257091402335
1652000000.0	-0.0277385352459
1654000000.0	-0.129733909378
1656000000.0	0.137869477366
1658000000.0	-0.187468962599
1660000000.0	0.16948218092
1662000000.0	0.337852035016
1664000000.0	-0.13988802043
1666000000.0	-0.0149414359199
1668000000.0	-0.0624177463473
1670000000.0	0.0893494208165
1672000000.0	0.0278771945419
1674000000.0	-0.200781475806
1676000000.0	0.220437681497
1678000000.0	0.171547073357
1680000000.0	0.0503543648915
1682000000.0	0.112832482141
1684000000.0	0.073056594653
1686000000.0	0.0195753719912
1688000000.0	-0.0373243758151
1690000000.0	-0.283475467046
1692000000.0	-0.086654236001
1694000000.0	0.163008021847
1696000000.0	-0.151685591963
1698000000.0	0.0590114281599
1700000000.0	-0.498356348254
1702000000.0	0.301581469085
1704000000.0	-0.0164957891556
1706000000.0	-0.0338051368472
1708000000.0	-0.150809376474
1710000000.0	-0.119312141226
1712000000.0	-0.108398845518
1714000000.0	0.0809751350958
1716000000.0	0.16975119851
1718000000.0	-0.173802113365
1720000000.0	-0.00806402813615
1722000000.0	0.106236207403
1724000000.0	0.0094563064456
1726000000.0	-0.186709316801
1728000000.0	-0.0419679865355
1730000000.0	-0.145047416985
1732000000.0	-0.03456990473
1734000000.0	0.0146451161948
1736000000.0	-0.00558957826517
1738000000.0	0.020663636368
1740000000.0	0.145503295088
1742000000.0	0.216891973557
1744000000.0	-0.0806165366743
1746000000.0	0.170197030076
1748000000.0	0.0926065965961
1750000000.0	-0.847663204344
1752000000.0	-0.00405023405731
1754000000.0	-0.0620161082617
1756000000.0	-0.148667306697
1758000000.0	-0.0644946922286
1760000000.0	0.288207206957
1762000000.0	0.0143121451378
1764000000.0	-0.000941078648631
1766000000.0	0.0182174951669
1768000000.0	0.135835329428
1770000000.0	-0.324118783183
1772000000.0	-0.0832678656852
1774000000.0	0.0573864847093
1776000000.0	-0.0266163430405
1778000000.0	0.162756170182
1780000000.0	0.0103423158228
1782000000.0	-0.0187072906204
1784000000.0	0.0134529201271
1786000000.0	0.0409036456079
1788000000.0	-0.0369255142999
1790000000.0	0.169122194136
1792000000.0	-0.0137254992089
1794000000.0	0.00987659888794
1796000000.0	-0.468834025953
1798000000.0	-0.425993784729
1800000000.0	0.588659809184
1802000000.0	-0.079728062946
1804000000.0	-0.321629294932
1806000000.0	-0.416722176749
1808000000.0	0.21845597151
1810000000.0	0.0516095553257
1812000000.0	0.0426210193008
1814000000.0	0.0671386046593
1816000000.0	0.0595249644806
1818000000.0	-0.128509957679
1820000000.0	-0.245959476918
1822000000.0	-0.0750200363428
1824000000.0	0.233782291471
1826000000.0	-0.196685862187
1828000000.0	0.200969944487
1830000000.0	-0.0796332672126
1832000000.0	0.0846959660831
1834000000.0	0.0276957612202
1836000000.0	-0.0495817633927
1838000000.0	-0.0525810122572
1840000000.0	0.111945079962
1842000000.0	0.0903777250231
1844000000.0	-0.0879112151653
1846000000.0	-0.0328812423008
1848000000.0	-0.200825590498
1850000000.0	-0.0694884238068
1852000000.0	-0.0567483565597
1854000000.0	0.207315147864
1856000000.0	0.0487458855781
1858000000.0	-0.118291357145
1860000000.0	0.0119919904625
1862000000.0	-0.326056563166
1864000000.0	-0.308242142759
1866000000.0	-0.0735582034871
1868000000.0	-0.124241856328
1870000000.0	-0.252113426454
1872000000.0	-0.112692869877
1874000000.0	-0.330953207813
1876000000.0	0.368264483937
1878000000.0	-0.31352751197
1880000000.0	-0.0479295190132
1882000000.0	0.100100930284
1884000000.0	0.343184941138
1886000000.0	0.378109610891
1888000000.0	0.48826078282
1890000000.0	-0.112788776346
1892000000.0	-0.424224019732
1894000000.0	-0.458754161718
1896000000.0	-0.563998326739
1898000000.0	-1.1222340383
1900000000.0	4.83867583807
1902000000.0	-2.64263170212
1904000000.0	-1.31562512187
1906000000.0	-0.21935340655
1908000000.0	0.59778658667
1910000000.0	0.480228113925
1912000000.0	-0.0182939724108
1914000000.0	-0.433473558631
1916000000.0	0.0859438905142
1918000000.0	-0.250032252416
1920000000.0	-0.0222816590998
1922000000.0	0.274791922366
1924000000.0	0.0585595950283
1926000000.0	-0.268024297369
1928000000.0	0.327188746888
1930000000.0	-0.14090046156
1932000000.0	-0.121750239028
1934000000.0	-0.0868281966601
1936000000.0	0.300744907447
1938000000.0	0.20145399904
1940000000.0	0.366109010273
1942000000.0	0.0868660685024
1944000000.0	0.0706898511281
1946000000.0	-0.194691112065
1948000000.0	-0.000625415339585
1950000000.0	0.17080898025
1952000000.0	-0.0431482325268
1954000000.0	0.112979218371
1956000000.0	-0.00217919167635
1958000000.0	-0.0189207200163
1960000000.0	0.079233031208
1962000000.0	-0.0702912465701
1964000000.0	-0.175681668241
1966000000.0	0.0175557280734
1968000000.0	0.0952523182134
1970000000.0	-0.0636351426165
1972000000.0	-0.117611041459
1974000000.0	-0.0929269963041
1976000000.0	0.0850105997363
1978000000.0	-0.0944813076567
1980000000.0	0.0658121782318
1982000000.0	-0.079083439122
1984000000.0	-0.376143243987
1986000000.0	0.161830665572
1988000000.0	0.0702301075714
1990000000.0	-0.0227709911083
1992000000.0	-0.309499984226
1994000000.0	0.116281291863
1996000000.0	0.111809229353
1998000000.0	-0.0568062414228
2000000000.0	-0.34375
