0.0	-9.61875
2000000.0	1.55160450081
4000000.0	2.45260549992
6000000.0	0.849932181544
8000000.0	0.00121326820658
10000000.0	-0.0154536513821
12000000.0	-1.33893244136
14000000.0	-1.28623849352
16000000.0	0.0083174508754
18000000.0	3.96598948046
20000000.0	5.35884651188
22000000.0	4.34380890005
24000000.0	1.786906117
26000000.0	-1.0934319279
28000000.0	-3.32591289624
30000000.0	-4.33065562682
32000000.0	-4.01516705456
34000000.0	-1.33458922386
36000000.0	3.80918405277
38000000.0	4.70463036321
40000000.0	4.030840838
42000000.0	2.58957598274
44000000.0	-0.0105674809561
46000000.0	-2.24360982727
48000000.0	-2.64246141467
50000000.0	-1.58707858497
52000000.0	0.0201539586225
54000000.0	1.08480780841
56000000.0	1.50912062823
58000000.0	0.901608233069
60000000.0	-0.555015376795
62000000.0	-1.81176704029
64000000.0	-1.4432581663
66000000.0	-0.127309404214
68000000.0	0.959598369233
70000000.0	1.09706988609
72000000.0	0.850011026616
74000000.0	-0.477073055682
76000000.0	-1.33509645539
78000000.0	-1.37564653011
80000000.0	-0.988776866417
82000000.0	-0.184797233639
84000000.0	0.792756299763
86000000.0	0.675927666453
88000000.0	0.282626773846
90000000.0	-0.682988794305
92000000.0	-0.997109502429
94000000.0	-0.769275666009
96000000.0	-0.369437747374
98000000.0	0.557582687222
100000000.0	0.697418479943
102000000.0	0.218121452904
104000000.0	-0.464687325547
106000000.0	-1.24503812729
108000000.0	-0.947812197271
110000000.0	-0.306715439662
112000000.0	0.433503929621
114000000.0	0.801076195414
116000000.0	0.820558956926
118000000.0	0.0392075874135
120000000.0	-0.633946471169
122000000.0	-0.701684692736
124000000.0	-1.3653181227
126000000.0	0.385875775066
128000000.0	0.597634010992
130000000.0	0.600175466191
132000000.0	0.408812248052
134000000.0	0.251143444123
136000000.0	-0.160970344156
138000000.0	-0.301347549678
140000000.0	-0.190071746235
142000000.0	0.369021517788
144000000.0	0.474989639944
146000000.0	0.512446588652
148000000.0	-0.04266551754
150000000.0	-0.297549027087
152000000.0	-0.649369599767
154000000.0	-0.528594605901
156000000.0	0.0897387521934
158000000.0	0.471055653845
160000000.0	0.508854008501
162000000.0	0.653050077339
164000000.0	0.193924482875
166000000.0	-0.129490277729
168000000.0	-0.438341592243
170000000.0	-0.787322554979
172000000.0	-0.474918928054
174000000.0	0.286077926346
176000000.0	0.373448246033
178000000.0	0.207263048237
180000000.0	0.613559898921
182000000.0	0.299903648203
184000000.0	0.26300721245
186000000.0	-0.307947751993
188000000.0	-0.593736937877
190000000.0	-0.578275396855
192000000.0	-0.202159459952
194000000.0	0.180125948553
196000000.0	0.445510105576
198000000.0	0.42697925886
200000000.0	0.456825612172
202000000.0	0.0428761117319
204000000.0	0.0792697649062
206000000.0	-0.269794957175
208000000.0	-0.270777483772
210000000.0	-0.400794896278
212000000.0	-0.400415240209
214000000.0	-0.164179758714
216000000.0	0.106596639558
218000000.0	0.082707303219
220000000.0	0.0875057281818
222000000.0	0.631627698133
224000000.0	0.483276819141
226000000.0	0.042602604301
228000000.0	-0.592314621421
230000000.0	-1.14500522121
232000000.0	-0.999910585441
234000000.0	0.303167452228
236000000.0	0.948097307882
238000000.0	1.30753503361
240000000.0	1.1512021994
242000000.0	0.0734533288467
244000000.0	-0.840407399737
246000000.0	-1.56989499785
248000000.0	-1.6338511037
250000000.0	-0.0534204947033
252000000.0	0.679856298244
254000000.0	2.12823303012
256000000.0	2.02098397652
258000000.0	0.85964312104
260000000.0	-1.84095938298
262000000.0	-2.43598739629
264000000.0	-1.52522493247
266000000.0	0.655345240796
268000000.0	2.0339253001
270000000.0	1.66502539036
272000000.0	0.53748046461
274000000.0	-0.303037214305
276000000.0	-1.19798023708
278000000.0	-1.25072563834
280000000.0	-1.59337968004
282000000.0	-0.117099528581
284000000.0	3.82025175086
286000000.0	4.36421203433
288000000.0	-0.581393865352
290000000.0	-8.9841251281
292000000.0	-10.7542565251
294000000.0	2.55438777112
296000000.0	27.8457876936
298000000.0	48.988815712
300000000.0	-116.746248183
302000000.0	31.5511187271
304000000.0	17.8175986112
306000000.0	10.6829634147
308000000.0	5.62191997999
310000000.0	-1.26828376925
312000000.0	-8.60800702157
314000000.0	-10.7267354601
316000000.0	-4.65230735376
318000000.0	4.3898860327
320000000.0	9.12673339341
322000000.0	6.21730510476
324000000.0	0.0161358218802
326000000.0	-4.51171111937
328000000.0	-5.49652578434
330000000.0	-3.23280727731
332000000.0	0.0686290835091
334000000.0	3.00921231492
336000000.0	3.6996019069
338000000.0	2.54238355955
340000000.0	0.386274366389
342000000.0	-2.61624029478
344000000.0	-3.64679439457
346000000.0	-2.09276717976
348000000.0	0.714580371505
350000000.0	2.84756032067
352000000.0	2.69603722393
354000000.0	0.562547304627
356000000.0	-1.67142606802
358000000.0	-2.31180106439
360000000.0	-1.63664385471
362000000.0	0.050854879254
364000000.0	1.61971127933
366000000.0	2.17637882258
368000000.0	0.644209507735
370000000.0	-0.558472911363
372000000.0	-1.71683650281
374000000.0	-1.572827763
376000000.0	-0.593616014084
378000000.0	1.09740636796
380000000.0	1.70909150139
382000000.0	1.5932501043
384000000.0	-0.243937185859
386000000.0	-1.69213636717
388000000.0	-1.71259056652
390000000.0	-1.10018634312
392000000.0	0.455536489249
394000000.0	1.65086576737
396000000.0	1.85051271185
398000000.0	0.750282446295
400000000.0	-0.288560604809
402000000.0	-1.83863281633
404000000.0	-1.64939995331
406000000.0	-0.717123211472
408000000.0	0.848026598586
410000000.0	1.63755859569
412000000.0	1.51670940868
414000000.0	0.09626087515
416000000.0	-0.787640817652
418000000.0	-1.16280594625
420000000.0	-0.980138105481
422000000.0	-0.162477286211
424000000.0	0.918264257829
426000000.0	1.12840754283
428000000.0	0.508171653567
430000000.0	-0.183224399243
432000000.0	-0.953221783561
434000000.0	-0.967480313892
436000000.0	-0.425910200394
438000000.0	0.568142957197
440000000.0	0.779871728424
442000000.0	0.686729327681
444000000.0	-0.403946038697
446000000.0	-0.628805243715
448000000.0	-0.797983739317
450000000.0	-0.616699669176
452000000.0	0.303086904043
454000000.0	0.687485745033
456000000.0	1.07658192809
458000000.0	0.112206293776
460000000.0	-0.530882635914
462000000.0	-0.500397936972
464000000.0	-0.769846525142
466000000.0	-0.0889515703024
468000000.0	0.735573774628
470000000.0	1.22404379377
472000000.0	0.476793185505
474000000.0	-0.350694220191
476000000.0	-0.522517850767
478000000.0	-0.645648047069
480000000.0	-0.281121028393
482000000.0	0.345768587909
484000000.0	0.947362444535
486000000.0	0.626476402901
488000000.0	0.435166675048
490000000.0	-0.387712172782
492000000.0	-0.781866594756
494000000.0	-0.484782582272
496000000.0	0.018691235185
498000000.0	0.635325904839
500000000.0	0.883709396329
502000000.0	0.381553547787
504000000.0	0.00620933567528
506000000.0	-0.543111630727
508000000.0	-0.480966196126
510000000.0	-0.0863100280357
512000000.0	0.52596624432
514000000.0	0.567696650007
516000000.0	0.612759641558
518000000.0	-0.0455289522225
520000000.0	-0.575807447704
522000000.0	-0.524926790663
524000000.0	-0.295955980427
526000000.0	0.476730778011
528000000.0	0.358268838184
530000000.0	0.207804390575
532000000.0	-0.0580718666547
534000000.0	-0.39248872117
536000000.0	-0.620056061679
538000000.0	-0.516336826469
540000000.0	0.170828648205
542000000.0	0.537859017174
544000000.0	0.542325581005
546000000.0	0.180967692823
548000000.0	-0.34409258768
550000000.0	-0.822828605918
552000000.0	-0.649863940885
554000000.0	-0.342239730122
556000000.0	0.451311803191
558000000.0	0.259617454805
560000000.0	0.174753401531
562000000.0	-0.101867691483
564000000.0	-0.389180138996
566000000.0	-0.287034738352
568000000.0	-0.361791525261
570000000.0	0.0908385238496
572000000.0	0.148901395119
574000000.0	0.12659547604
576000000.0	0.062288048482
578000000.0	0.0895919713669
580000000.0	-0.461860372296
582000000.0	-0.240896979645
584000000.0	-0.107185994544
586000000.0	0.117029896092
588000000.0	0.148225355196
590000000.0	0.0191606219372
592000000.0	-0.294056621376
594000000.0	-0.428434352444
596000000.0	-0.298363762271
598000000.0	0.197514884026
600000000.0	-0.61276681885
602000000.0	0.807449175354
604000000.0	0.407594825458
606000000.0	0.0745398875932
608000000.0	-0.786041869749
610000000.0	-0.319359016927
612000000.0	-0.44870056798
614000000.0	0.358808917829
616000000.0	0.417650320137
618000000.0	0.521971664597
620000000.0	0.209629826875
622000000.0	-0.295120860967
624000000.0	-0.596377001862
626000000.0	-0.525255077233
628000000.0	0.0529762031551
630000000.0	0.399799458011
632000000.0	0.554605116931
634000000.0	0.134472287805
636000000.0	-0.159565349132
638000000.0	-0.235167552705
640000000.0	-0.501936259613
642000000.0	-0.177321038289
644000000.0	0.195075123182
646000000.0	0.575057694543
648000000.0	0.304319938216
650000000.0	0.00689341166514
652000000.0	-0.249531325764
654000000.0	-0.481610747304
656000000.0	-0.228342675879
658000000.0	0.32334270402
660000000.0	0.29197652162
662000000.0	0.278704846366
664000000.0	0.240361873497
666000000.0	-0.547917416586
668000000.0	-0.443668916438
670000000.0	-0.309907794083
672000000.0	0.24778085619
674000000.0	0.38766530237
676000000.0	0.406340888441
678000000.0	0.179962599241
680000000.0	-0.300979626722
682000000.0	-0.360059469718
684000000.0	-0.593160261091
686000000.0	-0.350616977922
688000000.0	0.114845633817
690000000.0	0.175607993792
692000000.0	0.286138705711
694000000.0	0.103393786395
696000000.0	0.0117760778375
698000000.0	0.0119929249487
700000000.0	-1.72774557462
702000000.0	0.394795186859
704000000.0	0.375217739842
706000000.0	0.423533442643
708000000.0	0.45083399436
710000000.0	-0.206856394642
712000000.0	-0.381047138075
714000000.0	-0.647898735363
716000000.0	-0.0731910745699
718000000.0	0.215503479367
720000000.0	0.110133661669
722000000.0	0.420366371571
724000000.0	-0.0296659648172
726000000.0	-0.30115949933
728000000.0	-0.353747875384
730000000.0	-0.462569071637
732000000.0	-0.0755730623887
734000000.0	0.438838372434
736000000.0	0.691170823756
738000000.0	0.306752096462
740000000.0	-0.221868128382
742000000.0	-0.689429750691
744000000.0	-0.173130301702
746000000.0	0.00852191718904
748000000.0	0.514405567712
750000000.0	0.547188341107
752000000.0	0.0624374543879
754000000.0	-0.195514362599
756000000.0	-0.486022200518
758000000.0	-0.285726412986
760000000.0	-0.242744961874
762000000.0	-0.0776625454422
764000000.0	0.451839693486
766000000.0	0.648016528589
768000000.0	0.263947266042
770000000.0	-0.22747149665
772000000.0	-0.442885731342
774000000.0	-0.461215676121
776000000.0	0.0359090225758
778000000.0	0.579857624033
780000000.0	0.675477773889
782000000.0	0.453310834861
784000000.0	-0.173273629607
786000000.0	-0.578190703345
788000000.0	-0.346624919861
790000000.0	-0.10524275176
792000000.0	0.200163222801
794000000.0	0.292070481881
796000000.0	0.331514650512
798000000.0	0.22304363864
800000000.0	-0.643939853402
802000000.0	-0.242089947194
804000000.0	-0.371221613716
806000000.0	-0.0248187225253
808000000.0	0.660538101987
810000000.0	0.359950335044
812000000.0	0.124062309868
814000000.0	-0.387238254553
816000000.0	-0.171943096002
818000000.0	-0.49541021015
820000000.0	0.163388404322
822000000.0	0.568708793755
824000000.0	0.461100695166
826000000.0	0.506800997109
828000000.0	-0.107447733588
830000000.0	-0.627885504197
832000000.0	-0.508591569675
834000000.0	-0.214767419576
836000000.0	0.43919235305
838000000.0	0.526608481115
840000000.0	0.433599123627
842000000.0	-0.0204774841948
844000000.0	-0.494260000226
846000000.0	-0.636709528486
848000000.0	-0.301073804393
850000000.0	-0.120106916227
852000000.0	0.56981257977
854000000.0	0.936633904217
856000000.0	0.598717207306
858000000.0	0.0177343262269
860000000.0	-0.929669400495
862000000.0	-0.978351473783
864000000.0	-0.420154004248
866000000.0	0.820428520106
868000000.0	0.93664538606
870000000.0	0.495402897491
872000000.0	-0.426230100907
874000000.0	-1.11962883115
876000000.0	-0.502045920446
878000000.0	-0.420849701935
880000000.0	0.414845210275
882000000.0	0.716451053609
884000000.0	1.13286927631
886000000.0	0.859987110094
888000000.0	-1.24646757623
890000000.0	-3.64838731692
892000000.0	-3.62331526108
894000000.0	1.55932060796
896000000.0	11.7750638309
898000000.0	21.4598352989
900000000.0	-52.771630863
902000000.0	16.1139199063
904000000.0	8.73791282191
906000000.0	3.34437533808
908000000.0	0.590696666011
910000000.0	-1.45930328441
912000000.0	-2.80040400382
914000000.0	-2.64824540707
916000000.0	-0.929011797288
918000000.0	1.2383711632
920000000.0	2.71542233564
922000000.0	1.70586058156
924000000.0	-0.0417118128649
926000000.0	-1.57547664677
928000000.0	-1.69740770219
930000000.0	-0.672091277932
932000000.0	0.425430714374
934000000.0	0.591085477154
936000000.0	0.696752651981
938000000.0	0.486139487743
940000000.0	-0.0137630981381
942000000.0	-0.163791778386
944000000.0	-0.798482006614
946000000.0	-0.286662985545
948000000.0	0.34981080479
950000000.0	0.630201993686
952000000.0	0.373926022079
954000000.0	-0.267015607674
956000000.0	-0.378032265834
958000000.0	-0.632127490556
960000000.0	-0.360906518453
962000000.0	0.15179375287
964000000.0	0.315779109446
966000000.0	0.324714323759
968000000.0	-0.040414575927
970000000.0	-0.166645100274
972000000.0	-0.187238651911
974000000.0	-0.170068226212
976000000.0	-0.2596247951
978000000.0	0.246951041573
980000000.0	0.703684497345
982000000.0	0.182964533396
984000000.0	0.116272627216
986000000.0	-0.0787554143043
988000000.0	-0.472225712367
990000000.0	0.0106424202143
992000000.0	-0.00142268054686
994000000.0	0.0284417826849
996000000.0	0.0249874197287
998000000.0	-0.0512937107855
1000000000.0	1.29375
1002000000.0	-0.476041067664
1004000000.0	-0.449977478911
1006000000.0	-0.0122493427563
1008000000.0	-0.035809077342
1010000000.0	0.195129226647
1012000000.0	0.220093584642
1014000000.0	0.051517608131
1016000000.0	-0.0685590122481
1018000000.0	-0.117046623398
1020000000.0	-0.198402717148
1022000000.0	-0.267853792318
1024000000.0	0.00524217718593
1026000000.0	0.239381061237
1028000000.0	-0.125908823633
1030000000.0	0.153327597309
1032000000.0	0.125951989669
1034000000.0	-0.103809039349
1036000000.0	-0.408694681103
1038000000.0	-0.272601964228
1040000000.0	0.16647687772
1042000000.0	-0.191581260541
1044000000.0	-0.131411113681
1046000000.0	-0.271350390384
1048000000.0	-0.0731601404867
1050000000.0	0.0158673634638
1052000000.0	0.045659075532
1054000000.0	0.0185048884991
1056000000.0	0.25906440729
1058000000.0	0.227555766711
1060000000.0	-0.20075672003
1062000000.0	0.00178144036678
1064000000.0	0.332525384559
1066000000.0	0.118501738044
1068000000.0	0.0327261510633
1070000000.0	-0.131953873756
1072000000.0	0.21538504516
1074000000.0	0.113124369377
1076000000.0	-0.38338702337
1078000000.0	-0.214849773025
1080000000.0	0.100383701392
1082000000.0	0.00649522551952
1084000000.0	0.0272199388511
1086000000.0	0.0319209744568
1088000000.0	0.105634168634
1090000000.0	0.143197157646
1092000000.0	-0.192176069027
1094000000.0	-0.00962130815044
1096000000.0	-0.038922919941
1098000000.0	-0.166458131388
1100000000.0	0.229162022361
1102000000.0	-0.0386300841857
1104000000.0	0.104192345654
1106000000.0	0.123405843279
1108000000.0	0.0858968165161
1110000000.0	0.238537124058
1112000000.0	0.025271059678
1114000000.0	0.13861619706
1116000000.0	-0.174645132838
1118000000.0	-0.0943050541119
1120000000.0	-0.129637025101
1122000000.0	-0.0781454195486
1124000000.0	0.0786504273719
1126000000.0	-0.0109441239882
1128000000.0	-0.000437845566644
1130000000.0	-0.0145336180527
1132000000.0	0.122309547473
1134000000.0	0.287370408754
1136000000.0	-0.103505142378
1138000000.0	-0.36504521203
1140000000.0	0.0959319785623
1142000000.0	0.122183168345
1144000000.0	0.206591922088
1146000000.0	-0.0785694280057
1148000000.0	0.236615432661
1150000000.0	-0.187502456608
1152000000.0	-0.0831471464326
1154000000.0	-0.142591695645
1156000000.0	0.104748997803
1158000000.0	0.0841315431785
1160000000.0	-0.099532588468
1162000000.0	0.152076374091
1164000000.0	0.309895464254
1166000000.0	-0.0354985952961
1168000000.0	-0.110901876593
1170000000.0	0.0974699352147
1172000000.0	-0.0410529360164
1174000000.0	0.0175905921794
1176000000.0	-0.00300875190548
1178000000.0	0.135708797704
1180000000.0	0.077320110561
1182000000.0	0.17860405538
1184000000.0	0.180103981807
1186000000.0	0.0114533487179
1188000000.0	-0.0307285958448
1190000000.0	-0.159846284413
1192000000.0	0.186114623258
1194000000.0	0.200206947247
1196000000.0	-0.0304339249784
1198000000.0	-0.0409259593413
1200000000.0	-0.00206439519142
1202000000.0	0.14152676848
1204000000.0	0.122186077876
1206000000.0	-0.00902185762482
1208000000.0	-0.0318776368369
1210000000.0	-0.147931015691
1212000000.0	0.00649102218089
1214000000.0	-0.0627510729276
1216000000.0	0.0655370019134
1218000000.0	0.0271850003528
1220000000.0	-0.0161051141715
1222000000.0	-0.398212553668
1224000000.0	0.153111448773
1226000000.0	-0.322571154594
1228000000.0	0.0923837453987
1230000000.0	-0.152924896273
1232000000.0	-0.12298780248
1234000000.0	-0.130486253069
1236000000.0	-0.151134760916
1238000000.0	-0.0576009254071
1240000000.0	0.0895829909877
1242000000.0	0.0204363760127
1244000000.0	-0.0713425407279
1246000000.0	0.200406033962
1248000000.0	-0.358700001708
1250000000.0	0.649823292022
1252000000.0	-0.049485152401
1254000000.0	-0.0658967981339
1256000000.0	-0.276835856442
1258000000.0	-0.0393053594942
1260000000.0	-0.317258368841
1262000000.0	0.119462929236
1264000000.0	-0.10514184927
1266000000.0	-0.113661590655
1268000000.0	-0.0261433068043
1270000000.0	-0.186397673313
1272000000.0	0.0322626613381
1274000000.0	-0.202081284917
1276000000.0	-0.0570053129786
1278000000.0	-0.17017506715
1280000000.0	0.0423357224116
1282000000.0	0.119970555633
1284000000.0	0.206022314908
1286000000.0	0.0566100480537
1288000000.0	-0.136970359384
1290000000.0	0.00441706050306
1292000000.0	-0.395610069835
1294000000.0	0.210221033148
1296000000.0	0.428655031052
1298000000.0	1.01958188389
1300000000.0	-2.71922341494
1302000000.0	1.27303845874
1304000000.0	0.269622259599
1306000000.0	-0.105080012255
1308000000.0	0.714142450251
1310000000.0	-0.248026860345
1312000000.0	-0.223069604866
1314000000.0	-0.216377657771
1316000000.0	0.182695685013
1318000000.0	-0.111069594855
1320000000.0	-0.102758532213
1322000000.0	0.158331097369
1324000000.0	-0.0592086266075
1326000000.0	-0.190639044856
1328000000.0	-0.264197934761
1330000000.0	0.0101841223457
1332000000.0	0.0360641132341
1334000000.0	0.0636957105643
1336000000.0	-0.0790772090204
1338000000.0	-0.124711848479
1340000000.0	-0.235453391811
1342000000.0	-0.0215466249827
1344000000.0	-0.0648412625052
1346000000.0	0.479218554442
1348000000.0	0.254217790118
1350000000.0	-0.142746820744
1352000000.0	-0.235359618046
1354000000.0	-0.0479220289449
1356000000.0	-0.150129027022
1358000000.0	-0.0222715413365
1360000000.0	-0.0423020180791
1362000000.0	0.0121442707185
1364000000.0	0.187994559227
1366000000.0	-0.053588733084
1368000000.0	-0.196922310467
1370000000.0	-0.0607999907433
1372000000.0	-0.316799959323
1374000000.0	-0.665862031554
1376000000.0	0.455321717508
1378000000.0	0.206735116273
1380000000.0	0.298747044705
1382000000.0	0.224079562824
1384000000.0	0.0965346221867
1386000000.0	0.0207851650153
1388000000.0	-0.0869479532926
1390000000.0	0.24264573394
1392000000.0	0.232435083721
1394000000.0	0.00416039211979
1396000000.0	0.0120797853496
1398000000.0	0.3784881944
1400000000.0	-0.71629174504
1402000000.0	-0.00896974069068
1404000000.0	0.119071993661
1406000000.0	-0.173015130578
1408000000.0	0.271082302672
1410000000.0	-0.1190532899
1412000000.0	-0.177301866674
1414000000.0	-0.0583895499108
1416000000.0	-0.134675455988
1418000000.0	0.0876433479843
1420000000.0	0.431130016435
1422000000.0	0.398671723899
1424000000.0	0.284716217234
1426000000.0	-0.22476514217
1428000000.0	-0.144804603976
1430000000.0	-0.357118544057
1432000000.0	-0.0637154562923
1434000000.0	0.300431617051
1436000000.0	0.309388291631
1438000000.0	0.113384563331
1440000000.0	0.101275863766
1442000000.0	-0.13625171219
1444000000.0	-0.513142973678
1446000000.0	-0.142271642515
1448000000.0	-0.123059804638
1450000000.0	-0.191810178364
1452000000.0	0.495762971473
1454000000.0	0.316485759367
1456000000.0	-0.0138149382278
1458000000.0	-0.0675133706165
1460000000.0	-0.408763344841
1462000000.0	-0.318848566868
1464000000.0	0.25863651405
1466000000.0	0.353211923049
1468000000.0	0.315944107914
1470000000.0	-0.113344756029
1472000000.0	-0.410121624773
1474000000.0	-0.622630836711
1476000000.0	-0.109291572244
1478000000.0	0.320746625861
1480000000.0	0.399148505524
1482000000.0	0.377512097368
1484000000.0	0.166489289813
1486000000.0	-0.0023292772748
1488000000.0	-1.01379231786
1490000000.0	-1.66464249844
1492000000.0	-1.48835819322
1494000000.0	0.885252057858
1496000000.0	5.95568315036
1498000000.0	10.9227161155
1500000000.0	-28.7087093963
1502000000.0	8.75029252809
1504000000.0	5.27358730628
1506000000.0	1.62149633181
1508000000.0	-0.141894609502
1510000000.0	-0.916439087139
1512000000.0	-1.37824292825
1514000000.0	-1.08860769156
1516000000.0	-0.393561166041
1518000000.0	0.705181498097
1520000000.0	1.11930992879
1522000000.0	0.821064492294
1524000000.0	-0.11050017501
1526000000.0	-0.695314313994
1528000000.0	-0.891993160569
1530000000.0	-0.397160469202
1532000000.0	0.351269677047
1534000000.0	0.461415826592
1536000000.0	0.609508431099
1538000000.0	0.042022503561
1540000000.0	-0.188482795417
1542000000.0	-0.250317587361
1544000000.0	-0.269240441253
1546000000.0	0.196864379147
1548000000.0	0.348844083122
1550000000.0	0.153818682173
1552000000.0	0.384554916964
1554000000.0	-0.287687109135
1556000000.0	-0.238048237978
1558000000.0	-0.377038971933
1560000000.0	-0.0928271046787
1562000000.0	-0.0810800481548
1564000000.0	0.237845649473
1566000000.0	0.160836010134
1568000000.0	0.0405702745821
1570000000.0	-0.146151044527
1572000000.0	0.127358816367
1574000000.0	-0.0532609578814
1576000000.0	0.0175704786518
1578000000.0	0.217812933689
1580000000.0	0.27877066915
1582000000.0	-0.0181540534628
1584000000.0	-0.0855126644297
1586000000.0	-0.301054537047
1588000000.0	0.0681722700427
1590000000.0	-0.168272648764
1592000000.0	0.173441993817
1594000000.0	0.210625851604
1596000000.0	0.122883342605
1598000000.0	-0.0940884396891
1600000000.0	-0.0779351465977
1602000000.0	-0.498628925561
1604000000.0	-0.183513008349
1606000000.0	-0.167279771057
1608000000.0	-0.111311641828
1610000000.0	0.0316898826777
1612000000.0	0.35790748094
1614000000.0	0.1002639319
1616000000.0	0.0573340069087
1618000000.0	-0.162629598504
1620000000.0	-0.190568525232
1622000000.0	0.113353042479
1624000000.0	0.148889668293
1626000000.0	0.240928584203
1628000000.0	-0.264202773391
1630000000.0	-0.164616295422
1632000000.0	-0.0631116307068
1634000000.0	0.0536926302592
1636000000.0	-0.197025656616
1638000000.0	-0.273080988806
1640000000.0	0.282650964898
1642000000.0	-0.147324784871
1644000000.0	-0.00428840646484
1646000000.0	0.0124488459338
1648000000.0	0.0992006816604
1650000000.0	0.124477076797
1652000000.0	0.0608465508329
1654000000.0	0.127114961947
1656000000.0	0.280463107332
1658000000.0	-0.121843684199
1660000000.0	-0.262345165301
1662000000.0	-0.291187156557
1664000000.0	-0.142552271468
1666000000.0	-0.0292210208979
1668000000.0	0.154808681245
1670000000.0	0.194880926483
1672000000.0	0.0501638700747
1674000000.0	0.0103313262719
1676000000.0	-0.258552975259
1678000000.0	-0.107500456704
1680000000.0	0.227197787422
1682000000.0	0.0824298670431
1684000000.0	0.146042908763
1686000000.0	0.0328638159828
1688000000.0	-0.164902363333
1690000000.0	0.00652159969009
1692000000.0	-0.105095299801
1694000000.0	0.00860337502746
1696000000.0	-0.0267206906437
1698000000.0	0.0442477927953
1700000000.0	-0.30228699465
1702000000.0	0.111353754208
1704000000.0	0.173187574566
1706000000.0	-0.111119112796
1708000000.0	0.154649753407
1710000000.0	-0.0265921457823
1712000000.0	0.0361887229086
1714000000.0	0.217512567071
1716000000.0	-0.0723737625234
1718000000.0	-0.227019612894
1720000000.0	-0.00601380048135
1722000000.0	-0.186224174013
1724000000.0	0.100026401705
1726000000.0	0.156778224686
1728000000.0	0.0189726907457
1730000000.0	0.00293742542345
1732000000.0	-0.00134223824206
1734000000.0	-0.0616170285766
1736000000.0	-0.09503177154
1738000000.0	-0.197530706948
1740000000.0	-0.220289188542
1742000000.0	-0.143217875575
1744000000.0	0.0745437635046
1746000000.0	0.119187637785
1748000000.0	0.0493477085216
1750000000.0	-0.393591138426
1752000000.0	-0.276480141167
1754000000.0	-0.106390006012
1756000000.0	-0.0643452119782
1758000000.0	0.0530888411649
1760000000.0	0.138543045429
1762000000.0	0.00267449029717
1764000000.0	0.0801463232898
1766000000.0	-0.298688232503
1768000000.0	-0.0289130543197
1770000000.0	-0.077772537604
1772000000.0	-0.169151773441
1774000000.0	0.235847557018
1776000000.0	0.134621279467
1778000000.0	0.0807172397747
1780000000.0	-0.0150208230468
1782000000.0	0.032103173802
1784000000.0	-0.0403718966274
1786000000.0	0.185498328042
1788000000.0	0.152296357536
1790000000.0	-0.207244027928
1792000000.0	-0.0410741370159
1794000000.0	0.0114009713979
1796000000.0	-0.145216017989
1798000000.0	-0.48446069423
1800000000.0	0.422232951718
1802000000.0	-0.0775194096129
1804000000.0	-0.11754355655
1806000000.0	-0.0682493827214
1808000000.0	-0.0516150485421
1810000000.0	-0.0234463550581
1812000000.0	0.146543481697
1814000000.0	0.0618192229095
1816000000.0	-0.0248416527706
1818000000.0	0.041887191051
1820000000.0	-0.0732665637413
1822000000.0	0.242861740851
1824000000.0	0.304031546477
1826000000.0	0.0778776765432
1828000000.0	-0.0137228748395
1830000000.0	-0.134056940286
1832000000.0	0.119033617018
1834000000.0	-0.148952309245
1836000000.0	-0.0960172672377
1838000000.0	0.0795765058305
1840000000.0	0.0265348176916
1842000000.0	0.206711587557
1844000000.0	-0.0912159349987
1846000000.0	-0.0731283318921
1848000000.0	-0.00152754632373
1850000000.0	0.0954932387577
1852000000.0	-0.0340565503661
1854000000.0	-0.0540517098338
1856000000.0	0.124627907945
1858000000.0	0.205952111698
1860000000.0	-0.0229500577207
1862000000.0	0.0386803560574
1864000000.0	0.189027711595
1866000000.0	0.139963336784
1868000000.0	0.0846050260261
1870000000.0	-0.0214072627077
1872000000.0	-0.117860446121
1874000000.0	-0.0418895270656
1876000000.0	0.0777619694265
1878000000.0	0.0910971509962
1880000000.0	0.164630032648
1882000000.0	0.173942101944
1884000000.0	-0.0368035420349
1886000000.0	-0.175512983117
1888000000.0	-0.213846047689
1890000000.0	-0.35695735357
1892000000.0	-0.453991789817
1894000000.0	0.347701830161
1896000000.0	1.52127917484
1898000000.0	2.90476233579
1900000000.0	-8.52194547186
1902000000.0	3.20147902502
1904000000.0	1.56970694582
1906000000.0	0.279607854554
1908000000.0	-0.258914076135
1910000000.0	-0.514861487468
1912000000.0	-0.507501370052
1914000000.0	-0.389681491317
1916000000.0	-0.0029502075369
1918000000.0	0.315001568926
1920000000.0	0.246483798042
1922000000.0	0.266328528616
1924000000.0	0.00244295393563
1926000000.0	-0.234241603009
1928000000.0	-0.111200102419
1930000000.0	-0.31702564674
1932000000.0	0.138129024928
1934000000.0	0.107243418957
1936000000.0	0.0772135987758
1938000000.0	-0.126236592291
1940000000.0	-0.145322267313
1942000000.0	0.0588356744577
1944000000.0	0.0191161563709
1946000000.0	-0.202009320051
1948000000.0	0.0571048981654
1950000000.0	0.21701017189
1952000000.0	0.0297646283471
1954000000.0	-0.285546434862
1956000000.0	-0.233691765533
1958000000.0	-0.0784587364788
1960000000.0	-0.0239961530811
1962000000.0	0.132375345454
1964000000.0	0.125810424488
1966000000.0	0.0776626791867
1968000000.0	-0.0977416174774
1970000000.0	0.216803158017
1972000000.0	0.203831630106
1974000000.0	0.218156375744
1976000000.0	-0.102005337997
1978000000.0	0.0447477918669
1980000000.0	0.104549791445
1982000000.0	-0.0479102331454
1984000000.0	0.0664143169258
1986000000.0	0.0762401408531
1988000000.0	0.0873444314165
1990000000.0	-0.0631914996211
1992000000.0	0.155797056989
1994000000.0	0.0791540216602
1996000000.0	-0.152993642701
1998000000.0	-0.132935405823
2000000000.0	0.08125
