0.0	-8.24375
2000000.0	1.29599654931
4000000.0	2.40917752038
6000000.0	0.496970606616
8000000.0	1.03874824838
10000000.0	0.0781867191545
12000000.0	-0.965068887162
14000000.0	-1.85336959852
16000000.0	0.282887862206
18000000.0	3.30594583243
20000000.0	5.15970574854
22000000.0	4.18911047448
24000000.0	1.82850621372
26000000.0	-0.572608720944
28000000.0	-2.43333566276
30000000.0	-4.29869316732
32000000.0	-4.7078032528
34000000.0	-2.17338391684
36000000.0	2.40908972215
38000000.0	4.39734917455
40000000.0	4.02396752641
42000000.0	3.24034418911
44000000.0	0.849451510276
46000000.0	-1.82021710977
48000000.0	-2.54112224898
50000000.0	-1.56284486303
52000000.0	-0.434536878621
54000000.0	1.17795545896
56000000.0	1.4550063492
58000000.0	1.1899485812
60000000.0	-0.966661972687
62000000.0	-1.986859704
64000000.0	-1.66291126749
66000000.0	0.0164367468067
68000000.0	1.1725475737
70000000.0	1.5213796361
72000000.0	0.869782770768
74000000.0	-0.218588593222
76000000.0	-1.61059181513
78000000.0	-2.15929066817
80000000.0	-1.40236145836
82000000.0	0.0450316557492
84000000.0	1.42154781389
86000000.0	1.72794929573
88000000.0	0.49712364059
90000000.0	-0.989023418252
92000000.0	-1.74692432073
94000000.0	-1.98835174127
96000000.0	-1.00834244582
98000000.0	0.773738479266
100000000.0	2.04857517266
102000000.0	1.080310208
104000000.0	0.0151031860131
106000000.0	-1.43271477409
108000000.0	-1.99577203398
110000000.0	-1.34948564483
112000000.0	-0.212092569209
114000000.0	1.33317152045
116000000.0	1.57902463511
118000000.0	0.933283286328
120000000.0	-0.105112606789
122000000.0	-1.33529391451
124000000.0	-1.90824487381
126000000.0	-0.193158839999
128000000.0	0.182384615595
130000000.0	0.955948710673
132000000.0	0.859810212515
134000000.0	0.188127690451
136000000.0	-0.470933775341
138000000.0	-0.826486834691
140000000.0	-0.448801951051
142000000.0	0.567359783893
144000000.0	1.30145430878
146000000.0	1.08597952438
148000000.0	0.129232647657
150000000.0	-0.86364594612
152000000.0	-1.78505078101
154000000.0	-1.14729702249
156000000.0	-0.0100137567797
158000000.0	1.25316909757
160000000.0	2.16761714404
162000000.0	1.16223094559
164000000.0	0.00687481961085
166000000.0	-1.48489972156
168000000.0	-2.33855847357
170000000.0	-1.40115824258
172000000.0	0.145880115216
174000000.0	1.140115404
176000000.0	1.29656598114
178000000.0	1.09688572455
180000000.0	-0.43736064923
182000000.0	-1.32662697493
184000000.0	-1.56752098988
186000000.0	-0.434184508523
188000000.0	1.01263052211
190000000.0	1.64659842246
192000000.0	0.968834401534
194000000.0	-0.217171183356
196000000.0	-1.49592158662
198000000.0	-1.53190155968
200000000.0	-1.09038897597
202000000.0	0.551834275359
204000000.0	1.67134005883
206000000.0	2.01749217267
208000000.0	0.747003710404
210000000.0	-1.1629483155
212000000.0	-2.19161114373
214000000.0	-1.71914941061
216000000.0	-0.371128951825
218000000.0	1.18408858065
220000000.0	2.21056968676
222000000.0	1.45573646978
224000000.0	-0.0226797730552
226000000.0	-1.66606602757
228000000.0	-2.49170577346
230000000.0	-1.48901946398
232000000.0	0.378741787932
234000000.0	1.98181534517
236000000.0	2.32029483275
238000000.0	1.06274833611
240000000.0	-1.20959408956
242000000.0	-2.60054237002
244000000.0	-2.53186652243
246000000.0	-0.393743623491
248000000.0	2.09645980529
250000000.0	4.41510390822
252000000.0	2.00554066598
254000000.0	-0.605404733257
256000000.0	-3.09128381312
258000000.0	-3.34796451309
260000000.0	-1.48299928557
262000000.0	1.10893490501
264000000.0	4.0131968619
266000000.0	4.58003182901
268000000.0	2.53738206821
270000000.0	-2.28877788845
272000000.0	-6.5337118988
274000000.0	-6.59671316275
276000000.0	-1.90504594356
278000000.0	6.61418905218
280000000.0	10.4564122948
282000000.0	7.13120427399
284000000.0	-1.93800685075
286000000.0	-9.86863413847
288000000.0	-12.5193620952
290000000.0	-9.88099113726
292000000.0	-1.93795763701
294000000.0	15.5297042519
296000000.0	45.5121732114
298000000.0	81.3217306585
300000000.0	-245.463667762
302000000.0	88.2790582824
304000000.0	51.1780162436
306000000.0	12.5955362997
308000000.0	-9.79980376644
310000000.0	-14.1793631604
312000000.0	-8.82174462005
314000000.0	-2.36514315894
316000000.0	1.51994277102
318000000.0	4.66381674309
320000000.0	5.553802125
322000000.0	2.89731598927
324000000.0	-1.55743952157
326000000.0	-4.74162998173
328000000.0	-3.91001798139
330000000.0	0.21980360997
332000000.0	3.07699743326
334000000.0	3.20089511475
336000000.0	0.801205305476
338000000.0	-1.8481992566
340000000.0	-2.43334550827
342000000.0	-1.32650326144
344000000.0	0.00836540738177
346000000.0	1.38651758061
348000000.0	1.86396392962
350000000.0	1.05989986938
352000000.0	-0.169590019203
354000000.0	-1.68127117769
356000000.0	-2.10822694416
358000000.0	-0.828357705436
360000000.0	1.03930719611
362000000.0	2.29437728391
364000000.0	1.84309351551
366000000.0	0.626849866044
368000000.0	-1.07759874733
370000000.0	-2.00713783878
372000000.0	-1.5750678322
374000000.0	-0.195149908644
376000000.0	0.561067197801
378000000.0	1.74351508475
380000000.0	1.48131328016
382000000.0	0.300296005646
384000000.0	-0.651377059276
386000000.0	-1.68451838513
388000000.0	-1.38313975642
390000000.0	-0.316110450778
392000000.0	0.770614736663
394000000.0	1.47456165406
396000000.0	0.861914635206
398000000.0	-0.119017436755
400000000.0	-0.520630539848
402000000.0	-1.16731608283
404000000.0	-0.543772176656
406000000.0	-0.0863402067442
408000000.0	0.343317245603
410000000.0	0.650239779034
412000000.0	0.326252925593
414000000.0	0.0387977839375
416000000.0	-0.245401680397
418000000.0	-0.305528037767
420000000.0	-0.0792624962526
422000000.0	0.156293136175
424000000.0	0.386915595103
426000000.0	-0.0976799820141
428000000.0	-0.295970065388
430000000.0	-0.605920319353
432000000.0	-0.262350257461
434000000.0	0.370967475349
436000000.0	0.375945618766
438000000.0	0.462840050715
440000000.0	0.364743408134
442000000.0	-0.626771346601
444000000.0	-0.618457465168
446000000.0	-0.718456192616
448000000.0	0.248208184693
450000000.0	0.292949845456
452000000.0	0.717946880562
454000000.0	0.499667543439
456000000.0	0.221342369532
458000000.0	-0.352094181513
460000000.0	-1.0644673501
462000000.0	-0.558522129714
464000000.0	-0.283278422104
466000000.0	0.333126257006
468000000.0	0.608776210082
470000000.0	0.729992725406
472000000.0	0.306796749664
474000000.0	-0.0580385284723
476000000.0	-0.597703653897
478000000.0	-0.441879742413
480000000.0	-0.199938170465
482000000.0	0.273668065583
484000000.0	0.463604657089
486000000.0	0.555076136657
488000000.0	0.0205461449621
490000000.0	-0.477414057638
492000000.0	-0.24920891858
494000000.0	-0.0852346789117
496000000.0	0.225371915003
498000000.0	0.221854975733
500000000.0	-0.289341414515
502000000.0	-0.0198648507886
504000000.0	0.0100653236814
506000000.0	0.00618709246848
508000000.0	-0.0013939788951
510000000.0	-0.0604240848132
512000000.0	0.028956239041
514000000.0	0.0394922101282
516000000.0	-0.241590504557
518000000.0	-0.593177297512
520000000.0	-0.150349140827
522000000.0	-0.0749804080165
524000000.0	0.429973106594
526000000.0	0.121290655848
528000000.0	0.530058746546
530000000.0	0.211321117742
532000000.0	-0.386653620299
534000000.0	-0.317963233293
536000000.0	-0.356391984936
538000000.0	-0.167413590541
540000000.0	0.128765726572
542000000.0	0.379856460143
544000000.0	0.161413323637
546000000.0	0.222314440927
548000000.0	-0.0830683910523
550000000.0	-0.43940764907
552000000.0	-0.422823429421
554000000.0	-0.261379611885
556000000.0	0.041182223986
558000000.0	0.252109553928
560000000.0	0.488235732649
562000000.0	0.0439107164109
564000000.0	-0.026374162332
566000000.0	-0.576925165442
568000000.0	-0.330418601012
570000000.0	-0.0359479631515
572000000.0	0.182250182776
574000000.0	0.166897183501
576000000.0	0.137408995319
578000000.0	0.176049414462
580000000.0	-0.100122005707
582000000.0	-0.0264614218764
584000000.0	-0.274153911218
586000000.0	0.267299334036
588000000.0	0.354700419276
590000000.0	0.0740186670455
592000000.0	-0.0120536207758
594000000.0	-0.00180918649474
596000000.0	0.143486825581
598000000.0	0.388792936774
600000000.0	-0.132594413587
602000000.0	0.0275596621517
604000000.0	-0.273462973686
606000000.0	-0.0635407118185
608000000.0	-0.288517822774
610000000.0	0.0527485189841
612000000.0	-0.138446765557
614000000.0	-0.136873184742
616000000.0	-0.00147709611133
618000000.0	0.388605955276
620000000.0	0.0945768784589
622000000.0	-0.102027695253
624000000.0	-0.65568083557
626000000.0	-0.0230828270255
628000000.0	-0.242494991574
630000000.0	0.246153339546
632000000.0	0.533291223918
634000000.0	0.409405084476
636000000.0	0.289021638402
638000000.0	-0.0552631721551
640000000.0	-0.195185386838
642000000.0	-0.597114703446
644000000.0	-0.0504012970681
646000000.0	-0.18471437085
648000000.0	0.355792897922
650000000.0	0.0903741807528
652000000.0	0.27801619997
654000000.0	-0.148386410492
656000000.0	-0.221976599375
658000000.0	-0.113714948872
660000000.0	-0.0895151931089
662000000.0	-0.297564954007
664000000.0	-0.206033372028
666000000.0	0.135462210808
668000000.0	0.267197428498
670000000.0	0.145892275357
672000000.0	-0.0380378892551
674000000.0	0.05566145133
676000000.0	-0.0452168479662
678000000.0	-0.0862139312818
680000000.0	-0.022167838712
682000000.0	0.0381986749702
684000000.0	-0.335132095031
686000000.0	-0.225720389286
688000000.0	0.261351944903
690000000.0	0.110495952176
692000000.0	0.255183013739
694000000.0	0.137558941821
696000000.0	-0.0391562186016
698000000.0	-0.0636078409451
700000000.0	-1.29020868727
702000000.0	0.120233240426
704000000.0	0.411433246338
706000000.0	0.145481267001
708000000.0	0.342265123418
710000000.0	0.0880864883529
712000000.0	-0.101294884724
714000000.0	-0.742173046734
716000000.0	-0.270269702115
718000000.0	-0.234657133014
720000000.0	0.048762332983
722000000.0	0.421395013948
724000000.0	0.186095997548
726000000.0	0.338250533854
728000000.0	0.128606215147
730000000.0	-0.208098629507
732000000.0	-0.068302201042
734000000.0	-0.154084493487
736000000.0	-0.196699072269
738000000.0	0.0279973911598
740000000.0	0.126908516693
742000000.0	-0.0408766165622
744000000.0	-0.183950927421
746000000.0	-0.0835262172426
748000000.0	-0.192863191292
750000000.0	0.166117640452
752000000.0	0.0419495138737
754000000.0	-0.0135849989976
756000000.0	-0.0538238998324
758000000.0	0.0474831249278
760000000.0	0.0471159279301
762000000.0	-0.113448576075
764000000.0	0.291643055998
766000000.0	0.22167530382
768000000.0	-0.0364276925732
770000000.0	-0.0206599163762
772000000.0	-0.686407576623
774000000.0	-0.584402405122
776000000.0	-0.0248764658741
778000000.0	0.291013264745
780000000.0	0.525088987465
782000000.0	0.323423412169
784000000.0	0.436892297051
786000000.0	0.168116394569
788000000.0	-0.448031827425
790000000.0	-0.911563741812
792000000.0	-0.450433610269
794000000.0	0.372586460522
796000000.0	0.55026116512
798000000.0	0.600111918487
800000000.0	0.423325016676
802000000.0	-0.218653016052
804000000.0	-0.502581865727
806000000.0	-0.63507993548
808000000.0	0.0905441066784
810000000.0	0.385318084355
812000000.0	0.488531480681
814000000.0	0.49612801935
816000000.0	0.0726278369205
818000000.0	-0.145214382447
820000000.0	-0.587116348181
822000000.0	-0.618534658212
824000000.0	-0.0752823606058
826000000.0	0.276472081955
828000000.0	0.544606758877
830000000.0	-0.107661832803
832000000.0	-0.179707808788
834000000.0	-0.487671272654
836000000.0	-0.238950690247
838000000.0	0.258415740239
840000000.0	0.327143290088
842000000.0	0.51998972277
844000000.0	0.332448243672
846000000.0	-0.166378757477
848000000.0	-0.649141296844
850000000.0	-0.642408841568
852000000.0	-0.140438757497
854000000.0	0.692706193841
856000000.0	0.783024943551
858000000.0	0.873716201385
860000000.0	0.0644862320776
862000000.0	-0.502591374082
864000000.0	-1.0602263035
866000000.0	-0.714581907357
868000000.0	-0.127435384468
870000000.0	1.03980681469
872000000.0	2.08514689186
874000000.0	2.08638448045
876000000.0	-0.113818556421
878000000.0	-2.41318281628
880000000.0	-2.96289867097
882000000.0	-2.04577635781
884000000.0	0.750215737507
886000000.0	3.18956020492
888000000.0	2.95877752734
890000000.0	1.76302932684
892000000.0	-0.556542317169
894000000.0	-3.66054836348
896000000.0	-9.30119946962
898000000.0	-18.3978129103
900000000.0	56.4006702219
902000000.0	-21.2363529562
904000000.0	-12.8187985306
906000000.0	-2.48814194074
908000000.0	3.28447191788
910000000.0	4.17976994665
912000000.0	1.62987165986
914000000.0	0.0472932443191
916000000.0	-0.884350955922
918000000.0	-1.17047560963
920000000.0	-0.484550747536
922000000.0	0.0383481260193
924000000.0	0.652830192564
926000000.0	1.24093147446
928000000.0	0.746457939502
930000000.0	-0.250047241692
932000000.0	-1.23700904712
934000000.0	-0.829944379741
936000000.0	0.0581431923808
938000000.0	0.674652596371
940000000.0	0.575184979503
942000000.0	0.343944969058
944000000.0	-0.269995340973
946000000.0	-0.513204611111
948000000.0	-0.848744115303
950000000.0	0.0775171299557
952000000.0	-0.0841958447376
954000000.0	0.583198161873
956000000.0	0.638904902148
958000000.0	0.249886165582
960000000.0	-0.503858501228
962000000.0	-0.65607482093
964000000.0	-0.662461354547
966000000.0	0.303643281561
968000000.0	0.470680396831
970000000.0	0.400451736306
972000000.0	0.238854522038
974000000.0	-0.0708975408324
976000000.0	-0.116711878374
978000000.0	-0.647651266504
980000000.0	-0.430940635949
982000000.0	-0.0891679565987
984000000.0	0.431418517015
986000000.0	0.250959155194
988000000.0	-0.00186494203035
990000000.0	-0.283325650711
992000000.0	-0.213846983594
994000000.0	-0.216142945674
996000000.0	-0.0468412199909
998000000.0	0.393669867599
1000000000.0	1.1125
1002000000.0	0.477224959263
1004000000.0	-0.117044332847
1006000000.0	-0.427436360285
1008000000.0	-0.320995550056
1010000000.0	-0.366793276317
1012000000.0	-0.00169673027099
1014000000.0	0.0602602098639
1016000000.0	-0.107749237804
1018000000.0	0.107692243564
1020000000.0	-0.260129732521
1022000000.0	0.130151165458
1024000000.0	-0.100727297992
1026000000.0	0.0585882287212
1028000000.0	-0.041567487875
1030000000.0	-0.163409623563
1032000000.0	0.147990392981
1034000000.0	0.00295366091108
1036000000.0	-0.0581273755837
1038000000.0	0.0222558080239
1040000000.0	-0.362010180091
1042000000.0	0.124577306313
1044000000.0	0.2978084762
1046000000.0	0.221104075888
1048000000.0	0.203026461407
1050000000.0	-0.255591816414
1052000000.0	-0.120099841954
1054000000.0	-0.0891109489234
1056000000.0	-0.140600958982
1058000000.0	0.272139485499
1060000000.0	0.153700389901
1062000000.0	0.0809902835761
1064000000.0	-0.0583037380775
1066000000.0	-0.296743756374
1068000000.0	-0.381398542046
1070000000.0	0.0565788582358
1072000000.0	0.230400022041
1074000000.0	0.0314191455179
1076000000.0	0.263561649943
1078000000.0	-0.0195174278485
1080000000.0	-0.249394295879
1082000000.0	-0.0544212307583
1084000000.0	0.0141254447279
1086000000.0	-0.0768719438523
1088000000.0	-0.0502737459046
1090000000.0	0.158125114017
1092000000.0	-0.0218085158487
1094000000.0	-0.187795800407
1096000000.0	-0.0752896082584
1098000000.0	-0.475006284217
1100000000.0	0.482547573794
1102000000.0	-0.229458832138
1104000000.0	0.290477796312
1106000000.0	-0.022874232719
1108000000.0	-0.128073575447
1110000000.0	0.149690633046
1112000000.0	-0.184510181167
1114000000.0	-0.222162541748
1116000000.0	-0.39537368656
1118000000.0	0.0245548275024
1120000000.0	0.220914038432
1122000000.0	0.00508298925266
1124000000.0	-0.105119255112
1126000000.0	0.125904125696
1128000000.0	-0.0274231945833
1130000000.0	0.0739567215027
1132000000.0	0.0663040310634
1134000000.0	-0.0423324643974
1136000000.0	-0.0426510603175
1138000000.0	-0.0843405839255
1140000000.0	-0.193316345635
1142000000.0	-0.241248905573
1144000000.0	-0.121529585012
1146000000.0	-0.076062297103
1148000000.0	0.255380665663
1150000000.0	-0.0802959152521
1152000000.0	-0.179444070435
1154000000.0	-0.0562946177484
1156000000.0	-0.113033142596
1158000000.0	-0.12295960181
1160000000.0	-0.0688709013022
1162000000.0	0.476518722525
1164000000.0	0.188392486368
1166000000.0	0.216281868989
1168000000.0	0.411759335985
1170000000.0	-0.0224975612269
1172000000.0	-0.270293154026
1174000000.0	0.085907943855
1176000000.0	-0.220035512816
1178000000.0	0.18211454565
1180000000.0	0.0703148998046
1182000000.0	-0.248674724999
1184000000.0	-0.0393931125112
1186000000.0	-0.197435430625
1188000000.0	-0.117592003728
1190000000.0	0.0932093401298
1192000000.0	0.277761059939
1194000000.0	0.175762500994
1196000000.0	-0.179034584267
1198000000.0	-0.311470382602
1200000000.0	0.255005539848
1202000000.0	-0.0395507541172
1204000000.0	0.0172247142535
1206000000.0	0.0272067255252
1208000000.0	-0.07302128623
1210000000.0	-0.0446738349957
1212000000.0	-0.121174008677
1214000000.0	0.0480733481936
1216000000.0	-0.0140924998573
1218000000.0	-0.239101761003
1220000000.0	0.0850337357075
1222000000.0	-0.107790109811
1224000000.0	-0.00564204767063
1226000000.0	0.19429915998
1228000000.0	0.134470913806
1230000000.0	-0.246936417485
1232000000.0	-0.424076427367
1234000000.0	0.113058622341
1236000000.0	0.224422669577
1238000000.0	0.188352369342
1240000000.0	0.285095610747
1242000000.0	-0.0978570028871
1244000000.0	0.0265818765051
1246000000.0	-0.212177193583
1248000000.0	-0.263704455525
1250000000.0	0.501058138279
1252000000.0	-0.441471113136
1254000000.0	-0.0593443419397
1256000000.0	0.127258126345
1258000000.0	-0.0931430303464
1260000000.0	-0.246984657948
1262000000.0	-0.43657390493
1264000000.0	-0.287026444069
1266000000.0	0.246256293666
1268000000.0	0.0163969305412
1270000000.0	-0.0916896461606
1272000000.0	0.0930405873909
1274000000.0	0.0405781467053
1276000000.0	0.135202770716
1278000000.0	0.0137896109646
1280000000.0	-0.206311698602
1282000000.0	-0.0120899067427
1284000000.0	0.496997266915
1286000000.0	0.364008779729
1288000000.0	-0.0251301943909
1290000000.0	-0.41042696121
1292000000.0	0.0204194366774
1294000000.0	-0.295601438131
1296000000.0	-0.178943367159
1298000000.0	-0.340273618285
1300000000.0	2.28202681219
1302000000.0	-1.1105155893
1304000000.0	-0.446957981322
1306000000.0	-0.129536214826
1308000000.0	0.0454063192151
1310000000.0	0.31972884903
1312000000.0	0.0400275558427
1314000000.0	-0.0612541497426
1316000000.0	0.23273368663
1318000000.0	-0.0132368947637
1320000000.0	-0.0276125467694
1322000000.0	-0.13972202641
1324000000.0	0.431017374331
1326000000.0	-0.177622392095
1328000000.0	0.233849302976
1330000000.0	0.078167546473
1332000000.0	-0.165966989935
1334000000.0	0.168443885571
1336000000.0	0.139228644282
1338000000.0	0.330109677247
1340000000.0	0.0521879229566
1342000000.0	0.106177297837
1344000000.0	0.012596585273
1346000000.0	-0.329664833754
1348000000.0	-0.0850561218472
1350000000.0	-0.00333360229924
1352000000.0	-0.357185843034
1354000000.0	-0.236323647074
1356000000.0	0.145329334924
1358000000.0	0.0519021890848
1360000000.0	-0.0772112680418
1362000000.0	-0.305569622112
1364000000.0	-0.256461318983
1366000000.0	-0.140112717455
1368000000.0	-0.0367796694388
1370000000.0	-0.233526277784
1372000000.0	-0.126740038688
1374000000.0	-0.321786103237
1376000000.0	0.267662642336
1378000000.0	0.102547499742
1380000000.0	-0.0735347082216
1382000000.0	0.0645036803201
1384000000.0	-0.11006424732
1386000000.0	0.333780139051
1388000000.0	0.403831033387
1390000000.0	0.0568634049358
1392000000.0	0.0186860932181
1394000000.0	0.087579775716
1396000000.0	-0.171518883136
1398000000.0	-0.0147480428499
1400000000.0	-0.0978453564364
1402000000.0	0.329617867978
1404000000.0	0.442654425383
1406000000.0	0.390364291547
1408000000.0	-0.155165257165
1410000000.0	0.00503615215003
1412000000.0	0.0413640933609
1414000000.0	-0.0852287042749
1416000000.0	-0.0286712863408
1418000000.0	0.104776132717
1420000000.0	0.40506782552
1422000000.0	0.10750520486
1424000000.0	-0.383510370369
1426000000.0	0.206218358327
1428000000.0	-0.13695414295
1430000000.0	0.0837704819145
1432000000.0	0.208666714781
1434000000.0	0.287642160924
1436000000.0	0.0107125648551
1438000000.0	-0.0730498171861
1440000000.0	-0.116500612453
1442000000.0	-0.182017012548
1444000000.0	0.0692619683404
1446000000.0	0.0724570245421
1448000000.0	0.380268795283
1450000000.0	0.367215680231
1452000000.0	0.176473388011
1454000000.0	-0.420500043008
1456000000.0	-0.298639666765
1458000000.0	-0.146456433823
1460000000.0	0.0711462614029
1462000000.0	0.304736532327
1464000000.0	0.242274787208
1466000000.0	0.372189550656
1468000000.0	-0.0108026157473
1470000000.0	-0.255194028759
1472000000.0	-0.424707503312
1474000000.0	-0.786595305685
1476000000.0	0.202268630404
1478000000.0	0.834550826145
1480000000.0	1.05064722488
1482000000.0	0.614434287687
1484000000.0	-0.321211345448
1486000000.0	-1.22891313961
1488000000.0	-0.928294082215
1490000000.0	0.0951757217864
1492000000.0	0.798903119095
1494000000.0	1.11006236426
1496000000.0	2.03863516829
1498000000.0	4.22566087111
1500000000.0	-14.7231585855
1502000000.0	5.92478634686
1504000000.0	3.55977893775
1506000000.0	0.556333490607
1508000000.0	-1.32615967625
1510000000.0	-1.54111225516
1512000000.0	-0.10164446185
1514000000.0	0.651861936003
1516000000.0	0.404856581551
1518000000.0	0.153322564817
1520000000.0	-0.175570188068
1522000000.0	-0.251079482124
1524000000.0	-0.234458814838
1526000000.0	-0.310112614597
1528000000.0	0.0405647837757
1530000000.0	0.395624775275
1532000000.0	0.40089359137
1534000000.0	0.208705660723
1536000000.0	-0.319392263924
1538000000.0	-0.229366212724
1540000000.0	-0.298866793756
1542000000.0	-0.0671343453626
1544000000.0	0.251025414315
1546000000.0	0.0804653880286
1548000000.0	0.17975842569
1550000000.0	0.00190938758002
1552000000.0	-0.172430210621
1554000000.0	-0.305001160329
1556000000.0	-0.088380058353
1558000000.0	0.0304150444733
1560000000.0	0.100645016091
1562000000.0	0.545345258804
1564000000.0	0.219732798947
1566000000.0	-0.292938582663
1568000000.0	0.0495047250957
1570000000.0	-0.101798905845
1572000000.0	0.0142802750955
1574000000.0	0.0588962972972
1576000000.0	0.0559817153259
1578000000.0	0.180781928465
1580000000.0	-0.148298722165
1582000000.0	0.0998730246712
1584000000.0	-0.333573630773
1586000000.0	-0.302055351751
1588000000.0	-0.00520889257148
1590000000.0	0.0742357794242
1592000000.0	-0.0297212920168
1594000000.0	0.13360944997
1596000000.0	0.126343776331
1598000000.0	-0.338752680883
1600000000.0	0.0110499833242
1602000000.0	-0.220328907224
1604000000.0	-0.133296255579
1606000000.0	-0.219614065628
1608000000.0	-0.234768451741
1610000000.0	0.0400577098532
1612000000.0	0.0160463887996
1614000000.0	-0.196998222597
1616000000.0	0.0403358271282
1618000000.0	0.200604233988
1620000000.0	-0.0506896998457
1622000000.0	0.0786794302648
1624000000.0	0.181458414394
1626000000.0	-0.552612792178
1628000000.0	-0.317164512791
1630000000.0	-0.10412264873
1632000000.0	0.143969823257
1634000000.0	-0.0305721824331
1636000000.0	0.131250299131
1638000000.0	-0.0926024778869
1640000000.0	0.0888256000253
1642000000.0	-0.132534645625
1644000000.0	0.00229326755088
1646000000.0	-0.259038934327
1648000000.0	-0.146952534324
1650000000.0	0.07595413605
1652000000.0	0.30473323324
1654000000.0	8.06525877391e-05
1656000000.0	-0.0657843766305
1658000000.0	-0.0193553904114
1660000000.0	-0.107008750038
1662000000.0	0.0630919873688
1664000000.0	-0.000227620956043
1666000000.0	0.0888817617902
1668000000.0	-0.0844947889498
1670000000.0	-0.0089513419243
1672000000.0	0.272934014942
1674000000.0	-0.0317225424147
1676000000.0	-0.312316394714
1678000000.0	0.189054981914
1680000000.0	0.202491593106
1682000000.0	-0.0577180891496
1684000000.0	-0.173524473383
1686000000.0	-0.339510478163
1688000000.0	-0.104953880999
1690000000.0	-0.29481030287
1692000000.0	0.0615304007674
1694000000.0	-0.120258162523
1696000000.0	0.102404242955
1698000000.0	0.0461309978333
1700000000.0	-0.19562871374
1702000000.0	0.0767894444525
1704000000.0	0.1355702922
1706000000.0	-0.0262100787553
1708000000.0	0.0342906183732
1710000000.0	0.231400336087
1712000000.0	-0.0438867171695
1714000000.0	-0.172223753138
1716000000.0	-0.00689255311724
1718000000.0	-0.204939967833
1720000000.0	-0.216865745133
1722000000.0	0.0327770726663
1724000000.0	-0.225479472914
1726000000.0	0.120847565197
1728000000.0	-0.0762163468993
1730000000.0	-0.0150450047613
1732000000.0	0.122578019875
1734000000.0	0.143475504713
1736000000.0	-0.0873787007581
1738000000.0	-0.0975808827198
1740000000.0	-0.0077852525074
1742000000.0	0.270742278799
1744000000.0	-0.0776824012021
1746000000.0	-0.238543779974
1748000000.0	0.183499359961
1750000000.0	1.04272031305
1752000000.0	0.0908348303506
1754000000.0	0.140928357349
1756000000.0	0.213850565945
1758000000.0	0.104310580628
1760000000.0	-0.228227467056
1762000000.0	-0.12878942429
1764000000.0	-0.13196066358
1766000000.0	0.119945027328
1768000000.0	0.141492778587
1770000000.0	0.137870007261
1772000000.0	-0.0607261204704
1774000000.0	-0.14679726698
1776000000.0	0.0288732297305
1778000000.0	-0.331505273532
1780000000.0	-0.0604555662807
1782000000.0	-0.242512339163
1784000000.0	0.115797749112
1786000000.0	0.0487062951011
1788000000.0	0.207689391542
1790000000.0	-0.17638102415
1792000000.0	-0.110783546493
1794000000.0	0.14615989366
1796000000.0	0.329291137223
1798000000.0	0.236262335234
1800000000.0	-0.635421254007
1802000000.0	0.161859866199
1804000000.0	-0.0103799244694
1806000000.0	0.0698416749829
1808000000.0	-0.0302771955498
1810000000.0	0.146884307613
1812000000.0	-0.202956697758
1814000000.0	0.0215655806034
1816000000.0	0.0189265595284
1818000000.0	0.152190425495
1820000000.0	0.281842399135
1822000000.0	0.338483295816
1824000000.0	-0.00616889270607
1826000000.0	-0.373070549296
1828000000.0	-0.0517609221579
1830000000.0	-0.102244891603
1832000000.0	0.302893287912
1834000000.0	-0.00340376363153
1836000000.0	0.0439931516561
1838000000.0	0.036742753492
1840000000.0	-0.159218803652
1842000000.0	-0.116530722382
1844000000.0	0.0389642647893
1846000000.0	0.073454938729
1848000000.0	0.0794976489844
1850000000.0	-0.000272637976872
1852000000.0	-0.0373110371562
1854000000.0	-0.287041238397
1856000000.0	-0.113601902896
1858000000.0	0.106106157813
1860000000.0	0.0508354949661
1862000000.0	-0.120432782885
1864000000.0	-0.0267875511515
1866000000.0	-0.38859177907
1868000000.0	-0.158450350798
1870000000.0	-0.082208185221
1872000000.0	-0.0484244928619
1874000000.0	-0.346573081783
1876000000.0	0.302097511962
1878000000.0	0.0610386091935
1880000000.0	0.340747817327
1882000000.0	0.20727952996
1884000000.0	-0.171178583704
1886000000.0	-0.3260496372
1888000000.0	-0.182383290317
1890000000.0	0.38466990045
1892000000.0	0.316958348092
1894000000.0	0.22709611534
1896000000.0	0.0557711813393
1898000000.0	-0.334294326882
1900000000.0	-0.75181461704
1902000000.0	0.69314432609
1904000000.0	0.295794822645
1906000000.0	0.0837798226502
1908000000.0	-0.205730960314
1910000000.0	-0.343258758845
1912000000.0	0.192653397194
1914000000.0	0.216877527925
1916000000.0	0.082479432621
1918000000.0	-0.0912694044856
1920000000.0	-0.22668647083
1922000000.0	-0.159412380259
1924000000.0	0.0884896710267
1926000000.0	0.0794445837083
1928000000.0	0.156789455917
1930000000.0	0.0541148217743
1932000000.0	0.131294988703
1934000000.0	0.0802989742925
1936000000.0	-0.00410419149123
1938000000.0	-0.0865525493822
1940000000.0	-0.0348020173806
1942000000.0	0.0815315405374
1944000000.0	0.0155662490043
1946000000.0	0.227650316327
1948000000.0	0.0452121995624
1950000000.0	-0.243018957673
1952000000.0	-0.172901527883
1954000000.0	0.0384797183793
1956000000.0	-0.172433791196
1958000000.0	0.151444953286
1960000000.0	-0.0184770895816
1962000000.0	0.244981638679
1964000000.0	-0.0682878823277
1966000000.0	-0.161715393703
1968000000.0	0.0298733022786
1970000000.0	-0.347373711489
1972000000.0	-0.228412113489
1974000000.0	-0.0161031549936
1976000000.0	0.036505562606
1978000000.0	0.0609018275357
1980000000.0	-0.121763323207
1982000000.0	-0.0371268603987
1984000000.0	-0.0209677157086
1986000000.0	-0.00581638412335
1988000000.0	-0.0415019589696
1990000000.0	-0.10817550771
1992000000.0	0.119362307643
1994000000.0	0.0529247638893
1996000000.0	-0.0111036756883
1998000000.0	0.0852549320985
2000000000.0	-0.90625
