0.0	-2.0125
2000000.0	0.712174500994
4000000.0	1.52213712172
6000000.0	0.361618626969
8000000.0	0.263115361683
10000000.0	-0.160226244503
12000000.0	-0.938832641541
14000000.0	-0.829575319579
16000000.0	0.585731692631
18000000.0	2.73134914691
20000000.0	4.30406064919
22000000.0	3.38426375811
24000000.0	1.21358952591
26000000.0	-0.979556481227
28000000.0	-2.89475956817
30000000.0	-3.80564650335
32000000.0	-3.46483361011
34000000.0	-0.873964804239
36000000.0	2.93650345933
38000000.0	4.44559455334
40000000.0	3.40770137661
42000000.0	1.64007766694
44000000.0	-0.387710247697
46000000.0	-2.03621664975
48000000.0	-2.18435306978
50000000.0	-0.887956481925
52000000.0	0.695966144269
54000000.0	1.70862149274
56000000.0	1.36589145844
58000000.0	0.15526191767
60000000.0	-1.20632012893
62000000.0	-1.80611250709
64000000.0	-1.39250473041
66000000.0	0.0347645180418
68000000.0	1.23068766734
70000000.0	1.86094846288
72000000.0	1.23318435284
74000000.0	-0.318815862455
76000000.0	-1.69125707734
78000000.0	-1.84703993019
80000000.0	-1.40572144673
82000000.0	0.0245815658437
84000000.0	0.862195342717
86000000.0	1.12126095931
88000000.0	0.648448387833
90000000.0	-0.033360235447
92000000.0	-0.316994496601
94000000.0	-0.914682089599
96000000.0	-0.552153095832
98000000.0	-0.331189728009
100000000.0	0.164046459977
102000000.0	-0.274951568687
104000000.0	-0.446540573042
106000000.0	-0.20537692131
108000000.0	0.25087739809
110000000.0	0.672259070508
112000000.0	0.774196938885
114000000.0	0.407621593723
116000000.0	-0.276939671479
118000000.0	-0.934113183072
120000000.0	-1.35580949519
122000000.0	-1.14757347314
124000000.0	-0.472396753713
126000000.0	1.29736687574
128000000.0	1.52430697908
130000000.0	1.25117310034
132000000.0	0.373510960653
134000000.0	-0.647531467827
136000000.0	-1.20440935558
138000000.0	-1.19930534496
140000000.0	-0.603452304003
142000000.0	0.469504070091
144000000.0	0.888442686236
146000000.0	1.03303989579
148000000.0	0.657163662943
150000000.0	0.0269053582767
152000000.0	-0.545981639702
154000000.0	-0.747161721903
156000000.0	-0.591840713942
158000000.0	-0.22504678992
160000000.0	0.442731460238
162000000.0	0.683241305763
164000000.0	0.390815160933
166000000.0	0.121032794888
168000000.0	-0.122844063875
170000000.0	-0.453948258004
172000000.0	-0.428314794544
174000000.0	-0.303218086229
176000000.0	0.0817853684062
178000000.0	0.357077464404
180000000.0	0.332457560068
182000000.0	0.264825847746
184000000.0	0.00497366529926
186000000.0	-0.240211435695
188000000.0	-0.428153969492
190000000.0	-0.470145805131
192000000.0	-0.123248347145
194000000.0	0.252011007481
196000000.0	0.342817750037
198000000.0	0.38978426047
200000000.0	-0.16865600548
202000000.0	0.0503494004796
204000000.0	-0.110655899467
206000000.0	-0.0962133455414
208000000.0	-0.155649588946
210000000.0	-0.0967472138658
212000000.0	-0.017186285497
214000000.0	0.000249042726361
216000000.0	-0.177284641736
218000000.0	0.0801080585665
220000000.0	0.228912529892
222000000.0	0.510715142523
224000000.0	0.603491635736
226000000.0	0.0753351285166
228000000.0	-0.59562379682
230000000.0	-1.0785314755
232000000.0	-0.909695615476
234000000.0	-0.034270564872
236000000.0	0.710700985659
238000000.0	1.17913833832
240000000.0	0.974789940986
242000000.0	0.55822655157
244000000.0	-0.689676206252
246000000.0	-1.60398229732
248000000.0	-1.78322789714
250000000.0	-0.468566338956
252000000.0	0.832919444834
254000000.0	2.14989629786
256000000.0	2.17130576843
258000000.0	0.516501747458
260000000.0	-1.53304215144
262000000.0	-2.52434780093
264000000.0	-1.80026887003
266000000.0	-0.114587991781
268000000.0	1.40073261753
270000000.0	1.8497215879
272000000.0	1.60612661963
274000000.0	0.479943196897
276000000.0	-0.644026826869
278000000.0	-2.41340338704
280000000.0	-2.716989953
282000000.0	-0.582363058238
284000000.0	3.11699335978
286000000.0	4.38065196534
288000000.0	0.744908495098
290000000.0	-5.9331243884
292000000.0	-7.82890073662
294000000.0	0.803795245697
296000000.0	16.9566272546
298000000.0	29.7529844453
300000000.0	-68.9468208922
302000000.0	16.9629226607
304000000.0	10.1634890032
306000000.0	7.5990261455
308000000.0	5.18284747299
310000000.0	-0.175614313397
312000000.0	-6.46328212003
314000000.0	-8.23113450728
316000000.0	-3.9362585389
318000000.0	3.03278260734
320000000.0	7.08532852879
322000000.0	5.59790868095
324000000.0	0.825888796866
326000000.0	-3.46796497337
328000000.0	-4.55237990137
330000000.0	-3.06613595136
332000000.0	-0.298916380097
334000000.0	2.07951369884
336000000.0	3.26111694386
338000000.0	2.66077741863
340000000.0	0.514423531311
342000000.0	-1.85872433477
344000000.0	-2.90602554919
346000000.0	-2.27323647866
348000000.0	0.147152065333
350000000.0	2.18682459122
352000000.0	2.45921182088
354000000.0	1.01437805976
356000000.0	-0.964106665861
358000000.0	-1.84653367949
360000000.0	-1.50050259373
362000000.0	-0.318817763053
364000000.0	1.12863575965
366000000.0	1.41078147015
368000000.0	0.949138636577
370000000.0	-0.151533188493
372000000.0	-1.06546319081
374000000.0	-1.24976491845
376000000.0	-0.733536619385
378000000.0	0.474121317668
380000000.0	1.3088554415
382000000.0	1.28641705009
384000000.0	0.113933057688
386000000.0	-1.05266144447
388000000.0	-1.68540412844
390000000.0	-1.21185352204
392000000.0	0.0577891389283
394000000.0	1.25821333172
396000000.0	1.64332933933
398000000.0	0.739079892172
400000000.0	-0.382837908184
402000000.0	-1.21588912624
404000000.0	-1.3243285385
406000000.0	-0.775551311153
408000000.0	0.3299903179
410000000.0	1.35364829617
412000000.0	1.31737875945
414000000.0	0.543717388526
416000000.0	-0.573866293796
418000000.0	-1.28933570367
420000000.0	-1.15762347013
422000000.0	-0.339424377996
424000000.0	0.640975069527
426000000.0	0.908742832613
428000000.0	0.604960785638
430000000.0	0.0144538568926
432000000.0	-0.578558589113
434000000.0	-0.809054977472
436000000.0	-0.530732454746
438000000.0	0.264376344868
440000000.0	0.733201197906
442000000.0	0.547334100068
444000000.0	0.308432488107
446000000.0	-0.293231806348
448000000.0	-0.672013735717
450000000.0	-0.343085808124
452000000.0	0.0171427069035
454000000.0	0.474624133221
456000000.0	0.605766346419
458000000.0	0.329331820547
460000000.0	-0.215316984523
462000000.0	-0.611361585476
464000000.0	-0.55367329987
466000000.0	-0.134751404149
468000000.0	0.289259225277
470000000.0	0.614217120905
472000000.0	0.584405469899
474000000.0	-0.0393553754509
476000000.0	-0.667078439593
478000000.0	-0.697584643763
480000000.0	-0.492447526761
482000000.0	0.154943430036
484000000.0	0.745357460449
486000000.0	0.625407271329
488000000.0	0.274814831227
490000000.0	-0.332939479788
492000000.0	-0.599241665384
494000000.0	-0.561949956443
496000000.0	-0.410241847918
498000000.0	0.169942806221
500000000.0	0.620736035485
502000000.0	0.345732843076
504000000.0	0.0761295269644
506000000.0	-0.396839678763
508000000.0	-0.325785322349
510000000.0	-0.350431613967
512000000.0	0.0662363631644
514000000.0	0.444592088985
516000000.0	0.237484042631
518000000.0	-0.0279428354376
520000000.0	-0.446087557725
522000000.0	-0.262560052439
524000000.0	-0.273137877138
526000000.0	0.122639272698
528000000.0	0.199769019496
530000000.0	0.250385618858
532000000.0	0.0455252738891
534000000.0	-0.303589034146
536000000.0	-0.389766114159
538000000.0	-0.312248792333
540000000.0	0.0677166527069
542000000.0	0.253982673108
544000000.0	0.500258189636
546000000.0	0.287755697222
548000000.0	-0.0599769423051
550000000.0	-0.263478512879
552000000.0	-0.61323381849
554000000.0	-0.193649979743
556000000.0	0.233071817279
558000000.0	0.302948386576
560000000.0	0.471579434636
562000000.0	0.212286783542
564000000.0	-0.291898779995
566000000.0	-0.517337990732
568000000.0	-0.261079524803
570000000.0	0.0401831833823
572000000.0	0.224596626604
574000000.0	0.325510441441
576000000.0	0.221616528288
578000000.0	0.0600488126346
580000000.0	-0.3001106671
582000000.0	-0.311026235201
584000000.0	-0.0281449762404
586000000.0	0.0877357879517
588000000.0	0.208795895452
590000000.0	0.126529724818
592000000.0	-0.0658891422194
594000000.0	-0.20134674989
596000000.0	-0.210270946351
598000000.0	0.0785468310532
600000000.0	-0.848078152516
602000000.0	0.703316757379
604000000.0	0.59526160984
606000000.0	0.0787206776822
608000000.0	-0.417389896628
610000000.0	-0.523918820535
612000000.0	-0.414815732757
614000000.0	0.00632645222808
616000000.0	0.39561507082
618000000.0	0.122703204003
620000000.0	0.178288284067
622000000.0	-0.126568684555
624000000.0	-0.683934787843
626000000.0	-0.342787390023
628000000.0	-0.0422446356174
630000000.0	0.321621686453
632000000.0	0.477412014479
634000000.0	0.42114928741
636000000.0	0.0310911048725
638000000.0	-0.178778467802
640000000.0	-0.143376414861
642000000.0	-0.26788031232
644000000.0	0.0125495548112
646000000.0	0.334093752362
648000000.0	0.256212445412
650000000.0	0.228132975558
652000000.0	-0.196078959453
654000000.0	-0.177229160689
656000000.0	-0.289132542416
658000000.0	-0.133191575236
660000000.0	0.18649937586
662000000.0	0.342458492783
664000000.0	0.265557000626
666000000.0	-0.0143164128639
668000000.0	-0.307922929349
670000000.0	-0.425499118653
672000000.0	-0.114890396066
674000000.0	0.0826650667711
676000000.0	0.330319391003
678000000.0	0.257020075944
680000000.0	-0.218877289493
682000000.0	-0.210865960438
684000000.0	-0.34828076486
686000000.0	-0.131573921229
688000000.0	0.0867077951838
690000000.0	0.305984507003
692000000.0	0.420945757782
694000000.0	0.119096999693
696000000.0	-0.0723591415367
698000000.0	-0.381805835063
700000000.0	-0.607679367976
702000000.0	0.0576278033557
704000000.0	0.345380251597
706000000.0	0.392411035746
708000000.0	0.412188611973
710000000.0	-0.0935991071547
712000000.0	-0.526567452448
714000000.0	-0.262636424321
716000000.0	-0.109450279476
718000000.0	0.0782142664244
720000000.0	0.194652413823
722000000.0	0.258934623526
724000000.0	0.221671238435
726000000.0	-0.268488591847
728000000.0	-0.377408202416
730000000.0	-0.233988977517
732000000.0	0.0241733492973
734000000.0	0.24108639534
736000000.0	0.233831534216
738000000.0	0.167472882935
740000000.0	-0.000728662944281
742000000.0	-0.253343480212
744000000.0	-0.280614346012
746000000.0	-0.0161315681476
748000000.0	0.260798136246
750000000.0	0.500086262246
752000000.0	0.330538485976
754000000.0	-0.0129904004724
756000000.0	-0.246870832066
758000000.0	-0.529724884796
760000000.0	-0.148878758753
762000000.0	0.246620832368
764000000.0	0.46712681805
766000000.0	0.457446098766
768000000.0	0.147305578173
770000000.0	-0.195322428952
772000000.0	-0.606995506204
774000000.0	-0.581541972703
776000000.0	-0.186444329924
778000000.0	0.397447974181
780000000.0	0.62479024751
782000000.0	0.474706529969
784000000.0	0.0157080867123
786000000.0	-0.339275439022
788000000.0	-0.500410897314
790000000.0	-0.525162260562
792000000.0	0.0667076127034
794000000.0	0.288003656132
796000000.0	0.525207349646
798000000.0	0.329120040581
800000000.0	-0.10731545734
802000000.0	-0.376705739082
804000000.0	-0.322882981921
806000000.0	-0.328262068516
808000000.0	0.0745707914025
810000000.0	0.411525916818
812000000.0	0.2520740762
814000000.0	-0.124673857578
816000000.0	-0.415821883755
818000000.0	-0.417283842839
820000000.0	-0.309457825783
822000000.0	0.219927592506
824000000.0	0.417635166404
826000000.0	0.287084038103
828000000.0	-0.0769028626457
830000000.0	-0.379047995574
832000000.0	-0.532356823743
834000000.0	-0.268710911913
836000000.0	0.137425826087
838000000.0	0.567208844781
840000000.0	0.614401724148
842000000.0	0.284091902712
844000000.0	-0.329595225697
846000000.0	-0.604054057722
848000000.0	-0.786123130262
850000000.0	-0.354215252912
852000000.0	0.398697034837
854000000.0	0.784970429529
856000000.0	1.02336347876
858000000.0	0.137974390536
860000000.0	-0.67770882268
862000000.0	-0.846978047544
864000000.0	-0.597184406
866000000.0	-0.0624684580775
868000000.0	0.660895260037
870000000.0	0.839670911791
872000000.0	0.461766169216
874000000.0	-0.137811829308
876000000.0	-0.235877138286
878000000.0	-0.81115232124
880000000.0	-0.813180524637
882000000.0	-0.116314222728
884000000.0	0.991944648944
886000000.0	1.34788983032
888000000.0	0.0674589085025
890000000.0	-1.96207613022
892000000.0	-2.62321742639
894000000.0	0.126801458912
896000000.0	5.20525945495
898000000.0	9.45342986073
900000000.0	-21.0270653144
902000000.0	5.22683565909
904000000.0	3.10474071838
906000000.0	1.98870812588
908000000.0	1.21853217172
910000000.0	0.0109888676248
912000000.0	-1.65655048488
914000000.0	-2.13764462848
916000000.0	-0.945230075289
918000000.0	0.698690869779
920000000.0	1.84719195058
922000000.0	1.23695615901
924000000.0	0.192801238702
926000000.0	-0.940661163934
928000000.0	-1.10447161697
930000000.0	-0.548900817702
932000000.0	-0.155429747258
934000000.0	0.44240852555
936000000.0	0.549610236879
938000000.0	0.410060752461
940000000.0	0.198383554221
942000000.0	-0.267338758235
944000000.0	-0.698857211278
946000000.0	-0.445302599354
948000000.0	0.0323823625958
950000000.0	0.20352350597
952000000.0	0.461972040129
954000000.0	0.162130933396
956000000.0	-0.0572086050661
958000000.0	-0.256391874286
960000000.0	-0.267156771819
962000000.0	-0.034520416601
964000000.0	0.120916423823
966000000.0	0.195050510382
968000000.0	0.195102817247
970000000.0	-0.00502144813854
972000000.0	-0.118316289867
974000000.0	-0.229874513006
976000000.0	-0.127031454586
978000000.0	0.0556782587201
980000000.0	0.164456260587
982000000.0	0.150198146335
984000000.0	0.202684810716
986000000.0	-0.211906248932
988000000.0	-0.216631360668
990000000.0	-0.0535859695157
992000000.0	-0.00173427651668
994000000.0	0.277043223771
996000000.0	0.269001224946
998000000.0	0.206755494643
1000000000.0	-0.815625
1002000000.0	-0.161027077585
1004000000.0	-0.22756551713
1006000000.0	-0.0867195970747
1008000000.0	-0.0194414898141
1010000000.0	0.0551031127097
1012000000.0	0.375244630231
1014000000.0	0.0909627831751
1016000000.0	0.0462808957825
1018000000.0	0.00653441431733
1020000000.0	-0.258838548104
1022000000.0	-0.140727507088
1024000000.0	0.0757787905998
1026000000.0	-0.0288021267451
1028000000.0	0.185050709826
1030000000.0	0.0504065654534
1032000000.0	0.0404655394267
1034000000.0	-0.198538356848
1036000000.0	-0.138042749494
1038000000.0	-0.101541605963
1040000000.0	0.120331467805
1042000000.0	0.053038639632
1044000000.0	0.166555814058
1046000000.0	0.127050380968
1048000000.0	-0.084103557656
1050000000.0	-0.109550042176
1052000000.0	-0.122593678065
1054000000.0	0.0432607356967
1056000000.0	0.0589556803228
1058000000.0	0.00717778040834
1060000000.0	0.034425665486
1062000000.0	-0.139005532324
1064000000.0	-0.0091005068964
1066000000.0	-0.1083448634
1068000000.0	0.0235902924852
1070000000.0	0.0589979853407
1072000000.0	0.227170495112
1074000000.0	0.142055410851
1076000000.0	-0.0555249260394
1078000000.0	0.027762629509
1080000000.0	-0.173832680407
1082000000.0	-0.0528512267805
1084000000.0	0.12541599254
1086000000.0	0.16019429188
1088000000.0	0.116201171944
1090000000.0	0.0619535370212
1092000000.0	0.0138640171544
1094000000.0	-0.178218496119
1096000000.0	-0.179197634896
1098000000.0	-0.138766556207
1100000000.0	0.249488312761
1102000000.0	-0.106022987554
1104000000.0	0.164121331455
1106000000.0	-0.0689848855235
1108000000.0	0.046959553033
1110000000.0	-0.158682262525
1112000000.0	-0.0561461099552
1114000000.0	0.0810498313758
1116000000.0	0.0552335895832
1118000000.0	0.0912629713493
1120000000.0	-0.0633826549612
1122000000.0	0.0202100923648
1124000000.0	0.20820256687
1126000000.0	-0.210720219158
1128000000.0	-0.0163955492768
1130000000.0	0.0894408980131
1132000000.0	-0.109264895388
1134000000.0	0.0491271387026
1136000000.0	-0.0512094999882
1138000000.0	0.0528675430139
1140000000.0	0.0979978499012
1142000000.0	-0.029090785811
1144000000.0	0.029336173183
1146000000.0	0.0421100040754
1148000000.0	-0.0460240446572
1150000000.0	0.0170671416369
1152000000.0	-0.0233949463532
1154000000.0	-0.0740264667583
1156000000.0	0.0945257086199
1158000000.0	-0.0418723308508
1160000000.0	0.125185295563
1162000000.0	-0.0405279616161
1164000000.0	-0.106548047834
1166000000.0	-0.0160363328203
1168000000.0	-0.00353884943963
1170000000.0	-0.0212506074448
1172000000.0	0.0395208518003
1174000000.0	0.0432783920539
1176000000.0	0.0785930631227
1178000000.0	0.138725467134
1180000000.0	0.0724043803628
1182000000.0	0.0513818682124
1184000000.0	-0.0354519284735
1186000000.0	-0.0350988040614
1188000000.0	-0.0227598904332
1190000000.0	-0.00474125192922
1192000000.0	-0.113223037821
1194000000.0	0.080990094067
1196000000.0	0.217216806135
1198000000.0	0.3078552797
1200000000.0	-0.767162091816
1202000000.0	0.310334761644
1204000000.0	0.0507462776636
1206000000.0	-0.0134700851627
1208000000.0	-0.198502311271
1210000000.0	-0.0230205696661
1212000000.0	-0.0380762309441
1214000000.0	0.175472435455
1216000000.0	0.0760154405604
1218000000.0	0.0132730486663
1220000000.0	-0.0462261609718
1222000000.0	0.136866648082
1224000000.0	0.0747321247576
1226000000.0	-0.175633887807
1228000000.0	-0.000587356995043
1230000000.0	0.156185507262
1232000000.0	0.05437365072
1234000000.0	0.109303762682
1236000000.0	-0.103805610697
1238000000.0	0.149156759178
1240000000.0	0.134866842672
1242000000.0	-0.0834213594693
1244000000.0	-0.0488316558237
1246000000.0	-0.0634351796923
1248000000.0	-0.0164352788883
1250000000.0	-0.489730923186
1252000000.0	-0.00729281564819
1254000000.0	0.142858956561
1256000000.0	0.0447150558878
1258000000.0	-0.199581911863
1260000000.0	-0.115600663677
1262000000.0	0.00428276651656
1264000000.0	0.0640868812121
1266000000.0	0.120235613855
1268000000.0	-0.0774866527706
1270000000.0	-0.0479158582901
1272000000.0	-0.0318378101823
1274000000.0	-0.160632001527
1276000000.0	0.266573461468
1278000000.0	0.0453271873738
1280000000.0	0.108622602221
1282000000.0	-0.0456457062379
1284000000.0	-0.165336354099
1286000000.0	-0.065937684171
1288000000.0	-0.0333856873397
1290000000.0	0.125517455981
1292000000.0	0.0958574105145
1294000000.0	0.0413017948738
1296000000.0	0.436142087449
1298000000.0	0.596639412818
1300000000.0	-2.24919161133
1302000000.0	0.813391016559
1304000000.0	0.55194292472
1306000000.0	0.0889969974858
1308000000.0	-0.00449106778343
1310000000.0	-0.197600973806
1312000000.0	-0.192825633997
1314000000.0	0.0382665492489
1316000000.0	-0.00824757032745
1318000000.0	0.0792171662115
1320000000.0	-0.129525474649
1322000000.0	0.138451546693
1324000000.0	-0.0846759943484
1326000000.0	0.022092782158
1328000000.0	0.0262353015692
1330000000.0	-0.0752204790088
1332000000.0	0.00380872648078
1334000000.0	0.0753963106362
1336000000.0	-0.235211353967
1338000000.0	-0.258704603301
1340000000.0	-0.070277157634
1342000000.0	-0.06947898781
1344000000.0	-0.0541603021801
1346000000.0	0.0430086809887
1348000000.0	0.137008372727
1350000000.0	-0.0477447517999
1352000000.0	-0.16218842516
1354000000.0	-0.000931528104568
1356000000.0	-0.119383921097
1358000000.0	-0.202072665044
1360000000.0	-0.0527916605679
1362000000.0	0.232925067148
1364000000.0	0.0858611636048
1366000000.0	0.0866629702257
1368000000.0	0.0506211993057
1370000000.0	-0.221320241746
1372000000.0	-0.170622020617
1374000000.0	-0.583173540832
1376000000.0	0.191583627079
1378000000.0	0.266917261763
1380000000.0	0.195623681029
1382000000.0	-0.128838508494
1384000000.0	0.00605955937461
1386000000.0	-0.201844731865
1388000000.0	0.0370631514813
1390000000.0	-0.0524635194152
1392000000.0	0.0158671475702
1394000000.0	0.00136398140339
1396000000.0	0.257245172491
1398000000.0	0.182007267652
1400000000.0	-0.193407893827
1402000000.0	-0.0839277173738
1404000000.0	0.0432159710438
1406000000.0	-0.017565739491
1408000000.0	-0.0721366418876
1410000000.0	-0.0177504384986
1412000000.0	0.125714409474
1414000000.0	-0.0645800298389
1416000000.0	-0.146748856412
1418000000.0	-0.0166680999078
1420000000.0	-0.129507230331
1422000000.0	0.110715932802
1424000000.0	0.0737809992537
1426000000.0	0.0970291949167
1428000000.0	-0.108776729834
1430000000.0	-0.0315650085647
1432000000.0	-0.0996521466615
1434000000.0	-0.119744968685
1436000000.0	0.22471205712
1438000000.0	0.20363604427
1440000000.0	0.15734521149
1442000000.0	-0.0772002951003
1444000000.0	-0.0261506766076
1446000000.0	-0.0890809978624
1448000000.0	-0.182979596512
1450000000.0	-0.347310075082
1452000000.0	0.104345013555
1454000000.0	0.290411429195
1456000000.0	0.25246535783
1458000000.0	0.136851317408
1460000000.0	-0.214143932262
1462000000.0	-0.288140669805
1464000000.0	-0.144845434671
1466000000.0	-0.0611635413314
1468000000.0	0.190428589175
1470000000.0	0.127058558165
1472000000.0	0.192582396688
1474000000.0	-0.0156837330579
1476000000.0	0.0728534896222
1478000000.0	-0.362155525332
1480000000.0	-0.217668145664
1482000000.0	-0.0559768116409
1484000000.0	0.426124381006
1486000000.0	0.376070981543
1488000000.0	-0.216715456837
1490000000.0	-0.885767860952
1492000000.0	-0.968861363459
1494000000.0	0.333555293231
1496000000.0	2.51409140451
1498000000.0	4.59172159597
1500000000.0	-11.6519860355
1502000000.0	2.82087085709
1504000000.0	1.7278528659
1506000000.0	1.05329829737
1508000000.0	0.545413438413
1510000000.0	0.00227894623408
1512000000.0	-0.789724011495
1514000000.0	-1.04664311385
1516000000.0	-0.522441770616
1518000000.0	0.299828088221
1520000000.0	0.829627553455
1522000000.0	0.664195725095
1524000000.0	0.241392400453
1526000000.0	-0.580534849609
1528000000.0	-0.541017976202
1530000000.0	-0.31278608798
1532000000.0	-0.273771216405
1534000000.0	0.260350933382
1536000000.0	0.363694124481
1538000000.0	0.273212990235
1540000000.0	0.0563329285553
1542000000.0	0.0142533408669
1544000000.0	-0.375282761418
1546000000.0	-0.266384997662
1548000000.0	-0.0844821347345
1550000000.0	0.137773125196
1552000000.0	0.20080784145
1554000000.0	0.0921014398259
1556000000.0	-0.0632361548322
1558000000.0	-0.123742872269
1560000000.0	-0.150646784337
1562000000.0	-0.0973564194088
1564000000.0	0.0784744687074
1566000000.0	0.156501665065
1568000000.0	0.135921473158
1570000000.0	0.0572771580494
1572000000.0	-0.14000999737
1574000000.0	-0.27428112353
1576000000.0	0.0897269417525
1578000000.0	0.131743701861
1580000000.0	0.127803288482
1582000000.0	0.0717723868383
1584000000.0	0.0494999060828
1586000000.0	-0.19635868487
1588000000.0	-0.0918335636707
1590000000.0	-0.093035124166
1592000000.0	0.0922933011869
1594000000.0	0.0693380165705
1596000000.0	0.161393975873
1598000000.0	0.209344750779
1600000000.0	-0.32393454266
1602000000.0	0.0529028189723
1604000000.0	-0.130759011282
1606000000.0	0.0206449985434
1608000000.0	0.0354946008018
1610000000.0	0.00168912536787
1612000000.0	0.114072524506
1614000000.0	0.0932725810928
1616000000.0	0.0332040199036
1618000000.0	-0.0154367068118
1620000000.0	-0.0313626636724
1622000000.0	0.0766331584101
1624000000.0	-0.0629758736434
1626000000.0	0.0341044269961
1628000000.0	0.142518862129
1630000000.0	-0.0335397065159
1632000000.0	0.0295578569653
1634000000.0	-0.145216087909
1636000000.0	-0.0503544381274
1638000000.0	0.0771132428624
1640000000.0	0.0570559290661
1642000000.0	0.0345327348495
1644000000.0	0.0295767902727
1646000000.0	-0.0484842905831
1648000000.0	0.132776159795
1650000000.0	-0.138564174716
1652000000.0	0.0187327611599
1654000000.0	-0.0244042414752
1656000000.0	0.0400914711121
1658000000.0	0.0868804988434
1660000000.0	0.0399021788264
1662000000.0	-0.0477105878077
1664000000.0	0.0152894893428
1666000000.0	-0.0302114828848
1668000000.0	-0.0149900118478
1670000000.0	0.100575271841
1672000000.0	0.10067074893
1674000000.0	-0.119173817718
1676000000.0	-0.165340620811
1678000000.0	0.0333356082668
1680000000.0	-0.106186372385
1682000000.0	-0.0162128425839
1684000000.0	-0.00333367942082
1686000000.0	0.153563392645
1688000000.0	-0.0414265502823
1690000000.0	-0.0251934861303
1692000000.0	0.0232940723677
1694000000.0	-0.0800054177725
1696000000.0	-0.155998129092
1698000000.0	-0.177852058069
1700000000.0	0.351187454698
1702000000.0	-0.122759894618
1704000000.0	-0.159832918312
1706000000.0	0.0167981161676
1708000000.0	-0.104754562906
1710000000.0	-0.150245387204
1712000000.0	0.0103511180006
1714000000.0	0.0543876932966
1716000000.0	0.142944486857
1718000000.0	0.043310879187
1720000000.0	-0.0746818310766
1722000000.0	-0.0548946739408
1724000000.0	-0.0446665310099
1726000000.0	-0.0219348719902
1728000000.0	-0.0129664887029
1730000000.0	0.00499081960997
1732000000.0	0.0161204923628
1734000000.0	0.110254706529
1736000000.0	-0.0186512071038
1738000000.0	-0.0174507283879
1740000000.0	-0.0404207941267
1742000000.0	-0.0098727010039
1744000000.0	0.00867758170985
1746000000.0	0.100844187206
1748000000.0	0.0502140406594
1750000000.0	0.408210999896
1752000000.0	0.0241930131845
1754000000.0	-0.012141564124
1756000000.0	-0.0656627589362
1758000000.0	-0.0578484660096
1760000000.0	0.0168439689066
1762000000.0	0.150758788178
1764000000.0	-0.0361488942761
1766000000.0	-0.103950585016
1768000000.0	-0.00420103948171
1770000000.0	-0.0488549161922
1772000000.0	0.0349670060053
1774000000.0	-0.0183734802379
1776000000.0	0.0553351481519
1778000000.0	0.160704531998
1780000000.0	0.134268161312
1782000000.0	0.055930102791
1784000000.0	-0.0510581907282
1786000000.0	-0.070946719673
1788000000.0	0.00292561622825
1790000000.0	0.0937239833025
1792000000.0	-0.0834736077973
1794000000.0	-0.044064075326
1796000000.0	-0.0307284816934
1798000000.0	-0.10422835787
1800000000.0	-0.146107948176
1802000000.0	0.0555553254816
1804000000.0	0.0909373000289
1806000000.0	-0.0106690444136
1808000000.0	-0.0112531159869
1810000000.0	-0.0281973194147
1812000000.0	0.0313005428544
1814000000.0	-0.0556147887691
1816000000.0	0.160837083489
1818000000.0	0.0959676458151
1820000000.0	-0.0114317180452
1822000000.0	0.0970754233774
1824000000.0	0.0620467368048
1826000000.0	0.0115685995445
1828000000.0	0.0752255989592
1830000000.0	-0.0221770692222
1832000000.0	-0.0185432106821
1834000000.0	0.0676195129198
1836000000.0	0.0263758648356
1838000000.0	0.0299235741461
1840000000.0	-0.00216330638476
1842000000.0	-0.0816039594687
1844000000.0	-0.0295366184926
1846000000.0	-0.04427776607
1848000000.0	0.0970672897834
1850000000.0	-0.0979532046988
1852000000.0	0.0513229894121
1854000000.0	-0.0694279491253
1856000000.0	-0.205479114834
1858000000.0	-0.0546313258635
1860000000.0	-0.0881089934757
1862000000.0	0.0646388248754
1864000000.0	0.0143269325894
1866000000.0	0.0337903531789
1868000000.0	-0.0916567606075
1870000000.0	-0.227788170426
1872000000.0	-0.243027851122
1874000000.0	-0.324746922024
1876000000.0	0.200857542682
1878000000.0	0.313961360151
1880000000.0	0.26824419681
1882000000.0	0.0332032430198
1884000000.0	-0.053147321164
1886000000.0	-0.300866377869
1888000000.0	-0.249313591935
1890000000.0	-0.0263412994894
1892000000.0	0.186842716209
1894000000.0	0.428763812761
1896000000.0	0.738686253774
1898000000.0	1.20001656706
1900000000.0	-4.49646504153
1902000000.0	1.75964618197
1904000000.0	1.26611885011
1906000000.0	0.111762440175
1908000000.0	-0.38255227787
1910000000.0	-0.37638531414
1912000000.0	-0.210450606643
1914000000.0	0.0723066275501
1916000000.0	0.176012156295
1918000000.0	0.0394665367794
1920000000.0	-0.055445903248
1922000000.0	-0.139533768884
1924000000.0	-0.0174793176383
1926000000.0	0.0429612711431
1928000000.0	-0.043339819543
1930000000.0	-0.0626433617087
1932000000.0	-0.0307892353408
1934000000.0	0.0644605254451
1936000000.0	0.0251972088422
1938000000.0	-0.0266375914897
1940000000.0	-0.0663242204691
1942000000.0	0.0539610445511
1944000000.0	0.0985469229921
1946000000.0	0.139734124495
1948000000.0	-0.103153739151
1950000000.0	-0.0353683935426
1952000000.0	0.0217406984654
1954000000.0	0.0423855412389
1956000000.0	0.0269054210331
1958000000.0	-0.0761973670202
1960000000.0	0.00815205066014
1962000000.0	0.0598922953201
1964000000.0	-0.0148193202199
1966000000.0	0.136413254948
1968000000.0	0.041728433096
1970000000.0	0.00518559206024
1972000000.0	-0.0110024004104
1974000000.0	-0.113878238087
1976000000.0	-0.0332386184119
1978000000.0	-0.0241284949461
1980000000.0	0.0209008794309
1982000000.0	0.0244661412303
1984000000.0	0.00182938381509
1986000000.0	-0.0860743316091
1988000000.0	0.0509587337489
1990000000.0	-0.00284884653401
1992000000.0	-0.0305269335865
1994000000.0	0.196669860563
1996000000.0	0.216231632271
1998000000.0	0.181484030182
2000000000.0	-0.54375
