0.0	-2.365625
2000000.0	0.600839269389
4000000.0	0.972103005661
6000000.0	0.150626173706
8000000.0	0.0183099046106
10000000.0	-0.0730693157043
12000000.0	-0.739277206008
14000000.0	-1.04748483355
16000000.0	0.684814531851
18000000.0	2.80344172383
20000000.0	3.93094936211
22000000.0	3.53029458017
24000000.0	1.50403409601
26000000.0	-1.32756342814
28000000.0	-3.15201275345
30000000.0	-4.06019000311
32000000.0	-3.49416540002
34000000.0	-0.920504446909
36000000.0	2.87740458757
38000000.0	4.10022161435
40000000.0	3.34847378534
42000000.0	1.88108573753
44000000.0	-0.169122671916
46000000.0	-1.76422271928
48000000.0	-1.98658999186
50000000.0	-0.929906237349
52000000.0	0.24360423033
54000000.0	0.95220917958
56000000.0	0.76035094805
58000000.0	-0.0278751924558
60000000.0	-0.688410817123
62000000.0	-0.924713440573
64000000.0	-0.414691614632
66000000.0	0.418777667752
68000000.0	0.971357305886
70000000.0	0.953039977739
72000000.0	0.0479546901318
74000000.0	-1.03040892917
76000000.0	-1.38552487351
78000000.0	-0.976387017051
80000000.0	-0.0530115539084
82000000.0	0.850130695019
84000000.0	0.927470137562
86000000.0	0.603421739547
88000000.0	-0.232940347293
90000000.0	-0.756329797913
92000000.0	-0.797464578846
94000000.0	-0.469290363768
96000000.0	0.196999623479
98000000.0	0.598113183117
100000000.0	0.161043927625
102000000.0	-0.00286001820285
104000000.0	-0.513184881447
106000000.0	-0.458050730231
108000000.0	-0.0578064703912
110000000.0	0.442113811877
112000000.0	0.458005384528
114000000.0	0.230510438164
116000000.0	-0.564931681666
118000000.0	-0.707306342989
120000000.0	-0.907871913524
122000000.0	-0.29664781887
124000000.0	0.157135130522
126000000.0	1.29626635172
128000000.0	0.914921457358
130000000.0	0.469372848233
132000000.0	-0.430974593098
134000000.0	-0.816602990703
136000000.0	-0.545360466785
138000000.0	-0.255111580842
140000000.0	0.432765418443
142000000.0	0.66459197847
144000000.0	0.558727038536
146000000.0	0.0007019882949
148000000.0	-0.374242990282
150000000.0	-0.406051568619
152000000.0	-0.268061639095
154000000.0	-0.104678512921
156000000.0	0.311682353625
158000000.0	0.157870182682
160000000.0	-0.112512942089
162000000.0	-0.0634406010484
164000000.0	-0.0395501142649
166000000.0	0.0552064352194
168000000.0	0.0860782599258
170000000.0	0.089711556864
172000000.0	-0.0534524982544
174000000.0	-0.49269837451
176000000.0	-0.44119954854
178000000.0	-0.0615063092747
180000000.0	0.337823468218
182000000.0	0.750377260198
184000000.0	0.496943546321
186000000.0	-0.00344645886479
188000000.0	-0.47498378978
190000000.0	-0.859458315325
192000000.0	-0.669599528565
194000000.0	-0.0397219397265
196000000.0	0.570639834757
198000000.0	0.861668446577
200000000.0	0.871576841159
202000000.0	-0.0604284286012
204000000.0	-0.6186349604
206000000.0	-0.781617749157
208000000.0	-0.685498106061
210000000.0	-0.0200694938149
212000000.0	0.394791539921
214000000.0	0.649539433613
216000000.0	0.24640204387
218000000.0	-0.0744411069074
220000000.0	-0.247880120829
222000000.0	-0.0486481882912
224000000.0	0.148681211172
226000000.0	0.309634750112
228000000.0	-0.113320062348
230000000.0	-0.422896300351
232000000.0	-0.715333932041
234000000.0	-0.41326910113
236000000.0	0.127860059151
238000000.0	0.877023834285
240000000.0	1.10242753951
242000000.0	0.712280870518
244000000.0	-0.111719722081
246000000.0	-1.28755412781
248000000.0	-1.89303619159
250000000.0	-0.731029770077
252000000.0	0.280975183672
254000000.0	1.92338857236
256000000.0	2.41417625904
258000000.0	1.15476102946
260000000.0	-1.09481784738
262000000.0	-2.30726312688
264000000.0	-2.12843941251
266000000.0	-0.789782338086
268000000.0	0.893591736296
270000000.0	1.77480922522
272000000.0	1.94064981456
274000000.0	1.11343305791
276000000.0	-0.491881445339
278000000.0	-2.33354872128
280000000.0	-2.98318625734
282000000.0	-0.827698393749
284000000.0	2.48124699559
286000000.0	3.87064876358
288000000.0	0.868405679128
290000000.0	-4.46975657896
292000000.0	-5.99622178266
294000000.0	0.7371193883
296000000.0	14.0096484057
298000000.0	25.3348514648
300000000.0	-62.9865663777
302000000.0	17.0176351906
304000000.0	11.1054004166
306000000.0	7.1624953859
308000000.0	3.50335620385
310000000.0	-1.65532848784
312000000.0	-6.39561361801
314000000.0	-7.01265697891
316000000.0	-2.69096814658
318000000.0	3.28794878313
320000000.0	6.22259669645
322000000.0	4.70137301329
324000000.0	0.251374270573
326000000.0	-3.53478638318
328000000.0	-4.29020670986
330000000.0	-2.47150872375
332000000.0	0.144422849842
334000000.0	2.26578470586
336000000.0	2.6281672761
338000000.0	1.91102630733
340000000.0	0.0866911356837
342000000.0	-1.74279557934
344000000.0	-2.34038580071
346000000.0	-1.56983093572
348000000.0	0.291281211739
350000000.0	1.94085560814
352000000.0	1.67310130385
354000000.0	0.395953366066
356000000.0	-0.914443270679
358000000.0	-1.51392218331
360000000.0	-0.751044267625
362000000.0	0.358020236066
364000000.0	1.02901656512
366000000.0	0.950006617012
368000000.0	0.282415228564
370000000.0	-0.441476128303
372000000.0	-0.936795524243
374000000.0	-0.647866201149
376000000.0	-0.168529370911
378000000.0	0.728529480209
380000000.0	1.13588544056
382000000.0	0.75834182533
384000000.0	-0.341596185048
386000000.0	-1.14335107759
388000000.0	-1.2491933144
390000000.0	-0.380848635423
392000000.0	0.605519933645
394000000.0	1.29612405763
396000000.0	0.927509549051
398000000.0	0.14988085571
400000000.0	-0.568683480512
402000000.0	-1.14570039185
404000000.0	-0.936109303032
406000000.0	-0.196107628586
408000000.0	0.739324284975
410000000.0	0.879012820254
412000000.0	0.701647485444
414000000.0	0.0822449428139
416000000.0	-0.620282137435
418000000.0	-0.663623290274
420000000.0	-0.587491772088
422000000.0	0.0572610138711
424000000.0	0.535702248086
426000000.0	0.456791902538
428000000.0	0.400006885716
430000000.0	-0.208183650355
432000000.0	-0.425824911064
434000000.0	-0.408967883703
436000000.0	0.11689171134
438000000.0	0.362530350162
440000000.0	0.170892420255
442000000.0	0.0545257142083
444000000.0	-0.198851204993
446000000.0	-0.409769496357
448000000.0	-0.272463031303
450000000.0	0.183992788903
452000000.0	0.301617713846
454000000.0	0.349369348972
456000000.0	0.281314358593
458000000.0	-0.229501550327
460000000.0	-0.498179769527
462000000.0	-0.456354496122
464000000.0	-0.0966123505124
466000000.0	0.289850815639
468000000.0	0.401389326345
470000000.0	0.475666676938
472000000.0	0.0479238136682
474000000.0	-0.228571194373
476000000.0	-0.518123621834
478000000.0	-0.428540090696
480000000.0	-0.0136549855304
482000000.0	0.379206726456
484000000.0	0.427856198638
486000000.0	0.348778759717
488000000.0	-0.12380521143
490000000.0	-0.309327438131
492000000.0	-0.382266068445
494000000.0	-0.123005528319
496000000.0	-0.0161585299871
498000000.0	0.181949268378
500000000.0	0.177802797754
502000000.0	0.0309487027837
504000000.0	-0.208825376927
506000000.0	-0.26162678635
508000000.0	-0.0850422669518
510000000.0	0.0307360479302
512000000.0	0.244811184472
514000000.0	0.0645847803954
516000000.0	0.0317139018496
518000000.0	-0.231743006637
520000000.0	-0.130130405667
522000000.0	-0.144148664138
524000000.0	0.194080963447
526000000.0	0.176462818541
528000000.0	0.264036992358
530000000.0	-0.0164567909103
532000000.0	-0.187267041029
534000000.0	-0.200466639775
536000000.0	-0.256416168495
538000000.0	0.0342543873685
540000000.0	0.276558475147
542000000.0	0.133814610583
544000000.0	0.149656519836
546000000.0	-0.0610598705894
548000000.0	-0.246094972307
550000000.0	-0.233222531191
552000000.0	-0.0939199964781
554000000.0	0.237580267729
556000000.0	0.0774977835242
558000000.0	0.144004955611
560000000.0	0.0439507592809
562000000.0	-0.1504302505
564000000.0	-0.0255791189059
566000000.0	-0.102634296315
568000000.0	-0.0522339333617
570000000.0	-0.00152511885478
572000000.0	0.125771680989
574000000.0	-0.0872021220216
576000000.0	0.0144131201119
578000000.0	0.0170727001491
580000000.0	-0.10271634956
582000000.0	-0.0304174539036
584000000.0	0.172194336332
586000000.0	0.173105741262
588000000.0	0.00701298758675
590000000.0	-0.273724224385
592000000.0	-0.178088798007
594000000.0	-0.0923977694549
596000000.0	0.0982150609671
598000000.0	0.48589191362
600000000.0	-0.599032437499
602000000.0	0.514951095072
604000000.0	0.20073946351
606000000.0	-0.113623941569
608000000.0	-0.132124136373
610000000.0	-0.236300801046
612000000.0	0.214987074246
614000000.0	0.123970832053
616000000.0	0.0923154621804
618000000.0	-0.00956059902305
620000000.0	-0.208699817408
622000000.0	-0.219607124489
624000000.0	-0.15803932112
626000000.0	0.0338877935536
628000000.0	0.0790168150462
630000000.0	0.18237485657
632000000.0	0.179225000642
634000000.0	-0.0713421395169
636000000.0	-0.0905098757957
638000000.0	-0.0696789656603
640000000.0	0.0174540679116
642000000.0	0.110663143068
644000000.0	0.115237482211
646000000.0	0.0557298859587
648000000.0	-0.0509283192697
650000000.0	-0.0742712198985
652000000.0	-0.00745295273646
654000000.0	0.0494362304756
656000000.0	0.0384802626778
658000000.0	0.00770411096312
660000000.0	0.0632760777135
662000000.0	0.0362566636699
664000000.0	-0.189340318698
666000000.0	-0.118264289085
668000000.0	0.000833695748087
670000000.0	0.151180519035
672000000.0	0.0631515662748
674000000.0	0.0052865166292
676000000.0	0.280103510581
678000000.0	-0.213478041054
680000000.0	-0.00919137042423
682000000.0	-0.250646777119
684000000.0	-0.150775509296
686000000.0	0.0351806844582
688000000.0	0.101643655264
690000000.0	0.0754042448796
692000000.0	0.00322089854499
694000000.0	-0.0269211805777
696000000.0	0.057322737527
698000000.0	-0.0351632218113
700000000.0	-0.414095780544
702000000.0	0.132501733266
704000000.0	0.111380553492
706000000.0	0.158019034838
708000000.0	-0.0237024983945
710000000.0	-0.102559094157
712000000.0	-0.0173514173971
714000000.0	0.0507755538326
716000000.0	-0.120665904565
718000000.0	0.121163793599
720000000.0	-0.0597040083301
722000000.0	0.122514667702
724000000.0	0.0750962724697
726000000.0	-0.0596163749825
728000000.0	-0.0692824452294
730000000.0	0.0970307127581
732000000.0	0.133250769249
734000000.0	-0.038266999545
736000000.0	0.00776386111628
738000000.0	-0.0750122685127
740000000.0	-0.123434247049
742000000.0	-0.0235615926775
744000000.0	0.14923028942
746000000.0	0.173917782978
748000000.0	0.214193277152
750000000.0	0.0200531824693
752000000.0	-0.120802568063
754000000.0	-0.143024868068
756000000.0	-0.068629225267
758000000.0	-0.0917825479751
760000000.0	0.0722828308944
762000000.0	0.278350884981
764000000.0	0.236280543008
766000000.0	0.140925232957
768000000.0	-0.0179126514704
770000000.0	-0.110860691882
772000000.0	-0.0723442391058
774000000.0	-0.185358782799
776000000.0	-0.0337405988173
778000000.0	0.220765125847
780000000.0	0.111365989321
782000000.0	0.205348324072
784000000.0	-0.0766431528823
786000000.0	-0.102595031976
788000000.0	-0.349427741416
790000000.0	-0.198178409325
792000000.0	-0.0472542398993
794000000.0	0.0608120359186
796000000.0	0.0667149618388
798000000.0	-0.0773684059895
800000000.0	0.546019951715
802000000.0	-0.209751942057
804000000.0	-0.203672931572
806000000.0	-0.0689137073177
808000000.0	-0.0980650730532
810000000.0	0.139463682854
812000000.0	0.0291158398156
814000000.0	0.0273075849975
816000000.0	-0.0541792072901
818000000.0	-0.0661985963597
820000000.0	-0.100745645215
822000000.0	0.143322424931
824000000.0	0.0670346419256
826000000.0	0.00383836511063
828000000.0	-0.0719417756717
830000000.0	-0.155066106368
832000000.0	-0.18233557296
834000000.0	-0.0449806698573
836000000.0	0.068435966995
838000000.0	0.227667122463
840000000.0	0.198077493222
842000000.0	0.120764485324
844000000.0	-0.140302390995
846000000.0	-0.350566185557
848000000.0	-0.458993301243
850000000.0	-0.231179579413
852000000.0	0.151238903583
854000000.0	0.588104303297
856000000.0	0.659754508317
858000000.0	0.151774684327
860000000.0	-0.306881251074
862000000.0	-0.686984855019
864000000.0	-0.433880199853
866000000.0	-0.138097746059
868000000.0	0.292375790934
870000000.0	0.686792130602
872000000.0	0.45445055093
874000000.0	0.271571583473
876000000.0	-0.146556444001
878000000.0	-0.692469597851
880000000.0	-0.785454621558
882000000.0	-0.206115896354
884000000.0	0.62543129774
886000000.0	0.973289982288
888000000.0	0.210345905881
890000000.0	-1.51331991924
892000000.0	-1.74283049393
894000000.0	0.267095122047
896000000.0	4.36133955216
898000000.0	7.99403687063
900000000.0	-19.703655293
902000000.0	5.10160786236
904000000.0	3.41166285387
906000000.0	2.06941524358
908000000.0	1.28276802643
910000000.0	-0.214263599116
912000000.0	-1.76311660414
914000000.0	-2.19048256627
916000000.0	-0.890241685906
918000000.0	0.856541321122
920000000.0	1.77881875698
922000000.0	1.32472254105
924000000.0	0.149134371729
926000000.0	-0.837550048799
928000000.0	-1.24278780987
930000000.0	-0.8357334298
932000000.0	-0.0342181203108
934000000.0	0.599004793034
936000000.0	0.775692652804
938000000.0	0.539911810176
940000000.0	0.0797569798044
942000000.0	-0.484313104995
944000000.0	-0.841425555967
946000000.0	-0.307290976814
948000000.0	0.032054788688
950000000.0	0.614854491718
952000000.0	0.383758331058
954000000.0	0.111107708025
956000000.0	-0.314667453955
958000000.0	-0.326033512492
960000000.0	-0.291432171334
962000000.0	0.0833049657749
964000000.0	0.185918719179
966000000.0	0.286400377959
968000000.0	-0.0172951985323
970000000.0	-0.214560079271
972000000.0	-0.48555304894
974000000.0	-0.352853966464
976000000.0	-0.0500956869504
978000000.0	0.266468914752
980000000.0	0.481056535254
982000000.0	0.199795473734
984000000.0	-0.118009611833
986000000.0	-0.45930472267
988000000.0	-0.366357038397
990000000.0	-0.213015831362
992000000.0	0.0328928683984
994000000.0	0.380997475286
996000000.0	0.34766337042
998000000.0	0.175158415864
1000000000.0	0.515625
1002000000.0	-0.305865776055
1004000000.0	-0.344531076378
1006000000.0	-0.08394066863
1008000000.0	0.200569812268
1010000000.0	0.357872392964
1012000000.0	0.188892812652
1014000000.0	0.00581916253213
1016000000.0	-0.279417433101
1018000000.0	-0.303053276123
1020000000.0	-0.240339879848
1022000000.0	0.00182287007464
1024000000.0	0.151526095017
1026000000.0	0.080950956423
1028000000.0	0.187946607512
1030000000.0	-0.0125627723441
1032000000.0	-0.152499616262
1034000000.0	-0.219933087291
1036000000.0	-0.0331286076584
1038000000.0	0.27095995085
1040000000.0	0.186017338229
1042000000.0	0.0830378159819
1044000000.0	-0.125760515249
1046000000.0	-0.152377412068
1048000000.0	-0.185628022088
1050000000.0	-0.0936715852164
1052000000.0	0.101266034157
1054000000.0	0.206240592346
1056000000.0	0.23622649804
1058000000.0	0.0150856539121
1060000000.0	-0.139671052421
1062000000.0	-0.239441368823
1064000000.0	-0.116899240767
1066000000.0	0.0765302885617
1068000000.0	0.0448107220784
1070000000.0	0.282769696152
1072000000.0	0.11494478812
1074000000.0	-0.068312081901
1076000000.0	-0.291048856515
1078000000.0	-0.28930474796
1080000000.0	-0.158555950442
1082000000.0	0.106292494915
1084000000.0	0.220812041308
1086000000.0	0.202919645603
1088000000.0	0.000442222998849
1090000000.0	-0.0767184324474
1092000000.0	-0.124242329226
1094000000.0	-0.145740443658
1096000000.0	-0.0106461310598
1098000000.0	0.221798263726
1100000000.0	0.159937514063
1102000000.0	0.0702145977692
1104000000.0	-0.189603863546
1106000000.0	-0.225038781018
1108000000.0	-0.0683649010494
1110000000.0	0.0706553148928
1112000000.0	-0.11393930281
1114000000.0	0.0978867433975
1116000000.0	0.0767048060865
1118000000.0	-0.0756648817438
1120000000.0	-0.304617148372
1122000000.0	-0.0545636109459
1124000000.0	-0.0189813048455
1126000000.0	0.16822178307
1128000000.0	0.195384533864
1130000000.0	0.0685492073508
1132000000.0	0.0340174863894
1134000000.0	-0.128492509389
1136000000.0	-0.28715132127
1138000000.0	-0.0236020664586
1140000000.0	0.0465711971175
1142000000.0	0.122191368925
1144000000.0	0.206245564437
1146000000.0	0.0431269614974
1148000000.0	-0.191125732626
1150000000.0	-0.164610514435
1152000000.0	-0.196175100988
1154000000.0	-0.0153435068526
1156000000.0	0.136171266425
1158000000.0	0.177256013392
1160000000.0	0.114368896101
1162000000.0	-0.158124869122
1164000000.0	-0.0346907179765
1166000000.0	-0.295656426573
1168000000.0	-0.139219475067
1170000000.0	0.101980532346
1172000000.0	0.0318813754933
1174000000.0	0.0350327984838
1176000000.0	0.0950939202017
1178000000.0	-0.0720867524775
1180000000.0	-0.0220442446093
1182000000.0	-0.0914136809674
1184000000.0	0.0777145191869
1186000000.0	0.138697180628
1188000000.0	0.00665675711985
1190000000.0	-0.0164954176234
1192000000.0	-0.115014406291
1194000000.0	0.0353393542955
1196000000.0	-0.0789750514273
1198000000.0	0.0623025186092
1200000000.0	-0.421941519488
1202000000.0	0.410556834172
1204000000.0	0.207299653663
1206000000.0	-0.0559024926842
1208000000.0	-0.0977940990255
1210000000.0	-0.0588653506584
1212000000.0	-0.107996796155
1214000000.0	0.0809710105239
1216000000.0	0.0360698958517
1218000000.0	0.0381238542394
1220000000.0	0.0891484065745
1222000000.0	-0.123280635253
1224000000.0	-0.0599847047405
1226000000.0	-0.198949098417
1228000000.0	0.0414113795252
1230000000.0	0.17396073844
1232000000.0	0.078023050348
1234000000.0	0.106354464847
1236000000.0	-0.0617150203787
1238000000.0	-0.0473389002102
1240000000.0	-0.00823303175741
1242000000.0	-0.0789371713846
1244000000.0	-0.011968623882
1246000000.0	0.0924777841864
1248000000.0	0.0546996102317
1250000000.0	0.275603608328
1252000000.0	-0.0450986759573
1254000000.0	-0.0521137856783
1256000000.0	-0.0919777704523
1258000000.0	-0.141758362745
1260000000.0	0.0975849826236
1262000000.0	0.157851413049
1264000000.0	0.129669833292
1266000000.0	0.0254804449371
1268000000.0	-0.0658951528879
1270000000.0	-0.0631211287475
1272000000.0	-0.117682505185
1274000000.0	-0.0439786914035
1276000000.0	0.221006780465
1278000000.0	0.0845511597172
1280000000.0	0.112370558974
1282000000.0	-0.0582215314323
1284000000.0	-0.130335296102
1286000000.0	-0.25664954972
1288000000.0	-0.0410592190339
1290000000.0	0.0443178678514
1292000000.0	0.168856618712
1294000000.0	0.193425532879
1296000000.0	0.384209120627
1298000000.0	0.253078378869
1300000000.0	-1.94069871728
1302000000.0	0.748366534687
1304000000.0	0.665993816556
1306000000.0	0.287034024169
1308000000.0	-0.0205262953107
1310000000.0	-0.142558711601
1312000000.0	-0.189369564472
1314000000.0	-0.0370492087732
1316000000.0	-0.103582897739
1318000000.0	0.139214585894
1320000000.0	0.0987748691176
1322000000.0	0.151588084071
1324000000.0	0.0655255124995
1326000000.0	-0.120673163471
1328000000.0	0.0372367003618
1330000000.0	-0.0181223616947
1332000000.0	0.0704336323675
1334000000.0	0.211993871575
1336000000.0	0.0591235560047
1338000000.0	0.050465091023
1340000000.0	-0.106233901695
1342000000.0	-0.167413242668
1344000000.0	0.0210899285059
1346000000.0	0.161784848578
1348000000.0	0.0146927923991
1350000000.0	0.00802974723289
1352000000.0	-0.112231752118
1354000000.0	-0.096375069502
1356000000.0	-0.067562126437
1358000000.0	-0.0825630220888
1360000000.0	-0.138569135983
1362000000.0	0.0470328783094
1364000000.0	0.123503953442
1366000000.0	0.1195571572
1368000000.0	-0.0510956756353
1370000000.0	-0.184024223998
1372000000.0	-0.0672636430382
1374000000.0	-0.285830049811
1376000000.0	0.0155691363781
1378000000.0	0.0219547252839
1380000000.0	0.220279426321
1382000000.0	0.180532937236
1384000000.0	-0.0242881147588
1386000000.0	-0.0796326361469
1388000000.0	-0.229738238116
1390000000.0	-0.0613325302598
1392000000.0	-0.0255509670703
1394000000.0	0.0567230799723
1396000000.0	-0.00817405740413
1398000000.0	-0.153318279439
1400000000.0	0.375517567421
1402000000.0	-0.461611713022
1404000000.0	-0.242984272921
1406000000.0	-0.124838055661
1408000000.0	0.0369412139861
1410000000.0	-0.0304923314111
1412000000.0	0.0202806731441
1414000000.0	0.0563324704637
1416000000.0	-0.157640042339
1418000000.0	-0.181132494983
1420000000.0	-0.0624109129665
1422000000.0	0.0643040678889
1424000000.0	0.129832170018
1426000000.0	0.10858192488
1428000000.0	-0.0901200744029
1430000000.0	-0.196716964362
1432000000.0	-0.22701023457
1434000000.0	-0.00291781503859
1436000000.0	0.179039979958
1438000000.0	0.353435641679
1440000000.0	0.0584808690149
1442000000.0	0.0707994175653
1444000000.0	-0.00324255116121
1446000000.0	-0.197504510282
1448000000.0	-0.242897085403
1450000000.0	-0.129471334144
1452000000.0	0.043634038899
1454000000.0	0.183212138181
1456000000.0	0.23011953632
1458000000.0	0.161511456042
1460000000.0	-0.182165020454
1462000000.0	-0.406856927607
1464000000.0	-0.174100999135
1466000000.0	0.0166672742463
1468000000.0	0.200000747709
1470000000.0	0.156432041514
1472000000.0	0.115528637172
1474000000.0	0.00532985739175
1476000000.0	-0.0820910855349
1478000000.0	-0.261462384137
1480000000.0	-0.194901409091
1482000000.0	0.0319391099288
1484000000.0	0.409909904753
1486000000.0	0.274218814044
1488000000.0	-0.149214079494
1490000000.0	-0.765198196977
1492000000.0	-0.763392814144
1494000000.0	0.282670680733
1496000000.0	2.2979293123
1498000000.0	4.26433104325
1500000000.0	-10.7028027978
1502000000.0	2.86080633011
1504000000.0	1.89942673785
1506000000.0	0.963609564813
1508000000.0	0.408341087761
1510000000.0	-0.178197637665
1512000000.0	-0.71077217408
1514000000.0	-0.907541722678
1516000000.0	-0.442653168931
1518000000.0	0.342461887948
1520000000.0	0.730251933416
1522000000.0	0.604463010191
1524000000.0	0.0825136445453
1526000000.0	-0.210897760815
1528000000.0	-0.398413391289
1530000000.0	-0.135879749769
1532000000.0	-0.224395024105
1534000000.0	0.159388380185
1536000000.0	0.228501361916
1538000000.0	0.156271157817
1540000000.0	0.17550836189
1542000000.0	-0.0803785979076
1544000000.0	-0.343885102072
1546000000.0	-0.210331274267
1548000000.0	0.00463466512128
1550000000.0	0.244138406867
1552000000.0	0.245600331776
1554000000.0	0.0772316211734
1556000000.0	-0.121885069475
1558000000.0	-0.22336538535
1560000000.0	0.0815890889389
1562000000.0	0.206102862837
1564000000.0	0.126732530714
1566000000.0	0.0813558295418
1568000000.0	-0.0386908361752
1570000000.0	0.0944490077197
1572000000.0	-0.0942271636283
1574000000.0	-0.160348693743
1576000000.0	0.0129043771564
1578000000.0	-0.0463711884324
1580000000.0	0.155570712739
1582000000.0	0.0449222009752
1584000000.0	-0.0765015211923
1586000000.0	-0.117675738273
1588000000.0	-0.109103468157
1590000000.0	-0.0370585463235
1592000000.0	-0.034946626924
1594000000.0	0.0242828457209
1596000000.0	0.158561320985
1598000000.0	0.137609270539
1600000000.0	-0.355394951715
1602000000.0	-0.0286086034864
1604000000.0	-0.0745983890273
1606000000.0	0.0102703388633
1608000000.0	0.166426247666
1610000000.0	0.0659345610671
1612000000.0	0.269333713501
1614000000.0	0.0461698201147
1616000000.0	-0.0487410621581
1618000000.0	-0.0430412026294
1620000000.0	0.0103695461091
1622000000.0	0.0538209814406
1624000000.0	0.165417303552
1626000000.0	-0.303616823715
1628000000.0	-0.0783366662159
1630000000.0	0.00377240474546
1632000000.0	-0.103590189413
1634000000.0	-0.161564214222
1636000000.0	0.0199649840162
1638000000.0	0.0447922241856
1640000000.0	-0.0174420842956
1642000000.0	0.0123089051513
1644000000.0	-0.100097152132
1646000000.0	-0.0726682792843
1648000000.0	-0.0763258329857
1650000000.0	0.0325598031765
1652000000.0	0.0334653077835
1654000000.0	0.0908969266052
1656000000.0	-0.0328326878597
1658000000.0	-0.0582807641991
1660000000.0	-0.103210606472
1662000000.0	-0.0661326396516
1664000000.0	-0.0874411958688
1666000000.0	-0.0750201276723
1668000000.0	-0.007700716442
1670000000.0	0.0715039545838
1672000000.0	-0.0490704470279
1674000000.0	0.0381187947158
1676000000.0	-0.0878382032497
1678000000.0	0.0319150109152
1680000000.0	-0.0434938831255
1682000000.0	0.0065039369429
1684000000.0	0.0628333005951
1686000000.0	0.104132282282
1688000000.0	0.00729801212105
1690000000.0	-0.0772925980463
1692000000.0	0.0248455220075
1694000000.0	-0.00810215562166
1696000000.0	-0.0122925360893
1698000000.0	0.0217141198347
1700000000.0	0.132865122608
1702000000.0	0.0766442371061
1704000000.0	-0.0272252465339
1706000000.0	-0.105207175605
1708000000.0	-0.0183862309955
1710000000.0	0.0277869352136
1712000000.0	0.0596372138102
1714000000.0	-0.122409840333
1716000000.0	0.133276409109
1718000000.0	-0.186105129569
1720000000.0	-0.0519693348694
1722000000.0	-0.00315769892756
1724000000.0	-0.0354955245183
1726000000.0	0.131253879485
1728000000.0	0.0280870583378
1730000000.0	0.123515171572
1732000000.0	-0.00103170207612
1734000000.0	-0.0114975692366
1736000000.0	-0.148330367847
1738000000.0	-0.0325537445056
1740000000.0	-0.0966816937829
1742000000.0	0.0650123186372
1744000000.0	0.162509631239
1746000000.0	-0.00097071898666
1748000000.0	-0.0689458208207
1750000000.0	0.522872979279
1752000000.0	-0.0682331789138
1754000000.0	0.00163156485847
1756000000.0	-0.122074104007
1758000000.0	0.0366389614234
1760000000.0	0.158526879045
1762000000.0	-0.00148852971458
1764000000.0	0.0487359889669
1766000000.0	-0.127139736895
1768000000.0	0.0372342370002
1770000000.0	0.0974531795209
1772000000.0	-0.0472972208938
1774000000.0	-0.0574237340718
1776000000.0	0.0805709281083
1778000000.0	-0.035932658188
1780000000.0	0.00745048069372
1782000000.0	-0.0534506706422
1784000000.0	0.0762113209567
1786000000.0	0.017060814814
1788000000.0	0.00541746990632
1790000000.0	0.0286512872293
1792000000.0	0.0448322862409
1794000000.0	-0.0710040346966
1796000000.0	-0.126038635735
1798000000.0	0.0862690562685
1800000000.0	-0.116811971081
1802000000.0	0.00881577152425
1804000000.0	0.0165600369751
1806000000.0	-0.0666474011886
1808000000.0	0.0264413200844
1810000000.0	-0.0611288744774
1812000000.0	-0.0490884634733
1814000000.0	-0.0937521897319
1816000000.0	0.0277194787529
1818000000.0	0.0166401051723
1820000000.0	0.133459959558
1822000000.0	0.061589393632
1824000000.0	-0.130090790254
1826000000.0	0.12801387141
1828000000.0	0.000557699150861
1830000000.0	0.0716835243741
1832000000.0	0.0261888514966
1834000000.0	0.0643032131461
1836000000.0	-0.0611049008656
1838000000.0	0.115774198711
1840000000.0	0.00977313247125
1842000000.0	0.0269784416328
1844000000.0	-0.0270354891282
1846000000.0	0.0451297517895
1848000000.0	-0.00112620019182
1850000000.0	-0.0440610332158
1852000000.0	-0.021427351564
1854000000.0	-0.0380072571568
1856000000.0	-0.099004407156
1858000000.0	-0.050124905096
1860000000.0	0.0258158187735
1862000000.0	-0.0335627033282
1864000000.0	0.00947590095914
1866000000.0	-0.0191505974039
1868000000.0	-0.0347748821278
1870000000.0	-0.0991394852061
1872000000.0	-0.177718310842
1874000000.0	-0.165469677442
1876000000.0	0.224618873814
1878000000.0	0.321543747942
1880000000.0	0.21625304339
1882000000.0	0.168435342095
1884000000.0	-0.0764029754481
1886000000.0	-0.299350408493
1888000000.0	-0.231551907941
1890000000.0	-0.088351843029
1892000000.0	0.117013715706
1894000000.0	0.256743019634
1896000000.0	0.610514748209
1898000000.0	0.991994356839
1900000000.0	-4.16508039581
1902000000.0	1.66567250632
1904000000.0	0.968981213302
1906000000.0	0.166523724157
1908000000.0	-0.320735387867
1910000000.0	-0.290509533295
1912000000.0	-0.23204600212
1914000000.0	0.0673511502605
1916000000.0	0.129302510634
1918000000.0	0.00596898298973
1920000000.0	-0.0893993240657
1922000000.0	0.0548800739849
1924000000.0	-0.07126118596
1926000000.0	0.00848664518073
1928000000.0	-0.0422721416334
1930000000.0	0.0293125629435
1932000000.0	0.0692399643914
1934000000.0	0.124356324511
1936000000.0	5.52471951319e-05
1938000000.0	-0.161991221217
1940000000.0	-0.0278891415117
1942000000.0	-0.0463487460233
1944000000.0	0.0685217333157
1946000000.0	0.0333017487212
1948000000.0	0.0223594968107
1950000000.0	0.00701475744421
1952000000.0	0.00614936614986
1954000000.0	-0.237976867281
1956000000.0	0.079440778411
1958000000.0	-0.0356629653049
1960000000.0	0.0392448408058
1962000000.0	-0.00151819182122
1964000000.0	0.0962142004095
1966000000.0	-0.096925258052
1968000000.0	-0.239009930566
1970000000.0	-0.0850992284015
1972000000.0	-0.0614200911126
1974000000.0	-0.0629548666564
1976000000.0	-0.0404094823514
1978000000.0	0.110611864028
1980000000.0	0.0732663163475
1982000000.0	0.0766323561089
1984000000.0	-0.0491420318722
1986000000.0	-0.114609013588
1988000000.0	-0.109413821151
1990000000.0	0.0130633908083
1992000000.0	0.117502964275
1994000000.0	0.0117913780088
1996000000.0	-0.0385441860072
1998000000.0	-0.138496872053
2000000000.0	0.309375
