0.0	-2.823421
2000000.0	0.452867085642
4000000.0	0.779777946566
6000000.0	-0.140253318965
8000000.0	-0.0554467511831
10000000.0	0.136762830813
12000000.0	0.246762740625
14000000.0	0.680160998902
16000000.0	1.8215132909
18000000.0	2.92604583414
20000000.0	2.77198007492
22000000.0	1.82834945716
24000000.0	0.172134645119
26000000.0	-1.08863413141
28000000.0	-2.16129004925
30000000.0	-2.84104081576
32000000.0	-2.36388634937
34000000.0	-0.600015682371
36000000.0	1.83404077154
38000000.0	2.74013110002
40000000.0	2.16105423708
42000000.0	1.68129393088
44000000.0	0.627965627067
46000000.0	-0.641973530354
48000000.0	-1.31614683384
50000000.0	-1.39479657347
52000000.0	-0.61655648084
54000000.0	0.276428245273
56000000.0	0.825467640294
58000000.0	0.647894398058
60000000.0	-0.069496550145
62000000.0	-0.462523535602
64000000.0	-0.384324551434
66000000.0	-0.106695085387
68000000.0	0.343148684838
70000000.0	0.438033041788
72000000.0	0.1883598961
74000000.0	-0.272215487065
76000000.0	-0.933728794113
78000000.0	-0.98418668512
80000000.0	-0.446012540217
82000000.0	0.34896117403
84000000.0	0.912768794339
86000000.0	0.835637336025
88000000.0	0.143867581105
90000000.0	-0.711840773202
92000000.0	-1.22511878999
94000000.0	-1.08152116381
96000000.0	-0.532308505256
98000000.0	0.540110182089
100000000.0	1.04596725957
102000000.0	1.12062548142
104000000.0	0.57072055124
106000000.0	-0.5153644135
108000000.0	-1.09647677747
110000000.0	-1.18267347742
112000000.0	-0.726788424111
114000000.0	0.0719457461737
116000000.0	0.662151124154
118000000.0	0.869958845183
120000000.0	0.561218607534
122000000.0	0.204866066878
124000000.0	-0.0625967696169
126000000.0	-0.477376197515
128000000.0	-0.361495314093
130000000.0	-0.324590576948
132000000.0	-0.313940824271
134000000.0	-0.158047014197
136000000.0	-0.0805878876966
138000000.0	0.00172613081161
140000000.0	0.464271893141
142000000.0	0.650361096978
144000000.0	0.464042301769
146000000.0	0.106281479965
148000000.0	-0.399627503491
150000000.0	-0.843508008228
152000000.0	-0.84158984873
154000000.0	-0.402533855039
156000000.0	0.383677699881
158000000.0	0.854203665777
160000000.0	0.941582986742
162000000.0	0.51114218963
164000000.0	-0.215919837955
166000000.0	-0.804017256353
168000000.0	-0.855189029479
170000000.0	-0.492230124521
172000000.0	0.0842427012401
174000000.0	0.612493005048
176000000.0	0.789059640043
178000000.0	0.334273660137
180000000.0	-0.2026901909
182000000.0	-0.60910171679
184000000.0	-0.585760997838
186000000.0	-0.247486283118
188000000.0	0.28728374419
190000000.0	0.528871410722
192000000.0	0.455890445638
194000000.0	0.0697142869653
196000000.0	-0.391240479842
198000000.0	-0.606116826748
200000000.0	-0.210344999934
202000000.0	-0.0454618912028
204000000.0	0.266412596181
206000000.0	0.470913440188
208000000.0	0.252202982422
210000000.0	-0.147217388423
212000000.0	-0.346348187405
214000000.0	-0.212385329919
216000000.0	0.00753126542888
218000000.0	0.131801902182
220000000.0	0.28433653574
222000000.0	0.12423740052
224000000.0	-0.3038159265
226000000.0	-0.40779513419
228000000.0	-0.194098656768
230000000.0	0.17434080824
232000000.0	0.584366631383
234000000.0	0.572330084007
236000000.0	0.110554304197
238000000.0	-0.510167319435
240000000.0	-0.867403634217
242000000.0	-0.770844748695
244000000.0	0.0338264241212
246000000.0	0.790018339701
248000000.0	1.09890014508
250000000.0	1.06870702966
252000000.0	0.0188084787299
254000000.0	-1.18055137163
256000000.0	-1.7527578896
258000000.0	-1.2732069065
260000000.0	0.184306278025
262000000.0	1.669039144
264000000.0	2.16921424364
266000000.0	1.33707691428
268000000.0	-0.312184084145
270000000.0	-2.02231482964
272000000.0	-2.62911109049
274000000.0	-1.95632161575
276000000.0	0.11686020802
278000000.0	2.67219829839
280000000.0	3.9724858157
282000000.0	2.77658724604
284000000.0	-0.749671676275
286000000.0	-4.27268244496
288000000.0	-5.33504906005
290000000.0	-2.95573026944
292000000.0	1.27670701875
294000000.0	6.08469743845
296000000.0	10.9727307357
298000000.0	15.6256619841
300000000.0	-51.0891572104
302000000.0	16.6854327924
304000000.0	9.83625887134
306000000.0	2.3607022605
308000000.0	-2.03382313566
310000000.0	-2.2101212095
312000000.0	-0.61612631806
314000000.0	0.558975054576
316000000.0	0.590586292286
318000000.0	-0.0615104088588
320000000.0	-0.466569061359
322000000.0	-0.603615692119
324000000.0	-0.370089708453
326000000.0	-0.0478436256145
328000000.0	0.744220724131
330000000.0	1.24247501074
332000000.0	0.711380998261
334000000.0	-0.342198388611
336000000.0	-1.29094122914
338000000.0	-1.45814287425
340000000.0	-0.645083578416
342000000.0	0.443095561976
344000000.0	1.27771030617
346000000.0	1.39278861441
348000000.0	0.738772963717
350000000.0	-0.397848687463
352000000.0	-1.26876670624
354000000.0	-1.44257154128
356000000.0	-0.721122502767
358000000.0	0.306432325186
360000000.0	1.04681407448
362000000.0	1.28891456039
364000000.0	0.711351205277
366000000.0	-0.318036603045
368000000.0	-0.95054825128
370000000.0	-1.12971438163
372000000.0	-0.608015268355
374000000.0	0.12168261854
376000000.0	0.634655481022
378000000.0	0.933735420781
380000000.0	0.433640767194
382000000.0	-0.0921094705123
384000000.0	-0.557351795368
386000000.0	-0.637048567245
388000000.0	-0.342549609354
390000000.0	0.0471505243523
392000000.0	0.333655102364
394000000.0	0.361130457291
396000000.0	0.242473997342
398000000.0	0.00928351464811
400000000.0	-0.258036450028
402000000.0	-0.135149927402
404000000.0	-0.10337439998
406000000.0	-0.0353081866056
408000000.0	-0.0401850523943
410000000.0	-0.00348314168042
412000000.0	-0.0448739462388
414000000.0	-0.0526245956938
416000000.0	0.0515512558186
418000000.0	0.22312330996
420000000.0	0.175042507681
422000000.0	0.0429290024689
424000000.0	-0.132813591864
426000000.0	-0.318124022259
428000000.0	-0.286474658355
430000000.0	-0.144333556391
432000000.0	0.199879020517
434000000.0	0.397496109809
436000000.0	0.444217046808
438000000.0	0.250691228864
440000000.0	-0.162851664591
442000000.0	-0.385113083626
444000000.0	-0.446694302251
446000000.0	-0.311443012693
448000000.0	0.0456155679922
450000000.0	0.394768488668
452000000.0	0.427489070376
454000000.0	0.23264806769
456000000.0	-0.072512033331
458000000.0	-0.311888268291
460000000.0	-0.35560234549
462000000.0	-0.285785013432
464000000.0	-0.0934548556802
466000000.0	0.223928532141
468000000.0	0.403689964208
470000000.0	0.285593257936
472000000.0	-0.0434187915009
474000000.0	-0.160932154688
476000000.0	-0.400027312297
478000000.0	-0.160631690817
480000000.0	-0.0932589197395
482000000.0	0.113070119515
484000000.0	0.16414052644
486000000.0	0.095008505508
488000000.0	0.0668587970049
490000000.0	-0.0368345163165
492000000.0	-0.0532423700475
494000000.0	-0.109899217675
496000000.0	-0.071761682195
498000000.0	-0.125565302895
500000000.0	-0.174825418554
502000000.0	-0.0752416279756
504000000.0	0.0633302830243
506000000.0	0.0468656443227
508000000.0	0.173974739318
510000000.0	0.0928032666229
512000000.0	0.119431086269
514000000.0	-0.0532450591796
516000000.0	-0.169938838193
518000000.0	-0.120349184379
520000000.0	-0.0828482932445
522000000.0	0.0182309881399
524000000.0	0.19516457833
526000000.0	0.145289468647
528000000.0	0.127735811868
530000000.0	-0.052978244984
532000000.0	-0.255750000416
534000000.0	-0.307689153778
536000000.0	-0.204295085865
538000000.0	-0.0227484575173
540000000.0	0.306321141918
542000000.0	0.215794792814
544000000.0	0.157143893519
546000000.0	0.0553042919738
548000000.0	-0.121855675885
550000000.0	-0.232239256859
552000000.0	-0.233208876246
554000000.0	0.0714578047992
556000000.0	0.132175317046
558000000.0	0.0986706286112
560000000.0	0.11759407697
562000000.0	0.0387510214445
564000000.0	0.0232575471882
566000000.0	-0.140122613018
568000000.0	-0.127249985031
570000000.0	-0.0992439983011
572000000.0	0.0286428124288
574000000.0	-0.0213287209946
576000000.0	0.0295653533847
578000000.0	0.0919546208495
580000000.0	0.100753453318
582000000.0	0.024375504707
584000000.0	-0.0170901400543
586000000.0	-0.0685337384218
588000000.0	-0.020476064937
590000000.0	-0.119690254574
592000000.0	-0.00698825866279
594000000.0	-0.00117521610577
596000000.0	0.106877198533
598000000.0	0.237620047805
600000000.0	-0.330726384864
602000000.0	0.106246560449
604000000.0	-0.00907064236953
606000000.0	-0.0269326616525
608000000.0	-0.158086446999
610000000.0	-0.0293607374272
612000000.0	-0.0435006247963
614000000.0	0.119178158035
616000000.0	0.126645525307
618000000.0	0.0837650490771
620000000.0	0.0505170018277
622000000.0	-0.0979401916928
624000000.0	-0.181897227761
626000000.0	-0.127537481209
628000000.0	-0.0123019185651
630000000.0	0.0428172849165
632000000.0	0.0945312783476
634000000.0	0.0658150311883
636000000.0	0.0548196074885
638000000.0	-0.0141995133404
640000000.0	-0.0303367844455
642000000.0	-0.151808628175
644000000.0	-0.135625510308
646000000.0	-0.0222305803018
648000000.0	0.056439086119
650000000.0	0.0612757479235
652000000.0	0.153868044596
654000000.0	0.0658466463994
656000000.0	0.031181212033
658000000.0	-0.0121083133677
660000000.0	-0.149511453263
662000000.0	0.0414203056673
664000000.0	-0.140526618995
666000000.0	0.0165686139156
668000000.0	0.0885235132442
670000000.0	0.0944700700892
672000000.0	0.101879754128
674000000.0	0.0480037536923
676000000.0	-0.146713539477
678000000.0	0.0285585715812
680000000.0	-0.200754744415
682000000.0	-0.0525572766011
684000000.0	0.0411982946685
686000000.0	0.123587195764
688000000.0	0.0451143794318
690000000.0	0.0217371249252
692000000.0	0.0674777829759
694000000.0	-0.011215678078
696000000.0	-0.0821680316046
698000000.0	-0.0018771198361
700000000.0	-0.16977952468
702000000.0	0.137585017888
704000000.0	0.103671348074
706000000.0	-0.0168722031828
708000000.0	-0.0536364841262
710000000.0	-0.0682276669131
712000000.0	-0.0273883225453
714000000.0	-0.0329416185262
716000000.0	-0.0500404122672
718000000.0	-0.0239957177807
720000000.0	-0.00789196246115
722000000.0	0.00325967497213
724000000.0	0.0295810608836
726000000.0	-0.109540460328
728000000.0	0.0791919579108
730000000.0	0.0624141819768
732000000.0	0.0263683939335
734000000.0	0.00445020553199
736000000.0	-0.0772160678948
738000000.0	-0.112675357173
740000000.0	0.0253540262469
742000000.0	0.063050632724
744000000.0	0.107970318268
746000000.0	0.161008792597
748000000.0	0.0121170673873
750000000.0	-0.0717369589276
752000000.0	-0.128275143228
754000000.0	-0.0792254446748
756000000.0	-0.0143005052224
758000000.0	0.0251922181218
760000000.0	0.0710085376498
762000000.0	0.053154517663
764000000.0	0.0105655612601
766000000.0	0.00506400940903
768000000.0	-0.109590377666
770000000.0	-0.0388752855064
772000000.0	-0.0890836673893
774000000.0	-0.0235835118496
776000000.0	0.173615378014
778000000.0	0.141107970769
780000000.0	0.0447451911731
782000000.0	-0.103679663055
784000000.0	-0.156231956816
786000000.0	0.0205833778501
788000000.0	0.0244656303434
790000000.0	0.0605791062717
792000000.0	0.0606864320337
794000000.0	0.0208586807842
796000000.0	-0.171850702241
798000000.0	-0.16294425476
800000000.0	0.13910224656
802000000.0	-0.0868849325119
804000000.0	0.0501412798691
806000000.0	0.152582977832
808000000.0	0.0530241849126
810000000.0	-0.108916412547
812000000.0	-0.109968267776
814000000.0	-0.223461197517
816000000.0	-0.093919879801
818000000.0	0.0139778022031
820000000.0	0.29202535488
822000000.0	0.256161334971
824000000.0	0.0852907228037
826000000.0	-0.0519895319598
828000000.0	-0.258379023011
830000000.0	-0.322965004908
832000000.0	-0.0833031492062
834000000.0	0.121123709882
836000000.0	0.366974043264
838000000.0	0.345093146753
840000000.0	0.204790239615
842000000.0	-0.18217666531
844000000.0	-0.293010407261
846000000.0	-0.327795507805
848000000.0	-0.119747809682
850000000.0	0.199044734581
852000000.0	0.281714443266
854000000.0	0.178861112938
856000000.0	0.0666492737088
858000000.0	-0.203518932116
860000000.0	-0.257279125724
862000000.0	-0.116980983201
864000000.0	-0.000856683799153
866000000.0	0.264455486282
868000000.0	0.255609016655
870000000.0	-0.0456807260338
872000000.0	-0.330124642227
874000000.0	-0.460619662378
876000000.0	-0.225327267659
878000000.0	0.311933319237
880000000.0	0.707916913431
882000000.0	0.603985427174
884000000.0	0.121044208939
886000000.0	-0.769215706389
888000000.0	-1.36702435002
890000000.0	-1.5110678335
892000000.0	-0.477163594929
894000000.0	2.17401720907
896000000.0	5.90686085327
898000000.0	9.67339624286
900000000.0	-29.3214983046
902000000.0	8.73815280109
904000000.0	5.90873203417
906000000.0	2.75997298333
908000000.0	0.113475687319
910000000.0	-1.34001661583
912000000.0	-1.92053789787
914000000.0	-1.29387039413
916000000.0	-0.281281073723
918000000.0	0.826228863586
920000000.0	1.15791510369
922000000.0	0.861086248325
924000000.0	0.0957110001818
926000000.0	-0.482735666868
928000000.0	-0.647809370517
930000000.0	-0.445226599019
932000000.0	-0.0500027509667
934000000.0	0.17152277015
936000000.0	0.310544448276
938000000.0	0.257978129271
940000000.0	0.0750305946988
942000000.0	-0.148636402001
944000000.0	-0.225499194207
946000000.0	-0.0748772228824
948000000.0	0.0522787242976
950000000.0	0.0409644274088
952000000.0	0.047891077902
954000000.0	-0.0711144607579
956000000.0	-0.106732356363
958000000.0	-0.0134452688478
960000000.0	0.0334635486569
962000000.0	0.183604819421
964000000.0	0.188704111737
966000000.0	0.103662275454
968000000.0	-0.0942647260997
970000000.0	-0.258151411412
972000000.0	-0.182465672514
974000000.0	-0.101034887456
976000000.0	0.140263966405
978000000.0	0.190414966834
980000000.0	0.116662989275
982000000.0	0.0508764361459
984000000.0	-0.114450027118
986000000.0	-0.303113065139
988000000.0	-0.265023700815
990000000.0	-0.0346804888185
992000000.0	0.0720011092687
994000000.0	0.271208837831
996000000.0	0.27680393113
998000000.0	0.108142891967
1000000000.0	-0.3718735
1002000000.0	-0.162762586094
1004000000.0	-0.125257322605
1006000000.0	-0.120307913657
1008000000.0	0.00914556330471
1010000000.0	0.114996475307
1012000000.0	0.134572410025
1014000000.0	0.0183323734871
1016000000.0	0.0179343075353
1018000000.0	-0.072798346827
1020000000.0	-0.0912975449961
1022000000.0	-0.106815662833
1024000000.0	-0.0234893455971
1026000000.0	0.126588047258
1028000000.0	0.0191814708695
1030000000.0	0.0748036970221
1032000000.0	-0.0442605591443
1034000000.0	-0.00344018884896
1036000000.0	0.0241937450196
1038000000.0	0.0280642407334
1040000000.0	0.0276570145199
1042000000.0	0.0161659667843
1044000000.0	-0.000175449928109
1046000000.0	0.0630434697401
1048000000.0	0.00414430113712
1050000000.0	0.0454964842934
1052000000.0	0.0977666981906
1054000000.0	0.0598338811027
1056000000.0	-0.0552907341842
1058000000.0	-0.0747604548154
1060000000.0	-0.117039202818
1062000000.0	-0.068720015352
1064000000.0	-0.104708093785
1066000000.0	-0.075313049783
1068000000.0	0.0648018801957
1070000000.0	0.0666832759777
1072000000.0	-0.0816768386223
1074000000.0	-0.00955094704096
1076000000.0	-0.0746836913307
1078000000.0	-0.150121108175
1080000000.0	-0.150094258524
1082000000.0	-0.0205807595016
1084000000.0	0.0170768906155
1086000000.0	0.0368870321517
1088000000.0	0.0622497950276
1090000000.0	0.0195711148853
1092000000.0	0.0177717954543
1094000000.0	-0.171039579343
1096000000.0	-0.0973531759157
1098000000.0	-0.0843679669215
1100000000.0	0.0879303501342
1102000000.0	-0.0447131216062
1104000000.0	0.0306868364539
1106000000.0	0.0431092949847
1108000000.0	0.0224168911623
1110000000.0	0.052600550995
1112000000.0	-0.0565118905417
1114000000.0	-0.0621083358453
1116000000.0	-0.010629513498
1118000000.0	-0.00906140355089
1120000000.0	0.0177362366797
1122000000.0	0.0119122177069
1124000000.0	0.0130317442674
1126000000.0	-0.0410255691139
1128000000.0	0.0157098230308
1130000000.0	0.00251047052281
1132000000.0	-0.0570018257892
1134000000.0	0.0571740827398
1136000000.0	-0.0354164825407
1138000000.0	-0.0687805847205
1140000000.0	0.0383426861237
1142000000.0	0.0606308020637
1144000000.0	-0.0106547240118
1146000000.0	-0.0123460195561
1148000000.0	-0.0596902442991
1150000000.0	-0.0833414982586
1152000000.0	-0.123022688421
1154000000.0	-0.0850325521183
1156000000.0	0.0449515989189
1158000000.0	-0.00871913512601
1160000000.0	-0.0857390045267
1162000000.0	0.0255317745585
1164000000.0	0.0582191187129
1166000000.0	-0.0437739827343
1168000000.0	-0.0475461352282
1170000000.0	-0.0929030580685
1172000000.0	-0.021057418986
1174000000.0	-0.137303259827
1176000000.0	0.132381013189
1178000000.0	0.0407684340539
1180000000.0	0.0261859273098
1182000000.0	-0.0217751864137
1184000000.0	-0.01278075699
1186000000.0	-0.0572547574009
1188000000.0	-0.0380921329293
1190000000.0	-0.0244273494803
1192000000.0	-0.0554534804885
1194000000.0	-0.0269976010964
1196000000.0	-0.0841986873432
1198000000.0	0.0118038473064
1200000000.0	0.234589450028
1202000000.0	-0.0813607726361
1204000000.0	-0.158915356182
1206000000.0	-0.0526334020711
1208000000.0	-0.0350232264221
1210000000.0	0.0172432141598
1212000000.0	0.0488976930387
1214000000.0	-0.0137375823358
1216000000.0	-0.0104392774424
1218000000.0	-0.0723400945609
1220000000.0	0.0084489027416
1222000000.0	-0.00786313529544
1224000000.0	-0.0453686632391
1226000000.0	-0.0794579551118
1228000000.0	0.00247867968803
1230000000.0	0.0570532700334
1232000000.0	0.0705353393324
1234000000.0	0.0584368667338
1236000000.0	-0.0340274232868
1238000000.0	0.0324451661301
1240000000.0	-0.0177779979626
1242000000.0	-0.0460777968443
1244000000.0	-0.0369286668346
1246000000.0	-0.0700232034257
1248000000.0	0.00802660524164
1250000000.0	0.161955926208
1252000000.0	-0.0140927708931
1254000000.0	0.0289382514674
1256000000.0	0.0402646568145
1258000000.0	0.0173762524853
1260000000.0	0.00656681828734
1262000000.0	-0.0181483124654
1264000000.0	-0.0305508123625
1266000000.0	-0.0334453583364
1268000000.0	0.041351255381
1270000000.0	0.0964894303978
1272000000.0	-0.0231675858297
1274000000.0	-0.00470010185985
1276000000.0	-0.0359290671663
1278000000.0	-0.0241953028443
1280000000.0	-0.127748260053
1282000000.0	-0.120934258024
1284000000.0	0.0267045615915
1286000000.0	0.043850521285
1288000000.0	0.007402751071
1290000000.0	0.102634894888
1292000000.0	-0.0246798141864
1294000000.0	-0.0264682835271
1296000000.0	-0.0576071712136
1298000000.0	-0.0419508900424
1300000000.0	0.223724045874
1302000000.0	-0.126766494711
1304000000.0	-0.0705576201899
1306000000.0	0.0236972461481
1308000000.0	0.11085881133
1310000000.0	-0.0177974279513
1312000000.0	0.0179725944963
1314000000.0	-0.0707638056849
1316000000.0	-0.0443312012774
1318000000.0	-0.0630480925544
1320000000.0	0.0338454551817
1322000000.0	0.0664623070294
1324000000.0	0.0414263076908
1326000000.0	-0.0156735347696
1328000000.0	0.0658731822969
1330000000.0	0.00497219502528
1332000000.0	-0.058810411595
1334000000.0	0.00457448827571
1336000000.0	-0.0390895652276
1338000000.0	0.00605837167616
1340000000.0	-0.0610517971336
1342000000.0	-0.0175395148841
1344000000.0	0.0252665109414
1346000000.0	0.0355627142057
1348000000.0	0.0375092067735
1350000000.0	-0.0268433483424
1352000000.0	0.0277054292689
1354000000.0	-0.0613699681718
1356000000.0	-0.00572719885091
1358000000.0	0.00632333094278
1360000000.0	0.0716800520534
1362000000.0	0.124367034166
1364000000.0	0.0322908063399
1366000000.0	0.0278377166319
1368000000.0	-0.00208733254275
1370000000.0	-0.0362489961413
1372000000.0	-0.0749674410852
1374000000.0	-0.0107540340436
1376000000.0	-0.0346513885621
1378000000.0	0.118440989818
1380000000.0	0.120539147753
1382000000.0	-0.00307402415165
1384000000.0	-0.0764713017989
1386000000.0	-0.0701454576807
1388000000.0	-0.207681140464
1390000000.0	-0.0961731699567
1392000000.0	-0.0174925827843
1394000000.0	0.0427509241696
1396000000.0	0.0939396694562
1398000000.0	0.0999084213476
1400000000.0	-0.0150101424196
1402000000.0	0.0657991697683
1404000000.0	-0.0325708927942
1406000000.0	-0.123571716766
1408000000.0	0.00181279441102
1410000000.0	-0.0013221181648
1412000000.0	0.0429205800268
1414000000.0	0.0442552703543
1416000000.0	0.0513994274857
1418000000.0	0.0649286998143
1420000000.0	-0.00286170220508
1422000000.0	-0.019293603733
1424000000.0	0.0129960344279
1426000000.0	-0.0332921302837
1428000000.0	-0.0292065690709
1430000000.0	0.0406048474854
1432000000.0	-0.0201333508261
1434000000.0	-0.040955070201
1436000000.0	0.00694455694449
1438000000.0	0.0113201747401
1440000000.0	0.0278218058901
1442000000.0	0.0325712569868
1444000000.0	-0.0317500569568
1446000000.0	-0.124173819514
1448000000.0	-0.156271587057
1450000000.0	-0.0718282094088
1452000000.0	0.101241712827
1454000000.0	0.125962392438
1456000000.0	0.12086448603
1458000000.0	0.101235341295
1460000000.0	-0.106884326534
1462000000.0	-0.190209054335
1464000000.0	-0.247917570578
1466000000.0	-0.0933568684704
1468000000.0	0.142191247951
1470000000.0	0.205654845714
1472000000.0	0.20236192501
1474000000.0	0.242976712419
1476000000.0	-0.0465383570353
1478000000.0	-0.362218115855
1480000000.0	-0.390733443989
1482000000.0	-0.27706136516
1484000000.0	0.111696031003
1486000000.0	0.33558219766
1488000000.0	0.44421578303
1490000000.0	0.118939987585
1492000000.0	-0.116603953846
1494000000.0	-0.318403812882
1496000000.0	-0.556095128032
1498000000.0	-0.787998197156
1500000000.0	2.49669541855
1502000000.0	-0.784569737527
1504000000.0	-0.413785946142
1506000000.0	0.056533911853
1508000000.0	0.145925402289
1510000000.0	0.0466993710086
1512000000.0	-0.158780801992
1514000000.0	-0.215707108731
1516000000.0	-0.190949282923
1518000000.0	0.109363939732
1520000000.0	0.215273375239
1522000000.0	0.176818024404
1524000000.0	0.0371423815506
1526000000.0	0.0901637839051
1528000000.0	-0.100708704434
1530000000.0	-0.216079786826
1532000000.0	-0.115965614971
1534000000.0	-0.0548881974394
1536000000.0	0.123726334276
1538000000.0	0.134007134512
1540000000.0	0.132514730275
1542000000.0	0.0165655629132
1544000000.0	-0.148805433709
1546000000.0	-0.146788640799
1548000000.0	-0.0132488165783
1550000000.0	-0.027163399755
1552000000.0	0.0366576947249
1554000000.0	0.137296620403
1556000000.0	0.105100371387
1558000000.0	0.0345742537094
1560000000.0	-0.101637699815
1562000000.0	-0.0348766153355
1564000000.0	-0.132314599385
1566000000.0	0.0126661147074
1568000000.0	0.0472376330292
1570000000.0	0.0731120189913
1572000000.0	0.015481891108
1574000000.0	0.0629034112724
1576000000.0	-0.107415293447
1578000000.0	-0.0550108547974
1580000000.0	-0.0154744010901
1582000000.0	0.0459908689868
1584000000.0	0.0554601257605
1586000000.0	0.0058822667463
1588000000.0	0.0256667085237
1590000000.0	-0.0131284776804
1592000000.0	0.0364296762504
1594000000.0	0.037011630296
1596000000.0	0.0337830888055
1598000000.0	0.0825001146143
1600000000.0	-0.0984967465596
1602000000.0	-0.019765903164
1604000000.0	-0.0711613294224
1606000000.0	-0.0198285144382
1608000000.0	-0.0426626507302
1610000000.0	0.0199666941778
1612000000.0	0.0483796933903
1614000000.0	0.0388092184128
1616000000.0	-0.0136845515734
1618000000.0	-0.0219417717094
1620000000.0	-0.0274890109202
1622000000.0	-0.09530117029
1624000000.0	0.0060889446037
1626000000.0	0.103554993227
1628000000.0	0.0582831201014
1630000000.0	0.070609589777
1632000000.0	-0.0848248666402
1634000000.0	-0.0910057845816
1636000000.0	-0.0203187735963
1638000000.0	-0.0175651969774
1640000000.0	-0.0548760956903
1642000000.0	-0.0586334168266
1644000000.0	0.00655433990841
1646000000.0	0.0498378388598
1648000000.0	-0.0567630681484
1650000000.0	-0.0633308983274
1652000000.0	0.0509398862397
1654000000.0	-0.0805897240667
1656000000.0	0.00871086176554
1658000000.0	-0.050355757921
1660000000.0	0.0353492664602
1662000000.0	0.018442884403
1664000000.0	0.0192647460654
1666000000.0	0.0107396196709
1668000000.0	-0.0102177266942
1670000000.0	-0.0723986615396
1672000000.0	0.0362609391818
1674000000.0	-0.00627668227952
1676000000.0	-0.103501838554
1678000000.0	-0.0314045188032
1680000000.0	-0.0112547196253
1682000000.0	-0.014464799055
1684000000.0	-0.0176839822399
1686000000.0	0.00964621390121
1688000000.0	-0.018823364766
1690000000.0	0.000208195928406
1692000000.0	0.05140960027
1694000000.0	-0.0808742597322
1696000000.0	-0.0536985595712
1698000000.0	-0.0914417615897
1700000000.0	0.131058539197
1702000000.0	-0.0449291685304
1704000000.0	-0.00836788205308
1706000000.0	-0.0362115569204
1708000000.0	0.0319750900299
1710000000.0	-0.00380428752647
1712000000.0	-0.0215651119674
1714000000.0	-0.00702120046231
1716000000.0	0.0741917002862
1718000000.0	0.0119694687223
1720000000.0	-0.0166041276138
1722000000.0	0.023118061196
1724000000.0	0.00186080886313
1726000000.0	0.006397214766
1728000000.0	-0.0148199735517
1730000000.0	-0.034872280496
1732000000.0	0.0470367678949
1734000000.0	-0.0129495913795
1736000000.0	0.0380875024751
1738000000.0	0.0691610128007
1740000000.0	-0.000843581885583
1742000000.0	0.092024008433
1744000000.0	0.0707926837858
1746000000.0	-0.0499938413161
1748000000.0	-0.01476695247
1750000000.0	-0.0901879969394
1752000000.0	-0.0455871148919
1754000000.0	0.0343210357468
1756000000.0	0.00695703765281
1758000000.0	0.0704984249051
1760000000.0	-0.0105141179799
1762000000.0	-0.0296903881356
1764000000.0	-0.0124700310421
1766000000.0	-0.055802739278
1768000000.0	0.0272260483745
1770000000.0	0.050432001662
1772000000.0	-0.0580035374216
1774000000.0	-0.0901488483114
1776000000.0	0.0277406283768
1778000000.0	0.0636917266405
1780000000.0	0.0199679940008
1782000000.0	0.0290319618243
1784000000.0	-0.0884480849258
1786000000.0	-0.0243653148777
1788000000.0	-0.037991606557
1790000000.0	0.0394456092785
1792000000.0	-0.0265140758005
1794000000.0	-0.00194751289425
1796000000.0	-0.0567252929885
1798000000.0	-0.0722794177712
1800000000.0	0.420145027218
1802000000.0	-0.0763837650665
1804000000.0	-0.159610382936
1806000000.0	-0.0263659297297
1808000000.0	0.00616733503529
1810000000.0	0.0308965091169
1812000000.0	0.0867349017729
1814000000.0	0.0422744371385
1816000000.0	-0.0602358100268
1818000000.0	-0.047732562572
1820000000.0	-0.0260046699572
1822000000.0	-0.0439405768366
1824000000.0	-0.0045493266883
1826000000.0	-0.104045326602
1828000000.0	0.0724896354914
1830000000.0	-0.0037339996519
1832000000.0	-0.0293904609472
1834000000.0	0.013650069429
1836000000.0	-0.0245626350293
1838000000.0	-0.00940330710885
1840000000.0	0.0166539243067
1842000000.0	-0.0571385890522
1844000000.0	0.0421489093489
1846000000.0	0.0410025266752
1848000000.0	0.0734870780349
1850000000.0	0.0547945246521
1852000000.0	-0.021064117376
1854000000.0	-0.0736369945213
1856000000.0	-0.0705532061503
1858000000.0	-0.000109481297647
1860000000.0	0.0145069438984
1862000000.0	-0.0151232735268
1864000000.0	-0.0282362167714
1866000000.0	0.0436529710499
1868000000.0	-0.0850708606679
1870000000.0	-0.0200667565175
1872000000.0	-0.0315862412822
1874000000.0	-0.0625695485552
1876000000.0	0.0801036147571
1878000000.0	-0.0391159342736
1880000000.0	-0.030719043551
1882000000.0	-0.0278794373777
1884000000.0	0.0172756189595
1886000000.0	0.111037206086
1888000000.0	0.199666423293
1890000000.0	0.105684908577
1892000000.0	-0.060993023651
1894000000.0	-0.201859867711
1896000000.0	-0.520852940719
1898000000.0	-0.806781934858
1900000000.0	2.81661484492
1902000000.0	-0.969412526715
1904000000.0	-0.592025947193
1906000000.0	-0.243848688062
1908000000.0	0.0873603007396
1910000000.0	0.135447806141
1912000000.0	0.143781838544
1914000000.0	0.0758663931665
1916000000.0	-0.0915693096251
1918000000.0	-0.110376501115
1920000000.0	-0.0538974343924
1922000000.0	-0.0345060624098
1924000000.0	0.0183943231988
1926000000.0	0.0617411090482
1928000000.0	-0.00560327116529
1930000000.0	0.114333044384
1932000000.0	0.0266427567545
1934000000.0	-0.0655671074393
1936000000.0	0.0666842721572
1938000000.0	-0.0133479605419
1940000000.0	0.0819402055694
1942000000.0	-0.000558190911957
1944000000.0	0.0719296773966
1946000000.0	0.049006905002
1948000000.0	-0.0294524519526
1950000000.0	-0.0367025274157
1952000000.0	-0.0133029316326
1954000000.0	0.0269017246379
1956000000.0	0.0140144086814
1958000000.0	0.0467835145493
1960000000.0	-0.023873197016
1962000000.0	-0.083890228951
1964000000.0	0.0903747361957
1966000000.0	-0.0151323878786
1968000000.0	0.0398932362358
1970000000.0	0.0437569622122
1972000000.0	0.0297451776862
1974000000.0	0.0549749791248
1976000000.0	-0.0711280585883
1978000000.0	-0.0499445433433
1980000000.0	-0.0400959509748
1982000000.0	0.0569426790905
1984000000.0	0.0568452422081
1986000000.0	0.00164460306708
1988000000.0	-0.00301817898165
1990000000.0	-0.0920161900002
1992000000.0	-0.0325379700059
1994000000.0	-0.0604911278655
1996000000.0	-0.0584903810952
1998000000.0	0.0721886376169
2000000000.0	0.085944
