1,4.84544776802,2017,7,26,11,24,50
2,5.808228317,2017,7,26,11,24,50
3,6.81324773405,2017,7,26,11,24,51
4,7.8394253073,2017,7,26,11,24,53
5,8.92992643724,2017,7,26,11,24,54
6,9.89043404265,2017,7,26,11,24,55
7,10.87371867,2017,7,26,11,24,56
8,11.841722044,2017,7,26,11,24,57
9,12.8121947715,2017,7,26,11,24,57
10,13.8843845231,2017,7,26,11,24,59
11,15.2680776458,2017,7,26,11,25,0
12,15.8606753703,2017,7,26,11,25,1
13,16.8371570291,2017,7,26,11,25,2
14,17.8601635848,2017,7,26,11,25,3
15,18.9216660229,2017,7,26,11,25,4
16,19.8890736355,2017,7,26,11,25,5
17,20.9060026798,2017,7,26,11,25,6
18,21.9296633132,2017,7,26,11,25,7
19,22.9133421601,2017,7,26,11,25,8
20,23.8416655936,2017,7,26,11,25,9
21,24.8541933756,2017,7,26,11,25,10
22,25.8952640477,2017,7,26,11,25,11
23,26.9149885513,2017,7,26,11,25,12
24,27.9309719353,2017,7,26,11,25,13
25,28.9208369956,2017,7,26,11,25,14
26,29.8841913789,2017,7,26,11,25,15
27,30.849998787,2017,7,26,11,25,16
28,31.8528124411,2017,7,26,11,25,17
29,32.8541747143,2017,7,26,11,25,18
30,33.8733948969,2017,7,26,11,25,19
31,34.9042517854,2017,7,26,11,25,20
32,35.868707184,2017,7,26,11,25,21
33,36.8958798699,2017,7,26,11,25,22
34,37.8690169612,2017,7,26,11,25,23
35,38.9117372903,2017,7,26,11,25,24
36,39.9821131657,2017,7,26,11,25,25
37,40.873213416,2017,7,26,11,25,26
38,41.8785584723,2017,7,26,11,25,27
39,42.8772451849,2017,7,26,11,25,28
40,43.934569363,2017,7,26,11,25,29
41,44.8868548097,2017,7,26,11,25,30
42,46.0473688532,2017,7,26,11,25,31
43,47.0494864416,2017,7,26,11,25,32
44,47.9921016144,2017,7,26,11,25,33
45,48.927489741,2017,7,26,11,25,34
46,49.9668323788,2017,7,26,11,25,35
47,50.8878508553,2017,7,26,11,25,36
48,51.8940454663,2017,7,26,11,25,37
49,52.9856550761,2017,7,26,11,25,38
50,53.9798495528,2017,7,26,11,25,39
51,55.015735189,2017,7,26,11,25,40
52,55.9369594061,2017,7,26,11,25,41
53,56.9080838787,2017,7,26,11,25,42
54,57.916861677,2017,7,26,11,25,43
55,58.9464785237,2017,7,26,11,25,44
56,59.9844378943,2017,7,26,11,25,45
57,60.9945462417,2017,7,26,11,25,46
58,62.0522949639,2017,7,26,11,25,47
59,62.9457572653,2017,7,26,11,25,48
60,63.9726495655,2017,7,26,11,25,49
61,64.9333087938,2017,7,26,11,25,50
62,65.9789603429,2017,7,26,11,25,51
63,66.9755252683,2017,7,26,11,25,52
64,67.9698228485,2017,7,26,11,25,53
65,68.9319157294,2017,7,26,11,25,54
66,69.9455743848,2017,7,26,11,25,55
67,71.0533166688,2017,7,26,11,25,56
68,72.0261243886,2017,7,26,11,25,57
69,72.9996556994,2017,7,26,11,25,58
70,74.0178112561,2017,7,26,11,25,59
71,75.0125972952,2017,7,26,11,26,0
72,75.9954564455,2017,7,26,11,26,1
73,76.9879919346,2017,7,26,11,26,2
74,78.0053469225,2017,7,26,11,26,3
75,79.0167214375,2017,7,26,11,26,4
76,80.0413431268,2017,7,26,11,26,5
77,81.0787249309,2017,7,26,11,26,6
78,82.0384557606,2017,7,26,11,26,7
79,83.0250984849,2017,7,26,11,26,8
80,84.0467940859,2017,7,26,11,26,9
81,85.047782667,2017,7,26,11,26,10
82,85.955161616,2017,7,26,11,26,11
83,86.9770923491,2017,7,26,11,26,12
84,87.9839205104,2017,7,26,11,26,13
85,89.2753956657,2017,7,26,11,26,14
86,89.9723262588,2017,7,26,11,26,15
87,91.0489350009,2017,7,26,11,26,16
88,92.1133975841,2017,7,26,11,26,17
89,93.0453702304,2017,7,26,11,26,18
90,94.1529683561,2017,7,26,11,26,19
91,95.1114250871,2017,7,26,11,26,20
92,96.0847469251,2017,7,26,11,26,21
93,97.1453074352,2017,7,26,11,26,22
94,98.2320898391,2017,7,26,11,26,23
95,99.2260753095,2017,7,26,11,26,24
96,100.149910706,2017,7,26,11,26,25
97,101.029707354,2017,7,26,11,26,26
98,102.090760988,2017,7,26,11,26,27
99,103.049047902,2017,7,26,11,26,28
100,104.140614591,2017,7,26,11,26,29
101,105.056339796,2017,7,26,11,26,30
102,106.177960005,2017,7,26,11,26,31
103,107.070757499,2017,7,26,11,26,32
104,108.149489894,2017,7,26,11,26,33
105,109.10997184,2017,7,26,11,26,34
106,110.099701606,2017,7,26,11,26,35
107,111.07368592,2017,7,26,11,26,36
108,112.087387496,2017,7,26,11,26,37
109,113.082174468,2017,7,26,11,26,38
110,114.064604875,2017,7,26,11,26,39
111,118.120765989,2017,7,26,11,26,43
112,119.107349931,2017,7,26,11,26,44
113,120.106394473,2017,7,26,11,26,45
114,121.157582823,2017,7,26,11,26,46
115,122.05980986,2017,7,26,11,26,47
116,123.21546684,2017,7,26,11,26,48
117,124.147769324,2017,7,26,11,26,49
118,125.120509863,2017,7,26,11,26,50
119,126.208233729,2017,7,26,11,26,51
120,127.2293401,2017,7,26,11,26,52
121,128.119387388,2017,7,26,11,26,53
122,129.135380569,2017,7,26,11,26,54
123,130.134185314,2017,7,26,11,26,55
124,131.185982488,2017,7,26,11,26,56
125,132.18934805,2017,7,26,11,26,57
126,133.149651314,2017,7,26,11,26,58
127,134.307185618,2017,7,26,11,26,59
128,135.136440529,2017,7,26,11,27,0
129,136.183623703,2017,7,26,11,27,1
130,137.233252437,2017,7,26,11,27,2
131,138.279163378,2017,7,26,11,27,3
132,139.240774331,2017,7,26,11,27,4
133,140.183805184,2017,7,26,11,27,5
134,141.255678627,2017,7,26,11,27,6
135,142.18133723,2017,7,26,11,27,7
136,143.275749763,2017,7,26,11,27,8
137,144.163200801,2017,7,26,11,27,9
138,145.278945507,2017,7,26,11,27,10
139,146.116179514,2017,7,26,11,27,11
140,147.442351582,2017,7,26,11,27,12
141,148.132055129,2017,7,26,11,27,13
142,149.204600845,2017,7,26,11,27,14
143,150.260480173,2017,7,26,11,27,15
144,151.319857558,2017,7,26,11,27,16
145,152.175921261,2017,7,26,11,27,17
146,153.361988191,2017,7,26,11,27,18
147,154.166487985,2017,7,26,11,27,19
148,155.190807362,2017,7,26,11,27,20
149,156.164350336,2017,7,26,11,27,21
150,157.185140398,2017,7,26,11,27,22
151,158.130232389,2017,7,26,11,27,23
152,159.292167955,2017,7,26,11,27,24
153,160.649669509,2017,7,26,11,27,25
154,162.226849752,2017,7,26,11,27,27
155,163.16144804,2017,7,26,11,27,28
156,164.106596948,2017,7,26,11,27,29
157,165.114761723,2017,7,26,11,27,30
158,166.198263941,2017,7,26,11,27,31
159,167.14942178,2017,7,26,11,27,32
160,168.16729042,2017,7,26,11,27,33
161,169.217031121,2017,7,26,11,27,34
162,170.139326962,2017,7,26,11,27,35
163,171.149568271,2017,7,26,11,27,36
164,172.104599258,2017,7,26,11,27,37
165,173.096894017,2017,7,26,11,27,38
166,174.132389166,2017,7,26,11,27,39
167,175.223668938,2017,7,26,11,27,40
168,176.151756773,2017,7,26,11,27,41
169,177.1124188,2017,7,26,11,27,42
170,178.142699055,2017,7,26,11,27,43
171,179.113923366,2017,7,26,11,27,44
172,180.14578563,2017,7,26,11,27,45
173,181.110537743,2017,7,26,11,27,46
174,182.10575999,2017,7,26,11,27,47
175,183.523577591,2017,7,26,11,27,48
176,184.210289735,2017,7,26,11,27,49
177,185.173266694,2017,7,26,11,27,50
178,186.157883737,2017,7,26,11,27,51
179,187.116597527,2017,7,26,11,27,52
180,188.13513424,2017,7,26,11,27,53
181,189.178772237,2017,7,26,11,27,54
182,190.171007746,2017,7,26,11,27,55
183,191.122435241,2017,7,26,11,27,56
184,192.125411248,2017,7,26,11,27,57
185,193.179911042,2017,7,26,11,27,58
186,194.198174367,2017,7,26,11,27,59
187,195.148365552,2017,7,26,11,28,0
188,196.135472942,2017,7,26,11,28,1
189,197.130996568,2017,7,26,11,28,2
190,198.133850344,2017,7,26,11,28,3
191,199.137325074,2017,7,26,11,28,4
192,200.140218971,2017,7,26,11,28,5
193,201.14063885,2017,7,26,11,28,6
194,202.155606128,2017,7,26,11,28,7
195,203.142016985,2017,7,26,11,28,8
196,204.146000235,2017,7,26,11,28,9
197,205.149663444,2017,7,26,11,28,10
198,206.226201273,2017,7,26,11,28,11
199,207.219947413,2017,7,26,11,28,12
200,208.25296621,2017,7,26,11,28,13
201,209.226775574,2017,7,26,11,28,14
202,210.204289668,2017,7,26,11,28,15
203,211.172128356,2017,7,26,11,28,16
204,212.290271503,2017,7,26,11,28,17
205,213.188573607,2017,7,26,11,28,18
206,214.30453665,2017,7,26,11,28,19
207,215.261931088,2017,7,26,11,28,20
208,216.16370139,2017,7,26,11,28,21
209,217.177823311,2017,7,26,11,28,22
210,218.172176409,2017,7,26,11,28,23
211,219.172752109,2017,7,26,11,28,24
212,220.176102742,2017,7,26,11,28,25
213,221.243094861,2017,7,26,11,28,26
214,222.274998181,2017,7,26,11,28,27
215,223.3182135,2017,7,26,11,28,28
216,224.194179454,2017,7,26,11,28,29
217,225.209526489,2017,7,26,11,28,30
218,226.18574409,2017,7,26,11,28,31
219,227.208722188,2017,7,26,11,28,32
220,231.189388638,2017,7,26,11,28,36
221,232.202478124,2017,7,26,11,28,37
222,233.22332557,2017,7,26,11,28,38
223,234.203980357,2017,7,26,11,28,39
224,235.206750157,2017,7,26,11,28,40
225,236.206629792,2017,7,26,11,28,41
226,237.202254189,2017,7,26,11,28,42
227,238.208541173,2017,7,26,11,28,43
228,239.210266875,2017,7,26,11,28,44
229,240.213059069,2017,7,26,11,28,45
230,241.207069265,2017,7,26,11,28,46
231,242.209531154,2017,7,26,11,28,47
232,243.211056713,2017,7,26,11,28,48
233,244.2192994,2017,7,26,11,28,49
234,245.199458263,2017,7,26,11,28,50
235,246.202777638,2017,7,26,11,28,51
236,247.208808963,2017,7,26,11,28,52
237,248.216112987,2017,7,26,11,28,53
238,249.207102389,2017,7,26,11,28,54
239,250.208062512,2017,7,26,11,28,55
240,251.20949803,2017,7,26,11,28,56
241,252.213429495,2017,7,26,11,28,57
242,253.211789169,2017,7,26,11,28,58
243,254.21346915,2017,7,26,11,28,59
244,255.216588383,2017,7,26,11,29,0
245,256.218069155,2017,7,26,11,29,1
246,257.219574654,2017,7,26,11,29,2
247,258.222373379,2017,7,26,11,29,3
248,259.223626017,2017,7,26,11,29,4
249,260.226152287,2017,7,26,11,29,5
250,261.225473483,2017,7,26,11,29,6
251,262.22798809,2017,7,26,11,29,7
252,263.229564035,2017,7,26,11,29,8
253,264.237325727,2017,7,26,11,29,9
254,265.234328259,2017,7,26,11,29,10
255,266.24148066,2017,7,26,11,29,11
256,267.233734364,2017,7,26,11,29,12
257,268.238163152,2017,7,26,11,29,13
258,269.240363316,2017,7,26,11,29,14
259,270.245922977,2017,7,26,11,29,15
260,271.244122164,2017,7,26,11,29,16
261,272.242305955,2017,7,26,11,29,17
262,273.244000866,2017,7,26,11,29,18
263,274.549796219,2017,7,26,11,29,19
264,275.247046386,2017,7,26,11,29,20
265,276.25105063,2017,7,26,11,29,21
266,277.249003488,2017,7,26,11,29,22
267,278.250923733,2017,7,26,11,29,23
268,279.255295137,2017,7,26,11,29,24
269,280.259482262,2017,7,26,11,29,25
270,281.255779864,2017,7,26,11,29,26
271,282.257205119,2017,7,26,11,29,27
272,283.259188813,2017,7,26,11,29,28
273,284.259756582,2017,7,26,11,29,29
274,285.278362809,2017,7,26,11,29,30
275,286.26713945,2017,7,26,11,29,31
276,287.267149714,2017,7,26,11,29,32
277,288.267564927,2017,7,26,11,29,33
278,289.292726394,2017,7,26,11,29,34
279,290.340735796,2017,7,26,11,29,35
280,291.269536958,2017,7,26,11,29,36
281,292.291881971,2017,7,26,11,29,37
282,293.323896792,2017,7,26,11,29,38
283,294.279823987,2017,7,26,11,29,39
284,295.282658168,2017,7,26,11,29,40
285,296.288447363,2017,7,26,11,29,41
286,297.290165134,2017,7,26,11,29,42
287,298.417824599,2017,7,26,11,29,43
288,299.293870797,2017,7,26,11,29,44
289,300.293303494,2017,7,26,11,29,45
290,301.431361023,2017,7,26,11,29,46
291,302.293673454,2017,7,26,11,29,47
292,303.292896678,2017,7,26,11,29,48
293,304.294352258,2017,7,26,11,29,49
294,305.295600697,2017,7,26,11,29,50
295,306.310550713,2017,7,26,11,29,51
296,307.307386227,2017,7,26,11,29,52
297,308.297076338,2017,7,26,11,29,53
298,309.307295253,2017,7,26,11,29,54
299,310.328518257,2017,7,26,11,29,55
300,311.30296677,2017,7,26,11,29,56
301,312.430306194,2017,7,26,11,29,57
302,313.31189899,2017,7,26,11,29,58
303,314.356980904,2017,7,26,11,29,59
304,315.34661783,2017,7,26,11,30,0
305,316.364470608,2017,7,26,11,30,1
306,317.319897214,2017,7,26,11,30,2
307,318.323902857,2017,7,26,11,30,3
308,319.319441879,2017,7,26,11,30,4
309,320.369682236,2017,7,26,11,30,5
310,321.385909149,2017,7,26,11,30,6
311,322.369578199,2017,7,26,11,30,7
312,323.350229254,2017,7,26,11,30,8
313,324.333211568,2017,7,26,11,30,9
314,325.372751083,2017,7,26,11,30,10
315,326.362168739,2017,7,26,11,30,11
316,327.328430549,2017,7,26,11,30,12
317,328.330133857,2017,7,26,11,30,13
318,329.362909592,2017,7,26,11,30,14
319,330.344848741,2017,7,26,11,30,15
320,331.460433427,2017,7,26,11,30,16
321,332.446354893,2017,7,26,11,30,17
322,333.401609349,2017,7,26,11,30,18
323,334.389613413,2017,7,26,11,30,19
324,335.401469856,2017,7,26,11,30,20
325,336.369803534,2017,7,26,11,30,21
326,337.367037,2017,7,26,11,30,22
327,338.351731487,2017,7,26,11,30,23
328,339.365835213,2017,7,26,11,30,24
329,340.353874734,2017,7,26,11,30,25
330,344.360220035,2017,7,26,11,30,29
331,345.366222901,2017,7,26,11,30,30
332,346.365988702,2017,7,26,11,30,31
333,347.368082031,2017,7,26,11,30,32
334,348.37890184,2017,7,26,11,30,33
335,349.371616944,2017,7,26,11,30,34
336,350.376727801,2017,7,26,11,30,35
337,351.378296281,2017,7,26,11,30,36
338,352.578705337,2017,7,26,11,30,37
339,353.417424781,2017,7,26,11,30,38
340,354.566104776,2017,7,26,11,30,39
341,355.514171841,2017,7,26,11,30,40
342,356.520494281,2017,7,26,11,30,41
343,357.498609735,2017,7,26,11,30,42
344,358.612269976,2017,7,26,11,30,43
345,359.488691266,2017,7,26,11,30,44
346,360.574252289,2017,7,26,11,30,45
347,361.532173908,2017,7,26,11,30,46
348,362.512232001,2017,7,26,11,30,47
349,363.404912395,2017,7,26,11,30,48
350,364.395199666,2017,7,26,11,30,49
351,365.399448373,2017,7,26,11,30,50
352,366.401444196,2017,7,26,11,30,51
353,367.443863612,2017,7,26,11,30,52
354,368.40602554,2017,7,26,11,30,53
355,369.400332917,2017,7,26,11,30,54
356,370.405417649,2017,7,26,11,30,55
357,371.40320722,2017,7,26,11,30,56
358,372.411572604,2017,7,26,11,30,57
359,373.536925536,2017,7,26,11,30,58
360,374.484376312,2017,7,26,11,30,59
361,375.431864877,2017,7,26,11,31,0
362,376.609561292,2017,7,26,11,31,1
363,377.416109628,2017,7,26,11,31,2
364,378.422003792,2017,7,26,11,31,3
365,379.522132741,2017,7,26,11,31,4
366,380.522632397,2017,7,26,11,31,5
367,381.423174321,2017,7,26,11,31,6
368,382.455653807,2017,7,26,11,31,7
369,383.516276833,2017,7,26,11,31,8
370,384.428800229,2017,7,26,11,31,9
371,385.45954515,2017,7,26,11,31,10
372,386.479185211,2017,7,26,11,31,11
373,387.468962097,2017,7,26,11,31,12
374,388.504910715,2017,7,26,11,31,13
375,389.602072055,2017,7,26,11,31,14
376,390.505030147,2017,7,26,11,31,15
377,391.483349475,2017,7,26,11,31,16
378,392.471623662,2017,7,26,11,31,17
379,393.47093786,2017,7,26,11,31,18
380,394.443538906,2017,7,26,11,31,19
381,395.449732117,2017,7,26,11,31,20
382,396.451075729,2017,7,26,11,31,21
383,397.456203382,2017,7,26,11,31,22
384,398.456832267,2017,7,26,11,31,23
385,399.454791656,2017,7,26,11,31,24
386,400.460506206,2017,7,26,11,31,25
387,401.45895732,2017,7,26,11,31,26
388,402.463265742,2017,7,26,11,31,27
389,403.476351496,2017,7,26,11,31,28
390,404.530718795,2017,7,26,11,31,29
391,405.469635769,2017,7,26,11,31,30
392,406.479879877,2017,7,26,11,31,31
393,407.490716481,2017,7,26,11,31,32
394,408.539592699,2017,7,26,11,31,33
395,409.539212009,2017,7,26,11,31,34
396,410.542227205,2017,7,26,11,31,35
397,411.575112574,2017,7,26,11,31,36
398,412.476429874,2017,7,26,11,31,37
399,413.477126872,2017,7,26,11,31,38
400,414.487482015,2017,7,26,11,31,39
401,415.490507475,2017,7,26,11,31,40
402,416.492159931,2017,7,26,11,31,41
403,417.500709129,2017,7,26,11,31,42
404,418.554770849,2017,7,26,11,31,43
405,419.50299047,2017,7,26,11,31,44
406,420.509208407,2017,7,26,11,31,45
407,421.528004512,2017,7,26,11,31,46
408,422.511436097,2017,7,26,11,31,47
409,423.550847782,2017,7,26,11,31,48
410,424.545076782,2017,7,26,11,31,49
411,425.567656461,2017,7,26,11,31,50
412,426.505890432,2017,7,26,11,31,51
413,427.501662253,2017,7,26,11,31,52
414,428.510228246,2017,7,26,11,31,53
415,429.508126053,2017,7,26,11,31,54
416,430.517759938,2017,7,26,11,31,55
417,431.513837337,2017,7,26,11,31,56
418,432.511269545,2017,7,26,11,31,57
419,433.544504347,2017,7,26,11,31,58
420,434.55916418,2017,7,26,11,31,59
421,435.51503959,2017,7,26,11,32,0
422,436.518356165,2017,7,26,11,32,1
423,437.585447656,2017,7,26,11,32,2
424,438.833553536,2017,7,26,11,32,4
425,439.524802704,2017,7,26,11,32,4
426,440.521380692,2017,7,26,11,32,5
427,441.523472155,2017,7,26,11,32,6
428,442.526390312,2017,7,26,11,32,7
429,443.528436987,2017,7,26,11,32,8
430,444.607035955,2017,7,26,11,32,9
431,445.525426457,2017,7,26,11,32,10
432,446.527752119,2017,7,26,11,32,11
433,447.547151449,2017,7,26,11,32,12
434,448.553664235,2017,7,26,11,32,13
435,449.555681986,2017,7,26,11,32,14
436,450.534180929,2017,7,26,11,32,15
437,451.561453919,2017,7,26,11,32,16
438,452.550432568,2017,7,26,11,32,17
439,453.625456968,2017,7,26,11,32,18
440,457.556153649,2017,7,26,11,32,22
441,458.615245517,2017,7,26,11,32,23
442,459.629357642,2017,7,26,11,32,24
443,460.580390916,2017,7,26,11,32,25
444,461.632747929,2017,7,26,11,32,26
445,462.5588656,2017,7,26,11,32,27
446,463.674364444,2017,7,26,11,32,28
447,464.605934939,2017,7,26,11,32,29
448,465.564871732,2017,7,26,11,32,30
449,466.575428883,2017,7,26,11,32,31
450,467.5821782,2017,7,26,11,32,32
451,468.569972325,2017,7,26,11,32,33
452,469.573769895,2017,7,26,11,32,34
453,470.573316426,2017,7,26,11,32,35
454,471.582992298,2017,7,26,11,32,36
455,472.6029538,2017,7,26,11,32,37
456,473.580804264,2017,7,26,11,32,38
457,474.592904236,2017,7,26,11,32,39
458,475.609494578,2017,7,26,11,32,40
459,476.60251526,2017,7,26,11,32,41
460,477.596039331,2017,7,26,11,32,42
461,478.598455499,2017,7,26,11,32,43
462,479.59840838,2017,7,26,11,32,44
463,480.604045485,2017,7,26,11,32,45
464,481.626542121,2017,7,26,11,32,46
465,482.594180667,2017,7,26,11,32,47
466,483.61877903,2017,7,26,11,32,48
467,484.601030756,2017,7,26,11,32,49
468,485.632595373,2017,7,26,11,32,50
469,486.678202602,2017,7,26,11,32,51
470,487.65691335,2017,7,26,11,32,52
471,488.722915022,2017,7,26,11,32,53
472,489.616181847,2017,7,26,11,32,54
473,490.617634627,2017,7,26,11,32,55
474,491.646630986,2017,7,26,11,32,56
475,492.61612493,2017,7,26,11,32,57
476,493.615990569,2017,7,26,11,32,58
477,494.615522171,2017,7,26,11,32,59
478,495.617557183,2017,7,26,11,33,0
479,496.618615744,2017,7,26,11,33,1
480,497.629776121,2017,7,26,11,33,2
481,498.624343356,2017,7,26,11,33,3
482,499.625331471,2017,7,26,11,33,4
483,500.627043643,2017,7,26,11,33,5
484,501.62585492,2017,7,26,11,33,6
485,502.630979773,2017,7,26,11,33,7
486,503.629347844,2017,7,26,11,33,8
487,504.656798117,2017,7,26,11,33,9
488,505.632648558,2017,7,26,11,33,10
489,506.637025094,2017,7,26,11,33,11
490,507.638133574,2017,7,26,11,33,12
491,508.645332161,2017,7,26,11,33,13
492,509.947522622,2017,7,26,11,33,15
493,510.643484695,2017,7,26,11,33,15
494,511.644323519,2017,7,26,11,33,16
495,512.669243789,2017,7,26,11,33,17
496,513.650037602,2017,7,26,11,33,18
497,514.650791052,2017,7,26,11,33,19
498,515.65333505,2017,7,26,11,33,20
499,516.669561497,2017,7,26,11,33,21
500,517.656073126,2017,7,26,11,33,22
501,518.661011367,2017,7,26,11,33,23
502,519.668072327,2017,7,26,11,33,24
503,520.660138485,2017,7,26,11,33,25
504,521.662678285,2017,7,26,11,33,26
505,522.683378307,2017,7,26,11,33,27
506,523.667331008,2017,7,26,11,33,28
507,524.735109234,2017,7,26,11,33,29
508,525.720298711,2017,7,26,11,33,30
509,526.669856812,2017,7,26,11,33,31
510,527.674408764,2017,7,26,11,33,32
511,528.673039493,2017,7,26,11,33,33
512,529.67845033,2017,7,26,11,33,34
513,530.676864122,2017,7,26,11,33,35
514,531.703136401,2017,7,26,11,33,36
515,532.694074018,2017,7,26,11,33,37
516,533.682046825,2017,7,26,11,33,38
517,534.692146775,2017,7,26,11,33,39
518,535.694415986,2017,7,26,11,33,40
519,536.694965094,2017,7,26,11,33,41
520,537.706696973,2017,7,26,11,33,42
521,538.700416053,2017,7,26,11,33,43
522,539.711804564,2017,7,26,11,33,44
523,540.697519356,2017,7,26,11,33,45
524,541.694063288,2017,7,26,11,33,46
525,542.759214939,2017,7,26,11,33,47
526,543.752867305,2017,7,26,11,33,48
527,544.700629258,2017,7,26,11,33,49
528,545.700751956,2017,7,26,11,33,50
529,546.840321982,2017,7,26,11,33,52
530,547.81747358,2017,7,26,11,33,52
531,548.827642577,2017,7,26,11,33,53
532,549.784130543,2017,7,26,11,33,54
533,550.756580899,2017,7,26,11,33,55
534,551.715130004,2017,7,26,11,33,56
535,552.750872415,2017,7,26,11,33,57
536,553.730590405,2017,7,26,11,33,58
537,554.746049874,2017,7,26,11,33,59
538,555.715470106,2017,7,26,11,34,0
539,556.739168528,2017,7,26,11,34,1
540,557.768429411,2017,7,26,11,34,2
541,559.181727251,2017,7,26,11,34,4
542,559.733951768,2017,7,26,11,34,4
543,560.758561327,2017,7,26,11,34,5
544,561.72635103,2017,7,26,11,34,6
545,562.726156486,2017,7,26,11,34,7
546,563.728906225,2017,7,26,11,34,8
547,564.741942527,2017,7,26,11,34,9
548,565.736512562,2017,7,26,11,34,10
549,566.734076799,2017,7,26,11,34,11
550,570.746772532,2017,7,26,11,34,15
551,571.746473019,2017,7,26,11,34,16
552,572.749090263,2017,7,26,11,34,17
553,573.747591296,2017,7,26,11,34,18
554,574.749500811,2017,7,26,11,34,19
555,575.765909672,2017,7,26,11,34,20
556,576.758378914,2017,7,26,11,34,21
557,577.763039568,2017,7,26,11,34,22
558,578.80016198,2017,7,26,11,34,23
559,579.762073846,2017,7,26,11,34,24
560,580.761660966,2017,7,26,11,34,25
561,581.761788329,2017,7,26,11,34,26
562,582.766105149,2017,7,26,11,34,27
563,583.766159733,2017,7,26,11,34,28
564,584.769220649,2017,7,26,11,34,29
565,585.770668764,2017,7,26,11,34,30
566,586.815538872,2017,7,26,11,34,31
567,587.778103417,2017,7,26,11,34,32
568,588.781247376,2017,7,26,11,34,33
569,589.77875003,2017,7,26,11,34,34
570,590.782285876,2017,7,26,11,34,35
571,591.776392178,2017,7,26,11,34,36
572,592.785183972,2017,7,26,11,34,37
573,593.789559109,2017,7,26,11,34,38
574,594.796982098,2017,7,26,11,34,39
575,595.792978788,2017,7,26,11,34,40
576,596.850960776,2017,7,26,11,34,42
577,597.799552223,2017,7,26,11,34,42
578,598.853347553,2017,7,26,11,34,44
579,599.799212587,2017,7,26,11,34,44
580,600.8056316,2017,7,26,11,34,45
581,601.822027865,2017,7,26,11,34,46
582,603.109512306,2017,7,26,11,34,48
583,603.80241253,2017,7,26,11,34,48
584,604.802652327,2017,7,26,11,34,49
585,605.804714865,2017,7,26,11,34,50
586,606.805628801,2017,7,26,11,34,51
587,607.822478068,2017,7,26,11,34,52
588,608.811425927,2017,7,26,11,34,53
589,609.810210145,2017,7,26,11,34,54
590,610.811741769,2017,7,26,11,34,55
591,611.810796109,2017,7,26,11,34,56
592,612.812972014,2017,7,26,11,34,57
593,613.814492908,2017,7,26,11,34,58
594,614.834340576,2017,7,26,11,35,0
595,615.853050839,2017,7,26,11,35,1
596,616.846810974,2017,7,26,11,35,2
597,617.90034738,2017,7,26,11,35,3
598,618.909231081,2017,7,26,11,35,4
599,619.943696127,2017,7,26,11,35,5
600,620.967989845,2017,7,26,11,35,6
601,621.924604241,2017,7,26,11,35,7
602,622.878556606,2017,7,26,11,35,8
603,623.883248051,2017,7,26,11,35,9
604,624.950991754,2017,7,26,11,35,10
605,625.947979823,2017,7,26,11,35,11
606,626.84474797,2017,7,26,11,35,12
607,627.986040432,2017,7,26,11,35,13
608,628.883130485,2017,7,26,11,35,14
609,629.843499531,2017,7,26,11,35,15
610,630.847096958,2017,7,26,11,35,16
611,631.846301988,2017,7,26,11,35,17
612,632.844658863,2017,7,26,11,35,18
613,633.849557448,2017,7,26,11,35,19
614,634.852694875,2017,7,26,11,35,20
615,635.854637981,2017,7,26,11,35,21
616,636.855748793,2017,7,26,11,35,22
617,637.856553561,2017,7,26,11,35,23
618,638.860542409,2017,7,26,11,35,24
619,639.860470096,2017,7,26,11,35,25
620,640.864031601,2017,7,26,11,35,26
621,641.877087497,2017,7,26,11,35,27
622,642.867432152,2017,7,26,11,35,28
623,643.871758769,2017,7,26,11,35,29
624,644.881989348,2017,7,26,11,35,30
625,645.872950758,2017,7,26,11,35,31
626,646.873276864,2017,7,26,11,35,32
627,647.876817842,2017,7,26,11,35,33
628,648.877006321,2017,7,26,11,35,34
629,649.879156566,2017,7,26,11,35,35
630,650.879544254,2017,7,26,11,35,36
631,651.888162965,2017,7,26,11,35,37
632,652.88900179,2017,7,26,11,35,38
633,653.885792983,2017,7,26,11,35,39
634,654.896628187,2017,7,26,11,35,40
635,655.896727558,2017,7,26,11,35,41
636,656.899067216,2017,7,26,11,35,42
637,657.910419338,2017,7,26,11,35,43
638,658.904675863,2017,7,26,11,35,44
639,659.906551321,2017,7,26,11,35,45
640,660.905456371,2017,7,26,11,35,46
641,661.899874783,2017,7,26,11,35,47
642,662.902871784,2017,7,26,11,35,48
643,663.90395787,2017,7,26,11,35,49
644,664.917843727,2017,7,26,11,35,50
645,665.9093939,2017,7,26,11,35,51
646,666.909767126,2017,7,26,11,35,52
647,667.911369197,2017,7,26,11,35,53
648,668.911373395,2017,7,26,11,35,54
649,669.910789297,2017,7,26,11,35,55
650,670.912222483,2017,7,26,11,35,56
651,671.914668044,2017,7,26,11,35,57
652,672.919339895,2017,7,26,11,35,58
653,673.930943943,2017,7,26,11,35,59
654,674.923621258,2017,7,26,11,36,0
655,675.926431647,2017,7,26,11,36,1
656,676.926531484,2017,7,26,11,36,2
657,677.930913152,2017,7,26,11,36,3
658,678.93131437,2017,7,26,11,36,4
