1,2.14923050223,2017,7,26,10,54,4
2,3.11229190343,2017,7,26,10,54,5
3,4.11428772704,2017,7,26,10,54,6
4,5.11604608589,2017,7,26,10,54,7
5,6.1172427403,2017,7,26,10,54,8
6,7.1230561947,2017,7,26,10,54,9
7,8.1711509716,2017,7,26,10,54,10
8,9.14423954362,2017,7,26,10,54,11
9,10.1273016353,2017,7,26,10,54,12
10,11.1723089039,2017,7,26,10,54,13
11,12.1531363076,2017,7,26,10,54,14
12,13.1821322002,2017,7,26,10,54,15
13,14.2063097511,2017,7,26,10,54,16
14,15.1818928693,2017,7,26,10,54,17
15,16.134287951,2017,7,26,10,54,18
16,17.1360854985,2017,7,26,10,54,19
17,18.1390955625,2017,7,26,10,54,20
18,19.2572387095,2017,7,26,10,54,21
19,20.1366047485,2017,7,26,10,54,22
20,21.1616211238,2017,7,26,10,54,23
21,22.2611277196,2017,7,26,10,54,24
22,23.1399535148,2017,7,26,10,54,25
23,24.141878892,2017,7,26,10,54,26
24,25.1432197048,2017,7,26,10,54,27
25,26.1446706191,2017,7,26,10,54,28
26,27.1502927954,2017,7,26,10,54,29
27,28.1451474148,2017,7,26,10,54,30
28,29.1492141736,2017,7,26,10,54,31
29,30.1485806232,2017,7,26,10,54,32
30,31.1505848444,2017,7,26,10,54,33
31,32.1549025975,2017,7,26,10,54,34
32,33.155707365,2017,7,26,10,54,35
33,34.1645724048,2017,7,26,10,54,36
34,35.1580283614,2017,7,26,10,54,37
35,36.1620568646,2017,7,26,10,54,38
36,37.1646820398,2017,7,26,10,54,39
37,38.1673128134,2017,7,26,10,54,40
38,39.1722482547,2017,7,26,10,54,41
39,40.1688976224,2017,7,26,10,54,42
40,41.1654219595,2017,7,26,10,54,43
41,42.1743070601,2017,7,26,10,54,44
42,43.171755597,2017,7,26,10,54,45
43,44.1933317658,2017,7,26,10,54,46
44,45.2308885194,2017,7,26,10,54,47
45,46.2126443217,2017,7,26,10,54,48
46,47.2261359586,2017,7,26,10,54,49
47,48.1890802603,2017,7,26,10,54,50
48,49.2150609571,2017,7,26,10,54,51
49,50.1814407999,2017,7,26,10,54,52
50,51.1852915545,2017,7,26,10,54,53
51,52.1846817972,2017,7,26,10,54,54
52,53.1913144817,2017,7,26,10,54,55
53,54.188703769,2017,7,26,10,54,56
54,55.1814589946,2017,7,26,10,54,57
55,56.1936760664,2017,7,26,10,54,58
56,57.1922480121,2017,7,26,10,54,59
57,58.1933247678,2017,7,26,10,55,0
58,59.1980236774,2017,7,26,10,55,1
59,60.2305423527,2017,7,26,10,55,2
60,61.2038735213,2017,7,26,10,55,3
61,62.2030085711,2017,7,26,10,55,4
62,63.2028793418,2017,7,26,10,55,5
63,64.2024678606,2017,7,26,10,55,6
64,65.206892916,2017,7,26,10,55,7
65,66.2339937559,2017,7,26,10,55,8
66,67.2491952324,2017,7,26,10,55,9
67,68.2112507908,2017,7,26,10,55,10
68,69.2264685959,2017,7,26,10,55,11
69,70.212948967,2017,7,26,10,55,12
70,71.2154472455,2017,7,26,10,55,13
71,72.2170306549,2017,7,26,10,55,14
72,73.2176544081,2017,7,26,10,55,15
73,74.2232896473,2017,7,26,10,55,16
74,75.2301103441,2017,7,26,10,55,17
75,76.2304415818,2017,7,26,10,55,18
76,77.2197052824,2017,7,26,10,55,19
77,78.229911135,2017,7,26,10,55,20
78,79.2342909368,2017,7,26,10,55,21
79,80.2342125594,2017,7,26,10,55,22
80,81.2360390319,2017,7,26,10,55,23
81,82.2334978325,2017,7,26,10,55,24
82,83.242286361,2017,7,26,10,55,25
83,84.2835165871,2017,7,26,10,55,26
84,85.2843955332,2017,7,26,10,55,27
85,86.2446106231,2017,7,26,10,55,28
86,87.2472343987,2017,7,26,10,55,29
87,88.2463927751,2017,7,26,10,55,30
88,89.2483680713,2017,7,26,10,55,31
89,90.2537980365,2017,7,26,10,55,32
90,91.2603182867,2017,7,26,10,55,33
91,92.278066561,2017,7,26,10,55,34
92,93.3213709881,2017,7,26,10,55,35
93,94.2553721152,2017,7,26,10,55,36
94,95.2624396074,2017,7,26,10,55,37
95,96.2601797268,2017,7,26,10,55,38
96,97.2587624028,2017,7,26,10,55,39
97,98.276363253,2017,7,26,10,55,40
98,99.2568286279,2017,7,26,10,55,41
99,100.269225314,2017,7,26,10,55,42
100,101.268537646,2017,7,26,10,55,43
101,102.354673437,2017,7,26,10,55,44
102,103.33265313,2017,7,26,10,55,45
103,104.506105503,2017,7,26,10,55,47
104,105.377573623,2017,7,26,10,55,47
105,106.498470242,2017,7,26,10,55,49
106,107.355491267,2017,7,26,10,55,49
107,108.333549338,2017,7,26,10,55,50
108,109.44362708,2017,7,26,10,55,52
109,113.375393053,2017,7,26,10,55,55
110,114.339649243,2017,7,26,10,55,56
111,115.310430348,2017,7,26,10,55,57
112,116.293747632,2017,7,26,10,55,58
113,117.296269237,2017,7,26,10,55,59
114,118.296579481,2017,7,26,10,56,0
115,119.300015489,2017,7,26,10,56,1
116,120.302178331,2017,7,26,10,56,2
117,121.305258375,2017,7,26,10,56,3
118,122.306372453,2017,7,26,10,56,4
119,123.367817974,2017,7,26,10,56,5
120,124.325134968,2017,7,26,10,56,6
121,125.313481,2017,7,26,10,56,7
122,126.307794442,2017,7,26,10,56,8
123,127.309428237,2017,7,26,10,56,9
124,128.315522544,2017,7,26,10,56,10
125,129.32618793,2017,7,26,10,56,11
126,130.312849782,2017,7,26,10,56,12
127,131.313785179,2017,7,26,10,56,13
128,132.355072788,2017,7,26,10,56,14
129,133.337965995,2017,7,26,10,56,15
130,134.329659861,2017,7,26,10,56,16
131,135.327198438,2017,7,26,10,56,17
132,136.325239471,2017,7,26,10,56,18
133,137.324394582,2017,7,26,10,56,19
134,138.327998074,2017,7,26,10,56,20
135,139.329798421,2017,7,26,10,56,21
136,140.330516414,2017,7,26,10,56,22
137,141.340427418,2017,7,26,10,56,23
138,142.472097192,2017,7,26,10,56,25
139,143.46804163,2017,7,26,10,56,26
140,144.455798432,2017,7,26,10,56,27
141,145.340728331,2017,7,26,10,56,27
142,146.34398799,2017,7,26,10,56,28
143,147.346813307,2017,7,26,10,56,29
144,148.349063857,2017,7,26,10,56,30
145,149.404307303,2017,7,26,10,56,32
146,150.404244321,2017,7,26,10,56,33
147,151.351415644,2017,7,26,10,56,33
148,152.355797779,2017,7,26,10,56,34
149,153.366658642,2017,7,26,10,56,35
150,154.358268999,2017,7,26,10,56,36
151,155.499491014,2017,7,26,10,56,38
152,156.408200045,2017,7,26,10,56,39
153,157.371786295,2017,7,26,10,56,39
154,158.387151991,2017,7,26,10,56,41
155,159.371465787,2017,7,26,10,56,41
156,160.439962006,2017,7,26,10,56,43
157,161.372711894,2017,7,26,10,56,43
158,162.367916879,2017,7,26,10,56,44
159,163.369217103,2017,7,26,10,56,45
160,164.387244364,2017,7,26,10,56,47
161,165.454018146,2017,7,26,10,56,48
162,166.376750661,2017,7,26,10,56,48
163,167.379001678,2017,7,26,10,56,49
164,168.382634562,2017,7,26,10,56,51
165,169.382816509,2017,7,26,10,56,52
166,170.405063551,2017,7,26,10,56,53
167,171.380191801,2017,7,26,10,56,54
168,172.375397252,2017,7,26,10,56,54
169,173.385846634,2017,7,26,10,56,56
170,174.38612562,2017,7,26,10,56,57
171,175.385875559,2017,7,26,10,56,58
172,176.413495649,2017,7,26,10,56,59
173,177.391674085,2017,7,26,10,57,0
174,178.39240514,2017,7,26,10,57,1
175,179.385292394,2017,7,26,10,57,2
176,180.432462505,2017,7,26,10,57,3
177,181.454383907,2017,7,26,10,57,4
178,182.393032626,2017,7,26,10,57,5
179,183.528710842,2017,7,26,10,57,6
180,184.473261189,2017,7,26,10,57,7
181,185.446676333,2017,7,26,10,57,8
182,186.479652676,2017,7,26,10,57,9
183,187.47371979,2017,7,26,10,57,10
184,188.402644116,2017,7,26,10,57,11
185,189.403342515,2017,7,26,10,57,12
186,190.496809855,2017,7,26,10,57,13
187,191.441213711,2017,7,26,10,57,14
188,192.508167575,2017,7,26,10,57,15
189,193.418793119,2017,7,26,10,57,16
190,194.418582713,2017,7,26,10,57,17
191,195.428637876,2017,7,26,10,57,18
192,196.435653583,2017,7,26,10,57,19
193,197.428116293,2017,7,26,10,57,20
194,198.429741224,2017,7,26,10,57,21
195,199.424965803,2017,7,26,10,57,22
196,200.431663336,2017,7,26,10,57,23
197,201.427570451,2017,7,26,10,57,24
198,202.435346139,2017,7,26,10,57,25
199,203.438307683,2017,7,26,10,57,26
200,204.440164014,2017,7,26,10,57,27
201,205.44147077,2017,7,26,10,57,28
202,206.442391237,2017,7,26,10,57,29
203,207.443818825,2017,7,26,10,57,30
204,208.439223019,2017,7,26,10,57,31
205,209.447315015,2017,7,26,10,57,32
206,210.448218221,2017,7,26,10,57,33
207,211.459432249,2017,7,26,10,57,34
208,212.457497075,2017,7,26,10,57,35
209,213.44336209,2017,7,26,10,57,36
210,214.445737671,2017,7,26,10,57,37
211,215.439528597,2017,7,26,10,57,38
212,216.457174235,2017,7,26,10,57,39
213,217.450647453,2017,7,26,10,57,40
214,218.458095169,2017,7,26,10,57,41
215,219.452047515,2017,7,26,10,57,42
216,220.462560346,2017,7,26,10,57,43
217,221.459802209,2017,7,26,10,57,44
218,222.47092713,2017,7,26,10,57,45
219,226.4604101,2017,7,26,10,57,49
220,227.474263299,2017,7,26,10,57,50
221,228.471142201,2017,7,26,10,57,51
222,229.476797501,2017,7,26,10,57,52
223,230.487349987,2017,7,26,10,57,53
224,231.487842644,2017,7,26,10,57,54
225,232.479577565,2017,7,26,10,57,55
226,233.473584495,2017,7,26,10,57,56
227,234.473367092,2017,7,26,10,57,57
228,235.472732608,2017,7,26,10,57,58
229,236.473712325,2017,7,26,10,57,59
230,237.475202428,2017,7,26,10,58,0
231,238.485270187,2017,7,26,10,58,1
232,239.4815314,2017,7,26,10,58,2
233,240.483622863,2017,7,26,10,58,3
234,241.495540888,2017,7,26,10,58,4
235,242.489968164,2017,7,26,10,58,5
236,243.498379735,2017,7,26,10,58,6
237,244.498953569,2017,7,26,10,58,7
238,245.504471709,2017,7,26,10,58,8
239,246.495260502,2017,7,26,10,58,9
240,247.500658277,2017,7,26,10,58,10
241,248.509629686,2017,7,26,10,58,11
242,249.501498967,2017,7,26,10,58,12
243,250.51358401,2017,7,26,10,58,13
244,251.517077868,2017,7,26,10,58,14
245,252.518741054,2017,7,26,10,58,15
246,253.52559021,2017,7,26,10,58,16
247,254.512424212,2017,7,26,10,58,17
248,255.573664459,2017,7,26,10,58,18
249,256.557698337,2017,7,26,10,58,19
250,257.534907785,2017,7,26,10,58,20
251,258.559953086,2017,7,26,10,58,21
252,259.568569464,2017,7,26,10,58,22
253,260.643109137,2017,7,26,10,58,23
254,261.674335052,2017,7,26,10,58,24
255,262.607278551,2017,7,26,10,58,25
256,263.536508456,2017,7,26,10,58,26
257,264.540634931,2017,7,26,10,58,27
258,265.544768871,2017,7,26,10,58,28
259,266.614941338,2017,7,26,10,58,29
260,267.581018868,2017,7,26,10,58,30
261,268.541914628,2017,7,26,10,58,31
262,269.545998182,2017,7,26,10,58,32
263,270.553241557,2017,7,26,10,58,33
264,271.636930854,2017,7,26,10,58,34
265,272.578746858,2017,7,26,10,58,35
266,273.569059789,2017,7,26,10,58,36
267,274.557026064,2017,7,26,10,58,37
268,275.557676876,2017,7,26,10,58,38
269,276.557348904,2017,7,26,10,58,39
270,277.559504748,2017,7,26,10,58,40
271,278.796659725,2017,7,26,10,58,41
272,279.552976567,2017,7,26,10,58,42
273,280.559249555,2017,7,26,10,58,43
274,281.569373298,2017,7,26,10,58,44
275,282.566641754,2017,7,26,10,58,45
276,283.562642642,2017,7,26,10,58,46
277,284.557266328,2017,7,26,10,58,47
278,285.56018122,2017,7,26,10,58,48
279,286.572709468,2017,7,26,10,58,49
280,287.57383521,2017,7,26,10,58,50
281,288.564150473,2017,7,26,10,58,51
282,289.570691718,2017,7,26,10,58,52
283,290.57638574,2017,7,26,10,58,53
284,291.586767475,2017,7,26,10,58,54
285,292.589949223,2017,7,26,10,58,55
286,293.576249979,2017,7,26,10,58,56
287,294.579065499,2017,7,26,10,58,57
288,295.583694896,2017,7,26,10,58,58
289,296.583054814,2017,7,26,10,58,59
290,297.584740394,2017,7,26,10,59,0
291,298.585284836,2017,7,26,10,59,1
292,299.591329224,2017,7,26,10,59,2
293,300.590754923,2017,7,26,10,59,3
294,301.594070099,2017,7,26,10,59,4
295,302.607616787,2017,7,26,10,59,5
296,303.602477471,2017,7,26,10,59,6
297,304.609034577,2017,7,26,10,59,7
298,305.601668505,2017,7,26,10,59,8
299,306.60032396,2017,7,26,10,59,9
300,307.611613099,2017,7,26,10,59,10
301,308.602096315,2017,7,26,10,59,11
302,309.628962955,2017,7,26,10,59,12
303,310.620600371,2017,7,26,10,59,13
304,311.608803644,2017,7,26,10,59,14
305,312.621994368,2017,7,26,10,59,15
306,313.610993545,2017,7,26,10,59,16
307,314.624807089,2017,7,26,10,59,17
308,315.618438462,2017,7,26,10,59,18
309,316.616180447,2017,7,26,10,59,19
310,317.616029291,2017,7,26,10,59,20
311,318.631035757,2017,7,26,10,59,21
312,319.632377503,2017,7,26,10,59,22
313,320.625730356,2017,7,26,10,59,23
314,321.633451926,2017,7,26,10,59,24
315,322.638475542,2017,7,26,10,59,25
316,323.640496091,2017,7,26,10,59,26
317,324.641936275,2017,7,26,10,59,27
318,325.651445129,2017,7,26,10,59,28
319,326.633949249,2017,7,26,10,59,29
320,327.643596196,2017,7,26,10,59,30
321,328.642989705,2017,7,26,10,59,31
322,329.641259338,2017,7,26,10,59,32
323,330.639208463,2017,7,26,10,59,33
324,331.654333895,2017,7,26,10,59,34
325,332.649527217,2017,7,26,10,59,35
326,333.659772258,2017,7,26,10,59,36
327,334.645888734,2017,7,26,10,59,37
328,335.661228304,2017,7,26,10,59,38
329,339.652787808,2017,7,26,10,59,42
330,340.668084457,2017,7,26,10,59,43
331,341.663165811,2017,7,26,10,59,44
332,342.679799074,2017,7,26,10,59,45
333,343.665972934,2017,7,26,10,59,46
334,344.673225639,2017,7,26,10,59,47
335,345.671269471,2017,7,26,10,59,48
336,346.670548212,2017,7,26,10,59,49
337,347.678921061,2017,7,26,10,59,50
338,348.66845535,2017,7,26,10,59,51
339,349.671627301,2017,7,26,10,59,52
340,350.775457248,2017,7,26,10,59,53
341,351.695817914,2017,7,26,10,59,54
342,352.743329993,2017,7,26,10,59,55
343,353.760301492,2017,7,26,10,59,56
344,354.779014087,2017,7,26,10,59,57
345,355.74555675,2017,7,26,10,59,58
346,356.758423701,2017,7,26,10,59,59
347,357.726725655,2017,7,26,11,0,0
348,358.702626481,2017,7,26,11,0,1
349,359.712764687,2017,7,26,11,0,2
350,360.815247756,2017,7,26,11,0,3
351,361.774255928,2017,7,26,11,0,4
352,362.70871519,2017,7,26,11,0,5
353,363.71019223,2017,7,26,11,0,6
354,364.711268052,2017,7,26,11,0,7
355,365.703476503,2017,7,26,11,0,8
356,366.702195406,2017,7,26,11,0,9
357,367.719207959,2017,7,26,11,0,10
358,368.715679112,2017,7,26,11,0,11
359,369.720660273,2017,7,26,11,0,12
360,370.722732142,2017,7,26,11,0,13
361,371.724417721,2017,7,26,11,0,14
362,372.724752225,2017,7,26,11,0,15
363,373.729556571,2017,7,26,11,0,16
364,374.731307465,2017,7,26,11,0,17
365,375.722829647,2017,7,26,11,0,18
366,376.729988113,2017,7,26,11,0,19
367,377.733953634,2017,7,26,11,0,20
368,378.735547774,2017,7,26,11,0,21
369,379.739015039,2017,7,26,11,0,22
370,380.745668251,2017,7,26,11,0,23
371,381.739147068,2017,7,26,11,0,24
372,382.738659542,2017,7,26,11,0,25
373,383.743470886,2017,7,26,11,0,26
374,384.745015573,2017,7,26,11,0,27
375,385.746484215,2017,7,26,11,0,28
376,386.747859551,2017,7,26,11,0,29
377,387.740938084,2017,7,26,11,0,30
378,388.75447964,2017,7,26,11,0,31
379,389.755362318,2017,7,26,11,0,32
380,390.743601048,2017,7,26,11,0,33
381,391.751424789,2017,7,26,11,0,34
382,392.75033497,2017,7,26,11,0,35
383,393.756851488,2017,7,26,11,0,36
384,394.748426854,2017,7,26,11,0,37
385,395.760860397,2017,7,26,11,0,38
386,396.768412149,2017,7,26,11,0,39
387,397.76524673,2017,7,26,11,0,40
388,398.767986206,2017,7,26,11,0,41
389,399.774039457,2017,7,26,11,0,42
390,400.768979919,2017,7,26,11,0,43
391,401.766689247,2017,7,26,11,0,44
392,402.785760139,2017,7,26,11,0,45
393,403.780438876,2017,7,26,11,0,46
394,404.781011311,2017,7,26,11,0,47
395,405.788594787,2017,7,26,11,0,48
396,406.784820077,2017,7,26,11,0,49
397,407.787230648,2017,7,26,11,0,50
398,408.794690493,2017,7,26,11,0,51
399,409.792058787,2017,7,26,11,0,52
400,410.789973856,2017,7,26,11,0,53
401,411.785385047,2017,7,26,11,0,54
402,412.801207478,2017,7,26,11,0,55
403,413.802008513,2017,7,26,11,0,56
404,414.791055743,2017,7,26,11,0,57
405,415.819139099,2017,7,26,11,0,58
406,416.808794687,2017,7,26,11,0,59
407,417.793899722,2017,7,26,11,1,0
408,418.8009005,2017,7,26,11,1,1
409,419.809755276,2017,7,26,11,1,2
410,420.813134833,2017,7,26,11,1,3
411,421.799778957,2017,7,26,11,1,4
412,422.81351599,2017,7,26,11,1,5
413,423.816232139,2017,7,26,11,1,6
414,424.814718243,2017,7,26,11,1,7
415,425.818761675,2017,7,26,11,1,8
416,426.811393736,2017,7,26,11,1,9
417,427.827307607,2017,7,26,11,1,10
418,428.821925695,2017,7,26,11,1,11
419,429.817960173,2017,7,26,11,1,12
420,430.824714156,2017,7,26,11,1,13
421,431.826273772,2017,7,26,11,1,14
422,432.956271495,2017,7,26,11,1,15
423,433.827582394,2017,7,26,11,1,16
424,434.887058684,2017,7,26,11,1,17
425,435.83584794,2017,7,26,11,1,18
426,436.93985377,2017,7,26,11,1,19
427,437.884175517,2017,7,26,11,1,20
428,438.837215812,2017,7,26,11,1,21
429,439.842570199,2017,7,26,11,1,22
430,440.844297767,2017,7,26,11,1,23
431,441.844289369,2017,7,26,11,1,24
432,442.856567557,2017,7,26,11,1,25
433,443.848542741,2017,7,26,11,1,26
434,444.963494809,2017,7,26,11,1,27
435,445.852633293,2017,7,26,11,1,28
436,446.858409891,2017,7,26,11,1,29
437,447.859177803,2017,7,26,11,1,30
438,448.853844876,2017,7,26,11,1,31
439,452.859977439,2017,7,26,11,1,35
440,453.870171161,2017,7,26,11,1,36
441,454.868285439,2017,7,26,11,1,37
442,455.867837569,2017,7,26,11,1,38
443,456.863394785,2017,7,26,11,1,39
444,457.871851143,2017,7,26,11,1,40
445,458.872527147,2017,7,26,11,1,41
446,459.87300161,2017,7,26,11,1,42
447,460.875884311,2017,7,26,11,1,43
448,461.879277865,2017,7,26,11,1,44
449,462.880571558,2017,7,26,11,1,45
450,463.881673506,2017,7,26,11,1,46
451,464.877136483,2017,7,26,11,1,47
452,465.885425356,2017,7,26,11,1,48
453,466.887214972,2017,7,26,11,1,49
454,467.889932054,2017,7,26,11,1,50
455,468.889051709,2017,7,26,11,1,51
456,469.892037046,2017,7,26,11,1,52
457,470.892519907,2017,7,26,11,1,53
458,471.892338426,2017,7,26,11,1,54
459,472.895669931,2017,7,26,11,1,55
460,473.895957781,2017,7,26,11,1,56
461,474.89778332,2017,7,26,11,1,57
462,475.901031782,2017,7,26,11,1,58
463,476.901058841,2017,7,26,11,1,59
464,477.922421805,2017,7,26,11,2,0
465,478.906449151,2017,7,26,11,2,1
466,479.905945763,2017,7,26,11,2,2
467,480.91110374,2017,7,26,11,2,3
468,481.910612015,2017,7,26,11,2,4
469,482.912125911,2017,7,26,11,2,5
470,483.913897333,2017,7,26,11,2,6
471,484.914775813,2017,7,26,11,2,7
472,485.917008168,2017,7,26,11,2,8
473,486.920633121,2017,7,26,11,2,9
474,487.909866964,2017,7,26,11,2,10
475,488.92170008,2017,7,26,11,2,11
476,489.920083547,2017,7,26,11,2,12
477,490.921128578,2017,7,26,11,2,13
478,491.9243999,2017,7,26,11,2,14
479,492.931109096,2017,7,26,11,2,15
480,493.934306239,2017,7,26,11,2,16
481,494.934805428,2017,7,26,11,2,17
482,495.932701836,2017,7,26,11,2,18
483,496.936589913,2017,7,26,11,2,19
484,497.9375575,2017,7,26,11,2,20
485,498.943786634,2017,7,26,11,2,21
486,499.950891449,2017,7,26,11,2,22
487,500.951023478,2017,7,26,11,2,23
488,501.951461085,2017,7,26,11,2,24
489,502.950052158,2017,7,26,11,2,25
490,503.952203804,2017,7,26,11,2,26
491,504.95418983,2017,7,26,11,2,27
492,505.960290668,2017,7,26,11,2,28
493,506.955807296,2017,7,26,11,2,29
494,507.962696107,2017,7,26,11,2,30
495,508.954921819,2017,7,26,11,2,31
496,509.963874566,2017,7,26,11,2,32
497,510.971125406,2017,7,26,11,2,33
498,511.963658096,2017,7,26,11,2,34
499,512.967345564,2017,7,26,11,2,35
500,513.976044052,2017,7,26,11,2,36
501,514.972438693,2017,7,26,11,2,37
502,515.977084418,2017,7,26,11,2,38
503,516.979215069,2017,7,26,11,2,39
504,518.230906248,2017,7,26,11,2,40
505,519.019142738,2017,7,26,11,2,41
506,519.99326048,2017,7,26,11,2,42
507,520.991190478,2017,7,26,11,2,43
508,521.9819942,2017,7,26,11,2,44
509,522.986922643,2017,7,26,11,2,45
510,523.991513784,2017,7,26,11,2,46
511,525.073391538,2017,7,26,11,2,47
512,525.990784128,2017,7,26,11,2,48
513,527.069503927,2017,7,26,11,2,49
514,527.992296625,2017,7,26,11,2,50
515,529.117078988,2017,7,26,11,2,51
516,530.114005009,2017,7,26,11,2,52
517,530.994880745,2017,7,26,11,2,53
518,531.999269878,2017,7,26,11,2,54
519,533.002851443,2017,7,26,11,2,55
520,534.004386333,2017,7,26,11,2,56
521,535.006823963,2017,7,26,11,2,57
522,536.01066492,2017,7,26,11,2,58
523,537.012088309,2017,7,26,11,2,59
524,538.005686091,2017,7,26,11,3,0
525,539.011539667,2017,7,26,11,3,1
526,540.018915071,2017,7,26,11,3,2
527,541.015841092,2017,7,26,11,3,3
528,542.033740989,2017,7,26,11,3,4
529,543.020376249,2017,7,26,11,3,5
530,544.009513519,2017,7,26,11,3,6
531,545.022390267,2017,7,26,11,3,7
532,546.023173108,2017,7,26,11,3,8
533,547.029820255,2017,7,26,11,3,9
534,548.027261327,2017,7,26,11,3,10
535,549.058892658,2017,7,26,11,3,11
536,550.040700712,2017,7,26,11,3,12
537,551.032648838,2017,7,26,11,3,13
538,552.034138008,2017,7,26,11,3,14
539,553.038876572,2017,7,26,11,3,15
540,554.071904234,2017,7,26,11,3,16
541,555.04627297,2017,7,26,11,3,17
542,556.037550222,2017,7,26,11,3,18
543,557.04574159,2017,7,26,11,3,19
544,558.049821412,2017,7,26,11,3,20
545,559.049612405,2017,7,26,11,3,21
546,560.052522631,2017,7,26,11,3,22
547,561.04562589,2017,7,26,11,3,23
